,theta,phi,dtheta,dphi,position_x,position_y,position_z,var_theta,var_phi,var_dtheta,var_dphi,timestep
0,0.3314108074668485,2.4033289296970786,0.9744805824603328,1.0255615595426817,-0.1549797776199472,0.14101775852875897,-0.6089316652830565,0.1604305825330018,0.004208724754191984,1.0024190025177555,0.9799160927922054,4.0
1,0.737663238944449,2.9876522667774825,0.8353800623446717,1.2762638814448606,-0.42798970804687037,0.06641032120640342,-0.4765679298056228,0.0011289972538109094,0.0028594656712251903,1.0017414706930878,0.8960145723537588,4.008333
2,0.8584550361778555,3.1219119963773485,1.4449390660581904,1.5702727480950507,-0.487286818376894,0.009591363203962651,-0.4209062544843134,0.0005320992399896499,0.0012624129769580818,0.9752749980944554,0.858102128529435,4.016667
3,0.9011808847140684,3.1405616222239217,1.898008257074495,1.547075559107631,-0.5049142520303667,0.0005205826153831395,-0.3997046906984654,0.00038992871804881046,0.0007865817314512727,0.8929505408185877,0.7906800645054072,4.025
4,0.92053151194754,3.1393341058308097,1.9132882458170068,1.326790085886755,-0.5125527380504502,0.0011576268062514713,-0.3898600560369888,0.00035604850727114043,0.0006150014232888131,0.7588620684401644,0.6973163638215023,4.033333
5,0.9276079858636104,3.1329717767885485,1.5941453840320006,1.0289132657204911,-0.5152808751165624,0.004442282992404556,-0.38622324960691473,0.0003531563007890683,0.0005483006823959766,0.604198953603247,0.5935066118857095,4.041667
6,0.923501432256007,3.1189383704982765,1.0532793108045737,0.6317294099947288,-0.513577819949435,0.011636728111228553,-0.38833609424163906,0.00035240231441177616,0.000522306366482051,0.46122081112244606,0.4940851378684822,4.05
7,0.9127201551598874,3.1021485825881365,0.49016746332158634,0.2492425884714638,-0.5090968109025937,0.020091271402848162,-0.39385186379935533,0.0003456613263136377,0.0005121928466803363,0.34560313636236606,0.4085903492738867,4.058333
8,0.8977873233448677,3.082119227624957,-0.0198713715952627,-0.12145498478487973,-0.5026648960972635,0.02993050074960325,-0.4014158442717545,0.00033328079788514574,0.000507581468462521,0.25850440795111357,0.33931711524054836,4.066667
9,0.8799532938333983,3.059731685733211,-0.46339106394110974,-0.4655255058874825,-0.4946545997617059,0.04058359799610538,-0.4103319524291,0.00031760609873951505,0.0005046612051735554,0.19488736763361625,0.2849661394296559,4.075
10,0.8605154984347183,3.0354308898821567,-0.8343771244109375,-0.783048551664793,-0.4854986605138871,0.051735900320072345,-0.4199011311407639,0.0003006549565049906,0.0005024637961177417,0.1487807842928206,0.243051094156281,4.083333
11,0.8401064368483905,3.009672658173531,-1.1418333684356952,-1.0753933765897623,-0.4754095959245391,0.06308239554161686,-0.4297776636257375,0.0002837061582761656,0.0005009176228396268,0.11521317288118522,0.2109127345728852,4.091667
12,0.8190366225965264,2.9828419374871076,-1.3973119803123515,-1.3453118603823928,-0.464500225848736,0.07436551025827856,-0.43978611136153356,0.0002674516669441112,0.0005002374085410308,0.09051624154418923,0.1862945685678294,4.1
13,0.7975161978943185,2.954603539354771,-1.6101667126298123,-1.6047003822780177,-0.45280964108475164,0.08567130601262855,-0.44980703523042964,0.0002522122181663261,0.0005006863809567179,0.07210897169103264,0.16744049880327144,4.108333
14,0.7757328241203479,2.9247519725774684,-1.7871155608300682,-1.8611764407829297,-0.44037598495674757,0.09701678902435971,-0.4597382376926868,0.00023809678355207783,0.0005024859210392037,0.05820418471558446,0.15302680116673098,4.116667
15,0.7538351900715079,2.8930638286426773,-1.9332477691847212,-2.1210597755254854,-0.4272192600332854,0.10841774442466239,-0.46950166051514736,0.00022510176317517064,0.0005057922321615102,0.04756565684910461,0.14206551442020338,4.125
16,0.7318930473588906,2.8594712973301664,-2.0530293543216587,-2.3878276471704973,-0.4133411714915238,0.11980797065746679,-0.47905911826512015,0.00021316832459105178,0.0005107088700611283,0.039333146497270606,0.1338211736955246,4.133333
17,0.7099037475426607,2.823824670692934,-2.1502990986234103,-2.6655558503446053,-0.39870393306895296,0.13113934418195713,-0.48840573178339547,0.00020221427581967926,0.0005173163630488268,0.03290262776878628,0.12774862491115474,4.141667
18,0.6878808432865686,2.7858673624977666,-2.227443713452321,-2.9590978971420627,-0.3832629394576817,0.1423938010410717,-0.49752993612378055,0.00019215127681231875,0.0005256972101735189,0.027846009608338898,0.1234439298973555,4.15
19,0.666091289522327,2.7457606909849024,-2.2839658616123186,-3.267761902686849,-0.36715387199941907,0.1534294696541022,-0.5063200023636191,0.0001828938246322982,0.0005359329630379942,0.02385758168619992,0.1205986164466673,4.158333
20,0.6443595463614227,2.7037072568858513,-2.3234355482317635,-3.591450608556997,-0.350329554553721,0.16402423460453647,-0.5148473233343915,0.0001743637827219169,0.0005480324179297767,0.020717313954761264,0.11894368982794845,4.166667
21,0.6229021968334012,2.6598310495054456,-2.345238472434114,-3.929930020238047,-0.33292992102966285,0.17407306290398786,-0.5230284400779817,0.00016649260119558,0.0005620665895337662,0.01826629709830429,0.11827560734784534,4.175
22,0.6018951585921863,2.614038343192077,-2.3489612288875654,-4.284776092526072,-0.31504803690175526,0.18355845886267022,-0.5308046149953028,0.00015922221459890556,0.0005780379106955134,0.01638931423976439,0.11839209569555952,4.183333
23,0.5813585880854831,2.566142962853001,-2.335202688865543,-4.658440388630812,-0.2966893584044834,0.19245770651325866,-0.5381802379214536,0.00015250521830648472,0.0005958841157820637,0.015002980679793772,0.11907950890431783,4.191667
24,0.5615055852013197,2.5160522930724523,-2.3030037589674524,-5.05083107726265,-0.2779636469563445,0.20077492149577378,-0.5450946289820646,0.0001463047541218363,0.0006155136506943823,0.014047205024485023,0.12011402718716263,4.2
25,0.542264293268999,2.4631890206720044,-2.2525984730462643,-5.467242195576653,-0.25875180571230666,0.20856029284659533,-0.5515909897418223,0.00014059417998733321,0.0006367154792180183,0.013477584358959252,0.12122878788727968,4.208333
26,0.5237786690738752,2.4070132078661177,-2.1822702775973926,-5.9103070375029985,-0.23902509337850592,0.21588711652092782,-0.5576399109924575,0.00013535662313347475,0.0006592342770695358,0.013261298218414179,0.12213079480192009,4.216667
27,0.5062646929219903,2.3470180541938994,-2.0896914517535023,-6.379998315801251,-0.21877408647750973,0.22282651992742217,-0.5631951293991855,0.00013058427559969852,0.0006826553660011335,0.013371154146436014,0.12247303724583386,4.225
28,0.48963999444229656,2.2827995885703767,-1.9745327569421238,-6.875606397050061,-0.19787817429447982,0.22928628451256966,-0.5683084906530118,0.0001262771694050947,0.0007063410425872726,0.013779446729013886,0.12185816341590071,4.233333
29,0.47452611379639076,2.214363218924225,-1.8329123236035603,-7.38402893735057,-0.17656107481704525,0.23538250598417673,-0.572820892960495,0.00012244154523936146,0.0007295322161975495,0.01445242980672017,0.1199077218844782,4.241667
30,0.4609610241592545,2.141868648927788,-1.6655115999594574,-7.892727484572068,-0.15483365605633467,0.24099281091548266,-0.5767594964240148,0.0001190866570899975,0.0007510348726943459,0.0153392730683729,0.11625717072300083,4.25
31,0.44918358449816287,2.065648268264116,-1.4726126998670854,-8.383567407332883,-0.13279808758639106,0.24608794706421533,-0.5800930122998529,0.00011622031191119729,0.0007695302589802894,0.016368711519023662,0.1107164285285474,4.258333
32,0.43930975427007485,1.986179392897054,-1.256236879458455,-8.837077330794708,-0.11052638549671229,0.2506004564354913,-0.5828257389815207,0.00011384339292440341,0.0007835788861161553,0.017445781127359193,0.10333967200365174,4.266667
33,0.43148282920522474,1.9040339326991065,-1.0191105491403987,-9.232699711909252,-0.08809624864469845,0.25450578626234893,-0.5849515949287728,0.00011194345001568416,0.00079184225677726,0.018456728730147937,0.09448455458011759,4.275
34,0.4256881261344597,1.8199900112780192,-0.7661090247294674,-9.552456646095106,-0.06558374275451129,0.2577134362224368,-0.586502404217352,0.00011048874540843088,0.0007932662923594813,0.019280644700500376,0.08476993446678938,4.283333
35,0.42210773489333087,1.7346577256003257,-0.5008145130102281,-9.780075797901228,-0.043037679276563594,0.2602918873568329,-0.587450767481587,0.00010942458427197087,0.0007873452488772132,0.019808256952204967,0.07495420870465104,4.291667
36,0.4207260730410133,1.6486382112373101,-0.22827620805721516,-9.906654402061267,-0.02045283527161757,0.26221754989094337,-0.5878147248364426,0.00010867299119003633,0.0007741346504572358,0.01996000606780919,0.06572381324452183,4.3
37,0.42167094942223404,1.5626070833767025,0.04711998669497125,-9.925905074812272,0.002158408951905032,0.26356045255556404,-0.5875659467630018,0.00010813707336156144,0.0007543522686712693,0.01970209098215065,0.057535455143332435,4.308333
38,0.42497436839109615,1.4774934399053687,0.31978183812653144,-9.838076371380613,0.024736812652612662,0.26435397940437794,-0.5866920626264338,0.00010770959148509656,0.0007291864583186411,0.019049568555426773,0.050539264464610364,4.316667
39,0.43059216669167993,1.3940595506232156,0.5845509074577415,-9.651391986371442,0.04726000589646666,0.26461334054039354,-0.585191237568301,0.0001072838883645358,0.0007001360500556297,0.01806081887547254,0.0446312255124789,4.325
40,0.4384885328156359,1.3130618099688958,0.8369993346677331,-9.378639603782759,0.06969038896785433,0.26438213615859174,-0.583050468177266,0.00010676506934761918,0.0006687835768788324,0.016823044248899813,0.03957016668381774,4.333333
41,0.4483844260641285,1.2351988370118385,1.0721119661558682,-9.039808180099554,0.09193977619719586,0.26359549386954684,-0.5803162980999924,0.00010607859354326019,0.0006365636290041776,0.015433574447113331,0.03510371553586986,4.341667
42,0.46019127149341776,1.1608407815861974,1.2878986850577725,-8.652806555494559,0.11399116664654899,0.26230290999482836,-0.5769798176806566,0.00010517508077463131,0.0006046841930115655,0.0139845369779607,0.03105475954909056,4.35
43,0.4735696365271339,1.0903571781315513,1.4815952988066974,-8.238288413143705,0.13573644971250157,0.26044605842589413,-0.5731020673020307,0.00010403060960498802,0.0005739865494950249,0.01255070447355553,0.02733068293399072,4.358333
44,0.48826426193509354,1.023891503179098,1.652337168086962,-7.8129997430567855,0.1570976504407401,0.2580216123133365,-0.5687246156807575,0.00010264359023263165,0.0005450305233058348,0.011186228934396502,0.02390970896380306,4.366667
45,0.5041232917515407,0.9614241531985419,1.8007743398375695,-7.389083218574945,0.17803901667000557,0.25507579364576227,-0.5638625370736755,0.00010102982705863948,0.0005181114511861848,0.009924619277185891,0.02080246151603455,4.375
46,0.52090145050162,0.9026025047085772,1.9278380164593094,-6.976837586128127,0.19856050733524755,0.251559418827315,-0.5585643171578656,9.921670946897553e-05,0.0004933117102369529,0.008782285584385017,0.01802297753463697,4.383333
47,0.5384553753853345,0.8472548345730524,2.034907664578764,-6.582392669540277,0.21863088099021455,0.24750108355772232,-0.5528528413521957,9.723799598888401e-05,0.0004705964101412347,0.007763435755440395,0.015575198537904665,4.391667
48,0.5566805787885071,0.7951415067025767,2.1236787401685437,-6.209344822511555,0.23824249608313003,0.24293088185504275,-0.5467427296061751,9.512966655385287e-05,0.0004498492090910536,0.0068641959137324855,0.013449299377068813,4.4
49,0.5754971893731555,0.7460537008660282,2.1958466665311573,-5.859511099139649,0.2573861092883643,0.23788968812873348,-0.5402438335635236,9.292688242360067e-05,0.00043091142578916355,0.006076055244234794,0.01162357878550913,4.408333
50,0.5948419722161182,0.6998445264586796,2.253002734771594,-5.533486072219098,0.2760438101484971,0.23243513806934377,-0.5333631353453158,9.066204824066679e-05,0.00041360970924467563,0.005388316050384675,0.010068852198975162,4.416667
51,0.6144791829839018,0.6560814369823862,2.296052130616797,-5.232474423074645,0.2941919719231428,0.22648223412520635,-0.5261742999782754,8.836376225595158e-05,0.0003977731634558097,0.004789675446481982,0.008752699518411842,4.425
52,0.6344384954758923,0.6148282496247535,2.3266498442562082,-4.954806625438247,0.3118000208796196,0.22017136196894782,-0.5186596485405505,8.605649953812325e-05,0.00038326522323064587,0.004269174786135329,0.007642771364535437,4.433333
53,0.6546308155851045,0.5757090296715327,2.3460256117837885,-4.6995350627826475,0.32889111567045054,0.21346768421353066,-0.5108470363088726,8.376052188951172e-05,0.00036994705660461035,0.003816632610847059,0.0067085795195631825,4.441667
54,0.674812352430852,0.5385480532246336,2.354570721022978,-4.4664732298306,0.3453761369516891,0.20634762680072888,-0.5028304819857635,8.149216939923101e-05,0.00035769921699851844,0.0034229104933804844,0.005922657526135944,4.45
55,0.6949230527459003,0.5032721570974206,2.3533330865309616,-4.253922129273315,0.3612254344587128,0.19887585410084033,-0.4946383454927201,7.926432424014793e-05,0.00034643573105702424,0.0030799513676163337,0.005261158717451595,4.458333
56,0.7148359251359278,0.4696241619906283,2.3430686998985295,-4.0605941328639075,0.3764213259686621,0.1910312527710678,-0.4863296808716394,7.708678673097843e-05,0.00033607632761568446,0.002780730918843221,0.004703650195571406,4.466667
57,0.7345051266624488,0.4374095323791575,2.3247002191809916,-3.8847687959444404,0.39096955811608386,0.18282509514454634,-0.47793336553111854,7.496675014382763e-05,0.0003265532855375836,0.0025191784488553595,0.00423289547579439,4.475
58,0.7539238666835406,0.40657540669782494,2.2991191496526024,-3.7246672793009963,0.4048690923970907,0.1743227548079941,-0.46946257343233244,7.290920849292651e-05,0.00031780177127434825,0.0022900789517988724,0.003834484218603509,4.483333
59,0.7728718290930576,0.3768232516717864,2.266501750941103,-3.5796660519299457,0.4180727997366908,0.16544555457258078,-0.4610264800079232,7.0917353926944e-05,0.000309757798479045,0.0020889718081347616,0.0034964571144358147,4.491667
60,0.7914518105564211,0.348142860419716,2.2279272755215076,-3.4477001691649667,0.4306238245411598,0.15628429041435715,-0.4525934765142173,6.899298109494977e-05,0.00030237638144596616,0.0019120339849688262,0.003208956707745779,4.5
61,0.8096758016450466,0.3204892672619282,2.1840650563466673,-3.3273686472581705,0.4425359030374004,0.1468920448271388,-0.4441702538051985,6.713670921872012e-05,0.0002956017941693317,0.0017560089193645065,0.0029638325926612447,4.508333
62,0.8275294112124855,0.29379429782516153,2.135427636671916,-3.2175411410717105,0.45381777028323267,0.13730241720742292,-0.435775160237655,6.534828665027437e-05,0.00028938004812256225,0.0016181188233203164,0.0027543689221096856,4.516667
63,0.8449085813982765,0.26795904392111464,2.08223855678521,-3.117524646047007,0.46444690148646767,0.12751951197588665,-0.4274697210809803,6.36268169280783e-05,0.000283661883708118,0.0014959903750922565,0.0025750322815792067,4.525
64,0.8618659199542037,0.24301101788845003,2.0250876022534894,-3.0261343568803256,0.47445161889371495,0.11762149163320668,-0.4192414086312476,6.197094164678605e-05,0.000278408234474215,0.0013875872893127862,0.002421260739494753,4.533333
65,0.8783085919571846,0.21875781865041583,1.9641531867973718,-2.942838495071307,0.4838288606845633,0.10756264812002748,-0.41114768997780426,6.037895363898419e-05,0.0002735782006873326,0.0012911680532378435,0.002289277599514612,4.541667
66,0.89420826964279,0.19520989883037518,1.8997435570814334,-2.8669072005445453,0.49257859495402617,0.09739653221383089,-0.4032155205120925,5.884892876339937e-05,0.0002691394205872178,0.00120523230126374,0.0021759532896359125,4.55
67,0.9095080856121622,0.1722410785316365,1.8320796702574955,-2.7978017133368587,0.5007052579302936,0.08710510418076703,-0.3954863565062844,5.737879526185098e-05,0.00026506227980518525,0.0011284886237867098,0.002078684697775103,4.558333
68,0.9242016923044504,0.14977832225379117,1.76147168892842,-2.7348914620070084,0.5082270033553404,0.07669576679427278,-0.3879762687230875,5.596639983554794e-05,0.00026132125785565633,0.0010598215483455333,0.001995299759352813,4.566667
69,0.9382287956328174,0.1276960124195982,1.6880879207135777,-2.6777704873409185,0.5151441202044247,0.06614174984098536,-0.3807286658800225,5.46095511219388e-05,0.0002578915972399674,0.0009982681206557053,0.0019239795356171192,4.575
70,0.9515955896650395,0.10603379693966793,1.61221578588626,-2.6258694473527346,0.5214701752501302,0.05550162340522404,-0.37375251009188326,5.330605992771807e-05,0.00025475237674092125,0.0009429932424757653,0.001863196485790373,4.583333
71,0.9641472077067343,0.08434047382883557,1.5338160756489596,-2.5791921016512007,0.527184637539369,0.04456872941863061,-0.3671409797019302,5.2053760795695714e-05,0.00025188260131773875,0.0008932744381339681,0.0018116634022548959,4.591667
72,0.9760003834274436,0.06299863295156709,1.4533635724712353,-2.5369042829825106,0.5323216490065386,0.03357997231192085,-0.3608442325082808,5.0850533890018223e-05,0.00024926911463812445,0.0008484789367764142,0.001768292247786401,4.6
73,0.9871720015024669,0.04207063975223176,1.3710963908780363,-2.4985723932897557,0.5369020987894879,0.022601150571278036,-0.35486312429484357,4.96943040187089e-05,0.00024689226470373676,0.0008080627813560709,0.0017321605016850515,4.608333
74,0.997631395635564,0.021453292737995087,1.287148621048571,-2.463957329730374,0.5409352780424038,0.011606623552180475,-0.3492231721047521,4.858306883441772e-05,0.0002447331318242467,0.0007715536465797835,0.0017024852051947717,4.616667
75,1.0073699331143078,0.0011046977698960347,1.2016838391245566,-2.432787832530609,0.5444346633430251,0.0006014360031047363,-0.3439375645394105,4.751490615386235e-05,0.00024277582201888192,0.0007385391775889549,0.0016786006040949756,4.625
76,1.0163877129262753,-0.018910284242871903,1.1148650476218187,-2.404777512185085,0.5474164777249712,-0.010353035300271918,-0.3390140517017804,4.648797370326844e-05,0.0002410060110388602,0.0007086597443513539,0.0016599397141490065,4.633333
77,1.0246537757933196,-0.0387401166209233,1.0267974126080974,-2.379792073022115,0.5498850534863511,-0.0213132744639835,-0.3344767330621605,4.5500510336200235e-05,0.0002394105087658417,0.0006816018285341312,0.0016460194514553602,4.641667
78,1.0321850200050942,-0.05827340985257557,0.9376516634914918,-2.3575553042130957,0.5518630072291406,-0.03219539038699357,-0.33032285837622355,4.455083554865358e-05,0.0002379784699754389,0.0006570910344919743,0.0016364281866667238,4.65
79,1.0389576015870297,-0.07769120242059699,0.8475294475389343,-2.337979839608214,0.5533515798504316,-0.043077254825778837,-0.32657141924808164,4.3637347003313395e-05,0.00023669916124852798,0.0006348885473346907,0.0016308156967365793,4.658333
80,1.044951507975972,-0.09695894143499373,0.756529331342167,-2.320926018723007,0.554357228121189,-0.053918960709320736,-0.3232388002418936,4.275852014999186e-05,0.00023556377060118241,0.0006147855422485682,0.0016288847857979362,4.666667
81,1.0501817321046223,-0.11605347826263226,0.6647981345671498,-2.3062182434903677,0.5548983412364618,-0.06468856103172962,-0.3203212975133991,4.191290434703555e-05,0.00023456493756094962,0.0005966001075215598,0.0016303847410587755,4.675
82,1.054625288748324,-0.13500512262213082,0.5724191320050764,-2.2937818783307993,0.5549777572988099,-0.07538338647102268,-0.317835722699233,4.109912106811553e-05,0.00023369531203298654,0.0005801745976874402,0.0016351054067344543,4.683333
83,1.0582588807734201,-0.15396576790533234,0.479479763879507,-2.2835968163631524,0.5545863370674218,-0.08606848610892182,-0.31579854830739573,4.031586306041685e-05,0.00023294916414819933,0.0005653723801960165,0.0016428730897572155,4.691667
84,1.0610937376962333,-0.17281919597306827,0.3861043647777967,-2.275521015491827,0.5537448711108189,-0.0966619824796985,-0.31420628818907664,3.956189071169031e-05,0.00023232212870433682,0.0005520756965302446,0.0016535467286827653,4.7
85,1.063133010275682,-0.19163154136872176,0.29240672917811267,-2.269501470953694,0.5524564316060229,-0.10718331927814086,-0.3130593233265222,3.88360303919907e-05,0.00023180982800389183,0.0005401843635048614,0.0016670148305489864,4.708333
86,1.0643601941295517,-0.21047694041886644,0.19847128313742665,-2.2655342833056236,0.550713827954176,-0.1176551095269192,-0.31236848044939947,3.813717498172571e-05,0.0002314083870192865,0.0005296138531886418,0.0016831929268310382,4.716667
87,1.0647809323099853,-0.22932465918072145,0.10440688033973215,-2.2635640490748448,0.5485265510020795,-0.12804316153496786,-0.3121315176426329,3.746428296813461e-05,0.0002311151781488613,0.0005202939111778699,0.0017020222220865571,4.725
88,1.0643906788705377,-0.24818929626976358,0.010307978949762682,-2.2635808515225317,0.5458954865155422,-0.13833758598389823,-0.3123513130788907,3.681637789631074e-05,0.0002309279138638821,0.0005121676628487417,0.001723467823873369,4.733333
89,1.0631920918064541,-0.2670662775585819,-0.08372365152978466,-2.2655733848853514,0.5428254878798773,-0.14851827922356045,-0.3130260741862342,3.619254922135164e-05,0.00023084510664655495,0.0005051906604633137,0.0017475179629482373,4.741667
90,1.0611166996488843,-0.2863554928433814,-0.17765025669022566,-2.269783311669187,0.5392355219945251,-0.15877683701746356,-0.31419338077372355,3.5591953170018566e-05,0.0002308658013402936,0.0004993302156188808,0.001774183092278128,4.75
91,1.058247530859842,-0.3056317539887944,-0.2712868188313615,-2.2759759508345034,0.5352130056213349,-0.16886919483749877,-0.31580491814522443,3.5013811601062626e-05,0.00023099206928966422,0.0004945652738799874,0.00180349756528676,4.758333
92,1.0545958509874203,-0.3249220077321739,-0.3645232042891476,-2.2841870998363234,0.5307596803338303,-0.17879218964250193,-0.3178522098881333,3.4457413887472484e-05,0.00023122318932461116,0.0004908857142991465,0.001835514812149019,4.766667
93,1.050233862985782,-0.34380930071993276,-0.4572109245529884,-2.294226236645292,0.5259779744006184,-0.18831517862431288,-0.3202921738368197,3.392212431564365e-05,0.00023155907549262604,0.0004882919666377316,0.0018703091808272086,4.775
94,1.0450820963695704,-0.36279067778081675,-0.5493246945182235,-2.306446661342434,0.5207593654865822,-0.19767622897206974,-0.3231660632451902,3.34073878074953e-05,0.00023199814418805204,0.0004867940502426304,0.0019079737463350511,4.783333
95,1.0390833149481653,-0.38230780531074976,-0.6407943672228287,-2.3211771747532732,0.5149944227736835,-0.2070747078367571,-0.32650164251091024,3.291273317328971e-05,0.0002325432113853182,0.00048641320572878345,0.0019486267817833123,4.791667
96,1.0323411364379547,-0.40178567918228747,-0.7314345330129755,-2.338178323062909,0.5088259914637405,-0.2162000050051785,-0.3302365529778651,3.243777054589376e-05,0.00023319979776610764,0.0004871829434250925,0.0019924113943440604,4.8
97,1.024803792896223,-0.4215810572844672,-0.821174303751104,-2.357776119174893,0.5021613443056674,-0.22520442392751822,-0.33439417519538184,3.1982197613795715e-05,0.0002339698472196359,0.0004891468468338574,0.0020394879707855973,4.808333
98,1.0165451084350177,-0.44135546497730854,-0.9098491595243864,-2.379891669531975,0.4950962166604043,-0.23390200308750964,-0.3389278712000603,3.154580828990485e-05,0.00023485851451805848,0.0004923616187620063,0.002090042837102052,4.816667
99,1.0075417999373737,-0.46137474341838036,-0.9973549821375303,-2.4048230500273093,0.48756252355182483,-0.24239762670277104,-0.3438439891471717,3.112849915006833e-05,0.00023586888932576074,0.0004968953085077874,0.002144280607268552,4.825
100,0.9978055160362134,-0.48165048384398956,-1.0835621408321352,-2.4327483284869587,0.47955813501125283,-0.25067006007789233,-0.3491289572651842,3.0730278541797977e-05,0.0002370063653302412,0.0005028303557493437,0.0022024300433434855,4.833333
101,0.9873427100464846,-0.5022007806585047,-1.1683418632254547,-2.463877587787342,0.4710781604381548,-0.25869894549899625,-0.35477138417847565,3.035127383795657e-05,0.00023827696346333488,0.0005102639922833168,0.0022647417988794715,4.841667
102,0.9761656322587068,-0.5230849258803755,-1.2515471913123175,-2.4984600610814773,0.462109036004042,-0.2664822640737285,-0.3607560872023571,2.999174140824258e-05,0.00023968761869928986,0.0005193097000483567,0.0023314884369616154,4.85
103,0.9642894227078184,-0.544269146992961,-1.333033274729872,-2.5367272825982736,0.4526631128564742,-0.273973292750143,-0.3670657349777167,2.9652077622166317e-05,0.0002412459706810753,0.0005300988176157347,0.002402961952195933,4.858333
104,0.9517566689709205,-0.5657773024262192,-1.4126083748084362,-2.5789412729165906,0.4427477503580818,-0.28115679525520193,-0.37366803276529037,2.9332831398720044e-05,0.00024296033143921526,0.0005427820156643866,0.0024794722333874434,4.866667
105,0.9385559348160853,-0.5877570106041715,-1.4901227436645748,-2.6255099728946414,0.4323187315435751,-0.28805914973323204,-0.38055873828821973,2.903471832829049e-05,0.00024483857507873234,0.0005575307575402236,0.002561337912769803,4.875
106,0.9247051488737935,-0.6101855111037056,-1.5654028763461647,-2.676769134541165,0.4213892713227602,-0.2946332838083669,-0.3877174522282581,2.8758635496496946e-05,0.00024689084076086733,0.0005745414384137342,0.0026488891086660638,4.883333
107,0.9102231963819354,-0.6330865855101445,-1.6382580702222562,-2.7331174129057083,0.40996186987513805,-0.3008516854733608,-0.3951228179595789,2.8505677527436907e-05,0.0002491280215902302,0.0005940367344008038,0.002742457843241251,4.891667
108,0.8951330927966119,-0.6565301794486053,-1.70847312404007,-2.795020934864561,0.39802819701510345,-0.30670460531352883,-0.4027509803046774,2.8277154692538297e-05,0.0002515618391982481,0.000616268549106717,0.0028423678070646167,4.9
109,0.8794328917997102,-0.6806346824915438,-1.7758438673350008,-2.8630459769201755,0.38555811702684817,-0.31219089401160155,-0.4105901810405947,2.8074612025603217e-05,0.00025420475233284783,0.0006415212116471202,0.0029489194954541807,4.908333
110,0.8631789492659804,-0.7053357456443337,-1.8401043141526123,-2.937667715354264,0.3725988442541771,-0.3172495968840601,-0.4185992202732261,2.789984941611307e-05,0.00025707135914071916,0.0006701158972946577,0.0030623790178726756,4.916667
111,0.8463966367701472,-0.7307430741016266,-1.9009846020335983,-3.0195437567898744,0.3591365046214567,-0.32187846447452617,-0.42675254871154983,2.7754942611241203e-05,0.0002601753046063291,0.0007024108754840277,0.0031829445698725286,4.925
112,0.8291168648888199,-0.7569854719429246,-1.9581813214634982,-3.1094117468809683,0.3451545201866189,-0.3260778677704437,-0.43502194659698035,2.7642264168880117e-05,0.0002635312982871792,0.0007388065907389618,0.0033107223718830577,4.933333
113,0.811369773191801,-0.7840846380208991,-2.0113943192987445,-3.208017134629334,0.3306734862715359,-0.3298059292995488,-0.4433797550090548,2.756450321468188e-05,0.0002671548398393675,0.0007797485055167726,0.003445688958944657,4.941667
114,0.7931966655374241,-0.8121674204235986,-2.0602564775066257,-3.316248486776942,0.31568667312442805,-0.33305721439528524,-0.45179345837106094,2.7524683291729404e-05,0.0002710623304094528,0.0008257278098494443,0.0035876550973995935,4.95
115,0.7746177012430909,-0.8413355307538724,-2.104414750091351,-3.4350795653035524,0.30019242642811356,-0.3358056358754401,-0.460240800783126,2.752617601403258e-05,0.00027527039185163077,0.0008772823451742731,0.003736210080784107,4.958333
116,0.7556964423896577,-0.8717568119222885,-2.1433862831742245,-3.565604633204403,0.28418425675627634,-0.3380538849593102,-0.4686804793799293,2.757270818856499e-05,0.0002797972197707467,0.0009349946544161275,0.003890684028208624,4.966667
117,0.7364725209839484,-0.9034266785640467,-2.176745998667072,-3.7088959092171225,0.2677108470744822,-0.33974245352739807,-0.4770833054151518,2.7668357962310164e-05,0.00028465957687547587,0.0009994856837003282,0.004050075270300377,4.975
118,0.7170122988534582,-0.9366482994456992,-2.2038799482535154,-3.8663400392589353,0.25072945374316424,-0.34090254267880127,-0.48540983724764225,2.781753495446362e-05,0.000289874430755803,0.001071400583364571,0.004213044688664185,4.983333
119,0.6973455570214329,-0.9712330304043666,-2.2243667690609437,-4.039046895157394,0.23335913715248918,-0.3414199516666787,-0.49363796692248924,2.802493723310288e-05,0.0002954567176888919,0.0011513932830051676,0.004377877039767101,4.991667
120,0.6775377394312146,-1.0076514615759415,-2.237437342827829,-4.2287241473029065,0.21551029571542474,-0.34135420837406955,-0.501732129270154,2.8295476647361543e-05,0.00030142182227980155,0.0012400855304764672,0.004542627859759941,5.0
121,0.657662203448749,-1.0456744589654847,-2.242493932272942,-4.436545779757077,0.19733945632912803,-0.34060286232129583,-0.5096561015334405,2.8634159497037492e-05,0.00030778211317887425,0.0013380324168194117,0.0047052229913511585,5.008333
122,0.6377905433386004,-1.0858048722556288,-2.2386121385446693,-4.664327569348997,0.17875824031182286,-0.3392178852738435,-0.5173772612967854,2.9045905002428504e-05,0.0003145459237665314,0.0014456373159535594,0.004863922214485267,5.016667
123,0.6179931345560008,-1.1280010713656066,-2.2250182925814346,-4.91338359761409,0.1598690871318711,-0.3371344353800753,-0.5248664212317073,2.9535283674980042e-05,0.0003217168035855747,0.0015630757155564448,0.005017900818952437,5.025
124,0.5983695317869766,-1.1724890979075253,-2.2006856439132503,-5.185104378479608,0.14069494739493402,-0.3343516804473529,-0.5320868333604657,3.010615404795852e-05,0.0003292929780432958,0.0016901544241353663,0.00516843411489091,5.033333
125,0.5790298999815302,-1.2195916651353043,-2.164439047561722,-5.480681211337347,0.12123259796646975,-0.33088016549858573,-0.5390023060673571,3.076116836469028e-05,0.0003372639415081125,0.001826157117605771,0.005320489653576994,5.041667
126,0.560072898228136,-1.2694587562071444,-2.1151637172033775,-5.800734331875248,0.10153744827311821,-0.32669452444656416,-0.5455853251058145,3.150112293614095e-05,0.0003456090254629932,0.0019696527787691495,0.005484993366591641,5.05
127,0.5416126095131557,-1.3223082644079804,-2.051627631753797,-6.145269213620286,0.08164686461468106,-0.3217838354756968,-0.5518074531946281,3.232413837353386e-05,0.0003542987098428832,0.0021182736843707705,0.0056818016041634166,5.058333
128,0.5237918985366853,-1.3783238907692879,-1.9725039751011242,-6.513197209375033,0.06161228951912931,-0.3161469917858262,-0.5576356499014242,3.3224666776933396e-05,0.0003632941649414415,0.0022685040324966826,0.0059428744841424535,5.066667
129,0.506742289786606,-1.437691954812642,-1.8765493187963505,-6.902158064301374,0.04147782779283648,-0.3097763527628451,-0.5630459250776416,3.419234985584006e-05,0.0003725468924319415,0.002415515264876642,0.0063148094782516226,5.075
130,0.4906258883628251,-1.5006408045321333,-1.7624812965377534,-7.307952020104931,0.02126958051120615,-0.3026800103053579,-0.5680096205016477,3.5210816961504085e-05,0.0003820043381748931,0.0025531370591365295,0.006859162185244845,5.083333
131,0.4756702231061767,-1.5674478617022838,-1.6289164896182462,-7.723626310486657,0.0009874532353688085,-0.2948961740800862,-0.5724838723711223,3.625658105114298e-05,0.0003916124741525952,0.002674047632382797,0.007647773404374782,5.091667
132,0.46198171686075146,-1.6378846248023209,-1.47560015706151,-8.140214801355588,-0.019242180292291345,-0.28638829036508234,-0.5764668232564336,3.729826231487115e-05,0.0004013149612565901,0.0027702772036912356,0.008749621330286369,5.1
133,0.44976176901922793,-1.7118910881724672,-1.3022345749277977,-8.545515808302932,-0.03937113117069452,-0.2771861979915783,-0.5799312358800082,3.829655980929393e-05,0.0004110727294265554,0.0028341590593001066,0.010209706365858445,5.108333
134,0.4391735294952036,-1.789255431089191,-1.1093776793356307,-8.925092629255971,-0.059342140673405694,-0.2673044976739264,-0.5828630444105953,3.920534707058016e-05,0.00042085154813665306,0.00285953340837057,0.012018449952839462,5.116667
135,0.4304116086213986,-1.8696718166924766,-0.8982428221167613,-9.262103225961326,-0.07911605853536428,-0.2567831434768283,-0.5852397621351333,3.997420934146984e-05,0.0004306167631049352,0.002843112223152977,0.01408270376985386,5.125
136,0.42362851055357376,-1.9525995795387454,-0.6711773760759167,-9.539341860039661,-0.09863283172929344,-0.24565769559131623,-0.5870488683046967,4.055254668880016e-05,0.00044030661029502866,0.0027855029191853676,0.016211011859497488,5.133333
137,0.4189465491861806,-2.0373785975660637,-0.43151545955896653,-9.740948890414664,-0.1178425674818763,-0.2339660793339016,-0.5882818335512341,4.0894951588606685e-05,0.00044980501891916767,0.002691533480660033,0.01813179626447255,5.141667
138,0.41647159899967756,-2.1232509374910657,-0.18339677200268767,-9.854024270441899,-0.1367103961509549,-0.22175692616466264,-0.5889283878013093,4.0967073823167275e-05,0.0004589111418652486,0.0025695172423464367,0.019549480319665226,5.15
139,0.41620571458218125,-2.209453663291114,0.06826872346635281,-9.87211696117581,-0.15520180490353339,-0.20903755896169463,-0.5889976327405924,4.075069595635281e-05,0.0004673197278064341,0.0024295810408143164,0.02022448241839495,5.158333
140,0.41819454618137764,-2.2949778217629775,0.31845378362140275,-9.793249789627783,-0.17326627195146047,-0.19589326044003072,-0.5884786675778629,4.024681631173454e-05,0.00047464129135951674,0.0022816512977493707,0.020046338866751598,5.166667
141,0.4224036353720002,-2.3788989778470113,0.5621624641007923,-9.62268159190788,-0.19086589850791671,-0.1823898612209549,-0.5873726755532356,3.947570002733528e-05,0.00048043212071545915,0.00213371189622769,0.01906295797014049,5.175
142,0.42874522738510423,-2.4604545177904975,0.7949301706926213,-9.371561997766753,-0.2079794685187089,-0.16857682451691097,-0.5856866974641561,3.847391891338066e-05,0.00048426782249963354,0.0019910506181146505,0.017456603556779773,5.183333
143,0.4370976799577516,-2.5389386458038965,1.0130752845888276,-9.054935625601887,-0.22457866281838987,-0.1545191262399273,-0.5834301813488513,3.7289208973594656e-05,0.0004858173594998695,0.0018563951379362285,0.015479726119401552,5.191667
144,0.4472854344418178,-2.6139566067332676,1.213935425887325,-8.690174928206469,-0.24065103703345878,-0.14023840603791782,-0.5806227523294838,3.597439518795339e-05,0.00048489750564008837,0.0017306332612504808,0.013383529159134346,5.2
145,0.4591608858582491,-2.68507884615812,1.3958028799650584,-8.29371637058593,-0.25617958782200984,-0.12581345683228723,-0.5772742030779268,3.458173394977028e-05,0.0004815003613917084,0.0016136625453017353,0.01136648578223258,5.208333
146,0.4725412835125772,-2.752126967886215,1.557875349038312,-7.88095462927085,-0.2711550829552538,-0.11129030459397678,-0.5734037859719008,3.31585044065154e-05,0.00047577535308218995,0.0015050447912893228,0.009554290706573803,5.216667
147,0.48722764467917007,-2.8151295254043442,1.700122141154759,-7.46501805202922,-0.28557024749626975,-0.09668774716320157,-0.5690374556823339,3.174434899401122e-05,0.00046799971220217937,0.0014043633214282242,0.008004390875691297,5.225
148,0.5030498084607703,-2.8740970487160924,1.823042091645465,-7.055892287929768,-0.29941848482577194,-0.0820597612433567,-0.5641961354044552,3.0370233179236915e-05,0.0004585344003700186,0.0013113212420996358,0.006723851882987654,5.233333
149,0.5198237365045384,-2.9292212571701426,1.9275501819094676,-6.661125703189103,-0.31269291314176556,-0.06742373115997638,-0.5589093801533336,2.9058612322529373e-05,0.0004477734331238476,0.001225707843108389,0.005689805703606056,5.241667
150,0.537392096773547,-2.9806935250596847,2.0147826778894555,-6.285667682452836,-0.3253907706423807,-0.05281161831285612,-0.5532036623413974,2.782440799679357e-05,0.00043610912565885204,0.001147324495017858,0.004865800867077716,5.25
151,0.5556013141096652,-3.0288126434299785,2.0860105594721516,-5.932582717232334,-0.3375089522511908,-0.03822647237462524,-0.547109638588186,2.667633446682835e-05,0.00042390185723772646,0.001075925896278194,0.0042127513782619155,5.258333
152,0.5743114073784502,-3.0738457863871202,2.1425233244089767,-5.603390331976575,-0.3490407346919661,-0.02368265900303824,-0.540659051403228,2.56183094365763e-05,0.0004114651930977914,0.0010111920077722125,0.003694800894745131,5.266667
153,0.5934042865121998,-3.1160446841933886,2.18557576510433,-5.298417420531438,-0.35998408920501923,-0.009198863943596265,-0.5338813998421186,2.4650747772341856e-05,0.00039905854797533437,0.0009527277058258963,0.0032817683270396684,5.275
154,0.612761217135354,-3.155696141603223,2.2163683728155488,-5.017297405526582,-0.37033096632894635,0.005223304668894494,-0.5268113563147674,2.3771649876316027e-05,0.0003868856365171835,0.0009000800056000687,0.0029495510474260786,5.283333
155,0.6322936637112854,-3.1929761879668397,2.2359972348745867,-4.759028682588794,-0.38008409782262537,0.019547270677339947,-0.5194771366166444,2.2977468469224358e-05,0.00037510029427752033,0.0008527612586913926,0.002679506424638826,5.291667
156,0.651902075401375,-3.2281708847280157,2.245488645154115,-4.522421853676964,-0.38923533430126706,0.033783760946433546,-0.5119150561408554,2.2263752039232852e-05,0.0003638104250805662,0.0008102730630364896,0.0024575141997628127,5.3
157,0.6715135187949871,-3.2614489521045806,2.245759301881575,-4.306021177627477,-0.39778791626346716,0.04790701047358624,-0.5041549411621913,2.1625612566432817e-05,0.0003530880360899827,0.0007721251617844676,0.002272978233507628,5.308333
158,0.6910493228507335,-3.2930347138654894,2.237645858934438,-4.1083752368595245,-0.40573672367327324,0.061919700590049497,-0.49623197641598693,2.1058038910346188e-05,0.0003429742553385783,0.0007378500891234902,0.0021179871043460743,5.316667
159,0.7104478376798833,-3.3230805520877946,2.2218952678259374,-3.927988054367061,-0.41308496675296313,0.07580402993094536,-0.48817729562622203,2.0556102943750652e-05,0.000333487594060271,0.0007070121003958371,0.001986618776808438,5.325
160,0.7296438129622734,-3.3517956289713786,2.1991836369758193,-3.763455744441989,-0.41982678665150325,0.08957199715131928,-0.4800258734820419,2.011508115260944e-05,0.0003246285508928073,0.0006792124112818131,0.0018744186218406518,5.333333
161,0.7485893878511687,-3.379260467021473,2.170111098033705,-3.613395436166498,-0.4259720030737421,0.1031901227653552,-0.4718073376252376,1.97305209686133e-05,0.0003163854004152121,0.0006540908558435468,0.001778003015855827,5.341667
162,0.7672271266205465,-3.4056092134736105,2.1352181172898774,-3.4765663879197706,-0.43152027991209096,0.11665156838839078,-0.4635570863368603,1.9398267032688682e-05,0.0003087369215382003,0.0006313257960182246,0.001694775846021006,5.35
163,0.7855180336249641,-3.4310104145087,2.0949986353249646,-3.3517913642821937,-0.43647243147143955,0.12997224083426123,-0.455303795123575,1.9114464307498984e-05,0.0003016567725534254,0.0006106320910305599,0.0016227166930729306,5.358333
164,0.803418081395425,-3.4555436030129036,2.0498899746732797,-3.2380029695131034,-0.4408345640265946,0.14313431158430626,-0.4470793762664177,1.887554474863541e-05,0.0002951145366391539,0.0005917586199204399,0.0015602336178945125,5.366667
165,0.8208883601742449,-3.479379933466483,2.0002933391325386,-3.134241291146344,-0.44459998088010094,0.15616539819210554,-0.43891427190843896,1.8678206801924103e-05,0.00028907831487629486,0.0005744852394685938,0.0015060537945347419,5.375
166,0.8378999274694526,-3.5025039455220752,1.9465694909984654,-3.039589681820196,-0.4477917271096227,0.1690161268518112,-0.43083480670924645,1.851939067992492e-05,0.00028351579652478854,0.0005586195956955389,0.0014591456958595087,5.383333
167,0.8544181566337054,-3.524862415491938,1.8890399157471638,-2.953226682481186,-0.4504406147008535,0.18162174661196256,-0.4228703187284932,1.8396252796890512e-05,0.00027839472850498876,0.0005439942871097403,0.001418663560397753,5.391667
168,0.8704143367057181,-3.546732339728798,1.8280138314400687,-2.8744693386227715,-0.4525205104644236,0.19407015995490096,-0.41504755546816163,1.8306141546969418e-05,0.00027368420037967705,0.0005304639089995088,0.0013839049906262191,5.4
169,0.8858618548023043,-3.5680718634357453,1.7637632240968755,-2.80264240150618,-0.4540598810319273,0.20630961994896155,-0.4073922898506882,1.824657449280736e-05,0.00026935474630733366,0.0005179022010905602,0.0013542803563058295,5.408333
170,0.9007347008797142,-3.5889150856544214,1.696539290480097,-2.7371546079864006,-0.45507439516312687,0.21832511113704112,-0.3999299356011161,1.82152180148487e-05,0.0002653786135902358,0.0005061999334349273,0.0013292904277327849,5.416667
171,0.9150086074225974,-3.6093212442302245,1.6265742879470897,-2.67747984643877,-0.4555741460677828,0.2301158249157275,-0.3926848828691586,1.8209869651491012e-05,0.0002617299616357291,0.0004952627226930198,0.001308509003015833,5.425
172,0.92866335670517,-3.62934287142557,1.5540858005550175,-2.623141332801793,-0.45557041790601877,0.24168090563821212,-0.38567920199931593,1.8228442841119957e-05,0.0002583848762436566,0.0004850091699571148,0.0012915697883565226,5.433333
173,0.9416794006757607,-3.649023663851358,1.4792746588859036,-2.573711005268928,-0.4550751973542591,0.2530176080668922,-0.3789342521296942,1.8268954010613125e-05,0.00025532121356752844,0.0004753692751630735,0.0012781563971734414,5.441667
174,0.9540346947310206,-3.6684306819363606,1.4023232947948938,-2.5288154712352426,-0.45409202920923486,0.26413506204743176,-0.3724722951869559,1.8329511884199006e-05,0.0002525186156271488,0.00046628304400713757,0.0012679943721338536,5.45
175,0.9657165108648788,-3.6875155420130312,1.3234096419913715,-2.488084473117839,-0.45265664738896333,0.2749932045880938,-0.3663102642309583,1.840830870037391e-05,0.00024995861225156324,0.0004576992607625016,0.0012608447570172032,5.458333
176,0.976707368243992,-3.7063813431752046,1.2426965774511232,-2.4512272784379694,-0.4507621688317008,0.28562122642587423,-0.36046705097847814,1.8503613192192744e-05,0.00024762410862230657,0.00044957455136827125,0.001256499506359678,5.466667
177,0.9869879553535688,-3.724978493463883,1.1603276191405516,-2.41795269933217,-0.4484420774514893,0.2959800327838214,-0.3549620205603418,1.861376514658982e-05,0.000245499632395458,0.0004418724057746109,0.0012547771099851634,5.475
178,0.9965541589476321,-3.743436264383599,1.0764661788812513,-2.388027334892987,-0.4456815626228722,0.3061149237419192,-0.3498058188145446,1.8737171167153504e-05,0.00024357132471145173,0.00043456249024088553,0.0012555194711952199,5.483333
179,1.005390622658881,-3.7617323705124193,0.9912428088432294,-2.361222194311604,-0.44250484461759987,0.3160015391056598,-0.34501449599807843,1.8872301582455652e-05,0.00024182619420533584,0.0004276200073388192,0.0012585893554701649,5.491667
180,1.013484507863902,-3.779886788930116,0.9047851012656308,-2.337341566278778,-0.43892378814650346,0.3256356622624241,-0.340602167253874,1.901768842961983e-05,0.00024025268281261942,0.00042102518024601777,0.0012638681766189428,5.5
181,1.0208272059754577,-3.7979176490074167,0.8172201751376232,-2.3162092643350296,-0.4349509216670822,0.3350135669759267,-0.3365800326208049,1.917192418555512e-05,0.00023884045385261013,0.000414762810743736,0.0012712542823976698,5.508333
182,1.0274060000324212,-3.8157868847778755,0.7286586630630856,-2.297660459750504,-0.4306158963693635,0.34410679300955177,-0.3329609248465819,1.9333661201069305e-05,0.0002375801644752207,0.0004088219342139482,0.0012806616130487658,5.516667
183,1.0332178146178266,-3.83359859363024,0.6392278954569584,-2.2815791401377403,-0.42590157792393984,0.35295062064190175,-0.32975175205962837,1.9501611773542275e-05,0.00023646361317030572,0.00040319553635797194,0.0012920186972623549,5.525
184,1.0382565698968937,-3.851332498549911,0.5490391102795893,-2.2678395875898945,-0.42083074125873055,0.3615257630397352,-0.3269604296335639,1.9674548622894274e-05,0.00023548330429316113,0.0003978803253554509,0.0013052676089463963,5.533333
185,1.042513241090274,-3.869024638917109,0.458195563830413,-2.2563507871008435,-0.41540477865086806,0.36983630486690383,-0.3245958874545671,1.9851305838503754e-05,0.00023463261447873937,0.0003928765852801829,0.0013203635136781688,5.541667
186,1.0459830069882776,-3.8866766857674584,0.3668024809148405,-2.2470267422393273,-0.40963741460839487,0.37787242910678454,-0.32266411103481607,2.0030780129441373e-05,0.00023390588607274276,0.00038818806501807895,0.001337274199242831,5.55
187,1.0486613265288622,-3.9042586522530134,0.2749599816004839,-2.2397888567430018,-0.4035540695816964,0.38561153631028405,-0.3211703109947647,2.0211932302702863e-05,0.00023329822377659684,0.00038382193011846473,0.001355979852849019,5.558333
188,1.0505359627620965,-3.9218427476913678,0.18275592087595036,-2.2346061877530294,-0.3971386228263882,0.3930705353833053,-0.3201233842583851,2.039378906911988e-05,0.0002328054883115875,0.00037978875040233184,0.001376473041805094,5.566667
189,1.0516131247997862,-3.939443380909604,0.09030743609006314,-2.2314372419369644,-0.3903997244466303,0.4002457972826752,-0.31952131319452043,2.0575444874740723e-05,0.00023242456612826355,0.0003761025721515429,0.001398758784053434,5.575
190,1.0518923064577024,-3.9570734062074835,-0.002283993475507821,-2.23025893248371,-0.38334421281692427,0.4071309275452098,-0.3193652063264716,2.0756063914951916e-05,0.0002321526335209337,0.0003727809788269789,0.0014228543570326225,5.583333
191,1.051373506002652,-3.9747000128256906,-0.09492074517358536,-2.2310492182615556,-0.3759972091006972,0.4137017216432631,-0.31965527828253776,2.093488250543865e-05,0.00023198752208266748,0.0003698452323650623,0.001448789723657907,5.591667
192,1.0500511252638152,-3.9924087742507672,-0.18750988423651382,-2.2338374578844893,-0.3683334502843487,0.419976786036538,-0.3203942591059447,2.1111211547656246e-05,0.0002319277195865972,0.00036732044068895774,0.0014766080123021252,5.6
193,1.047928331177062,-4.010131744632368,-0.2799520595422188,-2.23861827528099,-0.36039261966706404,0.4259182877252764,-0.32157935964032225,2.1284438999736457e-05,0.0002319725818536057,0.0003652358637398238,0.001506365944153715,5.608333
194,1.0450083073117367,-4.028017000432868,-0.3721345761255666,-2.2454671502120562,-0.3521225898622514,0.4315661287879955,-0.32320716401039756,2.1454032562342788e-05,0.00023212198403303464,0.00036362512720903374,0.0015381344489288522,5.616667
195,1.0412874002488852,-4.045931829864661,-0.46397614289404465,-2.2543893020820067,-0.3435892158432444,0.436856444617599,-0.3252774357810501,2.1619542564339272e-05,0.00023237637142427056,0.0003625266765688294,0.0015719985709629575,5.625
196,1.0367816204047224,-4.0639930994426585,-0.5553414582365965,-2.265478819708951,-0.3347549134862094,0.4418178359888644,-0.3277783708162535,2.1780605087759613e-05,0.0002327370548782671,0.00036198411216291154,0.0016080595291200663,5.633333
197,1.03148771669177,-4.082207112650207,-0.6461382390669191,-2.278815321836444,-0.32562542909196024,0.44643325049523935,-0.3307082482444786,2.193694547241164e-05,0.00023320546188812562,0.0003620466935298976,0.001646433211302118,5.641667
198,1.0254105083800666,-4.100591617510091,-0.736256414353203,-2.294496984772441,-0.3162032580605759,0.4506903472078053,-0.33406020894680766,2.208838200606964e-05,0.0002337840072606112,0.00036277000132823917,0.0016872525967396054,5.65
199,1.0185559812443952,-4.11907428644174,-0.8255897130131709,-2.312607641729759,-0.30653227396174254,0.4545481332501736,-0.33782609765177357,2.223483000515994e-05,0.00023447574319799012,0.00036421658140339233,0.001730667872122045,5.658333
200,1.0109374866205796,-4.1377224593016715,-0.914005056654453,-2.333296669296709,-0.29659537940436304,0.4580113836289771,-0.34199307896250175,2.237630652481891e-05,0.0002352843623550125,0.0003664566135354288,0.0017768475073765915,5.666667
201,1.002557227604843,-4.156610741885893,-1.0013856723833043,-2.356737893292332,-0.2863697380712681,0.46108064992746917,-0.3465537765707596,2.2512935584099258e-05,0.00023621395999974803,0.00036956887575590017,0.0018259773534398819,5.675
202,0.9934303417547812,-4.175721166112987,-1.0875958871693148,-2.3830920627335157,-0.27587786021160454,0.46373108159527726,-0.35149310502987213,2.264495382959593e-05,0.00023726957770495418,0.00037364194350352815,0.0018782620630888962,5.683333
203,0.9835631149714753,-4.195177607346915,-1.1724982362722463,-2.41259688259721,-0.2650757863726542,0.4659731724309711,-0.3568001439595218,2.277271703626665e-05,0.0002384566859228209,0.0003787751296112223,0.001933924282156219,5.691667
204,0.9729673292167313,-4.214826282744612,-1.2559689125565323,-2.4454068390556905,-0.2540507093372285,0.4677427195982444,-0.3624603399326459,2.289670742020935e-05,0.00023978165613590152,0.00038508020964104036,0.0019932044185600995,5.7
205,0.9616616415313126,-4.23481822741702,-1.337835138628636,-2.4818233723417387,-0.242750410423791,0.46905837487925767,-0.36845487087391154,2.3017542041795813e-05,0.00024125157022942886,0.0003926823792027965,0.00205636147775521,5.708333
206,0.949653301328528,-4.255142637315264,-1.417955767537733,-2.522111945870678,-0.23119749392662037,0.469890839321091,-0.374770370493948,2.3135982244461024e-05,0.0002428739925360878,0.00040172253826322525,0.002123667925239489,5.716667
207,0.9369601839701432,-4.275937067161657,-1.496145043011146,-2.566635466720991,-0.21934841006511777,0.4702473385801259,-0.3813872418372347,2.325294410137391e-05,0.00024465760519491053,0.00041235911904944944,0.0021954105290772335,5.725
208,0.9236036130713446,-4.297041153420516,-1.5722409889670566,-2.6156626845705397,-0.2073020652246885,0.4700683053204196,-0.38828360094493797,2.3369510171979758e-05,0.00024661174641698935,0.0004247706738874283,0.002271883062181241,5.733333
209,0.9096046031349003,-4.318649201713187,-1.6460283912754607,-2.6696585639605015,-0.19499262525039096,0.4693716320301663,-0.39543730200791477,2.3486942780734955e-05,0.0002487463836533169,0.00043915738172800145,0.0023533838504891007,5.741667
210,0.8949737019317595,-4.340735375256923,-1.7173294685631864,-2.7290305171969282,-0.18245852699214724,0.46812234503179867,-0.4028310671805064,2.360669859444627e-05,0.00025107223457895584,0.00045574504315443366,0.002440203295135277,5.75
211,0.8797377469641122,-4.363404171231302,-1.785906071183201,-2.7943007717991635,-0.16968224197540413,0.4663157089560486,-0.41043892239286733,2.373044455734095e-05,0.0002536014041457042,0.00047478755819890654,0.0025326191657591315,5.758333
212,0.8639334569576992,-4.3866153347826655,-1.8515115656529404,-2.8659756512245673,-0.15671801577950184,0.4639242936205113,-0.41822987219332564,2.3860075283338474e-05,0.00025634657770440814,0.0004965706061685179,0.0026308764821431144,5.766667
213,0.8475516651610411,-4.410795560764509,-1.9138903339000102,-2.944851704201776,-0.14340093500873244,0.4609732226911493,-0.4261952281248084,2.399773149402062e-05,0.00025932066167942187,0.0005214142486374363,0.0027351687318773192,5.775
214,0.8306647625167536,-4.435454793588722,-1.9727728916382703,-3.031335018990483,-0.1300047688838405,0.4573800998148722,-0.4342864458359215,2.4145819562026856e-05,0.00026253941217719017,0.0005496801834951026,0.0028456168674728132,5.783333
215,0.8132544871413413,-4.461176524907024,-2.0278542037825593,-3.1264513303303776,-0.11630112182223709,0.453179233519329,-0.44249875033238545,2.4307031246879944e-05,0.00026601679982898353,0.0005817680762869681,0.0029622373648865723,5.791667
216,0.7953842715275665,-4.487762929783596,-2.0787887145553676,-3.230911183535932,-0.10243514660076575,0.44832943902898226,-0.45078849532440124,2.4484363122133878e-05,0.0002697705640815426,0.000618127285793596,0.0030849078252640793,5.8
217,0.7770898830464256,-4.5152808597200975,-2.1252142851195237,-3.3456414935716015,-0.08843081800753796,0.4428159217771412,-0.4591258678436431,2.468113403995769e-05,0.0002738171203166556,0.0006592522386968846,0.003213318246389511,5.808333
218,0.7584198201825821,-4.54369562435231,-2.166738524775709,-3.4715998668663626,-0.07436199905204405,0.43662225157241497,-0.4674760049508623,2.4900998185876304e-05,0.0002781735154858553,0.0007056849893749645,0.0033469270813083008,5.816667
219,0.7394076367243967,-4.573297827624398,-2.20289265601255,-3.6100407062177435,-0.060163079744281305,0.4297512717010767,-0.4758116864716446,2.5147951263816207e-05,0.00028285657583836435,0.0007580115162452704,0.003484914465892386,5.825
220,0.7201065528629614,-4.604184635791116,-2.2331686173964442,-3.7622096813364876,-0.045862406345457345,0.4221944896330934,-0.4840980946912061,2.5426326188567673e-05,0.00028788380292922496,0.0008168592700956538,0.003626133506803326,5.833333
221,0.7005727944304472,-4.636471446905387,-2.2570037425218366,-3.9294621613184453,-0.031486253060872854,0.41394574245077137,-0.492300772750832,2.5740772586538667e-05,0.0002932717924233493,0.0008828825186898473,0.0037690916592667467,5.841667
222,0.6808627060389055,-4.670346662735575,-2.2737649547191903,-4.113297301997217,-0.017037177999352296,0.40500000262401104,-0.5003870952736186,2.609621185593876e-05,0.0002990357674439324,0.0009567409940294904,0.003911978111829011,5.85
223,0.6610156493447435,-4.705889704454811,-2.2828424985100026,-4.315223239069142,-0.0025694563753294337,0.3953394538868835,-0.5083331848014214,2.64977582041351e-05,0.00030518916120003583,0.0010390669401404956,0.004052775776234106,5.858333
224,0.6411155164010235,-4.743293451099994,-2.283417631183284,-4.5368911743317515,0.011901094963562753,0.38497038096103053,-0.516099488855964,2.6950593142576702e-05,0.0003117444134991237,0.0011304115379726558,0.004189555208654185,5.866667
225,0.621230471945614,-4.782715940045008,-2.274660495514918,-4.7799344640006165,0.026337957960681287,0.3738896476247087,-0.5236557610162735,2.745977344237719e-05,0.00031870862631294716,0.0012311726360951568,0.004320944051959201,5.875
226,0.6014456461415961,-4.824378863476463,-2.2556025538670923,-5.0459749794118816,0.040721969231274746,0.3621004347224663,-0.5309684633494989,2.8029952165021357e-05,0.00032608423821148497,0.001341490713931282,0.004447015490179566,5.883333
227,0.5818544389462361,-4.8684980022776765,-2.225181205053965,-5.3364595577511205,0.05502464461532413,0.34960780641190525,-0.5380048167598623,2.8664987794776437e-05,0.00033386676517047553,0.0014611126722656198,0.004570650330256203,5.891667
228,0.5625622769652887,-4.915289935852184,-2.1822285036779396,-5.652503552277215,0.06921258783968895,0.3364211417119018,-0.5447319944429497,2.936741277726741e-05,0.00034204348484038354,0.001589216747465486,0.004699569247685213,5.9
229,0.5436743113893606,-4.964958493986263,-2.125529167892138,-5.994700275409911,0.08324364306067204,0.3225488030089391,-0.5511218361156525,3.013773487976534e-05,0.000350592157059866,0.0017242034506104536,0.004849094090664044,5.908333
230,0.5253108951224026,-5.017763568388796,-2.053757570519925,-6.362884364675072,0.09709247032131409,0.3080002964013079,-0.557145746012308,3.097355525244219e-05,0.0003594817238787954,0.0018634681004180134,0.005045541296876508,5.916667
231,0.5076072918428017,-5.073905253964283,-1.965561130765218,-6.7556703928734985,0.1107157094864243,0.2927941799434027,-0.5627753659677972,3.186850663513893e-05,0.00036867270364284664,0.0020031903898288256,0.005329653113404477,5.925
232,0.4907128397555377,-5.133595265247381,-1.8595843731642396,-7.170072545124956,0.12407959906994699,0.27695091717286263,-0.567983235005886,3.281105351866275e-05,0.00037811940673818025,0.0021381963731284554,0.0057588425193576456,5.933333
233,0.4747832828497982,-5.197008244604301,-1.7345987181714022,-7.601031819317938,0.13714788819203802,0.2604916521355457,-0.5727452039154567,3.378326280419774e-05,0.00038777416565410883,0.00226198833569483,0.006405934319039755,5.941667
234,0.459994987557853,-5.2642419487608105,-1.5895730907123014,-8.040801914709705,0.14988144374593856,0.24344934745229393,-0.5770359440465432,3.47597488059731e-05,0.00039759392287611517,0.002367051213332283,0.007351258279377122,5.95
235,0.4465142725065236,-5.335357184531716,-1.4239108305291395,-8.478864804686864,0.16224738834270488,0.2258456207253486,-0.5808373724642324,3.570709955549117e-05,0.0004075450135141408,0.0024455287590105213,0.008664682300345217,5.958333
236,0.43451550532211053,-5.410593623726173,-1.2374068440344241,-8.90178989729782,0.17427124623971482,0.2076576204228686,-0.5841321409496044,3.6584199649252826e-05,0.0004176080058903433,0.0024903129438900535,0.010376772941143296,5.966667
237,0.4241971218237174,-5.489233250168725,-1.0309646305418962,-9.29251129565587,0.18581057748382418,0.18901688996514426,-0.5868982512148356,3.734388603788321e-05,0.00042777185929116055,0.00249640092695832,0.012442991021966039,5.975
238,0.41573100392215184,-5.57094279134342,-0.8062231603902602,-9.632622822069576,0.19684996587141737,0.1699672418562705,-0.5891211592772695,3.7936221128053664e-05,0.00043801368098811064,0.0024621816855727526,0.014714453802062469,5.983333
239,0.40925785402804404,-5.655360260558629,-0.565843959064873,-9.90371612071152,0.20738948868671578,0.15052097259939176,-0.5907923065392743,3.831337504351277e-05,0.00044826964041953614,0.002390245356260362,0.016934083662606913,5.991667
240,0.4049025288322261,-5.7419704767976985,-0.313488503895896,-10.088996733981855,0.21742505650820382,0.13069032381879958,-0.5919027764240863,3.843560806239843e-05,0.00045839730946198917,0.0022871996361724244,0.01877566366227363,6.0
241,0.4027454537164261,-5.8297980174562865,-0.05390723728614119,-10.175920826535018,0.22690216732535315,0.11055572486078614,-0.592448606074454,3.8277220031198956e-05,0.00046814018328680075,0.0021623579579887996,0.01992442108486452,6.008333
242,0.4028387438655021,-5.917951544437558,0.20768684922527167,-10.157854098568759,0.23580598710861636,0.09016984635019247,-0.5924250568037394,3.783102625637904e-05,0.000477119149722851,0.0020257095861060843,0.02017347998988193,6.016667
243,0.405191057831441,-6.005413231511427,0.4658426576867794,-10.035352932482342,0.24412049312545273,0.06960942561195398,-0.591829557709109,3.711004569128375e-05,0.00048485790374148605,0.0018859092712384018,0.019490104875470097,6.025
244,0.4097500315260626,-6.091320055687347,0.7153957573230108,-9.816489770017398,0.25183884309999255,0.048920897880596746,-0.5906661117184678,3.614582144286791e-05,0.0004908476551808818,0.0017490572701292346,0.01802020284335454,6.033333
245,0.4164211643281094,-6.1748990682495615,0.9518526171389587,-9.515197424065246,0.25895538063025514,0.028151424015474363,-0.5889415258279389,3.49838281168762e-05,0.0004946347955296323,0.0016185439471375941,0.016030178779008523,6.041667
246,0.4250713782067033,-6.255446266673581,1.1716441602407623,-9.149223314455845,0.2654635751597199,0.0073655941239975774,-0.5866663029036356,3.367718963547203e-05,0.000495899515068263,0.001495699335081153,0.013819198392609656,6.05
247,0.43554963987646206,-6.332458152415064,1.3722986500175574,-8.737526330075966,0.27136854125301757,-0.013381931498484607,-0.5838514806040824,3.228025109954088e-05,0.0004945050284545449,0.0013807288773062276,0.0116429512023905,6.058333
248,0.44769778339687,-6.405682576233766,1.5524116935002354,-8.298230977631276,0.27668183536595947,-0.034063319884242285,-0.5805078508452646,3.084327343291024e-05,0.0004905047779343256,0.0012734793664818174,0.009673381385475978,6.066667
249,0.46131240348621466,-6.4749014388913215,1.7114652985069059,-7.847914792821864,0.28139632316783364,-0.0546190356094851,-0.576658809811065,2.940894233106959e-05,0.0004841146590869638,0.0011738463944948696,0.007995194417244004,6.075
250,0.47622565249365456,-6.539931552820665,1.8496624930366408,-7.39961434142152,0.28553897870615413,-0.07496555429287524,-0.5723199891538024,2.801081168404139e-05,0.0004756723407846557,0.001081857510005339,0.006624959152711792,6.083333
251,0.4922477876482382,-6.601081012071298,1.9678397955182323,-6.963489041766691,0.28909801930539786,-0.09512933453023234,-0.567516746556021,2.6673220497640796e-05,0.0004655774136781975,0.0009975945716457421,0.005537561438044227,6.091667
252,0.5092045209754761,-6.6582563041069545,2.0670795620683564,-6.546657233954089,0.2921026284363177,-0.11500330975379915,-0.5622746712081794,2.5412249854765756e-05,0.0004542486770841871,0.000921079657287488,0.004688676947732098,6.1
253,0.5269278422626006,-6.711839260389107,2.1487504954120307,-6.153645993508733,0.2945425776764075,-0.13460385567983416,-0.5566228387767249,2.423716431221393e-05,0.00044208680285401825,0.0008521964271274316,0.004030210134632075,6.108333
254,0.5452841015282901,-6.76193929303079,2.2142266938985844,-5.786800995467914,0.2964519861458781,-0.15386692345721403,-0.5505848730686087,2.3151981202859274e-05,0.00042945163230371467,0.0007906667932681909,0.0035184905415404405,6.116667
255,0.5641321716713562,-6.808817616012454,2.2649158404682654,-5.447100044964002,0.29784065331380777,-0.17276689020896582,-0.5441921164047926,2.2156918080927788e-05,0.00041664700641813314,0.0007360692630281161,0.0031175755389571806,6.125
256,0.5833573265527062,-6.852739059805921,2.302157741585955,-5.134339013935594,0.2987241945963338,-0.19128479617955568,-0.5374723202075783,2.124962878313038e-05,0.0004039208148853387,0.0006878777385290785,0.00279953490523665,6.133333
257,0.6028384008974241,-6.893988749411094,2.3272204359522166,-4.847679916037882,0.2991035379282034,-0.20940700752872815,-0.5304604523173193,2.042616650392244e-05,0.0003914651433489673,0.0006455064740692179,0.002543472038040215,6.141667
258,0.6224717888536403,-6.932773031165874,2.3412577717555365,-4.5857712435607585,0.2989959727582473,-0.22710360747633637,-0.5231900920521944,1.968170730613819e-05,0.0003794242865832663,0.0006083495387067177,0.0023340868319209254,6.15
259,0.6421654332068591,-6.969368701142114,2.345322643082352,-4.346998913161997,0.29840130466986087,-0.2443727112868003,-0.5156948245092858,1.9011056435148626e-05,0.0003679003909802489,0.0005758117551154292,0.002160313938596693,6.158333
260,0.6618406640358124,-7.004110392990552,2.3403640585760286,-4.12963497557581,0.2972983965039386,-0.2612378656815619,-0.5080068440939839,1.8408988193969254e-05,0.00035696045313614175,0.0005473297798354662,0.0020141758036789493,6.166667
261,0.68143151279994,-7.036919908103928,2.3272033635356077,-3.9318959755350176,0.2957695969014623,-0.2776083390224241,-0.5001564438552776,1.7870459010649297e-05,0.0003466428165880866,0.0005223846673187328,0.0018899003157777671,6.175
262,0.7008650553635013,-7.068093177103321,2.3066050140081757,-3.7521211037903686,0.29379503317822975,-0.29350708276061316,-0.4921794220862525,1.7390729295597618e-05,0.000336963176579355,0.0005005081559965507,0.0017832744002134141,6.183333
263,0.7200893792486732,-7.097847217944903,2.279242278949317,-3.5887009502206886,0.29137209899153127,-0.3089446326316367,-0.48410538787889196,1.6965423212038027e-05,0.00032792147312113657,0.0004812836943433949,0.0016911742426338635,6.191667
264,0.7390372915522451,-7.126464478997421,2.245724668625992,-3.440183554448757,0.288461858330403,-0.3239484208704508,-0.475972362201958,1.659054464255936e-05,0.00031950478598360716,0.0004643449482340195,0.0016112473877030846,6.2
265,0.7576715657751095,-7.153882624580112,2.206579194105605,-3.30514273244551,0.2851381315766284,-0.33845990107174556,-0.4678072829312233,1.626246861101901e-05,0.0003116929057804949,0.00044937229146040005,0.0015416836764550407,6.208333
266,0.7759443519010801,-7.180220803384041,2.1622879016045293,-3.182325727927514,0.28141289386734236,-0.35247376315630224,-0.4596428419192916,1.5977915547971088e-05,0.00030445878521692535,0.0004360888762956283,0.0014810673707592258,6.216667
267,0.7938117470852547,-7.205611661369387,2.1132844246209546,-3.070597769697767,0.2772892992860024,-0.365992992388677,-0.4515111147024619,1.5733919018412498e-05,0.0002977722943406739,0.0004242558508551809,0.0014282666127927739,6.225
268,0.8112345180063324,-7.230114058224057,2.059957320068689,-2.9689195985722168,0.2727937977555902,-0.3790045303472801,-0.4434429191658379,1.5527789959054468e-05,0.0002916017456358601,0.00041366783195335267,0.0013823599801701348,6.233333
269,0.828178120008043,-7.253743130849634,2.002657151697767,-2.8763456150522555,0.26796882231497116,-0.3914885497491275,-0.4354674940319339,1.535708104756806e-05,0.00028591495641647045,0.00040414870605183284,0.0013425853179998126,6.241667
270,0.8446109347787918,-7.276662976354992,1.9417067396901286,-2.792056330120992,0.26279680619416956,-0.40346923425141656,-0.42761305913491426,1.521955304639067e-05,0.0002806800099002807,0.0003955477740621675,0.0013083035173445466,6.25
271,0.86050556213328,-7.299029653825728,1.8774014886946593,-2.715318203618803,0.2572565869091459,-0.4149705134511112,-0.41990598249367467,1.5113144072101587e-05,0.00027586588892969843,0.0003877362161537191,0.0012789722404285236,6.258333
272,0.8758359505606453,-7.320733624935046,1.8100044511468611,-2.645421529662711,0.2514332074502431,-0.42594977342914925,-0.4123719745362668,1.5035942181147028e-05,0.00027144281490666883,0.0003806040918584846,0.0012541269479656185,6.266667
273,0.8905747377297314,-7.341957451304071,1.7397620064917976,-2.5817915976375505,0.2452883514380181,-0.4364411959636398,-0.40503730666525906,1.4986161493347373e-05,0.00026738261855398216,0.0003740578204357773,0.0012333666820812982,6.275
274,0.9046976423000294,-7.362691060223622,1.6668970585117882,-2.523874929870668,0.2388622684734491,-0.4464322811633544,-0.3979265607005916,1.4962121644000311e-05,0.0002636590745883958,0.0003680177692103614,0.001216342927753733,6.283333
275,0.9181856689002073,-7.383050757765299,1.5916220836119939,-2.4712028794194203,0.23213840025424168,-0.45594439741895604,-0.3910613535823588,1.496223028644018e-05,0.000260247838690663,0.00036241639669620107,0.001202751555252016,6.291667
276,0.9310202989185127,-7.403144391511906,1.5141338284938768,-2.4233573260572934,0.22509908467885573,-0.4649961221510455,-0.38446263945568415,1.4984968429063527e-05,0.00025712625010973803,0.0003571965584035087,0.0011923264839485473,6.3
277,0.9431785993529614,-7.422809962159975,1.434601853493328,-2.3799059882026508,0.2178493310989204,-0.4735444276394246,-0.3781532185072643,1.5028878280351564e-05,0.00025427340260986527,0.00035231011604135474,0.0011848343606668276,6.308333
278,0.9546466722593414,-7.442170116211798,1.3531997955250707,-2.3405222710666047,0.21036327415814038,-0.4816156493863927,-0.37215073804520443,1.5092553420342677e-05,0.00025167037201778676,0.00034771679809024247,0.001180070255099334,6.316667
279,0.9654109682220482,-7.4612716680020075,1.2700882588554332,-2.3049002011191178,0.20264721662775173,-0.4892185979139272,-0.3664720749581834,1.5174630912701823e-05,0.0002492996879019179,0.00034338313157272657,0.0011778544848229365,6.325
280,0.9754582553398589,-7.480177089607294,1.185418069655798,-2.272771574031294,0.19469742491526856,-0.4963649226430116,-0.3611333396087386,1.5273785107747776e-05,0.000247145352716445,0.00033928162609068936,0.0011780297496556415,6.333333
281,0.9847732514143264,-7.498845895813566,1.0993242435620423,-2.243874542573718,0.1865591416729912,-0.5030452933766966,-0.35615113666221826,1.5388722977871102e-05,0.00024519281677655316,0.0003353900728056567,0.0011804587423237998,6.341667
282,0.9933582065820056,-7.517245100502243,1.0119588134850663,-2.2179785423229745,0.1782761467089361,-0.5092596213279867,-0.35153202738227074,1.5518180800978192e-05,0.00024342902625727324,0.00033169097011743364,0.0011850222438215222,6.35
283,1.001198545168556,-7.5357390978133205,0.9234531968569275,-2.1949721250902483,0.16968513999123605,-0.5150713421998354,-0.3472909131932688,1.5660922074496922e-05,0.00024184161629624187,0.00032817104040653704,0.001191617919206385,6.358333
284,1.0082703060591711,-7.553837427203759,0.8338888306081179,-2.1745588488500283,0.16105803711020403,-0.5203910271261903,-0.3434472306552447,1.5815736298088184e-05,0.00024041974875074388,0.00032482082474264004,0.001200158180076279,6.366667
285,1.0145700020541943,-7.571847641296551,0.7433989018696167,-2.1566599124105816,0.15225941895075362,-0.5252748389935745,-0.3400087139134135,1.5981438718222854e-05,0.00023915434187502332,0.00032163438995774687,0.0012105700249670087,6.375
286,1.0200936426867875,-7.5899173612740425,0.6521061847306592,-2.141178275931918,0.1432315212021054,-0.5297451447287982,-0.3369826785554349,1.615687086765818e-05,0.00023803701465283835,0.0003186090681577286,0.0012227937346873468,6.383333
287,1.0248272584122333,-7.60770846233377,0.5600929022885869,-2.1279116279763666,0.13417198401739353,-0.5337504695447354,-0.33438126090080295,1.6340901579610342e-05,0.0002370601893795694,0.00031574530492164206,0.0012367823095082435,6.391667
288,1.0287697370876798,-7.625549517274824,0.4674836133850332,-2.1168455605424015,0.12492602313709267,-0.5373390432247952,-0.3322089012133967,1.6532428837124774e-05,0.00023621750830461231,0.00031304648784485185,0.001252501727320616,6.4
289,1.031921382839347,-7.643543381801456,0.3743941338284145,-2.1079267483469724,0.11545564984310834,-0.5405210628143641,-0.3304685858736589,1.673038202908996e-05,0.00023550323295361042,0.0003105189201113566,0.0012699298024085337,6.408333
290,1.0342740505544616,-7.661360746102793,0.28090271470400896,-2.1010021314978555,0.10595571509502513,-0.5432538769773388,-0.32916731955616796,1.693372449942592e-05,0.00023491226179178691,0.00030817179585909216,0.0012890562380564248,6.416667
291,1.0358223541930665,-7.679123766219535,0.18710762714472143,-2.0960513751925514,0.09637822520570608,-0.5455513946202577,-0.32830995447913264,1.714145676983411e-05,0.00023444049962910093,0.0003060171266375485,0.0013098835194407879,6.425
292,1.0365653739506437,-7.696934450080747,0.09311278986971683,-2.0930657657911382,0.08668493833554906,-0.547422125861949,-0.32789823155751613,1.735262003294118e-05,0.0002340846844119552,0.00030406986211482584,0.0013324264125947319,6.433333
293,1.0365016689702329,-7.71476118176871,-0.000987062695398412,-2.0920145771001355,0.07691003539250438,-0.5488596844160243,-0.3279335389292563,1.7566299734268297e-05,0.00023384220580403994,0.0003023480015842447,0.0013567121578582442,6.441667
294,1.035624000444775,-7.732547021273416,-0.0951114429517674,-2.0928705778133674,0.06710156445679133,-0.5498548027933895,-0.32841983583287704,1.7781629502995078e-05,0.00023371115768919539,0.0003008727054486673,0.001382781146846616,6.45
295,1.0339450147768414,-7.7506729502994,-0.18912015954378722,-2.095754225866155,0.05706751340542807,-0.5504314410181718,-0.32934941980878046,1.7997795357008462e-05,0.00023369056547582894,0.0002996684770660321,0.001410687820168453,6.458333
296,1.031452104067052,-7.768585407930721,-0.28297210406248824,-2.1005195359541986,0.047129130786114096,-0.5505455442722156,-0.33072792653381333,1.821403994931733e-05,0.00023377960258694842,0.0002987635649168292,0.0014404993212479129,6.466667
297,1.028160467551833,-7.786453766362322,-0.37653603401682906,-2.1072557128996863,0.037211126408845295,-0.5502105937647987,-0.33254495524120137,1.8429667282517882e-05,0.0002339787013365628,0.00029818987243605274,0.0014722998380913691,6.475
298,1.0240767895284173,-7.80444508462955,-0.46969637325195873,-2.1160634807995935,0.02723915334908756,-0.549430059596776,-0.33479419172427116,1.8644047717680108e-05,0.0002342883818143264,0.00029798352442260596,0.0015061882257022894,6.483333
299,1.0192253021007773,-7.823514790868996,-0.5622510379822278,-2.127317527284364,0.0167076907481875,-0.5482196121215667,-0.3374590680825484,1.8856622871656475e-05,0.00023470974638604273,0.0002981853400730032,0.0015422790729453886,6.491667
300,1.013545021626527,-7.842036825143985,-0.6543240546212226,-2.140551063783992,0.0065282614714286995,-0.5465094569825222,-0.3405690941744853,1.9066910368613356e-05,0.0002352438424299812,0.0002988419912356395,0.0015806988710004484,6.5
301,1.0070800425814368,-7.860646493853702,-0.7456936421612331,-2.156084471152738,-0.0036278914325374636,-0.5443231786881111,-0.3440953766365142,1.927450968065457e-05,0.0002358951828763062,0.00030000483093521965,0.0016216035908940558,6.508333
302,0.9998447245338423,-7.879442808866612,-0.8362280491980244,-2.174069572470024,-0.013794173601082428,-0.5416557853730269,-0.3480247744379595,1.9479108430391867e-05,0.00023666701621719832,0.00030173183845243727,0.001665163482354184,6.516667
303,0.9918499962120327,-7.8984509645245975,-0.9258052031302904,-2.194650550809719,-0.023962481669607145,-0.5384988676648431,-0.35234540109375,1.9680488378086437e-05,0.00023756301617232378,0.000304088125897122,0.0017115679061890587,6.525
304,0.9830912955868468,-7.91766235512751,-1.0143319289701742,-2.217968470522238,-0.034105030777577344,-0.5348387454849506,-0.35705304350998723,1.987853208558767e-05,0.000238587523220734,0.00030714677259203484,0.0017610267529502522,6.533333
305,0.9735802709287446,-7.93707377335506,-1.1016803655148444,-2.244198819767004,-0.04419607322329077,-0.5306676700570031,-0.36213401351421454,2.0073230112369598e-05,0.0002397462352388311,0.0003109898783792458,0.001813773466387524,6.541667
306,0.963332601085292,-7.9568037680294825,-1.1877008521001622,-2.2735879664749405,-0.0542730951778342,-0.5259732767128017,-0.3675718378763754,2.0264688843593837e-05,0.00024104546174357898,0.00031570966339575457,0.0018700640821611278,6.55
307,0.9523545357879668,-7.976958596433601,-1.2722564721719645,-2.306398595926768,-0.06436336692887137,-0.5207363652702056,-0.37335439940993675,2.0453139028443294e-05,0.00024249204873036433,0.0003214100285821843,0.0019301761306201289,6.558333
308,0.9406710954774393,-7.997540525840604,-1.3551788485185947,-2.3428984808640925,-0.07443756369760993,-0.5149489081528343,-0.37945906733001916,2.0638945131065026e-05,0.00024409391209399367,0.00032820824662672536,0.0019944098481539073,6.566667
309,0.9282930034505423,-8.018474961354688,-1.4363296334496636,-2.3833419101431335,-0.0844249809070025,-0.5086050998686228,-0.3858701694384791,2.0822615735421758e-05,0.00024585923324239146,0.0003362365171987434,0.0020630849960659595,6.575
310,0.9152500652644113,-8.03985313339546,-1.515511582983843,-2.4280997782949205,-0.09433973886281964,-0.501695017549905,-0.39256163301180574,2.100481513678941e-05,0.00024779730528525553,0.0003456438897900666,0.002136542488708529,6.583333
311,0.9015516665089004,-8.061668004245789,-1.5925687555759678,-2.4775218947652053,-0.10414218021654244,-0.4942091925786695,-0.39951745011511675,2.1186376074690615e-05,0.00024991766913331993,0.0003565989573115969,0.002215135896245885,6.591667
312,0.8872138998852768,-8.083923860439972,-1.6673226664144423,-2.5320103092676973,-0.11379716691070943,-0.48614144447381524,-0.4067176089672153,2.136831382962028e-05,0.0002522313016354037,0.00036929241521853627,0.002299231941797572,6.6
313,0.8722599266115557,-8.10674158859224,-1.7395565311785597,-2.592073910892951,-0.12332434076085343,-0.47747590431158904,-0.4141381176053844,2.1551841815113894e-05,0.0002547502956033742,0.0003839401026689567,0.0023892025378068377,6.608333
314,0.8567083665233932,-8.130183813444807,-1.8090564321172669,-2.658246079751145,-0.1327099909279709,-0.4682004733754118,-0.42175690594812815,2.17383886940543e-05,0.00025748757918157996,0.000400786921690732,0.0024854111958374572,6.616667
315,0.8405992358985382,-8.154091837848762,-1.875586613702228,-2.7310311096661355,-0.14183764708025792,-0.45834363338238365,-0.429541276578365,2.192961715264976e-05,0.00026045729990808184,0.0004201105925599899,0.0025882009308112785,6.625
316,0.8239639219782541,-8.17868512748919,-1.938860086586673,-2.8111722084271156,-0.15076509301568028,-0.44788235807322274,-0.43746290440532526,2.2127444062564423e-05,0.0002636737593624857,0.0004422246180776515,0.0026978734224979584,6.633333
317,0.8068200214974053,-8.20407270501337,-1.998612148873775,-2.8994215200125155,-0.15948992943386628,-0.4368010984201542,-0.4455000286241599,2.2334061902526863e-05,0.000267152089051369,0.00046748476703025496,0.0028146577272821272,6.641667
318,0.7892124344711086,-8.230378424414535,-2.0544981825884423,-2.9966533128043333,-0.16801414565454853,-0.42509325524449165,-0.4536182137895409,2.2551961451011302e-05,0.00027090916382195395,0.0004962934206033326,0.0029386841919497256,6.65
319,0.7711618570952588,-8.257617629539837,-2.1062176250929183,-3.103745504250044,-0.17628453150298448,-0.4127614152989961,-0.4617946412304315,2.2783954679593136e-05,0.00027496193474985906,0.000529104571783642,0.0030699306491509546,6.658333
320,0.752715075073307,-8.28591335884479,-2.1533688239860616,-3.2217644447947755,-0.1842939099154825,-0.39980357944307743,-0.46999506945133684,2.3033197022225562e-05,0.0002793290964748757,0.0005664270862579979,0.003208185709715774,6.666667
321,0.7339045602575117,-8.315343577115552,-2.1955571244539294,-3.3518412540721414,-0.19200860910623918,-0.386221636792933,-0.4781924863254077,2.330320692073143e-05,0.0002840293062485606,0.0006088287870600449,0.0033529738708430695,6.675
322,0.7147884595130024,-8.346029204991828,-2.232285497407855,-3.4952739338000067,-0.1994122648711114,-0.3720231370587981,-0.486349716549629,2.3597880403664405e-05,0.0002890821802662909,0.0006569368589368934,0.0035035002174260235,6.683333
323,0.6954142306502596,-8.378076923817346,-2.2630412053986593,-3.653454041750147,-0.20647559796219234,-0.35721650621206635,-0.4944357468992304,2.3921496327678792e-05,0.00029450633232421084,0.0007114359604685063,0.0036585715826355073,6.691667
324,0.6758422376378198,-8.4116600966415,-2.2872156888530575,-3.827945822533942,-0.21319059962992493,-0.34180487984153424,-0.5024158686008509,2.427870718095354e-05,0.0003003199988268649,0.0007730594568496653,0.003816558693233499,6.7
325,0.6561408430164319,-8.446901687961429,-2.3041359923038103,-4.020388462867627,-0.21952713483129807,-0.3258079437445266,-0.5102543812077702,2.4674507508614457e-05,0.000306539670103985,0.0008425733386192613,0.003975383874455623,6.708333
326,0.6363658044284336,-8.48392099145468,-2.3131024327580714,-4.232492901152123,-0.22544614167653493,-0.30924469660623705,-0.5179230324093341,2.5114168799096615e-05,0.00031317895822310747,0.0009207453071224495,0.004132611564473976,6.716667
327,0.6165900573781746,-8.52292091277758,-2.3132788749505377,-4.466100786898473,-0.23093436679843057,-0.29212632402889627,-0.5253894191138343,2.560312681401452e-05,0.0003202489183686832,0.0010082949695343257,0.0042857233494240695,6.725
328,0.5969005566196894,-8.564087544273969,-2.3037188416038794,-4.723038266242,-0.2359707278153597,-0.2744762174842797,-0.5326191268869452,2.6146801426193885e-05,0.00032775562960575517,0.0011058209586696924,0.004432642183436515,6.733333
329,0.5774024862194563,-8.607598835862735,-2.2833445428283086,-5.005006841636201,-0.24053351695462877,-0.2563296238438773,-0.5395750771092876,2.6750323293539525e-05,0.00033569792599014636,0.0012136923914840745,0.00457270465962652,6.741667
330,0.5581600520649173,-8.653686824815672,-2.2511111875061784,-5.313544067086811,-0.24459544143456682,-0.23769483044149456,-0.5462387301233945,2.741813577745192e-05,0.00034406465545063126,0.0013318983103204724,0.004708261555622641,6.75
331,0.5393258239469849,-8.702537554308243,-2.2056327479748528,-5.649651126797802,-0.2481463172169558,-0.21862671857191773,-0.55256517792396,2.8153443325518497e-05,0.00035283762431285114,0.001459850007442054,0.004847178127805527,6.758333
332,0.521007571221258,-8.754387080672386,-2.145596202384149,-6.013682766584708,-0.25116900849606966,-0.19914954442963465,-0.5585303042813078,2.8957461207161133e-05,0.0003619824492354716,0.001596136056874597,0.005006159974929216,6.766667
333,0.5033347167350805,-8.809440666379531,-2.0696012490463978,-6.404912065245983,-0.253646068584084,-0.17930067633911106,-0.5641076599658753,2.982844668342925e-05,0.0003714538304967702,0.0017382483744314266,0.005215000204981672,6.775
334,0.4864021421395538,-8.868579236463846,-1.9760872749906302,-6.821943485945827,-0.2556505923360511,-0.15892945316414545,-0.5692861461788544,3.076051292202635e-05,0.00038119557589184503,0.0018823162981510251,0.0055208305428711,6.783333
335,0.4704744912730926,-8.930546059824906,-1.8639170506358052,-7.258818042609903,-0.25698636407105924,-0.13847359858699956,-0.5740083482423436,3.174228272097511e-05,0.00039114875778375454,0.002022949544009638,0.0059906997051177744,6.791667
336,0.45560420662914314,-8.996211316312339,-1.732021567792498,-7.7100751478419545,-0.2577260896264608,-0.11775178344329434,-0.5782856499151411,3.2755451355633553e-05,0.000401240900522941,0.00215316760525818,0.006709423461369172,6.8
337,0.44204987238369614,-9.06548038908355,-1.5792634427300245,-8.165238008491182,-0.257896163364085,-0.09686608670866062,-0.5820730562771613,3.377357206172238e-05,0.0004114193933472264,0.002264870101418295,0.007768845555601482,6.808333
338,0.4300036865986827,-9.138458359042668,-1.4051739267417152,-8.611024704923308,-0.25752721426037645,-0.0758183366508895,-0.5853493199951484,3.4761403249008785e-05,0.0004216358270311429,0.0023495650050307966,0.009243234087384943,6.816667
339,0.41963184592295993,-9.21479881888321,-1.2102848274376212,-9.031078284062637,-0.25660773345842935,-0.05468840407256712,-0.5881021699206043,3.567526139646396e-05,0.0004318583496659172,0.002399700132446075,0.011152271973625684,6.825
340,0.4111252736409495,-9.294181683821433,-0.995833810881513,-9.406390139884335,-0.2551669128040005,-0.03351460064224119,-0.5903127398505531,3.646497761839676e-05,0.00044206790996849084,0.0024102714525787495,0.01342011265676855,6.833333
341,0.40457436282204584,-9.375940906615117,-0.7645275980176617,-9.71847459490448,-0.253183659733482,-0.01237458369871763,-0.5919859937517474,3.707772303051273e-05,0.0004522310279605623,0.0023802620959459475,0.015847475620725016,6.841667
342,0.4001332000891268,-9.459486944906383,-0.5196686104103111,-9.948859084285925,-0.2507032029402622,0.008705149512016223,-0.5931059239996405,3.7463646884457286e-05,0.00046227328254778223,0.0023133920184602603,0.01812475725609057,6.85
343,0.3979291757626538,-9.544015556065967,-0.2655933860379109,-10.082316591518683,-0.24777458783765333,0.02968486209407816,-0.5936573719413721,3.7582471347086714e-05,0.00047202233790235573,0.0022175067813055985,0.019892178226436345,6.858333
344,0.3979738385628041,-9.628518894320779,-0.007634671186366602,-10.111047831942773,-0.24441093815597556,0.050497172732090874,-0.5936462259054472,3.740961668984134e-05,0.000481175094681715,0.0021028499448629487,0.0208402828005793,6.866667
345,0.4002591974487365,-9.712060455972356,0.24875319205621516,-10.03409194728052,-0.24064529894631984,0.07110002000666851,-0.5930743123134636,3.69404531003078e-05,0.0004893100648818458,0.0019797392604571397,0.02080973934916944,6.875
346,0.40471941905301073,-9.79381942382493,0.49831690879189494,-9.858141816146942,-0.23649966845925516,0.09146880900893824,-0.5919492178161474,3.619136289118431e-05,0.0004959273688242226,0.001856449044875854,0.019837390309579365,6.883333
347,0.41125875565090736,-9.873034098363355,0.7364148540682649,-9.595810693912068,-0.23200355660378533,0.11157192434002529,-0.5902783818659276,3.519725655330665e-05,0.0005005301256717079,0.0017381716639580558,0.01813038057121866,6.891667
348,0.4197375332948692,-9.9491310546992,0.9593133361608237,-9.264054417203269,-0.22717441854779094,0.1313877937315563,-0.5880744373732182,3.4006277133933e-05,0.0005027125405445454,0.0016271606693971888,0.015986650574884874,6.9
349,0.43000078929819574,-10.021608689899757,1.164301463636207,-8.88140446844117,-0.2220442808992433,0.15087780821686095,-0.5853500977907274,3.267317424226998e-05,0.0005022333547254092,0.0015236545480998326,0.013704401706087735,6.908333
350,0.44187711632715604,-10.09013587348378,1.3497133149329128,-8.466092740294457,-0.21664592392870663,0.17000769714314942,-0.5821206397587705,3.1252898800052734e-05,0.0004990480087415357,0.0014269609430737564,0.01151769709559039,6.916667
351,0.45517348040546707,-10.154705246324193,1.514874285165444,-8.034675478845463,-0.21097457594326954,0.18877722095596666,-0.5784076433015903,2.9795588104833003e-05,0.0004933014229540186,0.0013362681700160688,0.009571396277083423,6.925
352,0.4697159413522804,-10.21523085249175,1.6597994812104562,-7.6006312708234605,-0.20506577506504403,0.2071494286773712,-0.5742296185077983,2.8343465937621842e-05,0.00048529168035293485,0.0012510379507964056,0.007927979118836108,6.933333
353,0.4853125299710776,-10.27203675269683,1.7851590274655704,-7.1746687316134405,-0.19887955302996763,0.22514338887808188,-0.5696138082131552,2.692954593134552e-05,0.00047541241654104464,0.0011710699650743887,0.0065907811473314305,6.941667
354,0.5018076102076097,-10.325079334298294,1.891870090097,-6.7642611004138695,-0.19247591766317348,0.24270028878500055,-0.5645813525253881,2.5577776850817923e-05,0.00046410223686352346,0.001096391906437409,0.005528931841033422,6.95
355,0.5190371559704272,-10.374669009032669,1.9811616789171371,-6.37455430476286,-0.18584095308706244,0.2598169207569733,-0.5591608181194896,2.4304048402864006e-05,0.0004517945119171578,0.0010271127752849744,0.00469747235302575,6.958333
356,0.5368660828738031,-10.421117221805691,2.0543418962839173,-6.008459815117747,-0.17896602767482828,0.27649156490521426,-0.5533769855627882,2.3117645585732035e-05,0.000438888863153679,0.0009633061282665265,0.004049853960389815,6.966667
357,0.5551633352514138,-10.464681959591173,2.1127286436750388,-5.667428486763837,-0.1718530133049845,0.29270693460581054,-0.5472583529994464,2.2022767510145232e-05,0.0004257296696568233,0.0009049480225448771,0.0035445453923371676,6.975
358,0.5738086110844289,-10.505811057267925,2.1576324946147034,-5.351757284799497,-0.1644443025840869,0.30847724942204807,-0.5408348829473196,2.101993122431635e-05,0.0004125999922649757,0.0008518990135177579,0.003147412668418296,6.983333
359,0.5927037066656726,-10.544518769182718,2.190218172116253,-5.060905681257241,-0.1568108700695963,0.32375023679769893,-0.5341335487286397,2.0107145763219914e-05,0.0003997217336526769,0.000803916216284244,0.0028318020050942523,6.991667
360,0.6117538585272302,-10.581106913691755,2.211612968443755,-4.793857360430951,-0.14893423871226,0.3385231798698537,-0.5271841821470009,1.928083087316949e-05,0.00038725925940174454,0.0007606794283743692,0.002577594305209205,7.0
361,0.630873262767332,-10.61575142860417,2.22283491976868,-4.549287403542484,-0.14083096985800408,0.3527765081456985,-0.5200171977015586,1.8536503750267262e-05,0.00037532809029922515,0.000721820142874197,0.002369892237867229,7.008333
362,0.6499861247604376,-10.648689632766521,2.2248136620710737,-4.325699443839194,-0.13249203000889315,0.36650423701813273,-0.5126626755556513,1.7869263916457273e-05,0.0003640033240285419,0.0006869475908928094,0.0021977892406830897,7.016667
363,0.6690252374059285,-10.680017386029977,2.2183756137133965,-4.121528560326816,-0.12395421562168536,0.3796853948763483,-0.5051503400208737,1.7274119343413574e-05,0.0003533276027312737,0.0006556693932453276,0.0020533322445444547,7.025
364,0.6879272835654104,-10.70993150265942,2.2042750791870023,-3.935236710452547,-0.11521272155519734,0.39231543185531204,-0.4975109480162468,1.6746193509037887e-05,0.0003433184542698599,0.0006276063516351565,0.0019307129545429087,7.033333
365,0.7066229531484706,-10.738774936591748,2.1832043861959978,-3.7653926654173264,-0.10619475948020146,0.4044015745938064,-0.48978010596694543,1.6280846744427643e-05,0.0003339749532756063,0.0006024018710061486,0.0018256598243326881,7.041667
366,0.7250850027544543,-10.766309515133994,2.1557357657508596,-3.610467109909187,-0.09705955370492597,0.4159077939826702,-0.4819778652750243,1.587373838248198e-05,0.00032528391674953327,0.0005797270607912432,0.0017349950062406749,7.05
367,0.7432493274303577,-10.792819810329707,2.1224274086760895,-3.46921950513778,-0.08774955631473534,0.426840412432019,-0.4741411080653428,1.552084658926048e-05,0.0003172205924456965,0.0005592840388447707,0.0016563327060448569,7.058333
368,0.7610646754058045,-10.81856399327461,2.08377561097616,-3.340474926055625,-0.07820818815887694,0.43720425432622845,-0.4663029401365086,1.5218467388260384e-05,0.00030975613752032527,0.000540805222094503,0.0015878430298031786,7.066667
369,0.7785060131511168,-10.843380551675557,2.0402097908398473,-3.223042961473003,-0.06855802213064778,0.44698204933363905,-0.4584859407343196,1.4963195879994642e-05,0.0003028587143361763,0.0005240524132107722,0.0015281004221620105,7.075
370,0.7955299850559493,-10.867475691135756,1.9921330572415392,-3.115947065417441,-0.058757759276447157,0.4561799934477893,-0.4507214793847593,1.4751899729381246e-05,0.0002964935107450986,0.0005088155021398294,0.0014759788354691543,7.083333
371,0.8121040197054872,-10.890913087846435,1.939907095285445,-3.0182628262779714,-0.048824715025041834,0.4647979391079211,-0.4430367204642893,1.4581690674908818e-05,0.00029062606620286946,0.0004949096455801465,0.0014305698672201859,7.091667
372,0.8282021390655759,-10.913655144636587,1.8838603907362415,-2.9291291385001874,-0.03882115796653556,0.47283550661736967,-0.43545609888028053,1.4449894681611808e-05,0.00028522244264620513,0.0004821730430460132,0.0013911300008137728,7.1
373,0.8437856598343626,-10.93582311933184,1.8242903618771429,-2.8478257256149044,-0.028732442794367388,0.48029589980322146,-0.42801028964182897,1.435402374833439e-05,0.0002802496469665859,0.00047046462277969525,0.0013570422176169023,7.108333
374,0.8588334354904986,-10.957489937960162,1.7614767671477927,-2.773667996073642,-0.01856317238586848,0.4871869134251147,-0.4207217996423318,1.4291750243655096e-05,0.00027567706024841856,0.0004596615134388371,0.001327786412490781,7.116667
375,0.8733145352921241,-10.978714776779148,1.695668285143041,-2.706058961530321,-0.008321150469782115,0.4935114755703173,-0.4136178122509564,1.4260883531163305e-05,0.00027147549637193094,0.00044965710594233765,0.0013029207267181305,7.125
376,0.8872128257003726,-10.99948893386933,1.6271035133158867,-2.6444273158840645,0.001954508806585296,0.49927852233396935,-0.406718145289011,1.4259349898034371e-05,0.00026761813053808,0.00044035907246697814,0.0012820655517086221,7.133333
377,0.9004954270694159,-11.0198916279336,1.555987600380812,-2.5883063331536045,0.0122703034962173,0.5044912232414279,-0.4000506942882095,1.4285175132762885e-05,0.0002640796793047753,0.00043168778994888554,0.0012648932869371425,7.141667
378,0.9131488170554235,-11.039977669517855,1.4825288635470018,-2.5372461058699916,0.022623275423877466,0.5091595280111813,-0.3936334273413865,1.4336470038512137e-05,0.00026083749601297194,0.0004235746761600175,0.0012511186092878208,7.15
379,0.9251557382596883,-11.059685310718127,1.4069133192364212,-2.490826436860231,0.03295300708129791,0.513294672490982,-0.3874857303084533,1.4411418111504815e-05,0.0002578703513892408,0.0004159610082847223,0.0012404929241505928,7.158333
380,0.9364966330355804,-11.079128024028648,1.329314669716618,-2.448712399002836,0.04328996732768205,0.5169030519853497,-0.3816277325522861,1.450826582660106e-05,0.00025515876906705994,0.0004087967939460353,0.0012327989432144612,7.166667
381,0.9471557859604105,-11.098320661855896,1.2498968832462118,-2.410580915248952,0.05361630790713328,0.5199940419484271,-0.37607712046938574,1.4625314842184836e-05,0.0002526851150050034,0.00040203969420359216,0.0012278463114966138,7.175
382,0.9571208234595019,-11.117306542714273,1.168818514949408,-2.376146962294678,0.06393051802535096,0.5225764985819402,-0.3708493018341139,1.4760915930563265e-05,0.00025043332236437423,0.00039565424081660006,0.001225468486279222,7.183333
383,0.9663740836068507,-11.136093352436609,1.0862185329307945,-2.3451562314510386,0.07421365555381237,0.5246586776940402,-0.36596190775227055,1.4913464599842094e-05,0.00024838869793161023,0.00038961111301936394,0.0012255200868817658,7.191667
384,0.9749083243925264,-11.154696748896134,1.0022437722441557,-2.3173733449937717,0.08445249843261522,0.5262520059074796,-0.3614264993921218,1.508139813849879e-05,0.0002465381432556033,0.0003838865175771338,0.0012278746358227368,7.2
385,0.982710313875904,-11.173138009826848,0.9170227461060839,-2.292598464803392,0.09463754407792672,0.5273647166671858,-0.3572571952269644,1.5263193885096078e-05,0.00024486958461287644,0.0003784616994452416,0.001232422948054413,7.208333
386,0.9897670483852294,-11.191451372848272,0.8306771796139184,-2.2706589536824193,0.10476702391667915,0.5280030045132662,-0.3534674109456285,1.5457368656593315e-05,0.00024337227141679697,0.000373322491351563,0.001239071598931678,7.216667
387,0.9960656732747294,-11.20963128269063,0.7433207495207058,-2.2513947403758294,0.11481889460849107,0.5281763001695459,-0.35006989310149766,1.566247901229184e-05,0.00024203668601179747,0.00036845896693397034,0.0012477417885860553,7.225
388,1.0016088833418515,-11.22782066616162,0.6550955807568948,-2.2346892131908738,0.1248512949949554,0.5278808791545802,-0.34706835672107916,1.587712233128433e-05,0.00024085446536020104,0.0003638651710519968,0.0012583685332678677,7.233333
389,1.0063827871416604,-11.245878058979777,0.5660957078477026,-2.220390810953654,0.13477144628161986,0.5271396958093698,-0.34447483368914716,1.609993859461045e-05,0.00023981771226262157,0.00035953890696179035,0.0012708996756214742,7.241667
390,1.010384495648907,-11.263853453612441,0.47643854638561955,-2.2084043725680385,0.1445889508704363,0.5259570683746808,-0.3422947709049876,1.632961290992602e-05,0.00023891980108483283,0.0003554815727767232,0.001285295900327541,7.25
391,1.0136016964369101,-11.281810857188841,0.3862198654960462,-2.1986636533607866,0.1543200828742697,0.5243296814218938,-0.34053811809795087,1.6564878452846932e-05,0.00023815481965810059,0.0003516980377814991,0.0013015300335176626,7.258333
392,1.0160304351045857,-11.299734439042158,0.29554470584552617,-2.191091905762592,0.1639398785138007,0.5222672168365616,-0.3392096448019604,1.6804519701542604e-05,0.0002375179741555407,0.00034819659880566954,0.001319586996466911,7.266667
393,1.0176768588557359,-11.317578638893783,0.20453247543928807,-2.18561390398176,0.1734092320984584,0.5197879238122846,-0.3383079442725778,1.704737598821125e-05,0.00023700517563536247,0.00034498896876629544,0.0013394637854600927,7.275
394,1.018526277019828,-11.335403457868452,0.11326325428967986,-2.182211534643807,0.1827420400101203,0.5168852714871465,-0.33784238278907297,1.72923455528766e-05,0.00023661268119447635,0.0003420902709946976,0.0013611693358707446,7.283333
395,1.0185818106997022,-11.353283161585143,0.021852102696472406,-2.180875320433657,0.1919606627599241,0.5135530275711959,-0.33781193658784364,1.7538389675163004e-05,0.00023633801523205498,0.0003395191704185028,0.0013847251633887301,7.291667
396,1.0178440785069922,-11.371151216122302,-0.06960110006943937,-2.1815734690233843,0.2010142564193825,0.509809286019375,-0.3382163113756903,1.7784536772352076e-05,0.00023617914658684058,0.0003372979901676979,0.0014101650443062166,7.3
397,1.0163056460070337,-11.389068965185539,-0.16100687789018805,-2.1843286270440196,0.20991638604962173,0.5056447659520961,-0.33905898337769524,1.802988688938803e-05,0.00023613467750705478,0.0003354528443473197,0.0014375358396587165,7.308333
398,1.0139721681726588,-11.407032242719401,-0.2522540354215073,-2.1891537352759114,0.2186480401048813,0.5010660854190891,-0.3403356068310873,1.8273616203833272e-05,0.0002362041855515915,0.0003340139355037834,0.001466898104716632,7.316667
399,1.0108459982152287,-11.425072909620477,-0.34323688866204843,-2.1960890062372562,0.2272073806867431,0.49607046444943853,-0.3420429989612239,1.8514981589451576e-05,0.00023638766781130637,0.00033301576960841306,0.0014983262064297508,7.325
400,1.0069223874043152,-11.443238227205212,-0.4338625751764922,-2.205197354681602,0.23559794225056085,0.490647970530893,-0.34418118963304417,1.875332539491729e-05,0.00023668576341728012,0.000332497520816388,0.001531909014431215,7.333333
401,1.0022200037959177,-11.461490683086007,-0.5239975072718714,-2.2165244787691942,0.2437839457176935,0.48481490991624243,-0.34673679298456134,1.898808020604033e-05,0.00023710006909756636,0.00033250350240326395,0.0015677510622015415,7.341667
402,0.9967295351053521,-11.479888889953168,-0.6135568769666457,-2.2301698550884432,0.25177171671653154,0.4785558885592035,-0.3497109904805994,1.921877390210608e-05,0.00023763218440188568,0.00033308344847413757,0.0016059718737805274,7.35
403,0.9904602325803,-11.49842586771728,-0.7024218675703536,-2.24622497428183,0.25953722262819046,0.4718765067608516,-0.3530941873121408,1.9445034875600086e-05,0.0002382850243842204,0.0003342933084915202,0.0016467085258164052,7.358333
404,0.9834204451439869,-11.517127562098935,-0.7904719683077606,-2.2648104166240546,0.267071126218478,0.4647737094213867,-0.3568766246857283,1.9666597355536283e-05,0.00023906196587052537,0.0003361957414301529,0.0016901152092258038,7.366667
405,0.9756155869381196,-11.536057792960275,-0.8775870236348403,-2.286079804481316,0.27437942184098674,0.4572326993184756,-0.3610494484418254,1.9883307179494212e-05,0.00023996698703506608,0.00033886089589253905,0.001736363797999438,7.375
406,0.967067137450966,-11.555217373001371,-0.963618780471744,-2.310184822237252,0.28144006298818264,0.44926006293242726,-0.36559458348717283,2.0095127841089053e-05,0.00024100486435705697,0.0003423673642793585,0.0017856444927248486,7.383333
407,0.9577781802116433,-11.5745968524346,-1.048453851819129,-2.3372956489189143,0.2882223001923859,0.4408603412729643,-0.3705031414718311,2.0302147061437802e-05,0.00024218053258662954,0.00034680296718180443,0.0018381645501631438,7.391667
408,0.9477517090854127,-11.59427132963982,-1.131966344808172,-2.3676373518715317,0.29473121115237155,0.43201422319051075,-0.37576553435587445,2.0504583947614698e-05,0.00024350005711252108,0.000352266009814701,0.0018941506818374455,7.4
409,0.9370090448415029,-11.61415531836319,-1.214007094030516,-2.4014009538088743,0.3009042810636999,0.4227555282927291,-0.38136188799023096,2.070279664613681e-05,0.0002449706229399409,0.00035886676735000147,0.0019538484581319788,7.408333
410,0.9255560196947837,-11.634394694352265,-1.294428332813899,-2.438893931610131,0.3067738776068947,0.41304557422232996,-0.3872798139709527,2.08972908700155e-05,0.0002465997262917373,0.0003667284711050595,0.00201752018032298,7.416667
411,0.9134134134560519,-11.655000425020638,-1.3730613321304557,-2.4804055922487813,0.3123149861262153,0.40289048920224396,-0.39349855886312796,2.1088729226811848e-05,0.0002483960575776169,0.0003759896562080444,0.0020854437102361665,7.425
412,0.9005987412469272,-11.676035153781067,-1.4497316827929045,-2.526280808663512,0.31752118588953593,0.3922804668482028,-0.399998555643216,2.127794143201098e-05,0.00025036882324449097,0.00038680567601771386,0.0021579084188232916,7.433333
413,0.8871284946824446,-11.697560237306996,-1.5242590421753155,-2.5769034555865353,0.32238211449562965,0.38120648591016104,-0.40676024883136386,2.1465935662592004e-05,0.0002525280576349932,0.00039935104990965106,0.0022352109818494083,7.441667
414,0.8730188435911821,-11.719559198195245,-1.59646525367944,-2.6326659056124044,0.3268552538832494,0.3696859766906709,-0.4137637421562955,2.165391100804476e-05,0.00025488478129300645,0.00041382194507180373,0.002317649588632596,7.45
415,0.8583035003295937,-11.742115789317477,-1.666115718828143,-2.694057817647605,0.3309392762797145,0.3577114185618134,-0.42098010537548447,2.1843271156042204e-05,0.00025745111648881475,0.00043043857730920907,0.002405517222792072,7.458333
416,0.8429842410522816,-11.765316256539679,-1.7330252142506744,-2.7616148336668216,0.334620669223822,0.3452659765287764,-0.42839575844752714,2.2035639144442478e-05,0.0002602394408722239,0.00044944835625418915,0.002499084313875859,7.466667
417,0.8271061033175832,-11.789152832841761,-1.796924947577077,-2.835902535679205,0.3378627733041351,0.3323798107099442,-0.43597582561841697,2.223287323472404e-05,0.00026326433917356893,0.0004711294394500496,0.002598592431988343,7.475
418,0.8106871387060601,-11.81370649830857,-1.8575721173701158,-2.9175839633221132,0.34065025401552546,0.31904794561006544,-0.44369846237862354,2.2437083568913422e-05,0.0002665401273102631,0.0004957931602958519,0.002704224477184043,7.483333
419,0.7937611551126977,-11.839079773790026,-1.9146705556577979,-3.0074154691352946,0.3429755241108724,0.30526552077060043,-0.45153434461348185,2.2650649196169256e-05,0.0002700826862481992,0.0005237880021648062,0.00281608639633023,7.491667
420,0.7763567284666412,-11.865286152185172,-1.967931433425633,-3.1061842841562406,0.3447987416748201,0.29105975783685323,-0.45945680730990707,2.287623490754899e-05,0.00027390853350583446,0.0005555028152827138,0.0029341706764247967,7.5
421,0.7585028153276308,-11.892516038495378,-2.0170086528289786,-3.2148678585697015,0.34612952484363013,0.27640082825950907,-0.46743924401464226,2.3116806797290712e-05,0.00027803527089062204,0.000591368737541735,0.0030583250903864208,7.508333
422,0.7402399183845031,-11.920807051893243,-2.06153447268781,-3.3344631991167817,0.3469321525096768,0.2613188660032517,-0.47545035966100285,2.3375645193767335e-05,0.00028248157306570807,0.0006318621793121438,0.0031882055414744668,7.516667
423,0.7216137241662473,-11.950252783942481,-2.101089201749293,-3.4661062985111153,0.3471868111409858,0.2458306197405262,-0.483457482353663,2.365635253777507e-05,0.00028726643034324427,0.0006775032123706705,0.003323233606471221,7.525
424,0.7026606862298577,-11.980977584228631,-2.1352324950541246,-3.611062409024008,0.34687432768897664,0.2299443170870586,-0.4914329298141169,2.396285279563127e-05,0.000292408778752668,0.0007288527334056392,0.0034625529329204204,7.533333
425,0.6834388005178919,-12.013080370624388,-2.163440349375098,-3.7707075627845406,0.3459743849391366,0.21368811045764582,-0.4993411950670875,2.4299378453973057e-05,0.0002979280701427805,0.000786504932063233,0.0036050104013848902,7.541667
426,0.6640044043854005,-12.0467291579434,-2.185128674889883,-3.9465767914089214,0.34447801632324626,0.19707099673396256,-0.5071493184381538,2.4670438268697043e-05,0.00030384242996953954,0.0008510724194939573,0.0037491601240711085,7.55
427,0.6443998262179931,-12.082057676854323,-2.1997064568151217,-4.140296577917264,0.342357898181127,0.1801162404381457,-0.5148317416005245,2.5080757326275012e-05,0.00031016849347482404,0.0009231627814501255,0.0038933447238049183,7.558333
428,0.6246991139344661,-12.119307163103937,-2.2064097598783223,-4.353676127165481,0.33961525000208886,0.16282459751478345,-0.5223525103664838,2.553517920311914e-05,0.00031692206459322104,0.0010033396837862017,0.004035922150605459,7.566667
429,0.6049691578159513,-12.158604793124567,-2.2044618518175048,-4.588505945001503,0.33622234942955537,0.1452405075323847,-0.5296812620735278,2.6038513810795262e-05,0.0003241147972999735,0.0010920682544960203,0.004175655564084039,7.575
430,0.5852957518762076,-12.200136518343713,-2.1929443818950163,-4.846621612352106,0.33216766182632124,0.127398595751222,-0.5367837133459356,2.659531198603378e-05,0.0003317541599084062,0.0011896312971059924,0.004312481077475033,7.583333
431,0.5657592904598915,-12.244104127346224,-2.1708754306861158,-5.129798937389014,0.32743550199095356,0.10933290480606436,-0.5436311439189263,2.7209542784444442e-05,0.0003398409287475524,0.0012960180577670604,0.0044487216167113566,7.591667
432,0.5464664481836644,-12.290774025204474,-2.1370904458781173,-5.439629308566846,0.3220260895813903,0.09106666156177624,-0.550189579560456,2.7884147251418e-05,0.00034836897978146787,0.001410776220666868,0.004590988388255833,7.6
433,0.5275112927730636,-12.340447760563954,-2.090377888870988,-5.777366635444619,0.31592874679107086,0.07261520268567824,-0.5564337983677317,2.862043842079261e-05,0.0003573222981925213,0.0015328279037341672,0.004752855509846322,7.608333
434,0.5090243146070498,-12.393253444035922,-2.0294144780918084,-6.143396364430379,0.309134081381587,0.05405752612671763,-0.5623312335922855,2.941732486474345e-05,0.00036667649122694304,0.0016602552414224673,0.004958416846779684,7.616667
435,0.4911339127170354,-12.44948580857925,-1.9527852819174254,-6.537229732804424,0.3016426047830078,0.03541888265177852,-0.5678553992060142,3.0270341801185703e-05,0.00037639650600281683,0.0017900704205667602,0.005246329915251461,7.625
436,0.4739819710630402,-12.509384225145999,-1.8590611833350592,-6.956854129225545,0.29345377682978196,0.01674099690910544,-0.5729809181489606,3.117050815676755e-05,0.00038644004842249897,0.001918033600042355,0.005673339629807336,7.633333
437,0.4577351128108448,-12.57310244803224,-1.7468414631935363,-7.398081884678603,0.28457693971976394,-0.0019157535645791914,-0.5776805414275382,3.210308434850775e-05,0.0003967615697924101,0.002038577122386049,0.006315247269408024,7.641667
438,0.44256835938402617,-12.640808847014581,-1.6148702640673824,-7.854104357360362,0.2750257258975043,-0.020510325889090433,-0.5819301412562115,3.304637797375722e-05,0.00040731714416679626,0.0021449454809948183,0.007261821115241541,7.65
439,0.4286504142600826,-12.712643468636102,-1.4622437510903725,-8.31510458397729,0.2648054023736855,-0.03901247339329606,-0.5857120781317796,3.397086384108001e-05,0.00041807212702141386,0.002229677566377744,0.008601379703952616,7.658333
440,0.41617308428824895,-12.78845433528657,-1.2885889325537285,-8.76746837726896,0.25394129485888456,-0.057342068187927454,-0.5890061278605888,3.4839016312753255e-05,0.0004290084489389825,0.002285508263927022,0.010392050369160999,7.666667
441,0.40535606949194625,-12.868113183375147,-1.0940823021186072,-9.193751412985335,0.2424751933241083,-0.07546957825779121,-0.591787661290794,3.560630930289124e-05,0.00044012105393260076,0.002306626396670865,0.012621047029403526,7.675
442,0.3963224366709774,-12.951318186041684,-0.8801810160787963,-9.575181058576808,0.23039983848068446,-0.09334902619717575,-0.5940575615309627,3.6223779989590916e-05,0.00045139983328616105,0.0022900699531663783,0.015162323695665664,7.683333
443,0.38926287381331287,-13.037512279481147,-0.6491445009263658,-9.890528785471021,0.2177659590272156,-0.11093062834174072,-0.595797696756763,3.664242961732736e-05,0.0004628102694870812,0.0022368617453499017,0.017758406259722463,7.691667
444,0.3843096222695598,-13.126023653139802,-0.40447006825744186,-10.120201749949167,0.20460425169518193,-0.12817766859930563,-0.5970009197117717,3.6819071717751855e-05,0.0004742361374181746,0.0021521604358713834,0.02004510961922714,7.7
445,0.3816071687940031,-13.215802934753748,-0.15068159389572802,-10.247296983027876,0.1910023414940706,-0.1450298041170232,-0.5976512144533468,3.672266047206719e-05,0.00048543739437338667,0.002044344385863075,0.021634706686616656,7.708333
446,0.38119007838179786,-13.305962567492346,0.10686366651921822,-10.2628179100044,0.176984269735036,-0.16147010529674022,-0.5977511907456277,3.633962439339731e-05,0.0004960169584661911,0.0019230801835729502,0.02223234147477476,7.716667
447,0.3830501622047705,-13.395388787899154,0.362447461855745,-10.16576621064952,0.16260753922358234,-0.17745027971602856,-0.597304527935587,3.5676773794892746e-05,0.000505446780637843,0.0017972060232977827,0.021736497285049377,7.725
448,0.3871476432989136,-13.483129684203472,0.6106331090410084,-9.96304254572161,0.14792012964356827,-0.19295746850568002,-0.5963133096536665,3.476080424117001e-05,0.0005131319507342573,0.0016731492035127924,0.020268601189638337,7.733333
449,0.39340657950637836,-13.568279079575007,0.8465870195316174,-9.668399073105528,0.13298183472936653,-0.20797889594577013,-0.5947798947082779,3.363437226262791e-05,0.0005185063997279929,0.0015544848561526486,0.018118627919828652,7.741667
450,0.4016652296156415,-13.650181589858251,1.0664431887628645,-9.30135176360032,0.11781581517152652,-0.22249464474104538,-0.5927209119248491,3.234987246975819e-05,0.0005211324854214147,0.0014425177255595124,0.015641210541196035,7.75
451,0.4117892464773769,-13.72827149812348,1.2674785788428908,-8.882150953083515,0.10248053266072794,-0.23650156612406428,-0.5901417307074958,3.096266866382562e-05,0.0005207810132225366,0.00133729487688629,0.013154419851682742,7.758333
452,0.42358764032363033,-13.802060619001434,1.448043096995172,-8.431380493398919,0.08705012944974003,-0.24997142158388394,-0.5870596869400212,2.9525129249771746e-05,0.000517444673214595,0.0012384988119585009,0.0108808666545294,7.766667
453,0.43686389031526374,-13.871376561803208,1.6075513927293612,-7.967138686469701,0.07156902041656028,-0.26289781341353763,-0.5834938968789604,2.8082534281911688e-05,0.0005113240652358936,0.0011459463611079922,0.00893590946488788,7.775
454,0.4514393748003214,-13.936230887894927,1.7462141422751747,-7.503903652508224,0.05607203912755493,-0.2752883684894238,-0.5794607435180654,2.6670994283983967e-05,0.0005027747847447442,0.001059701525423486,0.007348382544650206,7.783333
455,0.46711469290086266,-13.996693860294998,1.864816236307492,-7.052971517769717,0.04060183650873517,-0.2871327600657294,-0.5749858969097887,2.5317069621451624e-05,0.0004922409538694875,0.0009799775549651003,0.006092797653219172,7.791667
456,0.48370753515492265,-14.052964376347752,1.964527470644582,-6.62211039781295,0.025187993964327127,-0.298428410538844,-0.570095221361583,2.4038599317298536e-05,0.0004802016408380913,0.0009069785274867448,0.005118003854707344,7.8
457,0.501070788460666,-14.105300218489795,2.0466965317204013,-6.21601443861612,0.009856064946575545,-0.30918549691759495,-0.5648094361424824,2.2846132102664068e-05,0.0004671231386033604,0.0008407829932295587,0.004367010371052979,7.808333
458,0.5190381228590858,-14.15404812858416,2.1127871204254673,-5.837453907031166,-0.005392273669588061,-0.3193946789608678,-0.5591605092566503,2.1744541175712835e-05,0.00045342476360487515,0.0007812955662069506,0.0037877754668951455,7.816667
459,0.5374779038556768,-14.199424586727602,2.1642123599705307,-5.4873307482588665,-0.020512845578691777,-0.32905735261822316,-0.553175374117604,2.073458272020057e-05,0.00043946835428529494,0.0007282492773059884,0.0033373735202640404,7.825
460,0.5562737959002032,-14.24179228110749,2.2023385211454785,-5.1653736459873505,-0.03551137335744615,-0.33817528416560777,-0.546881095136574,1.98142049996078e-05,0.0004255486925338055,0.0006812420152586798,0.00298259908248966,7.833333
461,0.5753021306950467,-14.28139250761411,2.228442234973378,-4.870652709882863,-0.05035856082189426,-0.3467409223801318,-0.5403121882531645,1.897959232022736e-05,0.00041189521933598607,0.0006397834515943009,0.0026987419908116703,7.841667
462,0.5944767380781103,-14.318528139169889,2.2436743586347045,-4.60161945259917,-0.06505426136290311,-0.35475857420211315,-0.5334949013670243,1.8225949458794574e-05,0.0003986809184899477,0.0006033388476267451,0.002467830182952463,7.85
463,0.6137328512008262,-14.353478424868124,2.2490619039392836,-4.3564721742694745,-0.07960132159842431,-0.3622364257631036,-0.5264512457257137,1.7548048028142568e-05,0.00038602645184402675,0.0005713654465780415,0.002276970858681492,7.858333
464,0.6329586769055286,-14.386383516721027,2.2455626624455225,-4.133501458993293,-0.09395484971433916,-0.3691632602901952,-0.5192239267821444,1.6940595936366613e-05,0.0003740083318871555,0.0005433382043768054,0.0021169503805189903,7.866667
465,0.6520948552369398,-14.41757595959223,2.2340148032851603,-3.930832401882006,-0.10815267745883318,-0.3755337589164057,-0.5118397277943562,1.6398476879560547e-05,0.0003626743700462005,0.0005187655296996584,0.0019811376150225134,7.875
466,0.6710706978107912,-14.44722212781111,2.2151662020844998,-3.7467006826866864,-0.12217843497137341,-0.3813448050619839,-0.5043323134166433,1.5916878319003626e-05,0.00035204474300610616,0.0004971985292586385,0.0018647316772520866,7.883333
467,0.6898306537512191,-14.475383986528414,2.1896727158565072,-3.5794038099291132,-0.13598368107616168,-0.386611534403964,-0.4967317914355687,1.5491358049903025e-05,0.00034212081508643195,0.00047823456117933636,0.0017642021258533619,7.891667
468,0.708317652578484,-14.502401192456636,2.158137035186094,-3.4274108821929268,-0.14963265107880835,-0.3913084556179317,-0.4890708281721951,1.5117862849241051e-05,0.00033288932034976506,0.0004615173352976485,0.0016769095187372002,7.9
469,0.7265007008124186,-14.528213709344026,2.121071941359286,-3.289233692024878,-0.1630453026804991,-0.39547314191484834,-0.4813727619774749,1.479271956847687e-05,0.0003243273718165988,0.00044673447120195875,0.0016008387805977933,7.908333
470,0.7443158623477163,-14.55300340011426,2.0789557729731905,-3.163605852593728,-0.17623446879082857,-0.39909259308862566,-0.4736760779560344,1.4512608505861243e-05,0.00031640395189544743,0.00043361439557168736,0.0015344246860963255,7.916667
471,0.7616539937572542,-14.577220166838043,2.032222961622928,-3.049466811796811,-0.1893169647644826,-0.4020786949574891,-0.46604111684447563,1.4274530130238808e-05,0.0003090860557966724,0.000421922051249839,0.0014764193277412394,7.925
472,0.7786518004597316,-14.600303611123618,1.981242707171879,-2.9454467671770033,-0.20205727413335822,-0.40463127107890917,-0.45842000950096323,1.4075768254062622e-05,0.0003023434596257665,0.00041145450194795136,0.0014258014450800071,7.933333
473,0.7951667396876334,-14.62262364935347,1.9263528016015619,-2.8507666165915695,-0.2145412602626035,-0.40666214405319195,-0.4508885238226793,1.391384836770177e-05,0.0002961308597787696,0.0004020382087122335,0.0013817563010356153,7.941667
474,0.8112074597356387,-14.644397238223167,1.8678836297094534,-2.7645621222302195,-0.22682860024738194,-0.40816475846922096,-0.4434555544015386,1.3786506681946686e-05,0.00029041396934730723,0.0003935241253107612,0.0013435868743069549,7.95
475,0.8267337025482661,-14.6655925946978,1.8061134214469332,-2.6860578046464805,-0.23887102641723312,-0.4091629523358969,-0.4361522943309483,1.3691655837770034e-05,0.00028515652933299644,0.0003857848321054533,0.0013107078870759228,7.958333
476,0.8417069632175869,-14.686236923487684,1.7412944912708699,-2.614566027187169,-0.25064686886947735,-0.4096699593970315,-0.4290095385531208,1.3627356879288305e-05,0.0002803252227680154,0.00037871164700606927,0.0012826176004386736,7.966667
477,0.856102524156724,-14.706419650659521,1.6736656328915314,-2.5494764312631117,-0.26216537077723784,-0.4096879645531382,-0.4220516588541503,1.3591794343779587e-05,0.0002758895043274708,0.00037221201390470976,0.0012588826126628,7.975
478,0.8699045387112115,-14.726186059431889,1.6034518475417172,-2.4902329775935352,-0.27342199439502884,-0.4092310696814015,-0.41529851584668676,1.358325482306348e-05,0.0002718207198895191,0.00036620728118949173,0.0012391272689916038,7.983333
479,0.8830890173377035,-14.74558146623208,1.5308534657966735,-2.4363443243892573,-0.28441234611276645,-0.4083090163411106,-0.4087736258972522,1.3600108884089836e-05,0.00026809180772273145,0.00036063083268126375,0.0012230249629467827,7.991667
480,0.8956400528255825,-14.764632460912743,1.4560622174092048,-2.3873654558873105,-0.2951279783324679,-0.4069383348066484,-0.40249618724428,1.3640796061406677e-05,0.0002646780034864104,0.0003554264433056398,0.0012102901968369497,8.0
481,0.9075438648200179,-14.78338997061866,1.3792591499184284,-2.342905012837986,-0.30557241337303614,-0.4051278338430412,-0.3964838598316754,1.3703812469226734e-05,0.00026155636290429003,0.0003505469084903303,0.00120067331683818,8.008333
482,0.9187773243589981,-14.80186698742561,1.3005998403922054,-2.302608948593176,-0.31573283400278895,-0.4028933219371824,-0.39075857168715994,1.378770083510771e-05,0.00025870571927304696,0.00034595286384720184,0.0011939558524240112,8.016667
483,0.9293241212871263,-14.820121543642298,1.2202376444149812,-2.2661697074277387,-0.3256173167367429,-0.400237712601172,-0.38533835668013294,1.3891042638081023e-05,0.00025610717478751686,0.00034161178692847385,0.0011899463414547218,8.025
484,0.9391803479718209,-14.838175945879398,1.1383321210690158,-2.2333043659909424,-0.33522336199517994,-0.39717716475320586,-0.3802342831035274,1.4012452031780199e-05,0.00025374356848696173,0.00033749716372951505,0.0011884775298360475,8.033333
485,0.948329175159465,-14.85603998391615,1.0550143917292967,-2.203761516511411,-0.3445411805097954,-0.39372715073040543,-0.37546347144114206,1.4150571431580904e-05,0.00025159883349289256,0.0003335878100424738,0.0011894041499398602,8.041667
486,0.9567479514668333,-14.873745501471532,0.9703979416872448,-2.177323320363572,-0.3535688630936393,-0.38989325094643335,-0.37104558290470596,1.4304068569911655e-05,0.000249658716436488,0.0003298672741951356,0.0011926004045951196,8.05
487,0.9644416073551688,-14.891312601495379,0.884632484367888,-2.1537923204223803,-0.36230707979499055,-0.3856915222291904,-0.36698520717728716,1.4471634691255472e-05,0.0002479108771911065,0.0003263233530322164,0.0011979582026251105,8.058333
488,0.9713876981933282,-14.908775666496695,0.7978158888636819,-2.1330006230028604,-0.37075540375126453,-0.38112405619210027,-0.3633006978481017,1.4651983865671152e-05,0.00024634344728861435,0.00032294772121686387,0.001205386146578708,8.066667
489,0.9775913523797668,-14.926118175724376,0.7100852286580241,-2.1147886658215818,-0.3789010198332273,-0.3762180168615033,-0.3599951855707767,1.484385329606548e-05,0.000244946441752385,0.00031973560121061414,0.0012148080500052393,8.075
490,0.9830369703770337,-14.94336460344078,0.6215367067495065,-2.099027447286731,-0.3867417859772779,-0.37097929409638647,-0.35708215722274933,1.5046004407714551e-05,0.0002437103273972416,0.0003166855255579926,0.0012261622458010252,8.083333
491,0.9877129671450241,-14.96050836658873,0.5322674197997638,-2.085598468182995,-0.3942649268207331,-0.36542593626070435,-0.3545723695707685,1.5257224715820475e-05,0.00024262707633868522,0.00031379914295826466,0.001239400799650671,8.091667
492,0.9916191107279595,-14.977605278028213,0.44239343169759215,-2.0744171640008457,-0.40148334208907427,-0.35955339818204646,-0.35246984630848954,1.5476330194716755e-05,0.00024168982943177758,0.0003110810886136527,0.001254489144081783,8.1
493,0.9947533329513379,-14.994658550121795,0.35202125172209864,-2.065402468610913,-0.40838961895907616,-0.35337596942997496,-0.35077892757673734,1.5702168219853435e-05,0.0002408923532130954,0.0003085389116022357,0.0012714055547930433,8.108333
494,0.9971072953866096,-15.011716495155019,0.26124390226852146,-2.0584998758765947,-0.41499016993765364,-0.34688721883726253,-0.3495066936962246,1.593362100390588e-05,0.00024022919515964144,0.00030618303171824594,0.001290141043975451,8.116667
495,0.9986831853464666,-15.028758837609923,0.17016862359151289,-2.0536537827197603,-0.42126941816921665,-0.34011034892952047,-0.3486538979308988,1.6169609367785178e-05,0.0002396959575658634,0.00030402676505408664,0.0013106994103182048,8.125
496,0.9994792490480852,-15.045820813661626,0.07889462964330522,-2.050837207118433,-0.4272295371470952,-0.3330440400978371,-0.34822277728544565,1.640909684801319e-05,0.00023928880982064356,0.00030208635216546,0.001333097236651697,8.133333
497,0.9994932015928722,-15.062906556355355,-0.012483551017180718,-2.0500289213651928,-0.4328610899022399,-0.32569917210810245,-0.3482152190998287,1.6651094107765933e-05,0.000239004715072754,0.00030038106896076175,0.0013573641208011738,8.141667
498,0.9987209219839627,-15.08006140672913,-0.10387445777071412,-2.0512325389887556,-0.43816668787263313,-0.31806787429805183,-0.3486334660560361,1.6894663528046063e-05,0.00023884145132349894,0.0002989333580330016,0.001383543150413899,8.15
499,0.9971773675845665,-15.097484844665072,-0.1951415066626427,-2.054515855158593,-0.44320027470055046,-0.31007675228177756,-0.34946879242035583,1.7138923963715733e-05,0.00023879767543225747,0.0002977690389983706,0.0014116914205437932,8.158333
500,0.994838135398157,-15.114740872913785,-0.2862628108660502,-2.059765409255921,-0.4478056761272306,-0.30192525837495254,-0.3507331285456965,1.7383055655183546e-05,0.00023887213027649207,0.0002969176081434175,0.0014418791233681253,8.166667
501,0.9917318070549868,-15.132308458069627,-0.37705944076559683,-2.067165768367569,-0.45212431223837074,-0.293417689866766,-0.352409106341239,1.7626305428806558e-05,0.00023906542282039177,0.00029641223651873577,0.0014741943921037105,8.175
502,0.9878508632040589,-15.149962750643553,-0.4674659649762186,-2.076696233696656,-0.4560700044551625,-0.28466412371591904,-0.35449823748689663,1.7867991939063247e-05,0.0002393775877528607,0.0002962905401966127,0.0015087381165932727,8.183333
503,0.9831956553812004,-15.167733648497238,-0.5573857110384773,-2.088429103236453,-0.4596362219450659,-0.27566305118788154,-0.3569971125399385,1.810751107831172e-05,0.0002398099201240284,0.0002965946394929215,0.0015456292427892154,8.191667
504,0.9777716219506155,-15.185637454019307,-0.6467118311618584,-2.1024504774544304,-0.4628127142701402,-0.2664200978438201,-0.35989892421455627,1.8344341622720068e-05,0.00024036453519136339,0.0002973717737526378,0.0015850045416875263,8.2
505,0.971587865494586,-15.20366421814695,-0.7353313105497772,-2.1188560596777513,-0.46558254408665084,-0.2569539589980008,-0.36319425969177377,1.857805102383752e-05,0.00024104416581979785,0.000298674841359399,0.001627019282756658,8.208333
506,0.964651229186598,-15.22189245468117,-0.8231277913348604,-2.1377868480483055,-0.46794991731838825,-0.2472420989334821,-0.3668742728410918,1.8808301502133298e-05,0.00024185207205336555,0.00030056300571634813,0.0016718480143976893,8.216667
507,0.9569663837490091,-15.240310325302755,-0.9099934871440575,-2.1593716544331842,-0.4698933888386494,-0.23730402772862827,-0.37093060567375724,1.9034856416577515e-05,0.00024279222308616863,0.0003031025618206565,0.0017196853154371006,8.225
508,0.948543886710138,-15.258945267723927,-0.9958035776310268,-2.1837757568559177,-0.47140243134567517,-0.22714266775247632,-0.37535112745757704,1.9257586994580434e-05,0.00024386944765760984,0.00030636772390175694,0.001770747492560361,8.233333
509,0.9393938273027115,-15.277835278204101,-1.0804302111181239,-2.211189882209248,-0.4724672879904496,-0.21675662550083263,-0.38012332177392305,1.9476479550502557e-05,0.00024508920533255823,0.0003104416662554598,0.0018252725446427295,8.241667
510,0.9295342717945194,-15.296985468228213,-1.1637296360980678,-2.2418215518009754,-0.4730724613230822,-0.2061622393203617,-0.38522991848003557,1.9691643247747248e-05,0.0002464576978685442,0.0003154177225450054,0.0018835207212894165,8.25
511,0.9189706960972389,-15.316442955958275,-1.2455746092627993,-2.2759113331724175,-0.47320604220851387,-0.19535517464249502,-0.3906595833123187,1.9903318534558487e-05,0.0002479815793982371,0.0003214006484331474,0.0019457737102312788,8.258333
512,0.9077203703660527,-15.33624194798025,-1.3258108169324379,-2.3137321512218674,-0.4728558994541342,-0.18434039379212047,-0.39639428634124846,2.0111886333382686e-05,0.0002496686847732712,0.0003285083109043378,0.0020123360658921624,8.266667
513,0.8957920395761378,-15.356452588100346,-1.4042905988929344,-2.3555972681989963,-0.47201171764816047,-0.17310624395403806,-0.402419780059279,2.031787810441028e-05,0.00025152747789282414,0.00033687342644551596,0.0020835323457460498,8.275
514,0.8832076583384606,-15.377063402623953,-1.4808426522915445,-2.4018320793626264,-0.47065207683322463,-0.1616833989498409,-0.4087145871541644,2.0521986950351396e-05,0.0002535676005747193,0.00034664576714174284,0.0021597063606698793,8.283333
515,0.8699910546192795,-15.398117328075967,-1.5552795163762236,-2.4528239555789373,-0.4687657556298007,-0.15007894050427886,-0.41525593390334004,2.0725079879111073e-05,0.0002557992592915145,0.000357994246421913,0.0022412159952278515,8.291667
516,0.8561564275328939,-15.419665210152273,-1.6274226431599272,-2.5089992931539533,-0.46633776982311925,-0.13829723402874408,-0.42202544019572824,2.0928211322115287e-05,0.0002582332873634582,0.0003711097285593197,0.002328426513835101,8.3
517,0.8417244295911075,-15.441905395535994,-1.6970502900248632,-2.5709083355651092,-0.46337290793143254,-0.12627776586637118,-0.4290011500205636,2.1132638009257872e-05,0.00026088180815707563,0.0003862081140374178,0.0024217049320171364,8.308333
518,0.826721894343913,-15.464744781807749,-1.7639546209056929,-2.6390270988493048,-0.45983701324611415,-0.11409964900185451,-0.4361578888688667,2.1339835311298738e-05,0.00026375793236291353,0.0004035344450818924,0.0025214043645434,8.316667
519,0.8111768472983019,-15.488215833499,-1.8278975504260186,-2.7139480523631136,-0.4557155011880103,-0.10178598998760804,-0.4434698489133204,2.1551515030335716e-05,0.00026687554459161586,0.0004233654084206485,0.0026278518042682606,8.325
520,0.7951141409842308,-15.512409429858794,-1.888623377906275,-2.796356627753559,-0.4509981194140646,-0.08933610340724946,-0.4509127072826696,2.1769644423556172e-05,0.0002702493705153237,0.00044601384101571853,0.0027413250760987013,8.333333
521,0.7785633247533883,-15.537401481311573,-1.945850789899029,-2.887011000081712,-0.44567333699680817,-0.07676064448237532,-0.45846002314790757,2.1996466324250937e-05,0.0002738952856100322,0.00047183335598304605,0.002862025516564119,8.341667
522,0.7615569658073702,-15.563234372610172,-1.9992777586743613,-2.9867361370822074,-0.43972780574819603,-0.06408942776764369,-0.4660842357088392,2.223451989557445e-05,0.00027783009819863175,0.0005012226907452393,0.0029900419178917783,8.35
523,0.7441323062906172,-15.589996002696227,-2.04856150490325,-3.096476018201803,-0.4331537882632857,-0.051336325881319964,-0.47375615039192004,2.2486661139381958e-05,0.00028207143805037576,0.0005346296175848218,0.0031253076505156742,8.358333
524,0.7263276933972913,-15.617802986428114,-2.0933235581413245,-3.21729117240145,-0.4259444658914027,-0.0385076709113339,-0.4814467612659495,2.275608187944899e-05,0.0002866374931412936,0.0005725547971030411,0.0032675458674644928,8.366667
525,0.7081816498463777,-15.646732642889853,-2.1331613287624984,-3.3503250579932042,-0.4180903121152201,-0.02563197219122913,-0.4891278008792651,2.3046325417856113e-05,0.0002915469438670738,0.0006155542470049966,0.00341620935749659,8.375
526,0.6897416264173821,-15.676914596970922,-2.1676051147227695,-3.496873699940557,-0.40958755264265856,-0.012721237263698617,-0.4967682754752744,2.3361295991657134e-05,0.000296818889862762,0.0006642386361194158,0.003570422737411904,8.383333
527,0.6710577738060672,-15.70847604364395,-2.19613707078004,-3.658348302067478,-0.4004324762757044,0.00020533205931291514,-0.5043374886506583,2.3705257728979486e-05,0.00030247202146736556,0.0007192696746048849,0.003728922875151171,8.391667
528,0.6521835030954478,-15.741481282590781,-2.2182009552906004,-3.8362301702318327,-0.39062324221997347,0.01309782086708148,-0.5118050824308897,2.4082817306100183e-05,0.0003085241670538978,0.0007813496055500504,0.0038900320765057014,8.4
529,0.6331792750052228,-15.7761077868407,-2.233142003140434,-4.03218462139603,-0.38016193238207385,0.02594612621834367,-0.5191398813208145,2.449888179834571e-05,0.00031499164708055074,0.0008512001427350002,0.004051697878340856,8.408333
530,0.6141130036830854,-15.812547135838683,-2.2402199528777524,-4.247972801230994,-0.3690520528155554,0.03873823105098974,-0.526310216928823,2.495858045009862e-05,0.0003218881048667702,0.0009295305282434352,0.004211630734591757,8.416667
531,0.5950566124718518,-15.85095022029007,-2.2386287043849378,-4.4853672834835825,-0.3572993390427291,0.05144019184002743,-0.5332856660919082,2.5467135353331867e-05,0.00032922312131717485,0.0010169851650304268,0.0043676454218369845,8.425
532,0.5760877539055543,-15.891521334867491,-2.2274590370819842,-4.746162137854843,-0.3449097718514211,0.06403174412579034,-0.5400367558801994,2.6029660838787146e-05,0.0003370009510705369,0.001114063861155486,0.004518335788917185,8.433333
533,0.5572965076321904,-15.93440550158378,-2.2057115812765793,-5.0319843788075405,-0.3318988896933269,0.07646739859953064,-0.5465330517432202,2.6650866619940984e-05,0.00034521893838426656,0.001221010364475446,0.004664228920178028,8.441667
534,0.5387764067044071,-15.979855225122769,-2.172267081522408,-5.344289161423442,-0.31827620239500065,0.08873415668120255,-0.5527467965561559,2.73346340233648e-05,0.0003538653233709269,0.001337657859644067,0.0048096392606498135,8.45
535,0.5206288997252924,-16.027954670936875,-2.12598140772318,-5.683943734488692,-0.304068772907213,0.10076226865052267,-0.5586516439026218,2.808343301580004e-05,0.0003629181186607592,0.0014632339834045624,0.004965385273925149,8.458333
536,0.5029859174343929,-16.07914988514439,-2.065412114499455,-6.051334533347823,-0.2892830657520666,0.11259733531322022,-0.5642159698426196,2.8897548582085558e-05,0.00037234426716193725,0.0015961187952292012,0.005152503080596772,8.466667
537,0.4859660095468712,-16.13352350814956,-1.9892890617815584,-6.4454986826435166,-0.2739493053987393,0.12416980158402875,-0.5694173786618487,2.977409397208831e-05,0.0003820974307748379,0.001733596441854626,0.00540647716790869,8.475
538,0.46970947151519316,-16.19128044116211,-1.896244395949585,-6.86403841383359,-0.2580935234153838,0.1354563592455114,-0.5742315043490593,3.0705822486764566e-05,0.000392122681407686,0.0018716115909547739,0.0057814163231783905,8.483333
539,0.4543712762990653,-16.25261929657106,-1.7849551085726183,-7.302499401561635,-0.2417423310525997,0.14644179812286282,-0.5786345632744367,3.1679795851514606e-05,0.0004023595613692478,0.00200464138631452,0.0063517662082301215,8.491667
540,0.44011181699110224,-16.317651864763004,-1.6543155618679317,-7.753840522861071,-0.2249268154479629,0.15710135860501898,-0.5826058732049441,3.267605081797316e-05,0.0004127485900813006,0.002125779258692526,0.00720830672891703,8.5
541,0.42710793562636984,-16.386414961943174,-1.5035178957691575,-8.207907880577116,-0.20768473199167076,0.16741544763374475,-0.5861242467831721,3.366652525763814e-05,0.0004232404573649089,0.0022271656901828225,0.008444141032871947,8.508333
542,0.41554865150726567,-16.458962563549118,-1.3321771249630487,-8.65120735856248,-0.19003787387414828,0.17739365758065212,-0.5891685747046865,3.4614627689506184e-05,0.00043380245834936167,0.0023008622982093373,0.010127050549916645,8.516667
543,0.4055876547254059,-16.53487337001357,-1.1409403115103687,-9.067388452121069,-0.1720547507839156,0.18696700675099023,-0.5917288346829652,3.547592587583965e-05,0.0004444188340322523,0.0023401575036208306,0.012259207810752173,8.525
544,0.39739037111616626,-16.613887197508948,-0.9311020364193872,-9.437897096170955,-0.15376249934975522,0.19614018696210953,-0.5937917425564162,3.620044671018845e-05,0.0004550846057105442,0.002341093248023221,0.014736161080650208,8.533333
545,0.3911037375330331,-16.695376627786292,-0.7050915611984834,-9.743378677157207,-0.13522758404183097,0.20488584008710586,-0.5953467945004915,3.673681431005283e-05,0.00046577481629295756,0.002303709254985737,0.01732352266721291,8.541667
546,0.38684113228905337,-16.778738029943298,-0.46630665062468196,-9.966142984114079,-0.11648043763844294,0.21320508296012244,-0.5963878041371438,3.703797824235416e-05,0.0004764018817087142,0.002232472474150856,0.019677305328967384,8.55
547,0.3846866549611842,-16.863161829497926,-0.21907883212552084,-10.092183306856105,-0.09756838452455106,0.2210917396882621,-0.5969098471786901,3.7067691065536084e-05,0.0004867699406194858,0.0021355070638175155,0.021417760619228003,8.558333
548,0.38461714010613696,-16.94808305089945,0.03163872085144592,-10.115016618470715,-0.07845048861413716,0.22853142910886112,-0.5969266449252075,3.6806317588362414e-05,0.0004965441604358258,0.0020227225510891507,0.02223843914784474,8.566667
549,0.3867449165985365,-17.031917901014527,0.28058398807296736,-10.031042636254373,-0.059348712463393356,0.23552908763527514,-0.5964111768592473,3.625451755834855e-05,0.0005052685199101778,0.0019035373459395637,0.022004322744910147,8.575
550,0.3909751096651121,-17.114169947422695,0.5227432547257485,-9.847903288565012,-0.04021017327277246,0.24209555061019208,-0.5953783662647826,3.543339502894489e-05,0.0005123901374814667,0.001785017528363899,0.020789649675278653,8.583333
551,0.39719627059752577,-17.194099213369157,0.7536264818670573,-9.578806174104598,-0.021064673679320002,0.24821909728855526,-0.5938401063754776,3.4381364509243185e-05,0.000517375082228238,0.0016712929924097423,0.018840410080664782,8.591667
552,0.4052972000738816,-17.270969494575642,0.9696091135038656,-9.240316097605287,-0.0019779934016678586,0.25390602775936316,-0.5918026100699156,3.314855976248998e-05,0.0005197999509129607,0.0015639000972595292,0.01648419722475931,8.6
553,0.415140506986803,-17.34421277650667,1.1680607235232248,-8.850898016146223,0.016987798762151538,0.2591704806905265,-0.5892746297846686,3.179013583482939e-05,0.0005194184916522391,0.0014627751317983044,0.014035046320393851,8.608333
554,0.42652749886298214,-17.413844645508792,1.347500224654662,-8.429489614988995,0.03587996507465694,0.2639925986475017,-0.586278985331711,3.036007387275253e-05,0.0005161931443630294,0.0013672846792452309,0.011729791482558928,8.616667
555,0.4393070658552135,-17.479517273417017,1.5071815940167566,-7.992127334721959,0.05461694060263139,0.2683892735343691,-0.5828264753139671,2.8906603472678063e-05,0.000510290856528868,0.0012768890724704541,0.009706740521964255,8.625
556,0.45329867288447,-17.54124897047071,1.6471633896542297,-7.5525944364882145,0.07317950596843986,0.27235780084903244,-0.5789373894462975,2.7469479218366565e-05,0.000502028600472124,0.0011913977526923066,0.008018466744142057,8.633333
557,0.46832810617457055,-17.59917463957948,1.7680531512475481,-7.121532047649444,0.09155482244984692,0.2758921100725886,-0.5746335969658158,2.6079084739137086e-05,0.0004918213491578909,0.0011109335903948477,0.006657984713584318,8.641667
558,0.4842411696137495,-17.6534267034441,1.8707942546049527,-6.706498331117822,0.1097133140482685,0.278996827588599,-0.5699353222884537,2.4756839325859253e-05,0.00048012475445950964,0.0010357723753930182,0.005585948341579161,8.65
559,0.5008850131091419,-17.704225572573865,1.9565606810527936,-6.312616831720098,0.1276363610655411,0.28166800204498704,-0.5648668946167159,2.3516381495408726e-05,0.0004673869463949089,0.0009661835477236189,0.0047512190655817806,8.658333
560,0.5181182485670033,-17.751838725799896,2.026631548614938,-5.942918091388788,0.14531192277885255,0.2838979538939986,-0.5594541174655111,2.2365097778219e-05,0.0004540185261572517,0.0009023240676849774,0.004103290352937122,8.666667
561,0.535818802032229,-17.796512718763328,2.0822897397763325,-5.598777354799057,0.16272170448921386,0.2856860795517122,-0.5537216119265147,2.1305663050338487e-05,0.00044037428587831716,0.0008441948796503108,0.0035983360145973946,8.675
562,0.5538775995557206,-17.83845201631066,2.1247730121745985,-5.280423012791971,0.17983684487635823,0.2870403458083045,-0.5476943141745819,2.0337411613869764e-05,0.0004267448858141526,0.0007916443017089203,0.0032010957918740305,8.683333
563,0.5721956132289143,-17.877920938701482,2.1552603491210016,-4.987297793408967,0.1966485824476041,0.2879583532723579,-0.5413980370097585,1.9457465216188384e-05,0.00041335756449136966,0.0007443968155099664,0.002884508425851869,8.691667
564,0.5906667901098799,-17.91518560826577,2.174861568004141,-4.718417020012937,0.21314796208106626,0.28842625310272313,-0.5348651750280741,1.8661603245430042e-05,0.0004003818703519419,0.0007020909469681938,0.0026284140236812947,8.7
565,0.6092095410752543,-17.950450504980225,2.1845727231394267,-4.472377864514515,0.22931792664670572,0.2884465549227518,-0.528123457297299,1.794490190617473e-05,0.000387939602378,0.0006643153687979264,0.002418051362588443,8.708333
566,0.6277550643656078,-17.983877713039075,2.185289790878161,-4.247603444970743,0.245136490327992,0.28803142523787273,-0.5211991096127411,1.7302172798981617e-05,0.0003761107587096869,0.0006306397509834326,0.0022427212571115712,8.716667
567,0.646232145072936,-18.01569796561275,2.1778343460566116,-4.042511169835638,0.26060407739278413,0.2871698886853788,-0.5141220502513805,1.6728253542163453e-05,0.0003649414487468639,0.0006006375457209947,0.0020946833827972023,8.725
568,0.6645788056326121,-18.04603871426792,2.162935640547513,-3.855512303626877,0.2756978693573375,0.2858741307103627,-0.5069212748528306,1.621818788343744e-05,0.00035445265507543606,0.0005739011272809335,0.0019683091554259994,8.733333
569,0.6827285384690996,-18.075121209045456,2.1412600892566807,-3.685114498048902,0.29042358678449537,0.28412430677397477,-0.4996298942371613,1.5767324497194272e-05,0.0003446461588413516,0.0005500511923317852,0.0018594696525885824,8.741667
570,0.7006419713219353,-18.102953674586697,2.113383561440415,-3.529821197322526,0.30473913717262346,0.28196594903916355,-0.4922720533746851,1.537136246281243e-05,0.00033551072893222547,0.0005287413686847466,0.0017650926409386297,8.75
571,0.7182667360928595,-18.129723602363203,2.079839983759014,-3.388312786426593,0.3186521955406211,0.27938509161140035,-0.48487860495017854,1.502635928445544e-05,0.0003270240106502238,0.0005096601974254606,0.001682861083633647,8.758333
572,0.7355573585880724,-18.155554798723358,2.0411053327251683,-3.25935804099024,0.3321575328233353,0.27638331215165746,-0.4774789532835918,1.4728719313665606e-05,0.0003191578403999393,0.0004925303176639274,0.0016109910421567154,8.766667
573,0.7524846434636423,-18.180451579017923,1.997603626248348,-3.141787619815007,0.34522574892644425,0.2730036164590396,-0.47009650110850787,1.4475168461836863e-05,0.00031188031730441614,0.00047710675787459087,0.0015480836047533897,8.775
574,0.7690010044594574,-18.204620722688038,1.9497260087742272,-3.03461653021508,0.3578790290945726,0.26921205888139854,-0.4627634174858299,1.426272268912696e-05,0.00030515667617184703,0.0004631746314340793,0.0014930232197863066,8.783333
575,0.7850705876816683,-18.22808858614063,1.8978206257639891,-2.9369051642835675,0.37009645791194806,0.2650358876007589,-0.4555075222218702,1.4088655403580408e-05,0.0002989526014960859,0.0004505460303047201,0.0014449009386633784,8.791667
576,0.800651641911018,-18.251067298813584,1.8422064377304097,-2.8478529100965897,0.38190620681613435,0.2604296071069963,-0.4483598795760026,1.3950464550177838e-05,0.00029323419805352276,0.00043905739092552103,0.0014029656622973378,8.8
577,0.8157446616079399,-18.27337206363507,1.78318057613062,-2.7666022079562,0.3932497274840113,0.25550528832247615,-0.4413323148705511,1.384584210063818e-05,0.0002879692038277432,0.0004285665873191755,0.001366586895543421,8.808333
578,0.8302975485280846,-18.29517829581133,1.720998670243989,-2.6925360250471027,0.40414571153012774,0.2502246461499157,-0.43446102585497387,1.3772645814673447e-05,0.00028312464329921196,0.0004189508699731069,0.001335233280516899,8.816667
579,0.8443042856344811,-18.316473712622606,1.6559172298625175,-2.6249979253435276,0.4145829857567629,0.24463084471188737,-0.4277606929260287,1.3728875358056925e-05,0.0002786713405468365,0.00041010399561287495,0.0013084474123307758,8.825
580,0.857729710604372,-18.33733773517233,1.5881536281214952,-2.5634621489179747,0.4245642287701163,0.23872166306671666,-0.4212596537855215,1.371265029394563e-05,0.0002745806890124509,0.0004019345167240268,0.0012858361931625496,8.833333
581,0.8705607252110954,-18.357736206448617,1.51792295046077,-2.5074062423126815,0.43407418692326627,0.23254563068685002,-0.414975472252711,1.372219198680464e-05,0.000270826999479099,0.0003943637501559205,0.0012670575188345572,8.841667
582,0.8827693263932365,-18.377824002360228,1.4454143678324287,-2.4564227889211043,0.44313776866726057,0.22606523620700825,-0.40893268350092915,1.3755807838994888e-05,0.00026738601910492206,0.0003873243314616181,0.001251813743406639,8.85
583,0.894343144577793,-18.397542710543277,1.3708137849397966,-2.41008592455338,0.4517365618091636,0.21933637986043608,-0.4031477940787402,1.3811878364234456e-05,0.00026423596504858914,0.0003807586834852044,0.0012398441771640256,8.858333
584,0.9052671064242236,-18.416980988259994,1.2942951369606999,-2.3680505917137418,0.4598855102034111,0.21234810686709454,-0.3976381667935176,1.3888846377262875e-05,0.00026135650806991125,0.00037461797192735955,0.0012309209769927004,8.866667
585,0.9155143879914848,-18.43615778175485,1.2160030799836974,-2.3300083686119835,0.46757989844391773,0.20511666816147292,-0.3924266857509971,1.3985208443894548e-05,0.0002587290245549056,0.0003688610048688589,0.0012248447206784697,8.875
586,0.9250780097511759,-18.455079221461208,1.136097971015751,-2.295661242046911,0.4748202411440907,0.1976665783988833,-0.38752570890193305,1.4099508058098987e-05,0.0002563371611596025,0.0003634533535900248,0.0012214407730439254,8.883333
587,0.9339446035913255,-18.473789104648255,1.0547227398349028,-2.2647600621920083,0.4816126794209649,0.19000220891679442,-0.3829502582629992,1.4230330369592295e-05,0.00025416560863502377,0.0003583666670943227,0.001220557228090707,8.891667
588,0.9420987516528668,-18.49228383263938,0.9720068480192948,-2.2370759622976735,0.4879534462472214,0.18214894189496927,-0.3787158696674898,1.4376298504170688e-05,0.0002522005279370797,0.0003535780144533873,0.0012220624092216614,8.9
589,0.9495300530142171,-18.51058233661025,0.8880803072476908,-2.2124073703868943,0.49384524128213225,0.17412116342449854,-0.37483491137658415,1.4536071053111014e-05,0.00025042959257445504,0.0003490693662000086,0.001225843072163501,8.908333
590,0.9562320370958628,-18.528762907468344,0.8030747315330435,-2.1905886790564106,0.4993018797710021,0.16590290516920791,-0.3713170768892276,1.4708340656780139e-05,0.0002488416622290379,0.0003448271637920226,0.0012318029753464672,8.916667
591,0.9621854240655905,-18.546811456159347,0.7170903741308877,-2.171465220538623,0.5043158503707809,0.15752098440361056,-0.36817818405401714,1.4891833562462317e-05,0.00024742659224249054,0.0003408419669353348,0.0012398615870380424,8.925
592,0.9673963789958139,-18.56467563991992,0.6302642627069972,-2.1548741618436336,0.5088835561464217,0.1490243170037964,-0.3654200212102831,1.5085310003779563e-05,0.0002461758248044547,0.00033710817039621116,0.0012499532441917782,8.933333
593,0.9718366664178152,-18.582550126727764,0.5426767152376458,-2.1407586368029,0.5130258835206729,0.14033168872699783,-0.36306194051822904,1.5287565374117367e-05,0.0002450811032915341,0.000333623789682951,0.0012620264267561574,8.941667
594,0.9755110924165072,-18.600368123028975,0.45445380312111683,-2.1289919071556254,0.5167341020463112,0.1314969150455135,-0.36110516721850633,1.5497431962578687e-05,0.00024413615348704693,0.00033039030640670026,0.0012760430834186688,8.95
595,0.9784293149660895,-18.618038762952484,0.3657240966964419,-2.1194568093381068,0.5200004007062494,0.12258711289737458,-0.3595476264597313,1.571378109259325e-05,0.00024333495784821372,0.0003274125687554684,0.001291978364500046,8.958333
596,0.9805682580045971,-18.635735433671382,0.2765628809914947,-2.1121399945116877,0.5228385922310393,0.11352905186145626,-0.35840406461604724,1.5935526228423784e-05,0.00024267174709350815,0.0003246986831972565,0.001309820265467378,8.966667
597,0.9819219463878821,-18.65341685674774,0.1870661198989249,-2.1069780006787875,0.5252395007601445,0.10436171295815919,-0.3576794827575004,1.6161626172483605e-05,0.0002421425491099236,0.0003222600739169584,0.001329569781597934,8.975
598,0.9825040279556325,-18.671069808890326,0.09736526443197777,-2.103921251770966,0.5272046620115257,0.0951108536866575,-0.3573677133434246,1.6391088373815443e-05,0.00024174420105992132,0.00032011149206412,0.0013512411041270806,8.983333
599,0.9823008653381367,-18.688760022068863,0.007540562390645561,-2.1029690783779738,0.5287329369150807,0.08575846956222309,-0.35747654328011313,1.662297291106405e-05,0.0002414735420852781,0.00031827105274381253,0.001374861082992218,8.991667
600,0.9813265312424981,-18.706392144950005,-0.08228462151478759,-2.10408032918217,0.5298177853133114,0.07637320776492701,-0.35799826839999277,1.6856396650698248e-05,0.00024132877260582715,0.0003167604351774761,0.001400470346348826,9.0
601,0.979560002048882,-18.724144237216013,-0.1720412395739491,-2.1073174382990962,0.5304617420807914,0.06687708501292175,-0.35894332193925327,1.7090537604725088e-05,0.00024130815616063109,0.0003156049258957106,0.0014281229725650105,9.008333
602,0.9770086951244911,-18.74202351787133,-0.2616136901691145,-2.112701140661694,0.530660394714828,0.05728415455617439,-0.36030623612961166,1.7324639417501815e-05,0.00024141167470936387,0.00031483386866816484,0.0014578880243177937,9.016667
603,0.9736790985500728,-18.759897846715113,-0.3508988306620464,-2.1202262817897783,0.5304016871815851,0.047682629403301716,-0.3620813855531866,1.7558015874789242e-05,0.00024163960904412357,0.0003144808208478196,0.0014898492093131867,9.025
604,0.9695738931704418,-18.777941276296175,-0.439781944543787,-2.1299954363103075,0.5296885806815949,0.037998442347044636,-0.3642645172820378,1.779005601053498e-05,0.00024199272254902198,0.00031458377315920154,0.0015241061056153783,9.033333
605,0.9646919151814461,-18.796122524308096,-0.5281683324045916,-2.142066286745886,0.5285097521740537,0.028266978596941928,-0.3668527394662883,1.8020229250620166e-05,0.00024247250774526356,0.00031518577389443627,0.0015607740784362998,9.041667
606,0.9590465779040417,-18.81434565543529,-0.6159398968097969,-2.1564899714621717,0.5268589431772047,0.01855851360739142,-0.3698347580242876,1.824809066199963e-05,0.00024308139016211073,0.00031633529466636146,0.001599986202336825,9.05
607,0.9526210733454733,-18.832889731324606,-0.7030074955068764,-2.1734580352901562,0.5247255776964398,0.008745986070340822,-0.37321453416874717,1.847328666352458e-05,0.00024382209312802315,0.0003180866218835029,0.001641893286223373,9.058333
608,0.9454461996415908,-18.851567312584617,-0.7892226962542718,-2.1930282111856383,0.5221061522592231,-0.0010501610558518268,-0.37697025825763214,1.869556076056949e-05,0.0002446991015368431,0.0003205010806198623,0.0016866658844741044,9.066667
609,0.9375356562464668,-18.87040141902408,-0.8744552452247826,-2.215346315651579,0.5189960827889051,-0.010820298849412319,-0.3810885721962564,1.8914759753282282e-05,0.0002457163897282343,0.00032364703876222074,0.0017344926399273507,9.075
610,0.9288800552152935,-18.889533876892127,-0.95860570533178,-2.240620215679765,0.5153787859876718,-0.020614773697401775,-0.38556743993143205,1.913084064025827e-05,0.00024687852242692053,0.0003276010366130088,0.0017855814642902073,9.083333
611,0.9194970113098603,-18.908915762307906,-1.0415349164119074,-2.2690172976848495,0.5112484212742991,-0.030383319393198382,-0.3903900848166968,1.9343877592563345e-05,0.0002481918045192207,0.00033244914342899396,0.0018401622427009414,9.091667
612,0.9093950663703657,-18.928629901836576,-1.1231061494020531,-2.3007766113968877,0.5065927748884488,-0.040142007230941634,-0.3955437932293877,1.955406955067292e-05,0.00024966290012857204,0.00033828767398246434,0.0018984850169927246,9.1
613,0.8985877636410278,-18.94874051707336,-1.2031696812483337,-2.3361607410235634,0.5013999095724438,-0.04989486962797813,-0.40101264985228613,1.9761748573575084e-05,0.00025129943500050526,0.00034522479597421535,0.0019608201182504032,9.108333
614,0.8870668119109881,-18.969402224308126,-1.281601077204923,-2.3754957377208386,0.49564204166259096,-0.059686903907843064,-0.4067910430607273,1.996738885321856e-05,0.00025310981760758787,0.00035338202811820233,0.0020274566950267644,9.116667
615,0.8748781127288286,-18.990424313163167,-1.3582038667035075,-2.41901899687549,0.48933214217551946,-0.06939103655726973,-0.4128455538762951,2.0171616567943047e-05,0.000255104445060995,0.0003628964268013899,0.002098704336474986,9.125
616,0.8620265240034398,-19.01188837671107,-1.4328270783603714,-2.467099981267381,0.482454028305644,-0.0790132167990502,-0.4191628977124803,2.037522082017744e-05,0.0002572928737436357,0.0003739212794669583,0.0021748838791859596,9.133333
617,0.8485443938491307,-19.033831114275227,-1.5052639695981476,-2.520142156112763,0.4750052187687224,-0.08853610469228854,-0.42571576548724893,2.0579165570291666e-05,0.00025968637767014355,0.0003866292262115029,0.002256328422078753,9.141667
618,0.8344570441972773,-19.05633357496842,-1.575307786734978,-2.578612485892674,0.4669766693328611,-0.09796050154475558,-0.43248010718631646,2.0784602466327626e-05,0.0002622964544263426,0.0004012144802731882,0.0023433714423278275,9.15
619,0.8197652155398379,-19.07947417723611,-1.6427887429187584,-2.6430204296975592,0.4583483450015011,-0.107279701939709,-0.4394432532900148,2.0992884729749465e-05,0.0002651354393952778,0.0004178958242840926,0.0024363382035504227,9.158333
620,0.804514520951029,-19.103254349846562,-1.7074481312739571,-2.713919351924993,0.44912783148295876,-0.11645221177752511,-0.44657091937959587,2.1205582186689724e-05,0.00026821804013519294,0.00043691980318819767,0.002535540833385476,9.166667
621,0.7887172037106651,-19.12776479528077,-1.7690679261084787,-2.7919530426142893,0.4393001697475121,-0.12547119767890974,-0.4538445241366553,2.142449712028373e-05,0.0002715586461903167,0.0004585634559927609,0.0026412507116916166,9.175
622,0.7723993611071662,-19.153099109815795,-1.8273851602511417,-2.8778505952873683,0.42885588597293417,-0.13432742328121577,-0.4612388590491904,2.1651680773175723e-05,0.00027517364592920685,0.00048313826718717287,0.00275368604771296,9.183333
623,0.7556021945400261,-19.17924688831588,-1.8821063340361754,-2.9723756063116946,0.4178074434306775,-0.14296518973988606,-0.468722100409784,2.1889450140072874e-05,0.00027908055672697064,0.0005109936597642496,0.0028729810966745917,9.191667
624,0.7383582607390935,-19.206366121978686,-1.9329062206011813,-3.076466003611021,0.40614250518808065,-0.15139590549003243,-0.47626679283401974,2.2140403955439507e-05,0.00028329716406658357,0.0005425194713718381,0.0029991509296162923,9.2
625,0.7206947078531047,-19.23457695190443,-1.9794518907915295,-3.19114047671082,0.39385151941973756,-0.15960695286980456,-0.4838482343900617,2.2407436938311142e-05,0.0002878422363645232,0.0005781498012204663,0.003132050770497705,9.208333
626,0.7026600631562603,-19.264103697011738,-2.021311939144855,-3.3176056366545694,0.38091811277486687,-0.16762256611130022,-0.4914331891176018,2.2693750926555547e-05,0.0002927359257682111,0.0006183642975446117,0.003271337556062695,9.216667
627,0.6843040417036749,-19.294906271903052,-2.0580741770399955,-3.457024121044964,0.36737134311548325,-0.17535856328646288,-0.49898916142100075,2.3002860059542764e-05,0.00029799816314565075,0.000663689028778657,0.003416410809933319,9.225
628,0.6656720576086004,-19.327064273117234,-2.0892768301309967,-3.6107449792856356,0.35322371521212603,-0.18277489315300444,-0.5064867798083685,2.3338586061971464e-05,0.00030364858443402885,0.000714689919445182,0.0035663916473937097,9.233333
629,0.6468095094237888,-19.36072464223187,-2.1144004251309347,-3.780288095462155,0.338478885860518,-0.189850814334931,-0.5138980684912,2.3705038671004347e-05,0.00030970668643567906,0.0007719646277269361,0.00372011533750843,9.241667
630,0.6277816974622286,-19.39604553167217,-2.1328231009943033,-3.967312120160202,0.3231497701354665,-0.19656736085899396,-0.5211890361301984,2.4106574729784393e-05,0.0003161914925139933,0.0008361266255216184,0.0038761781838648457,9.25
631,0.6086383187888096,-19.433252713983112,-2.143886790964585,-4.1736346544456175,0.307231379998154,-0.20291555058250513,-0.5283338633404343,2.45477255804526e-05,0.00032311943837455505,0.000907778048773971,0.004033074117367385,9.258333
632,0.5894657290861427,-19.47237553600408,-2.146829301710845,-4.401015771054365,0.29077764586617505,-0.20882902646727697,-0.5352955361716131,2.5033080904829506e-05,0.00033050512527752407,0.0009874673030679734,0.004189527548449869,9.266667
633,0.5703318125289611,-19.513730380770557,-2.140784538650447,-4.651458310870961,0.27377924251810953,-0.21431865963076385,-0.5420470008922501,2.556710990479738e-05,0.0003383573097030891,0.0010756217249016382,0.004345097371680147,9.275
634,0.5513142353933246,-19.55755492293547,-2.124804021578226,-4.926880312025192,0.2562487320323595,-0.219363090051015,-0.548560784900888,2.615390021888899e-05,0.0003466797111892773,0.001172460539402978,0.004501206720703298,9.283333
635,0.5325116864474899,-19.6039860276818,-2.097833325505698,-5.22894788775716,0.23823228185652612,-0.22391587442378322,-0.554805888341558,2.6796790023287412e-05,0.000355469150339238,0.001277867918450604,0.0046628092410245054,9.291667
636,0.5140304807394062,-19.653259705010093,-2.058685259870995,-5.559053016407007,0.21975972085095657,-0.22795635684321375,-0.5607531338675505,2.749786042196876e-05,0.00036471277260305597,0.0013912265933777367,0.004840864416564889,9.3
637,0.4959915756782669,-19.70563609167848,-2.0060475503969593,-5.917985131710774,0.20086123567148742,-0.23147028590120383,-0.5663733604481572,2.8257259676694854e-05,0.0003743870573479811,0.001511218749971619,0.005055713316326268,9.308333
638,0.4785192883722974,-19.761259394206306,-1.9386009173911434,-6.305509405405595,0.18159353504053236,-0.23441938567921958,-0.5716413668772233,2.90723383505545e-05,0.00038445706242838684,0.0016356008127079106,0.0053412080319452885,9.316667
639,0.461746592274701,-19.82054374991521,-1.8548760546211405,-6.720261744298504,0.1619496998270106,-0.23681852304328527,-0.5765342960705271,2.993659502461075e-05,0.0003948785567861972,0.0017609832878611683,0.0057489248482940165,9.325
640,0.4458337080516257,-19.88361932669118,-1.753477039499335,-7.158648270117179,0.1419905920356768,-0.23864073494432722,-0.5810264917149557,3.0838476206175565e-05,0.0004056016277007471,0.001882689846927521,0.006350590784964463,9.333333
641,0.4309496203883264,-19.95044032538716,-1.63321040154974,-7.614415235335404,0.12180967775192209,-0.23985124515193104,-0.5850951164392344,3.176013568087981e-05,0.000416574839186623,0.0019947610659075327,0.007235742966874536,9.341667
642,0.4172573392672766,-20.021417420363175,-1.4929570638421061,-8.078736799486729,0.10137175059888084,-0.24048057514809643,-0.5887235122134661,3.2676363008286696e-05,0.0004277533956701891,0.002090246893365852,0.008500192364384014,9.35
643,0.40494193598841505,-20.096277182845153,-1.3322600974466061,-8.538696758941448,0.08078733747504595,-0.24049710345058037,-0.591892779151405,3.35540301724522e-05,0.00043910815884094535,0.0021619062549636573,0.01022084606216767,9.358333
644,0.39420088748363225,-20.1750155907592,-1.151084152394313,-8.97788698699828,0.06007257346795539,-0.2399252206211947,-0.5945836249871066,3.4352491625855794e-05,0.00045062628383541413,0.002203284843979247,0.012416593663637798,9.366667
645,0.38520387545257334,-20.257171395550323,-0.9505044850086358,-9.377002880204069,0.039310194302911085,-0.2387575227294329,-0.59678477413551,3.5025386478980394e-05,0.00046230060251615244,0.0022100834741795136,0.015001932408695762,9.375
646,0.37816220459931993,-20.342251890682686,-0.7323834949704918,-9.714142098068779,0.018550555381490634,-0.2370388970721598,-0.5984738514303297,3.552418673052054e-05,0.0004741068488125305,0.002181433784481842,0.01775519613888807,9.383333
647,0.3731655024518686,-20.429474843252777,-0.5001158943925608,-9.969791272704839,-0.002141684792795731,-0.2347605478349535,-0.59965440967484,3.5803359116089895e-05,0.0004859519642715852,0.0021205096105602187,0.020325201549987217,9.391667
648,0.37031961361722265,-20.518027614093388,-0.257880163150547,-10.126980584162817,-0.02272831595282526,-0.23195193694459953,-0.6003201106722955,3.582657168585747e-05,0.000497637398627515,0.002034161749160928,0.02230201454249272,9.4
649,0.36969222408519403,-20.606932388503164,-0.010681633995332292,-10.174564148588372,-0.04316315770176231,-0.22864772186378646,-0.6004662136870929,3.557261021342774e-05,0.000508813254994344,0.0019313088776842923,0.02333132406063246,9.408333
650,0.3712915143433522,-20.695106365097846,0.2360038400609855,-10.109530770792743,-0.0633906061354875,-0.2248825451522382,-0.600093313256886,3.503936750302884e-05,0.0005189769391467736,0.0018208160391741984,0.02323076840225028,9.416667
651,0.37507830130777003,-20.78151338292489,0.4767904577198264,-9.93724061845255,-0.08336376210290913,-0.2206972341457802,-0.5992042445480942,3.424474648379974e-05,0.000527525652713824,0.0017096749488412447,0.022048731437444194,9.425
652,0.38096137371016325,-20.865218975704394,0.7068259955994672,-9.670590904049794,-0.1030391546940788,-0.21613299410882386,-0.5978059669604218,3.322412235191081e-05,0.000533849875952624,0.0016021501897087484,0.020035053505659175,9.433333
653,0.38880350205679276,-20.945468625062812,0.9221674426928029,-9.327790078291452,-0.12238001201116833,-0.21122744951780034,-0.5959099008292709,3.2025088593817164e-05,0.0005374429413654871,0.0015000170235447005,0.01754487183348985,9.441667
654,0.39847042512660497,-21.02175201841873,1.1199891486295628,-8.92873543762359,-0.1413744696578858,-0.20602705791812917,-0.5935222181271325,3.0700950737853686e-05,0.0005379901686989677,0.0014034593015131705,0.014928344662451418,9.45
655,0.40978426953417396,-21.093495345894425,1.2984497283554952,-8.493869719586131,-0.15995557653041723,-0.2006007163657464,-0.5906573277344245,2.9304479952333477e-05,0.0005354054006713187,0.001312053415962428,0.012453734137892586,9.458333
656,0.42247208356130145,-21.162002189923346,1.4572823976856004,-8.042608010870667,-0.17836040127964575,-0.19469116374120446,-0.5873546038744051,2.7883162641989564e-05,0.000529829396134593,0.001225430739847741,0.01027987466002828,9.466667
657,0.4364878803944734,-21.22467607177834,1.595711804518632,-7.588135801782913,-0.19611559636515913,-0.18882938849785802,-0.5835963053154664,2.6476459257599102e-05,0.000521599778683587,0.001143514137842223,0.008466718074271842,9.475
658,0.45158180794573927,-21.28296284129492,1.7147896609584004,-7.143035859211961,-0.21344940371907456,-0.1827935754811344,-0.5794207223518972,2.511458019979747e-05,0.0005111444320379574,0.001066503916091987,0.0070089387188949324,9.483333
659,0.4675556948655579,-21.337104098385804,1.8155856070457876,-6.715837587818148,-0.230345233271503,-0.17658402399468864,-0.5748579551984474,2.3818923614364143e-05,0.0004989599869545049,0.0009947190613245657,0.005863303774589036,9.491667
660,0.48427821503114393,-21.387297528932084,1.8993205689947517,-6.31149773193181,-0.24679404392528728,-0.17023983279945648,-0.5699242159159554,2.2603199018105615e-05,0.0004855480734635075,0.0009284380509738401,0.004973440551252165,9.5
661,0.5015832015744075,-21.433923995573544,1.9673831430146849,-5.933239773058936,-0.26279270003848787,-0.16374347666717518,-0.5646508508197147,2.14748896669919e-05,0.00047136717283151585,0.0008678087084258067,0.004284148035538905,9.508333
662,0.5193496243805761,-21.477267704892824,2.02111487769333,-5.5822286870802795,-0.27833405014078383,-0.15710981604019641,-0.5590609760232271,2.043680100241955e-05,0.0004568198570896328,0.0008128116792524357,0.003747777707289327,9.516667
663,0.5374556570531226,-21.51763086899468,2.0618229411462896,-5.25854298172912,-0.29340857150298527,-0.15034232164933203,-0.5531827086647471,1.948841281399756e-05,0.00044223725124664204,0.0007632725118700146,0.0033262714832161698,9.525
664,0.5557933042842849,-21.555290467556773,2.090727261796138,-4.961412412691708,-0.3080059448100762,-0.14344775274480384,-0.5470444158111094,1.8627008044277226e-05,0.0004278813053204714,0.0007188947822623456,0.002990582671514525,9.533333
665,0.5742248262200106,-21.590638883916906,2.1090080262797835,-4.689748900854485,-0.322114388436184,-0.13638134733891957,-0.5406893392109782,1.7848538228410723e-05,0.0004139495579090538,0.000679300633119392,0.0027191790720461767,9.541667
666,0.5927507519762618,-21.62381353619494,2.1175796087834926,-4.441488207642605,-0.33575269948779063,-0.12919778921947564,-0.5341166246462109,1.7148263927338388e-05,0.000400588394575114,0.0006440672573934273,0.00249633297069871,9.55
667,0.6112528789537635,-21.655128262329537,2.117397333437339,-4.215161846407096,-0.3489041799466121,-0.12186018745705007,-0.5273693967274882,1.652117045421625e-05,0.00038788459028001607,0.0006127601558629788,0.0023107285511674877,9.558333
668,0.6296664602736893,-21.68496416747401,2.1092857798068514,-4.009016225167849,-0.36158302368755657,-0.11430561826083582,-0.5204752206310806,1.59622769432943e-05,0.0003758941123116937,0.0005849523615032004,0.0021541467338487504,9.566667
669,0.6478976428395151,-21.71308966519016,2.093958555806983,-3.821421914547201,-0.3737178042271895,-0.10667920530212857,-0.5134754742299912,1.5466804138696122e-05,0.0003646428729696387,0.0005602394014639988,0.0020206093782151485,9.575
670,0.6659602655361627,-21.740037152643055,2.072047568823486,-3.650549658243992,-0.3853784419664961,-0.09885964587367299,-0.5063721354510021,1.5030273880492362e-05,0.00035413789334262224,0.0005382474389870105,0.001905715557476826,9.583333
671,0.6837714047238695,-21.76578209536627,2.044135034144741,-3.49499261567343,-0.39652460730221356,-0.09090765971351984,-0.4992059153147489,1.464854391341035e-05,0.0003443619599190991,0.0005186379714821549,0.0018062061258065215,9.591667
672,0.7012925029098664,-21.790401096273293,2.0107318351408647,-3.353328199023238,-0.40715163508255026,-0.08285061334845974,-0.49200186442064414,1.4317822215915084e-05,0.0003352912543072411,0.00050110802300388,0.0017196018351653608,9.6
673,0.7184699143375645,-21.814103127768718,1.9723083506209278,-3.224320589475193,-0.41725928049058636,-0.07465551886058298,-0.4847924906845561,1.4034650041109612e-05,0.0003268939304903449,0.00048538938198628746,0.0016439920857089462,9.608333
674,0.7352768725052622,-21.836919730247136,1.9292753506343334,-3.1067689479459455,-0.426845549426525,-0.06635888159861532,-0.4776001344678925,1.379587640050614e-05,0.0003191348983845937,0.0004712462021175909,0.0015778729275781264,9.616667
675,0.7516696719988673,-21.859009035487823,1.8820100711946732,-2.999651376390124,-0.43591018839686685,-0.057938583943492834,-0.47045503591568766,1.3598625297786092e-05,0.0003119756769231455,0.0004584725357016951,0.0015200436300563582,9.625
676,0.7676204045939399,-21.88044820904845,1.830851581889247,-2.902009062430551,-0.4444543278379698,-0.049403226977585216,-0.46338125156969795,1.344026266578696e-05,0.0003053779672557774,0.0004468891593760248,0.0014695258417629753,9.633333
677,0.783100223792237,-21.901258816022303,1.7761058528937468,-2.8129780150021313,-0.45247657651386963,-0.040782913956511554,-0.4564035651827274,1.3318363230928076e-05,0.0002993035201720811,0.00043634076634306107,0.0014255122078783258,9.641667
678,0.7980825031044463,-21.92153736764738,1.7180549841479156,-2.731796795753723,-0.45998079273491344,-0.0320716385387807,-0.44954598540349405,1.3230680096083657e-05,0.00029371532354532904,0.00042669318626940844,0.0013873272076426746,9.65
679,0.8125405866373879,-21.9413465460663,1.6569550712868217,-2.6577811603502477,-0.4669689741178171,-0.023275248352991055,-0.4428326463817456,1.3175117232213737e-05,0.0002885781273323177,0.00041783077157192614,0.0013543991607353782,9.658333
680,0.8264495891462458,-21.960742190260675,1.593040875502222,-2.590317469491284,-0.47344366259714343,-0.014400148369026408,-0.4362868858326506,1.3149705264164195e-05,0.0002838588927711075,0.0004096541046188294,0.0013262396353917166,9.666667
681,0.8397910144032301,-21.979725046504967,1.5265311211524628,-2.528839016769831,-0.4794096875949934,-0.0054767885255736296,-0.42992891145341344,1.3152580529166589e-05,0.00027952690628096644,0.0004020779572073218,0.0013024282622975426,9.675
682,0.8525468035766366,-21.998343521646746,1.4576295840356606,-2.4728502197395086,-0.48487334891542205,0.003488698013858334,-0.42377845293704064,1.3181967283498309e-05,0.00027555351378104906,0.0003950295365665099,0.001282601559909803,9.683333
683,0.8646940638546404,-22.01667617835662,1.3865201484672265,-2.421923070269935,-0.48983809964910247,0.012507109560063226,-0.4178572974337155,1.3236162897329145e-05,0.0002719122486642285,0.0003884468927325791,0.0012664437935227077,9.691667
684,0.8762161348117744,-22.034757912694474,1.313378230882738,-2.3756605516139433,-0.4943092911533092,0.021570176343000874,-0.4121838968810463,1.3313525666413567e-05,0.00026857914773453973,0.0003822775441313987,0.0012536796138008712,9.7
685,0.8870965782950297,-22.052579650182135,1.2383654770637569,-2.3336998146425554,-0.498293359948366,0.030649260988795106,-0.40677618281827777,1.3412464928021385e-05,0.0002655322710366114,0.00037647735706587617,0.0012440688299720562,9.708333
686,0.8973229861392439,-22.070177090868153,1.1616391484987552,-2.2957233473562164,-0.5017976682521881,0.03973908963510647,-0.40164962040021895,1.3531433382619889e-05,0.00026275166148643,0.0003710095614017334,0.0012374019365872827,9.716667
687,0.9068818546555216,-22.08760066221176,1.0833453970451479,-2.2614545260067547,-0.5048276634032439,0.0488432387396801,-0.3968197083919091,1.3668921283486503e-05,0.0002602190662996181,0.0003658438977814855,0.001233496506462554,9.725
688,0.9157558630668264,-22.104847818809443,1.0036132172826941,-2.230640591816655,-0.5073889737330243,0.05793962987621529,-0.3923033791594913,1.3823452281511039e-05,0.00025791797282230327,0.00036095589796036057,0.0012321941063885198,9.733333
689,0.9239707018495497,-22.12237161399611,0.9226509608110022,-2.203125397322187,-0.5094736830639156,0.06724108098517562,-0.3880949831796773,1.3993580704300536e-05,0.00025583372208963794,0.0003563262868682233,0.001233357856524278,9.741667
690,0.9314520185196342,-22.13924401467081,0.840439214216382,-2.1785451860667844,-0.5111241314943719,0.07625343979500099,-0.38423957084032134,1.417789001895556e-05,0.00025395126556341266,0.0003519405114811931,0.0012368700943479296,9.75
691,0.9382178812437395,-22.156053114523292,0.757166457696244,-2.156835716145462,-0.512322991073225,0.08525861851068328,-0.3807343344951096,1.4374992888730731e-05,0.00025226051348979113,0.0003477882871855702,0.0012426320538504914,9.758333
692,0.9442604048656762,-22.17278019451942,0.6729478045416311,-2.137834652524036,-0.5130786714017518,0.09422981137584462,-0.37758910508207993,1.4583531498516377e-05,0.00025075075248188864,0.00034386324187922316,0.0012505609712599442,9.766667
693,0.9495782845324445,-22.1895152133123,0.587909471057874,-2.1214228288655157,-0.5133913181550038,0.10319684942478452,-0.3748096548754663,1.4802179031070613e-05,0.00024941240518320596,0.0003401626861368687,0.0012605896814666246,9.775
694,0.9541620884971901,-22.206180946650964,0.5021502753489169,-2.1074654405123825,-0.513273357647005,0.11210358678211792,-0.3724053689682171,1.5029641886395766e-05,0.0002482367069177948,0.0003366874101449035,0.0012726655029639032,9.783333
695,0.9580025756517196,-22.22280132950166,0.41576901051453935,-2.095870541005763,-0.5127275880165314,0.12094597885828143,-0.3703849394356665,1.52646625516945e-05,0.00024721613320991757,0.0003334415147532739,0.001286749988350845,9.791667
696,0.9610927033458432,-22.239397450708346,0.32886489495864396,-2.0865610436188105,-0.5117568472590563,0.1297188238016859,-0.3687552965192204,1.5506022928120184e-05,0.00024634430134977105,0.0003304323155023673,0.0013028183666990217,9.8
697,0.9634339044292334,-22.255957308539283,0.24154871918139437,-2.079462943234786,-0.5103704921272798,0.13840084714226958,-0.36751827022892414,1.5752548030604053e-05,0.0002456158033101143,0.0003276702961116096,0.0013208592764354557,9.808333
698,0.9650164903852247,-22.272530406912935,0.15390908910325882,-2.074540186039851,-0.5085648956690181,0.14700119846901924,-0.36668093380735367,1.600311011178201e-05,0.0002450258077612881,0.00032516908625028625,0.0013408744847825756,9.816667
699,0.9658411931721581,-22.28911849494592,0.06605085544241159,-2.0717540919557598,-0.5063454758530742,0.15550543314878681,-0.3662442245555991,1.625663304677064e-05,0.0002445706217067435,0.0003229455300473078,0.0013628791650013216,9.825
700,0.9659060037236962,-22.305764683150187,-0.021926699613521863,-2.071093649668611,-0.5037094415967853,0.1639195664915412,-0.3662098945188127,1.6512096888391113e-05,0.0002442471532537179,0.0003210197498648823,0.001386901812630344,9.833333
701,0.9652102270560624,-22.322420330044363,-0.10992862699614023,-2.072536414560049,-0.500668447958504,0.17220313476577756,-0.36657836579872294,1.6768542663484576e-05,0.0002440530907390996,0.00031941529813431355,0.0014129845352740579,9.841667
702,0.9637522273244795,-22.339187142388308,-0.19785433376044734,-2.0761174046801854,-0.49720795682797114,0.18039067481084925,-0.36734992144308526,1.702507731208493e-05,0.00024398685668556528,0.0003181592900851732,0.0014411836846992601,9.85
703,0.9615300852803759,-22.356027784682198,-0.28561267522136546,-2.081846554207934,-0.49333591821216355,0.18844624825982767,-0.3685243492559981,1.7280878698675268e-05,0.0002440476657687201,0.0003172827164089881,0.0014715699880340418,9.858333
704,0.958550638767248,-22.37294281937508,-0.37309332676023316,-2.0897571953424854,-0.4890568070266338,0.1963537144014822,-0.37009616455409955,1.7535200703438014e-05,0.0002442355467079702,0.00031682066114155306,0.0015042296722406617,9.866667
705,0.9548155984260726,-22.38996265176058,-0.4601949216884732,-2.0999080639141954,-0.4843670022461727,0.20411032047856187,-0.3720619530201859,1.7787378509638886e-05,0.0002445509637218375,0.0003168126292298416,0.0015392644644173453,9.875
706,0.9503395914564543,-22.407219599574532,-0.5467824845291738,-2.1124044281964833,-0.4792446532782089,0.21176299941959872,-0.37441087999290884,1.803683397804384e-05,0.0002449951424647385,0.0003173029907913455,0.001576792604815286,9.883333
707,0.9451039856271729,-22.424483324540905,-0.6328138524569882,-2.1272563303739624,-0.47373201184708535,0.21917845327717306,-0.3771489085843138,1.8283081097113028e-05,0.0002455695160543133,0.00031834152483767655,0.001616947940293025,9.891667
708,0.9391284250370143,-22.441945984137785,-0.7181367403707022,-2.1446229267055354,-0.467795628529046,0.22643129220722152,-0.3802612687541064,1.8525731651787217e-05,0.00024627738118016695,0.00031998374661931377,0.0016598857303378243,9.9
709,0.9324254424435693,-22.45968285477658,-0.8026206584156927,-2.1646466490774854,-0.4614214807032188,0.23353618485731312,-0.38373634201615564,1.876450103425095e-05,0.00024712193600124135,0.0003222918398067942,0.0017057778197338397,9.908333
710,0.9249862070819805,-22.47755949920075,-0.8861931527668002,-2.187416866573986,-0.4546368996093805,0.24040597182647894,-0.3875729233315149,1.8999214333139506e-05,0.0002481068484800786,0.00032533536234684475,0.0017548142790712493,9.916667
711,0.9168272254312279,-22.495660798535425,-0.968710167514782,-2.2131200463287946,-0.44742781912082363,0.24705885340416006,-0.391756023958031,1.9229812806035617e-05,0.00024923736925996145,0.0003291919192830009,0.0018072081819341056,9.925
712,0.9079614282390367,-22.514060182608752,-1.0500327397335303,-2.241962721720231,-0.439780150625983,0.25350441088339204,-0.3962719337198284,1.9456360743230062e-05,0.0002505190145503743,0.0003339483529330935,0.0018631917075269985,9.933333
713,0.8984001557979249,-22.532770934398545,-1.1300271120232086,-2.2741545333839372,-0.43169378089105054,0.25972298170033936,-0.4011071739481543,1.967905281492673e-05,0.0002519579152775026,0.0003397019435179737,0.0019230165594884435,9.941667
714,0.8881521370082747,-22.551777283907413,-1.208563766187048,-2.30991977429169,-0.42317606332357305,0.26568081375576663,-0.40624898437785284,1.98982220350914e-05,0.00025356100467266744,0.0003465616545392185,0.00198695431148715,9.95
715,0.8772346663144839,-22.571115265191075,-1.2854866241489973,-2.349533769524796,-0.41422472623755985,0.2713672513121917,-0.4116797344595486,2.0114348450909512e-05,0.0002553362312786876,0.0003546495858713277,0.002055296454194824,9.958333
716,0.8656615247503551,-22.590847331803076,-1.3606379722713091,-2.3933147824901515,-0.4048294492496468,0.2767797331662941,-0.4173830482957145,2.0328068618558158e-05,0.00025729217340237075,0.00036410276949261784,0.0021283507244353227,9.966667
717,0.8534578520408107,-22.61111349437575,-1.4338214123472728,-2.4416554361362293,-0.394962139219772,0.2819461117195796,-0.4233365225741241,2.054018595584465e-05,0.0002594383576976686,0.00037507525577775016,0.002206438498576027,9.975
718,0.8406224812294958,-22.63172805112813,-1.5049248578103085,-2.4948381704427907,-0.38467805795489785,0.2867563029873991,-0.42953012362469667,2.0751682072199514e-05,0.0002617847317587914,0.0003877406234844972,0.002289886215919707,9.983333
719,0.8271851534041363,-22.652875498555723,-1.5737208729178422,-2.553363367112799,-0.3739407866544916,0.2912534090705283,-0.4359383585520039,2.096372926797744e-05,0.0002643433137543801,0.0004022934099960652,0.002379030530319268,9.991667
720,0.8131672227338594,-22.674602622242194,-1.6400057634859182,-2.6177180147296992,-0.36275056215427715,0.29542048928761827,-0.44253957658250204,2.1177704052609857e-05,0.0002671263669239004,0.00041895308642506547,0.002474196241536524,10.0
721,0.7985916953560861,-22.69691982292035,-1.7035670664982763,-2.6884270233356657,-0.35112081350963353,0.2992259791540348,-0.4493111398525996,2.139520169730103e-05,0.00027014712703768006,0.0004379666885950503,0.002575687690568971,10.008333
722,0.7834848254194229,-22.71993805524468,-1.7641578447852482,-2.766127736756154,-0.3390381930429744,0.3026729189497818,-0.4562288027608228,2.1618051786768255e-05,0.0002734198240577586,0.00045961187165612127,0.0026837727726456706,10.016667
723,0.7678748856155131,-22.743639095308726,-1.8215329340127497,-2.851460684170814,-0.32653100585347494,0.3057176781845313,-0.46326743479093946,2.1848334464683205e-05,0.00027695958727993016,0.0004842008941714112,0.0027986580011281396,10.025
724,0.7517921219501473,-22.768148335669245,-1.8754026770511985,-2.9452171569876726,-0.3135873167430431,0.3083637979139201,-0.4704011857871975,2.2088396921780202e-05,0.0002807824436332423,0.0005120832514194818,0.0029204642007873345,10.033333
725,0.7352635922054234,-22.793543092857107,-1.9254716305396435,-3.048246069510105,-0.3002111686745719,0.31059362310963967,-0.47760587115599284,2.2340869417472284e-05,0.0002849052704256698,0.0005436498423111512,0.003049188288956374,10.041667
726,0.7183257290155541,-22.819901084621858,-1.9714015594500143,-3.1614937033975314,-0.2864126679659317,0.3123896273865548,-0.48485360368458275,2.2608679892661875e-05,0.0002893460841423479,0.0005793353360034566,0.0031846669153573815,10.05
727,0.7010158736271838,-22.847321219286982,-2.012821704721,-3.286018092730823,-0.2721989315589796,0.3137376696628363,-0.49211678387216484,2.2895065360279567e-05,0.00029412338811112297,0.0006196197293241875,0.003326528740749371,10.058333
728,0.6833737477603389,-22.875946843921035,-2.049315195426391,-3.423013662040564,-0.25756748023360104,0.31463225912972537,-0.49936764744728795,2.3203577705164496e-05,0.0002992561087948757,0.000665028119142114,0.0034741488350658024,10.066667
729,0.665445817846442,-22.905960417136505,-2.080402928587777,-3.5738183692708763,-0.24250953185739535,0.315074025086798,-0.5065767447780354,2.3538080637552883e-05,0.0003047633297550142,0.000716127692920206,0.0036266079939623916,10.075
730,0.6472773399951184,-22.93737123993512,-2.105610687315845,-3.7397684302231133,-0.227074830760358,0.31501577639696726,-0.5137164534372738,2.390273301531184e-05,0.0003106635874102518,0.000773520068769815,0.0037826701213609423,10.083333
731,0.6289269641573857,-22.970374592136412,-2.12434045156454,-3.922438186260147,-0.21126327188657468,0.3144583297807379,-0.5207555102534086,2.4301951585807707e-05,0.00031697472671760886,0.000837823069656041,0.003940830449996825,10.091667
732,0.6104463745994354,-23.0050596781105,-2.1359890819786895,-4.123424419358246,-0.1951108302827348,0.3133712025220275,-0.5276672872296333,2.4740343860827284e-05,0.0003237123272477123,0.0009096472504056736,0.004099417832652125,10.1
733,0.5919026931813396,-23.04161621515555,-2.1398281234373058,-4.344474931069655,-0.17863127386997624,0.31174832069143715,-0.5344215239094122,2.5222599641514845e-05,0.0003308897805458052,0.0009895529524209068,0.004256892533255694,10.108333
734,0.5733637265879621,-23.08020398595184,-2.135073165369326,-4.587349853365915,-0.16185284043408837,0.3095732768866485,-0.5409903483030728,2.5753324703804455e-05,0.0003385161531287455,0.0010779913869097136,0.004412361561029426,10.116667
735,0.5549053944484793,-23.120958974674956,-2.120859946847672,-4.853759307900758,-0.1448178785861213,0.3068269460121247,-0.5473458869112732,2.6336796945806578e-05,0.0003465953171752233,0.00117521722061488,0.004566507586008081,10.125
736,0.536622700185206,-23.164205028268107,-2.096130314591456,-5.145410546531633,-0.12751976171825585,0.3035233587152133,-0.553457129108981,2.6976620359290786e-05,0.00035512432346962734,0.0012811693623927165,0.004723073637080657,10.133333
737,0.5186050048353984,-23.21011004892485,-2.059828811046904,-5.4636089550721305,-0.11000227657574899,0.29964454040633104,-0.5592988121110496,2.7675248793072537e-05,0.0003640907473540634,0.0013953208798833407,0.004891033701961796,10.141667
738,0.5009539171897347,-23.258892335263248,-2.0107840447561744,-5.80920764193244,-0.09229896029666887,0.29518278929803693,-0.5648455855420884,2.8433353002588695e-05,0.0003734730687338079,0.00151648461282785,0.005087705550064121,10.15
739,0.4837982452382059,-23.310832339209288,-1.9476607617157933,-6.18225931574365,-0.0744305302224423,0.2901465570941554,-0.5700680523000865,2.92490085366869e-05,0.00038323996750735354,0.0016425985301461656,0.005342600825063376,10.158333
740,0.4672450241600835,-23.366092146267885,-1.8692410778031572,-6.581686269051832,-0.05644736631241643,0.28451870385439915,-0.5749480973700188,3.011669640877802e-05,0.0003933494063167484,0.001770511955775577,0.005701462509916555,10.166667
741,0.4514381302856042,-23.424897207943825,-1.7741826751946652,-7.00477745377028,-0.03838178434060671,0.2783059338734699,-0.5794610931526352,3.102615357449282e-05,0.00040375534821449196,0.0018958245330827587,0.006229367378208198,10.175
742,0.4365346618798811,-23.487447080248128,-1.6612125989578612,-7.446624302471633,-0.02026500815833388,0.27151806675270174,-0.5835835686062606,3.196115913143859e-05,0.0004144099879836108,0.0020128602096132564,0.0070100164973563505,10.183333
743,0.42268631900273995,-23.553845357822613,-1.5293348411409888,-7.899712300401691,-0.0021395987568484953,0.2641570861581507,-0.5872980236860967,3.289842844306333e-05,0.00042527087346925146,0.0021148827001677673,0.008137569754652402,10.191667
744,0.4100640613632685,-23.624112873270683,-1.377856718900306,-8.353312999768788,0.015950221157501044,0.2562359214301686,-0.5905855193702766,3.380691662542929e-05,0.0004363105955862462,0.00219466411971896,0.00969701390832243,10.2
745,0.39884984218650327,-23.698216254003263,-1.20656191694151,-8.793282199974875,0.03397511950181533,0.24777441129885375,-0.5934273713238578,3.4647925915416423e-05,0.00044751971183879614,0.00224544305854449,0.011730608882179834,10.208333
746,0.3892034708896401,-23.77590787080059,-1.0160803921388109,-9.20265171835051,0.05188532748372955,0.2387849072290434,-0.5958122133252417,3.537645523134713e-05,0.0004589012486412491,0.0022621942056667943,0.014194557021127154,10.216667
747,0.3812900439514014,-23.85683621734345,-0.8078596707038276,-9.562169705385726,0.06964635892473074,0.22929030871836456,-0.597727238539758,3.594417552019237e-05,0.00047045406499819165,0.0022429315828012305,0.016921373578917404,10.225
748,0.3752223987277856,-23.940701070927396,-0.5843586793421228,-9.852888093883516,0.08726575942235647,0.21927658206101716,-0.5991702433099273,3.630408285335316e-05,0.0004821336534161309,0.002189540783894199,0.019610481112864928,10.233333
749,0.37118058541054466,-24.026252647703757,-0.34916959332286707,-10.055371301041243,0.10459786160256099,0.2088509338937438,-0.6001192276838684,3.641640129925213e-05,0.000493807804321217,0.002107715630399349,0.021871041477911354,10.241667
750,0.3691945477982833,-24.1131064220051,-0.10662500627628983,-10.15725021203188,0.1216958925630429,0.19797462898349383,-0.6005819416933316,3.62545602160087e-05,0.0005051973222106695,0.002005723797845972,0.023316777434242826,10.25
751,0.36933810985592236,-24.19996895554149,0.1381888803060374,-10.150496731056922,0.1384633908344663,0.18673996072148424,-0.6005485735095543,3.5809951401020244e-05,0.0005158751558018531,0.0018925524429893239,0.0236856351616323,10.258333
752,0.371575509517084,-24.286212534059175,0.38017318265279076,-10.036382220714275,0.15492384296855108,0.17512507878336245,-0.6000269346762501,3.509398804198059e-05,0.0005252801421692441,0.0017758881275065134,0.022926034320715865,10.266667
753,0.37585872405459736,-24.370795089491363,0.6143499926444148,-9.822900881333187,0.1710227193472282,0.16318347046421852,-0.5990199471723231,3.4136816359307485e-05,0.0005328030428049277,0.0016609537497038148,0.021206539009831646,10.275
754,0.3821134892519955,-24.45283883803556,0.83641498739128,-9.523910911777502,0.18673058862278769,0.15097167130200811,-0.5975297100670942,3.2982949604221066e-05,0.0005378845411648396,0.0015503705256586311,0.01884749913152469,10.283333
755,0.39022110502203755,-24.5316978629646,1.0429757790655478,-9.157524747739505,0.20203238098655021,0.1385274636743217,-0.595563238889763,3.1684991156857296e-05,0.0005401114059802402,0.0014448934814720344,0.016213232566279715,10.291667
756,0.400011609760648,-24.60692484047821,1.2316740255879923,-8.743861930998355,0.2169051306262575,0.1258724075527314,-0.5931364210709753,3.0297105237895843e-05,0.0005392828704507632,0.0013444166680318945,0.01361666853091128,10.3
757,0.4113260356695153,-24.678115970928147,1.4011337057568063,-8.301724263292071,0.23132392023437778,0.11306474905384988,-0.5902610601460927,2.8869613005281116e-05,0.0005354312895393599,0.0012487410414509282,0.011268160351370056,10.308333
758,0.4239690071892517,-24.745307222803422,1.5509550049163012,-7.848064001772297,0.24528348562788682,0.10009001339560503,-0.5869586983533867,2.7445364190918023e-05,0.0005287882947272415,0.0011579347424129846,0.009271001466822065,10.316667
759,0.43779830674304243,-24.808351114866344,1.6813149184491043,-7.395918416909366,0.25877170798144983,0.08701684311019879,-0.5832390460518726,2.6058070861549793e-05,0.0005197348261158437,0.001072347964908575,0.007644840633009832,10.325
760,0.4526394466537494,-24.867348184910163,1.7929443445967062,-6.955681349660166,0.27177581595687633,0.0738699143256052,-0.5791231771346247,2.473214844592205e-05,0.0005087270346952326,0.000992463390135929,0.0063586307843359925,10.333333
761,0.4683318501777776,-24.922467082994356,1.8868994169665945,-6.534581744423615,0.28428603386511675,0.06067490132575258,-0.5746325086299521,2.3483664336285204e-05,0.0004962471505539217,0.0009187161754090758,0.005358139681036677,10.341667
762,0.4847186314810375,-24.974019031852517,1.964442945907526,-6.137279582824373,0.29629394227788486,0.04742737103027471,-0.5697921172871613,2.2321790398828302e-05,0.00048275864760901336,0.000851372109193088,0.004584782217896027,10.35
763,0.5016781113962078,-25.022134562457154,2.0268466340528306,-5.766170642003742,0.3077931248652165,0.034183483625671064,-0.5646214611657254,2.1250397300860374e-05,0.0004686791654343994,0.00079048005737259,0.0039856340469347174,10.358333
764,0.5190885162770715,-25.067227482012896,2.0754316533021298,-5.422215774744398,0.3187830295430416,0.020914601395477336,-0.5591444108634447,2.026952478692903e-05,0.00045436188915396836,0.0007358833865788985,0.0035173644694245867,10.366667
765,0.5368180671069913,-25.109384508102778,2.1114410009123374,-5.105430064605544,0.32924119555028075,0.007691393315474981,-0.5533927992822897,1.9376636810320495e-05,0.00044009397150212556,0.0006872620797066484,0.0031464858692461305,10.375
766,0.554792669940351,-25.14898587351321,2.1360306363761774,-4.814759452030683,0.3391795452033293,-0.005510335946773667,-0.5473841292816375,1.856761027580764e-05,0.00042610221399054255,0.0006441841036785888,0.0028480594454427803,10.383333
767,0.5729045806251281,-25.18619009412953,2.150276565743189,-4.548970349292265,0.3485837878900359,-0.01864917021296052,-0.5411506850652622,1.7837451540168363e-05,0.0004125519249120066,0.0006061564444452878,0.002603964427853573,10.391667
768,0.5910675553791541,-25.221297265134694,2.15516145435755,-4.306469913147103,0.3574469080499884,-0.03173708737398885,-0.5347214021212533,1.7180819981150198e-05,0.00039956234675836096,0.0005726641835077592,0.0024011540778980014,10.4
769,0.6092152933542626,-25.25439895897149,2.151543556674683,-4.085499521852454,0.3657738124518585,-0.044720057756614466,-0.5281213376059309,1.6592366865418754e-05,0.0003872125936279867,0.0005431997870768957,0.002230271259159751,10.408333
770,0.6272696138549737,-25.28581226029568,2.1402242750237197,-3.884364660187966,0.3735523014436506,-0.05763085198179559,-0.5213826576153109,1.606694741538612e-05,0.0003755482361108654,0.000517282329108751,0.0020845842127288944,10.416667
771,0.6451817564397149,-25.31561539185516,2.1218893643610848,-3.7013280299097318,0.3807923270206485,-0.07042389520365915,-0.5145290966918621,1.5599743880561842e-05,0.00036459100190579794,0.0004944682793932688,0.0019591913736768368,10.425
772,0.662888935493668,-25.34409449000645,2.097175682549678,-3.5348198670088524,0.38748087729750064,-0.08313696435598757,-0.5075916937484601,1.5186320502438242e-05,0.00035434203567573976,0.0004743569010430651,0.0018504802640190755,10.433333
773,0.6803165341474503,-25.371462613773907,2.0666533738267217,-3.38339655189022,0.39359708277903693,-0.0957865494317612,-0.5006084158819034,1.4822639951922454e-05,0.0003447895141768596,0.000456591164733815,0.0017557329444347688,10.441667
774,0.6974711523369908,-25.397495223486903,2.030788534811998,-3.2455187574125537,0.399201018237321,-0.10823076086793902,-0.49358602301547516,1.4505052449262462e-05,0.00033591393059897166,0.0004408563279874544,0.0016728596878261128,10.45
775,0.7142807274540933,-25.422589804650297,1.990048866022344,-3.1200309398163872,0.4042541182210336,-0.1205679360082638,-0.4865639663847312,1.4230265887439159e-05,0.0003276836664831995,0.0004268776667742233,0.0016002378094999614,10.458333
776,0.7307070338225191,-25.446743839219607,1.944832334080364,-3.0057665354754763,0.4087714673817451,-0.13274710811288684,-0.4795691873111121,1.3995314549518936e-05,0.000320066639936742,0.000414416200586673,0.0015365636023977657,10.466667
777,0.746706369915036,-25.470270054159588,1.8955092253657089,-2.9017364450513115,0.4127232460318361,-0.1448489000014635,-0.4726318133910482,1.3797520662618736e-05,0.000313028426363863,0.00040326524987538263,0.0014807764821348926,10.475
778,0.7622673300887398,-25.492806891954224,1.842396640922584,-2.8068962715031587,0.41618742084667526,-0.15668533284498826,-0.46576845092411284,1.3634457596997268e-05,0.0003065343691567219,0.0003932464574997943,0.0014319975919404632,10.483333
779,0.7773397428721364,-25.514924601622365,1.7858039619055714,-2.7205262833288804,0.41908703504523664,-0.16845061836821074,-0.45901302694407276,1.3503914534151419e-05,0.0003005482211093423,0.00038420674651763563,0.0013894929446575852,10.491667
780,0.7919055716791541,-25.53642458290008,1.7259994025931016,-2.6418085092602963,0.421472986352028,-0.1800287213045808,-0.45238555896153543,1.3403865255497654e-05,0.0002950364792425154,0.00037601444486278055,0.0013526364250044938,10.5
781,0.8059390212159211,-25.557351647970066,1.6632323491048573,-2.570064954301501,0.42335696643408416,-0.1914055505536179,-0.4459095276678849,1.3332439354821845e-05,0.0002899661895093157,0.00036855694839972526,0.0013208928779109882,10.508333
782,0.8194167928557619,-25.57776255993291,1.597733025273988,-2.5046912915591095,0.4247485549027633,-0.20257505003282347,-0.43960724162394477,1.328789762478996e-05,0.0002853062308305487,0.000361738009069837,0.0012938003561858372,10.516667
783,0.8323172147422503,-25.597777222659683,1.5297160813032322,-2.445161566651088,0.4256430204392627,-0.21356071929750203,-0.43350011649418846,1.3268610683917301e-05,0.00028102743601426185,0.00035547553113491226,0.0012709579618071032,10.525
784,0.8446190476377026,-25.61736729114112,1.4593756449361273,-2.3909768975040286,0.4260647082140245,-0.22432518717863584,-0.42760915271748823,1.3273040775983303e-05,0.0002771026783414913,0.00034969965549134076,0.0012520163516988039,10.533333
785,0.856302336387739,-25.636577049710006,1.3868938130174202,-2.3417062094819197,0.4260233309794773,-0.23486392782956242,-0.42195446382473656,1.3299726483561427e-05,0.0002735069505674619,0.0003443511840613472,0.001236670373315889,10.541667
786,0.8673506597422103,-25.65547694372254,1.3124437446503456,-2.296969632619277,0.42552212224204644,-0.24518588707483976,-0.41655409845294866,1.3347270038855707e-05,0.0002702173080697954,0.00033938015453549884,0.0012246531233064363,10.55
787,0.8777485096114077,-25.674120197932343,1.2361874155718013,-2.2564261171224826,0.42456644946076927,-0.255294196280894,-0.4114252253005016,1.3414326904366699e-05,0.0002672126545751384,0.0003347446574950768,0.0012157312467128768,10.558333
788,0.887480507816026,-25.692516616537922,1.1582749223327473,-2.2197634278511393,0.423171319771326,-0.26517467071294687,-0.40658448176396805,1.3499597394304334e-05,0.00026447370126890025,0.00033040984315720474,0.0012097009750410836,10.566667
789,0.8965310033032224,-25.710652679975354,1.0788452475845427,-2.186698793169648,0.4213578059626628,-0.27480428318211536,-0.402048153801376,1.3601820091550567e-05,0.00026198293661958583,0.00032634708190408594,0.001206384879736914,10.575
790,0.9048879267793503,-25.728563360556212,0.9980347825231177,-2.1569902944504253,0.4191349185243043,-0.2841822608510187,-0.3978302092189938,1.3719766837495176e-05,0.00025972458339667875,0.0003225332491111232,0.0012056291963649492,10.583333
791,0.9125406451466685,-25.746324150437854,0.9159756199667972,-2.130433721929448,0.41649876856863527,-0.2933256752982031,-0.3939433165668173,1.3852239079052829e-05,0.0002576843341987258,0.00031895012670461525,0.0012073016260360258,10.591667
792,0.9194775761525807,-25.763914944170093,0.8327882168909908,-2.1068288822157193,0.41347110401646703,-0.3022117945808981,-0.39040003846771976,1.3998065407826552e-05,0.0002558492514140261,0.00031558391663441424,0.0012112894211325712,10.6
793,0.9256907975279677,-25.781403634164953,0.7485953114987681,-2.0860191985603835,0.41004794168446046,-0.3108556785907068,-0.3872104663929535,1.4156100169710627e-05,0.0002542077899236004,0.00031242484264894677,0.0012174979526454533,10.608333
794,0.9311701825747996,-25.798787883440095,0.6635079151117428,-2.0678540503196414,0.40624439091036646,-0.31924289066936556,-0.3843852030020573,1.4325222997922891e-05,0.0002527495622318485,0.0003094668296539534,0.0012258493803660117,10.616667
795,0.935907833878866,-25.81609350149052,0.5776365081792989,-2.052209318287898,0.40206681690185375,-0.3273712064552148,-0.3819330839381009,1.4504339160026993e-05,0.00025146543788097977,0.00030670724781966255,0.0012362817536201722,10.625
796,0.9398992069869173,-25.833327334474337,0.49109194086366686,-2.038974512653104,0.3975277469470996,-0.335231489263589,-0.379860568747638,1.469238061595906e-05,0.00025034738295265434,0.0003041467223527772,0.001248748229267443,10.633333
797,0.943135431612104,-25.85048276767217,0.4039726734855481,-2.028054436224712,0.3926424719351635,-0.34280829508077654,-0.37817571938512357,1.4888307717052902e-05,0.00024938828368280855,0.00030178899441942554,0.001263216519288045,10.641667
798,0.9456114180168343,-25.86757700425249,0.31638119973222,-2.0193759001312475,0.3874188811284637,-0.3500965298904798,-0.37688399140824985,1.5091111457503158e-05,0.0002485821624355172,0.00029964083014062697,0.0012796686336008728,10.65
799,0.9473265770263508,-25.88467566800546,0.22842727362351298,-2.012894022240237,0.3818479185628717,-0.35711038713486787,-0.3759878337999615,1.5299816179844898e-05,0.00024792394905324673,0.0002977119869803379,0.0012981006245495925,10.658333
800,0.948276534312145,-25.901773814094167,0.1402078166573812,-2.0085616786832685,0.3759429646170969,-0.3638349897978523,-0.37549101218232234,1.55134827105687e-05,0.0002474092798222507,0.00029601523894464635,0.0013185223290936166,10.666667
801,0.9484603845084792,-25.91890553256676,0.05182569722463696,-2.0063569474772214,0.3697037542257793,-0.37027067868243424,-0.3753948205495305,1.5731211877658477e-05,0.00024703472213825743,0.0002945664133001987,0.0013409577434310381,10.675
802,0.94787330947304,-25.936036644722975,-0.03662895525378502,-2.0062541425582254,0.36315358344004545,-0.3763908096332084,-0.37570193762384557,1.595214835185252e-05,0.00024679760357866355,0.00029338450063289695,0.0013654450947522693,10.683333
803,0.9465174031976016,-25.953237020093045,-0.12504904099515493,-2.0082708317856293,0.3562784429210866,-0.38220822113976094,-0.3764107589839931,1.6175484785337982e-05,0.00024669621827420754,0.0002924917699449514,0.0013920376303468364,10.691667
804,0.9443957146949649,-25.970528391055034,-0.2133292934816916,-2.012426481694055,0.3490814527471365,-0.38771693561068005,-0.37751851592287844,1.6400466203757797e-05,0.00024672948878504136,0.00029191400405348807,0.0014208035742353678,10.7
805,0.9415070952743676,-25.987898799950333,-0.30137527986854923,-2.0187452214402337,0.34157741818162796,-0.39289720725401156,-0.37902396308989694,1.6626394665939537e-05,0.0002468969876798727,0.00029168072132323503,0.0014518268103717793,10.708333
806,0.9378543208482543,-26.005397353064357,-0.3890817267497654,-2.027284525882179,0.3337581703126832,-0.3977506310732751,-0.38092313123035915,1.685263417206459e-05,0.0002471991857974673,0.00029182545287804274,0.0014852080476911757,10.716667
807,0.9334428807520234,-26.02303411488908,-0.4763405518886693,-2.038106693872115,0.32563112435078273,-0.4022648406359682,-0.3832099705359508,1.7078615787715647e-05,0.00024763727102410934,0.000292386137336813,0.0015210652663452616,10.725
808,0.9282913785941392,-26.04101095336234,-0.5630055637493584,-2.0513532249704705,0.31712893514680346,-0.40649147224131493,-0.38587100715620354,1.7303843037527676e-05,0.00024821307320851526,0.000293405511873847,0.0015595346026838902,10.733333
809,0.9223903230648216,-26.059107718899202,-0.6490125407568083,-2.06704437053206,0.3083479248347342,-0.4103360742176393,-0.38890664191007207,1.752789758320314e-05,0.00024892851947744233,0.00029493179072430186,0.0016007691283904718,10.741667
810,0.915733361058659,-26.07722323073583,-0.7342825755366748,-2.085252550652982,0.29934009606180745,-0.4137475823825937,-0.3923148705291029,1.7750445223646492e-05,0.00024978715483754156,0.0002970188713179448,0.0016449444750621315,10.75
811,0.908357413890149,-26.09588407536973,-0.8186040945344871,-2.1062926161870674,0.289907497921242,-0.4168740833160191,-0.396070895149434,1.7971242189278328e-05,0.0002507938544309403,0.00029972704659495035,0.0016922599053981614,10.758333
812,0.9002535082958689,-26.114893133632048,-0.9019058431990105,-2.1302461557654473,0.2801398300099033,-0.4196259606036439,-0.40017276457236767,1.8190141756672922e-05,0.0002519526700582634,0.00030312459306959305,0.001742930451914312,10.766667
813,0.891437248799751,-26.134177061056494,-0.9840585143531576,-2.1572654148790584,0.27008372633274996,-0.4219618586968704,-0.4046053425886746,1.840710140289728e-05,0.0002532695011705812,0.0003072878760050727,0.0017971972390201426,10.775
814,0.8819184327027907,-26.15350306502723,-1.0649576412522952,-2.187463123950219,0.25985395598709365,-0.42379976282522447,-0.409355829643528,1.8622190556642465e-05,0.0002547507267987813,0.0003123024408311798,0.001855324822115308,10.783333
815,0.8717144276148934,-26.17320862454172,-1.1444300630482354,-2.221189495334997,0.24932694775236883,-0.42521214625277753,-0.4144070661554822,1.8835598950748514e-05,0.00025640366010222325,0.0003182638093284285,0.0019176042821625974,10.791667
816,0.8608286074490558,-26.193198271633374,-1.2223636001252327,-2.258658794308243,0.23856005666921554,-0.4261490707560459,-0.4197482358887757,1.9047645507424486e-05,0.0002582362073901856,0.0003252799886833707,0.001984347322985008,10.8
817,0.849284773114225,-26.21379196286312,-1.298559618076176,-2.300292229313111,0.22743952138584628,-0.42666664606588367,-0.42535790802883544,1.925878798970918e-05,0.00026025777270743765,0.0003334722486604222,0.0020558919764837617,10.808333
818,0.8370982319983233,-26.234755496770774,-1.3728871191006389,-2.3463233682161815,0.216087628859635,-0.426684141832091,-0.4312183813786615,1.946963358223597e-05,0.00026247813949969263,0.00034297805357926746,0.0021325925763508074,10.816667
819,0.8242799319644533,-26.25617900668846,-1.4451838124104674,-2.3971521396023743,0.2044896269423384,-0.4261963980615071,-0.43731354361416785,1.9680950510571633e-05,0.00026490817678640095,0.0003539516980520647,0.0022148247761596307,10.825
820,0.8108588131473213,-26.278430740714935,-1.515208590009141,-2.4533623117683687,0.19251811228989216,-0.4252552948053047,-0.44361833072630114,1.989368067155271e-05,0.0002675601726223082,0.0003665675472705642,0.002302978938365343,10.833333
821,0.79685503878281,-26.301302252931638,-1.5827968620405193,-2.5153322938347955,0.1802925585937146,-0.42378842470406636,-0.45011162735323557,2.010895344657887e-05,0.00027044683757992787,0.000381024028785952,0.0023974431257367894,10.841667
822,0.7822833388677365,-26.324488664134456,-1.6478046221671996,-2.583434984296424,0.1679738054793833,-0.42171594682527264,-0.45677453250158123,2.032810074980955e-05,0.00027358208673367067,0.0003975445699832782,0.002498604207299831,10.85
823,0.7671768414647456,-26.348246948837506,-1.7099666984569664,-2.658380347762611,0.1554898244721607,-0.4190697021924504,-0.463579563684539,2.0552672892416184e-05,0.0002769814996440901,0.00041637991843199894,0.002606841327639587,10.858333
824,0.7515612287563513,-26.372767923920012,-1.7690234194148358,-2.740920636859155,0.14279946583639058,-0.41585816733607983,-0.47050272038822316,2.0784455258158245e-05,0.00028066118603940467,0.00043781434258847974,0.0027224909383074284,10.866667
825,0.7354723648873067,-26.398444118636707,-1.8246398370828731,-2.8320121196385823,0.12978506908652634,-0.41211300131947626,-0.4775156779223683,2.1025485924175385e-05,0.00028463847921496077,0.00046216948426294795,0.0028458248303619136,10.875
826,0.7189345379213866,-26.424963580086988,-1.8765988429153746,-2.932320069238469,0.1166239767299324,-0.40776043283306035,-0.4845954912537791,2.127807382422784e-05,0.00028893132660411564,0.0004898102580454373,0.0029770054806138764,10.883333
827,0.7019844380613554,-26.452678424103716,-1.924524588551417,-3.0429778431706866,0.10322559510091293,-0.40282016454647523,-0.4917142505834187,2.154481612712621e-05,0.00029355929634223497,0.000521143647540164,0.0031160760117716164,10.891667
828,0.684658988567845,-26.481140179742415,-1.9681645340358656,-3.1647647278386293,0.08982763368642414,-0.39722479157076035,-0.49884463900483444,2.182861358834962e-05,0.0002985426197988734,0.0005566268699507244,0.003262887075598538,10.9
829,0.6670013788102804,-26.510834959891582,-2.00704747079022,-3.29912654862058,0.07629527559024574,-0.3910094661228106,-0.505957647437968,2.213268159681618e-05,0.00030390231001373505,0.0005967618616086934,0.0034170863186935626,10.908333
830,0.6490605009415068,-26.541881787750047,-2.040719257277858,-3.447428464098455,0.06264959456735646,-0.38416760686096485,-0.5130231874050774,2.2460554432314544e-05,0.00030965951105665153,0.0006421036094919017,0.003578027133563551,10.916667
831,0.6308819932913985,-26.574377710267235,-2.068697759930845,-3.6111487313060735,0.048925419948008,-0.3766887031776711,-0.5200138814082135,2.2816079738479945e-05,0.0003158349573532403,0.0006932531281667996,0.0037447485262802607,10.925
832,0.612518525113472,-26.60851726554283,-2.090413922709189,-3.7919688233835065,0.03512739037146173,-0.3685697722897699,-0.5269012261097502,2.320339598583254e-05,0.00032244899037033487,0.000750847112998465,0.003915986792079167,10.933333
833,0.594024390177366,-26.64443237176572,-2.105255583744013,-3.9916568430752255,0.021291033230567257,-0.3598032058479883,-0.5336579968870373,2.3626885403791107e-05,0.00032952050064251565,0.0008155407172661758,0.00409024798955231,10.941667
834,0.5754767272082808,-26.682313209656723,-2.1124740944512728,-4.212131594040379,0.007438002923523291,-0.3503941213286811,-0.5402510051141147,2.409109124513663e-05,0.00033706619791998505,0.0008879750495940066,0.004266038505476717,10.95
835,0.5569377969103778,-26.722301445529663,-2.111306991235681,-4.455335966765337,-0.00638681077010244,-0.34033780752340154,-0.546655191226015,2.4600583393880613e-05,0.00034509771189048156,0.0009687290443879335,0.004442304463683125,10.958333
836,0.5384954944104343,-26.76463260718269,-2.1008177181906285,-4.723281852618522,-0.020164630684313706,-0.32964266367355,-0.5528395921346192,2.5159753937970537e-05,0.0003536220815797234,0.0010582432380453974,0.004619302797484723,10.966667
837,0.5202354651150646,-26.80949677543107,-2.0800111150041656,-5.01783569966415,-0.033855116223844475,-0.3183141605160952,-0.5587776292912984,2.577251688828725e-05,0.0003626380951451212,0.0011567156653648418,0.00479999108344965,10.975
838,0.5022549560255405,-26.857112736003344,-2.047769652663299,-5.3406181920898295,-0.04742309107739327,-0.3063624834395176,-0.5644427268106452,2.6441882921361358e-05,0.0003721355093942045,0.0012639548754793753,0.004992266257116607,10.983333
839,0.48468004276962384,-26.907652858787788,-2.002827279848737,-5.692649392068418,-0.06081914361927766,-0.2938150650572658,-0.5698036960136468,2.7169376606045994e-05,0.0003820931069355821,0.0013791922882693368,0.005212183300569022,10.991667
840,0.46761766868522625,-26.961520438254762,-1.9438358884802527,-6.074379130651385,-0.07405892321658313,-0.2806720529675918,-0.5748399666437239,2.795426259545486e-05,0.00039247568055206645,0.0015008542263655385,0.005488173308456606,11.0
841,0.451205442880509,-27.018848636448457,-1.869420303074746,-6.48473622869131,-0.08708115328899763,-0.2669615715456744,-0.579526448693864,2.8792569516753295e-05,0.0004032377113907717,0.0016263242389620801,0.005865873557788787,11.008333
842,0.4355713593506901,-27.079803616761062,-1.7782604785372982,-6.9210475446663136,-0.09984028212916012,-0.2527029288435848,-0.5838455793223444,2.967592135451023e-05,0.0004143237067470267,0.001751718926455324,0.006412262571950181,11.016667
843,0.4208987174597143,-27.144602453602058,-1.6689116611134531,-7.378049318938271,-0.11232470438593009,-0.23793468394608872,-0.5877693081780371,3.0590247263905874e-05,0.00042567610919304273,0.0018717850271149803,0.007216454098698901,11.025
844,0.4073509102870682,-27.213293505294185,-1.5403002137538275,-7.847517198560664,-0.12449362672887038,-0.22269246230868625,-0.5912798971813493,3.151451976936746e-05,0.0004372378981034639,0.0019800111118633045,0.008382281771796965,11.033333
845,0.3950979729465203,-27.285859026601035,-1.3917203183916627,-8.317785167725408,-0.13631673243104644,-0.20701366746986802,-0.5943615083566546,3.241980920705396e-05,0.0004489659605523829,0.002069104738336499,0.010008140039504669,11.041667
846,0.38429393537699674,-27.362307354828364,-1.223032619376951,-8.77394911578544,-0.1477893557289881,-0.19090887555291172,-0.5970047070537498,3.326908212972831e-05,0.000460837984240109,0.0021319110436435877,0.012150355384385756,11.05
847,0.3751454714982833,-27.442224530503776,-1.0348039859441271,-9.196797349643491,-0.1588741282416445,-0.17445569470759892,-0.5991883966129072,3.4018246582144e-05,0.00047285275098399104,0.0021627309971126397,0.014774317226272845,11.058333
848,0.36781442606952536,-27.525124040569494,-0.8286724022327945,-9.565390650074628,-0.16955320355891487,-0.15770510220293074,-0.6009020923395694,3.4618839761917684e-05,0.0004850037340064822,0.002158710048598897,0.017707720391316108,11.066667
849,0.36243946325091836,-27.610345895393838,-0.6073729084151258,-9.858660027333492,-0.1798152801306473,-0.1407081346262442,-0.6021380228465394,3.502252996383908e-05,0.0004972447976511112,0.002120916096777914,0.02062680625181939,11.075
850,0.359132658087,-27.69704320553636,-0.3747115527203982,-10.057898935663507,-0.18965414124436678,-0.12352231345609192,-0.602889755646351,3.518708689925708e-05,0.000509435904456889,0.0020544577254576818,0.023101858698363894,11.083333
851,0.3579607796967682,-27.78424535713966,-0.135398493933402,-10.149790810437965,-0.1990677903588307,-0.10620303698866364,-0.603154575919007,3.508273582012673e-05,0.0005212903592284307,0.001967391687528697,0.024705601763398245,11.091667
852,0.3589429812846823,-27.870939508215347,0.10532924403276636,-10.128565331243657,-0.20806059549352385,-0.08880028647863682,-0.6029326748486868,3.469736174847121e-05,0.0005323528292803223,0.0018687237092551983,0.025148018983428302,11.1
853,0.36205326167715474,-27.956090897811478,0.3421459383151894,-9.99684543906099,-0.21663916886589835,-0.07136973102882682,-0.6022261574209192,3.403906201744284e-05,0.0005420281328146892,0.001766291607816586,0.024372783532285423,11.108333
854,0.3672474979073329,-28.038894595932753,0.5701999416676242,-9.764450032819656,-0.22483863267231305,-0.05393613949035264,-0.60103327261552,3.3135211257867665e-05,0.0005496631656026223,0.0016654016216998252,0.02256548802243693,11.116667
855,0.3743402676096154,-28.118173817489936,0.785082774409898,-9.449829783942448,-0.23260929972059902,-0.03662245976549449,-0.5993781959666346,3.2028249823880054e-05,0.0005546554621888167,0.0015686312799960947,0.020073987413254984,11.125
856,0.3832245589574583,-28.193583391044015,0.9838342732554153,-9.071871492725242,-0.2400056680181006,-0.019422810358527692,-0.5972625439728847,3.0769621421983786e-05,0.0005565813454266504,0.0014765394264000659,0.017289099390225948,11.133333
857,0.39372634687560387,-28.264731560807476,1.1644016263533388,-8.651266470119332,-0.24703783702414486,-0.0023722096439122457,-0.5947009268328387,2.9413134185572506e-05,0.0005552416880771994,0.00138869696241451,0.014542284526974076,11.141667
858,0.4056583860955397,-28.33148724240379,1.3257758106339004,-8.207165739292787,-0.2537125248949969,0.014516332637821795,-0.5917108613792329,2.8009392962523394e-05,0.0005506868886166819,0.001304561194015705,0.012054396831406779,11.15
859,0.41884311332190954,-28.39379742095065,1.4677590770831086,-7.7556065322473895,-0.2600400146998695,0.031213932078818948,-0.5883089272440718,2.660202755911812e-05,0.0005431845433885008,0.0012239078406705059,0.009933119305202142,11.158333
860,0.43309336699656703,-28.451825764842454,1.5908241991925327,-7.309407769661717,-0.2660174352047677,0.04771808440131666,-0.5845170838086309,2.522581977132289e-05,0.0005331554575436659,0.0011468962406468478,0.008199536994076027,11.166667
861,0.44825019019930196,-28.505695169816402,1.6958283113184032,-6.877690371438947,-0.2716550650752902,0.06399642921786183,-0.5803537674059703,2.3906440474694612e-05,0.0005211068500605896,0.0010739292159777348,0.006822058711179747,11.175
862,0.46415620862530876,-28.555679062527656,1.78392071481022,-6.46671912329445,-0.2769522126143499,0.08004231900341144,-0.5758413078032628,2.2661235023727116e-05,0.0005075660046651498,0.00100546892079176,0.005745387480927645,11.183333
863,0.4806600416920021,-28.602147804081195,1.8563999395444477,-6.080343327491365,-0.2818950514700218,0.09586803477466689,-0.5710052648979316,2.150059173438674e-05,0.000493035506211659,0.0009418919516921755,0.004909469482713631,11.191667
864,0.49763602587233846,-28.64533266878226,1.914550240820431,-5.720390649310241,-0.2864869500551061,0.11144704736977927,-0.5658686205796195,2.0429479815471816e-05,0.00047796420575264305,0.0008834123060773502,0.004259682569532815,11.2
865,0.5149686237514514,-28.685634110008476,1.9596575125331155,-5.387330552990172,-0.2907112966270122,0.12680185038015984,-0.5604558371804231,1.9448897069667062e-05,0.0004627295350183696,0.0008300647447686603,0.003750897252747635,11.208333
866,0.5325521980714211,-28.723286495064215,1.9929100284772447,-5.080726708593915,-0.29456558399415367,0.14191107383088183,-0.5547926428192332,1.8557114082077903e-05,0.00044763426209316426,0.0007817253775406969,0.0033478845973038975,11.216667
867,0.5502927122619938,-28.758647097969074,2.015426098432963,-4.799506692458388,-0.29802883001252606,0.15679459689894318,-0.5489050769856868,1.77506632198455e-05,0.0004329104488994025,0.0007381488101190362,0.0030241224316362655,11.225
868,0.5681098702683334,-28.791900387321768,2.0281985467435883,-4.542219774891982,-0.3011032027940327,0.1714286098360418,-0.542818206836191,1.7025079628812283e-05,0.00041872702690240346,0.0006990090388582889,0.002760072463301334,11.233333
869,0.5859326179189657,-28.823234136501124,2.03212651258117,-4.307226350596067,-0.30379071339952146,0.18579630239134284,-0.5365570325192976,1.6375428585048746e-05,0.0004051989400379193,0.0006639356014541227,0.0025415151132340713,11.241667
870,0.6036927427717933,-28.852896270598052,2.028029426164126,-4.092846489491502,-0.3060777528761115,0.1999041798417513,-0.530148319578688,1.5796662609428977e-05,0.00039239721615762414,0.0006325421120767246,0.002358139444236977,11.25
871,0.6213311587022122,-28.881046101970888,2.0166311771061367,-3.8973978421798545,-0.30796492975295986,0.21373882319943116,-0.523618019338121,1.5283849378992754e-05,0.00038035899832467084,0.000604446623506604,0.0022024465279807406,11.258333
872,0.638781636188119,-28.90806002242366,1.9986056815727515,-3.719325614108945,-0.30939612731954297,0.22735581166442967,-0.5169969864303637,1.4832304536756974e-05,0.00036909535307468993,0.0005792851521233909,0.00206894355830446,11.266667
873,0.656037769585315,-28.933638281507957,1.9744756649394173,-3.556913161764304,-0.31048627246187627,0.24062404376943772,-0.5102948724500113,1.4437660522249456e-05,0.00035859952760946065,0.0005567193787461847,0.001953554256464664,11.275
874,0.6729990320485141,-28.958358862941413,1.944815145982465,-3.4089975354428654,-0.31110765698513104,0.25365857893568083,-0.5035591958981119,1.4095887157299529e-05,0.0003488466162052836,0.0005364416687293782,0.0018532297629200588,11.283333
875,0.689649882006222,-28.98207950719911,1.9100638791426392,-3.274151709061862,-0.3113321135613736,0.26638084840019854,-0.49680586887334416,1.3803294487530664e-05,0.0003398091874553983,0.0005181745683443643,0.0017656203079821544,11.291667
876,0.7059428246564153,-29.00508760203706,1.8706510272521886,-3.1512420627184445,-0.3111082636981056,0.27883880870891486,-0.4900643628060943,1.3556508459589892e-05,0.00033145084225109304,0.0005016715767720915,0.0016889056019273793,11.3
877,0.7218554396562215,-29.027327121911483,1.8269452468402165,-3.0391331556681953,-0.3104816916419096,0.290984403617685,-0.4833546406960819,1.33524446455128e-05,0.00032373305898432126,0.0004867148301303232,0.001621641088076747,11.308333
878,0.7373514173630316,-29.04885620446333,1.7792861559819164,-2.936860407887316,-0.30946242078493424,0.3028032539489166,-0.47670296012913144,1.318827572005578e-05,0.0003166149149915623,0.00047311330236511845,0.0015626653699927508,11.316667
879,0.7524007195809601,-29.069822137241122,1.7279865691313692,-2.8435588052765004,-0.30803318904197013,0.31431293147968015,-0.4701334366212255,1.306139993229486e-05,0.0003100562238608218,0.0004607000811264717,0.001511026863751929,11.325
880,0.76697818263716,-29.090229660549742,1.6733274567253187,-2.7584219589987375,-0.30621896745298083,0.3254905770762762,-0.463668352254694,1.2969410330023007e-05,0.0003040179815237257,0.000449329836071361,0.001465935244917326,11.333333
881,0.7810610691424913,-29.11011298729454,1.6155683215704197,-2.6807296037722463,-0.30403604259176903,0.3363253778898703,-0.45732902561325794,1.2910066684607767e-05,0.0002984627708217581,0.0004388765296434311,0.001426726598098462,11.341667
882,0.7946229746873901,-29.12956962734213,1.5549466570436805,-2.6098602225994894,-0.3014765999934668,0.3468262553353171,-0.4511384720265616,1.2881270578437454e-05,0.00029335516998431924,0.00042923115753030154,0.0013928374186836043,11.35
883,0.8076471656801237,-29.14861820637695,1.491685423539306,-2.545225828108128,-0.2985601883486599,0.35698283263457586,-0.4451152477880389,1.288104370847354e-05,0.0002886623780150972,0.00042029965423589664,0.0013637848893226574,11.358333
884,0.8201036510581622,-29.167312147932527,1.425978737115365,-2.486336883621991,-0.2952892362572829,0.36679206936430997,-0.43928391443124554,1.2907509150380721e-05,0.00028435366885282305,0.0004120011818975753,0.0013391532679485768,11.366667
885,0.8319751304601984,-29.185675453131587,1.3580163439921218,-2.4327267410283797,-0.2916790364758859,0.37624760164675375,-0.43366299659016866,1.2958875802222716e-05,0.00028040143691334903,0.0004042664374939078,0.001318581890685487,11.375
886,0.8432466917035233,-29.203764906619107,1.2879782670980273,-2.383983320524018,-0.2877318944203276,0.38535445806954305,-0.4282695544341417,1.303342520518176e-05,0.00027678017833210935,0.000397036339011317,0.0013017574944235847,11.383333
887,0.8539040683206729,-29.221626487880346,1.216032867249616,-2.3397383225516974,-0.2834523032981362,0.39411523339510146,-0.4231199442674692,1.3129500993572178e-05,0.0002734663972620861,0.00039026080566890867,0.0012884074304139283,11.391667
888,0.8639208938911273,-29.239189612388948,1.1423160014428826,-2.2996607713743638,-0.27888700968337854,0.40249618221926275,-0.4182360240399925,1.3245500527038132e-05,0.000270438592835593,0.00038389771754731563,0.0012782942197101309,11.4
889,0.873289409758226,-29.2565667736333,1.0669861661052489,-2.2634641776819135,-0.27401433530621866,0.4105224757568777,-0.4136302136221857,1.3379868490679877e-05,0.00026767791218683563,0.0003779120052906627,0.0012712110516139086,11.408333
890,0.8819972917293212,-29.273794393279637,0.9901837155829546,-2.2308884378213083,-0.26883927378423905,0.4181959557215472,-0.4093166258110031,1.3531091983888388e-05,0.0002651668159991837,0.00037227489387983774,0.0012669784907308722,11.416667
891,0.8900333984934491,-29.290869504505388,0.9120411849892021,-2.201693860647664,-0.2633824342408808,0.42550841898717573,-0.4053082671009589,1.3697697301558867e-05,0.0002628894218530177,0.0003669632634514177,0.0012654415000098816,11.425
892,0.8973930634800983,-29.307767763282413,0.8326935422359861,-2.175654657020957,-0.25767475012737323,0.43244901893453636,-0.4016143446707959,1.3878248003770588e-05,0.0002608313880353564,0.0003619591082110519,0.001266467111578605,11.433333
893,0.904058379320878,-29.32455900770875,0.7522495062415457,-2.1526131644032556,-0.25170325674578603,0.4390271084377974,-0.39825014912277373,1.4071344183813342e-05,0.0002589795296331318,0.0003572490806635957,0.0012699424986612829,11.441667
894,0.9100241173146482,-29.341234412429106,0.6708312860040188,-2.1323980241731237,-0.245490451884989,0.44523578718807816,-0.39522404344411577,1.4275622702178771e-05,0.00025732252995198045,0.0003528240800076388,0.0012757732410494892,11.45
895,0.9152848439535958,-29.357810690708195,0.5885560758175641,-2.1148671341256646,-0.2390470006445682,0.45107465842540007,-0.39254387867504,1.4489758126675453e-05,0.000255850096655335,0.00034867897608760543,0.0012838821209872513,11.458333
896,0.919825747360767,-29.374370794739665,0.5055216506369765,-2.099927359113721,-0.2323508099757047,0.4565551856366875,-0.3902217014056034,1.4712464579973198e-05,0.0002545530021032445,0.0003448123577403135,0.0012942080245637562,11.466667
897,0.9236453315057177,-29.39088508662009,0.42184193736244874,-2.0874599571143,-0.22543214393436778,0.46166584259631144,-0.3882621677900028,1.4942498080959891e-05,0.0002534235351707697,0.00034122635901221257,0.0013067051950100702,11.475
898,0.926736534818386,-29.407364119430728,0.3376176481580258,-2.0773813473312344,-0.21830181635535512,0.46640268981284116,-0.3866721616399344,1.5178659372121495e-05,0.0002524547087208047,0.0003379265313544729,0.0013213426167687826,11.483333
899,0.9290946087553615,-29.42383860015034,0.2529516622860383,-2.0696277204034508,-0.21096108378785716,0.470766412483418,-0.38545676629233677,1.5419797334411887e-05,0.00025164059413405795,0.00033492176283612566,0.001338103686791821,11.491667
900,0.9307118545544872,-29.44042284327478,0.16794297364465824,-2.0641771296820837,-0.2033703159692253,0.4747725443730644,-0.3846219681298822,1.566481264667562e-05,0.00025097617269862914,0.0003322242554771312,0.0013569858901438922,11.5
901,0.9315963366775923,-29.456841723898712,0.08269750483560714,-2.0609040691048137,-0.19567674239915425,0.47836219406415587,-0.38416498597631465,1.5912661661933596e-05,0.0002504574685141878,0.0003298495891797059,0.0013780006305252805,11.508333
902,0.9317271782934337,-29.47346212152747,-0.0027029313605976373,-2.0598990806809416,-0.18771776559839343,0.4815950290150017,-0.3840973589896009,1.6162360752058518e-05,0.00025008077409872665,0.00032781661232160876,0.001401173726204368,11.516667
903,0.9311183452460714,-29.490120415669697,-0.08813745139523096,-2.061092409803654,-0.17958822000802896,0.48443576393882515,-0.3844119854106461,1.64129906406155e-05,0.0002498441501857062,0.000326147858038791,0.0014265452149557348,11.525
904,0.9297660430997253,-29.50682637551561,-0.17351383067605686,-2.0644924228757167,-0.17129788651446065,0.48687739768650434,-0.3851103041645297,1.6663700725700307e-05,0.0002497455670435954,0.000324869436845907,0.0014541694194901062,11.533333
905,0.9276688640911009,-29.52360920135996,-0.2587344300562288,-2.070126243045318,-0.16284738547418914,0.4889162247513135,-0.3861918783391799,1.6913713985092974e-05,0.0002497839815873268,0.00032401133757314687,0.0014841158912790367,11.541667
906,0.9248278099252877,-29.540488812232415,-0.3436977358605532,-2.0780321404921476,-0.1542421356091261,0.4905465911179602,-0.38765437985567086,1.716233167842347e-05,0.00024995919083726885,0.000323607706346022,0.0015164697982738761,11.55
907,0.9212485242439359,-29.557446508351727,-0.42829618033466943,-2.088249589333475,-0.14550719854453323,0.49175786782168596,-0.3894924483005943,1.7408938180080678e-05,0.0002502717265681402,0.0003236971652945112,0.001551332461357388,11.558333
908,0.9169424398666455,-29.574480956725054,-0.512410390120586,-2.1008362564650485,-0.13665999132486575,0.4925443271949037,-0.3916971345251422,1.7653005997870293e-05,0.00025072267479171414,0.00032432314579316276,0.0015888218751781236,11.566667
909,0.9118897542290001,-29.591806659133262,-0.5959649055237919,-2.115952453755281,-0.1276085846511949,0.4929157481887436,-0.3942748115044251,1.7894100993130513e-05,0.00025131348259390995,0.00032553431445252645,0.0016290728142623798,11.575
910,0.9061125724813229,-29.609263132880326,-0.6788278637125863,-2.1336359068046353,-0.11845073604997747,0.4928451510420345,-0.3972097593206551,1.813188748428041e-05,0.0002520475853364344,0.00032738553490186176,0.001672239598251512,11.583333
911,0.8996155880865495,-29.626901607504692,-0.7608859358348995,-2.1540192655699055,-0.10917869688098987,0.4923277839910991,-0.40049454170285853,1.8366133670809247e-05,0.0002529281509983767,0.0003299378921974382,0.001718494657460617,11.591667
912,0.8924101946073948,-29.644711123254712,-0.8420162538528823,-2.1772318731550873,-0.09981663628880139,0.4913532628706607,-0.4041177091669513,1.859671762148053e-05,0.00025395921916067236,0.00033325971741927793,0.0017680299363698083,11.6
913,0.884497376257168,-29.662797137559632,-0.9221034421254494,-2.2034690996989905,-0.09033151067903793,0.48991798376024526,-0.4080724200956725,1.8823633378297522e-05,0.00025514540485315504,0.0003374273003026946,0.00182105706735416,11.608333
914,0.8758931400907951,-29.681184396070282,-1.0010065018648429,-2.232918195072467,-0.0807324339207507,0.48801380196069516,-0.41234368660754234,1.9046997418739686e-05,0.00025649252997532424,0.0003425261254257582,0.0018778083586270574,11.616667
915,0.8666038737957095,-29.699827263092406,-1.078607799728139,-2.2657672537721867,-0.07106326556247355,0.4856229267955758,-0.4169207333943663,1.9267055592590942e-05,0.00025800684332981415,0.0003486517914864798,0.001938535233483022,11.625
916,0.8566474210114157,-29.71877010396886,-1.1547549504720378,-2.3022632210216263,-0.06132579875796087,0.4827398403933966,-0.4217865640103488,1.948419074359236e-05,0.00025969568742930657,0.000355911162617105,0.002003510131186547,11.633333
917,0.8460303777602953,-29.73814952223472,-1.2293020444194191,-2.342723152524974,-0.05147857239392294,0.47935786739871883,-0.42692915597700287,1.969893093558696e-05,0.0002615669214605648,0.00036442391783406093,0.0020730227839855764,11.641667
918,0.8347707270757471,-29.757886587696518,-1.3020997142235298,-2.38741058131301,-0.04158653392455676,0.4754613392945905,-0.43233041497023544,1.9911958348184447e-05,0.00026362968840578066,0.0003743245686615999,0.002147379206144054,11.65
919,0.8228827800720895,-29.778070449117408,-1.3729808291862533,-2.4366948664573043,-0.031635420521788964,0.471042316431724,-0.4379735710919612,2.0124119053591684e-05,0.00026589382584515096,0.00038576364021287524,0.002226899082279938,11.658333
920,0.8103917699869017,-29.79875497221586,-1.441753784065927,-2.4909733633949998,-0.02163074590174488,0.4660943709786542,-0.4438362996080276,2.033643369078301e-05,0.0002683702171138464,0.00039891026394697527,0.002311909890659879,11.666667
921,0.7973060336644061,-29.819944204861322,-1.5082588806158566,-2.550665845829168,-0.011603182303152017,0.4606021921505593,-0.4499038779812184,2.0550108994644475e-05,0.0002710702537381968,0.0004139543685474706,0.002402737718094569,11.675
922,0.7836522203195444,-29.841729785885406,-1.5722787204839082,-2.6162857541519484,-0.0015457024402494941,0.45456003083419677,-0.4561527176812392,2.0766550276242823e-05,0.00027400704130798264,0.00043110909010204653,0.0024997036854291664,11.683333
923,0.7694559645781526,-29.864113578459587,-1.6336006757495027,-2.6883604604506837,0.008504824771466895,0.44796068411697226,-0.4625596243913436,2.0987374703271246e-05,0.00027719428593060615,0.0004506138475180572,0.0026031048668456245,11.691667
924,0.7547403076727921,-29.887344900210888,-1.6919649633408063,-2.7676055771180166,0.01861901118748916,0.4407932213849843,-0.46910252725757995,2.121442518232612e-05,0.0002806465505441401,0.00047273681899857276,0.0027131999955635673,11.7
925,0.7395331444045524,-29.911262402348456,-1.7471541771074401,-2.854598832736584,0.028680576030580072,0.4330531205044533,-0.4757572196571583,2.1449784641418192e-05,0.00028437953719720807,0.0004977794957098738,0.002830182237080792,11.708333
926,0.7238523873748678,-29.936018861960108,-1.798904128782746,-2.9501558126238026,0.038709622104497104,0.4247281922383259,-0.48250392801560765,2.1695790112741806e-05,0.0002884098896228077,0.0005260769921273436,0.002954163443069264,11.716667
927,0.7077325012545603,-29.961670946353298,-1.8469129741185406,-3.055133880281888,0.04868005882305433,0.41581573507340397,-0.4893158887818265,2.195504577455589e-05,0.00029275595296432845,0.0005580025292424093,0.00308513933483686,11.725
928,0.6912044235224039,-29.988345439656683,-1.8908506822974607,-3.1705255739122853,0.05859070027572533,0.40630856362542855,-0.49616831180743626,2.2230433743044057e-05,0.00029743660414841537,0.0005939686244106266,0.003222951031679115,11.733333
929,0.6743280671192502,-30.01608004663799,-1.9303158659445716,-3.2973780296026156,0.06840116523941384,0.39621885214041924,-0.5030252622666371,2.2525120755063055e-05,0.00030247158454262314,0.0006344282078765278,0.003367247464348948,11.741667
930,0.6571137669152013,-30.04502759816723,-1.9649653360731258,-3.4369073170528748,0.07810927574607734,0.38552832209698457,-0.5098719119342691,2.284255771726222e-05,0.0003078792836837726,0.0006798723196899472,0.003517440389173311,11.75
931,0.639619527657603,-30.075356679116968,-1.9943056559051886,-3.5904753657066064,0.0877151636337948,0.37423977106291756,-0.5166750976188728,2.318646961655919e-05,0.00031368065647359314,0.0007308256698791112,0.0036727104652740463,11.758333
932,0.6218997918987278,-30.107103399836827,-2.017844358341079,-3.759466727203748,0.09716323596640178,0.3623662002831731,-0.5234047718017794,2.356083008632956e-05,0.00031989498065204225,0.0007878373553367725,0.0038319918585947837,11.766667
933,0.6039893863699908,-30.140485070923642,-2.0350481751560765,-3.9455081215761694,0.10645718672865902,0.34989589415528566,-0.5300398506934103,2.3969812772809413e-05,0.0003265399857985291,0.0008514611959739915,0.0039940628905480065,11.775
934,0.5859564093996442,-30.175576159018117,-2.045286701278585,-4.150232419213324,0.11554693142168339,0.33684872258339105,-0.5365485601592558,2.441771198847415e-05,0.0003336331135250669,0.0009222294187841336,0.00415774171274721,11.783333
935,0.5678532757075568,-30.21261791912916,-2.04786770072063,-4.375481156180368,0.1244318280502832,0.3232199240158815,-0.5429070947807116,2.4908818778590558e-05,0.0003411879039945778,0.0010006076629668788,0.004322257745946545,11.791667
936,0.5497569871164676,-30.251774933635904,-2.0419896851397,-4.623071636329074,0.13308139750214937,0.3090260010073152,-0.5490854077612168,2.5447237125109135e-05,0.0003492147761046339,0.0010869346088893288,0.00448792967715708,11.8
937,0.53174621210264,-30.2931902244917,-2.0267879373176396,-4.894763935599271,0.14145432731058039,0.29428902434469295,-0.555055993672134,2.603662008330288e-05,0.0003577178513271943,0.0011813329660181795,0.004657276826837229,11.808333
938,0.5138967939941096,-30.337205197669256,-2.0012680334710686,-5.192356895233392,0.14956112424886572,0.2790025735650851,-0.5607954589094626,2.667980115564809e-05,0.0003666940702472043,0.0012835903736054665,0.004836768839725976,11.816667
939,0.4963087129914164,-30.3839586899248,-1.9643623057916422,-5.5171611815246475,0.15735125092871158,0.26320036274194697,-0.5662761389637366,2.7378297746771097e-05,0.0003761328966829944,0.0013930124959803127,0.005039341243699177,11.825
940,0.4790989017296926,-30.433646438532552,-1.9148681053270618,-5.869950237006738,0.16479456432124975,0.24691696928508713,-0.5714693994653055,2.8131658946340305e-05,0.0003860138318404964,0.0015082357252004257,0.005287823446778554,11.833333
941,0.46236648347167647,-30.486586597729538,-1.8515525754226034,-6.250855774733248,0.17188322132373812,0.230156557223648,-0.5763563394900177,2.893663754298058e-05,0.00039630566834233266,0.001627027712750181,0.005619002880197422,11.841667
942,0.44623309823118407,-30.543032536597483,-1.7731165205045927,-6.65871940357101,0.1785948358251054,0.21294021068433291,-0.5809155394429689,2.9786197882370956e-05,0.0004069712912890261,0.0017461051108421909,0.006087692974910842,11.85
943,0.4308462248316145,-30.603183033419324,-1.6782285227912161,-7.090522547721991,0.18490493010831424,0.19530447756019473,-0.5851229277191066,3.0668401011460426e-05,0.0004179700520744409,0.0018610120648428763,0.0067690301137534065,11.858333
944,0.41634961325703235,-30.667241240550283,-1.5656843693110691,-7.541061237418953,0.1907935002284404,0.177274590676175,-0.5889601620204671,3.156526453154922e-05,0.00042926217048139807,0.0019661475855144105,0.007755881111215123,11.866667
945,0.4029056860933901,-30.73533189977735,-1.4344630178190865,-8.002166787879785,0.1962408811946343,0.15888551435642537,-0.5924081553723308,3.2451803316065155e-05,0.0004408184817088567,0.0020550539824016997,0.009147241036320475,11.875
946,0.3906810265278114,-30.80750939059028,-1.2839136496851278,-8.462361286925834,0.20123016530721455,0.14016997146817134,-0.5954505120873129,3.329556165134088e-05,0.0004526265725832677,0.0021210424579998434,0.011023093852266167,11.883333
947,0.37984829799496644,-30.883652393855854,-1.1139589141787607,-8.906576081828094,0.20573948734860295,0.12117560917549382,-0.5980721091661791,3.405704197962361e-05,0.00046469332798846556,0.0021581875131127487,0.013404763134012182,11.891667
948,0.37057799566305,-30.96351377950267,-0.9252664299329437,-9.316577056212727,0.20975503747254945,0.10194814237894914,-0.6002598713860281,3.4691463653154516e-05,0.0004770350736711384,0.002162552386775397,0.016207654632200526,11.9
949,0.36303477518506627,-31.046742980020404,-0.7193907918118839,-9.671953911553656,0.2132752679552158,0.08252136042505624,-0.6020019915483908,3.515214849366325e-05,0.0004896502993431709,0.002133324902417436,0.019205234255950318,11.908333
950,0.35735012474881717,-31.13270510346705,-0.4990295136604976,-9.952305100215714,0.21628337150026386,0.06294827524585249,-0.6032922430564239,3.53954745433644e-05,0.000502472867169621,0.0020733905225978765,0.02203176439777633,11.916667
951,0.3536569475089697,-31.22058474514694,-0.26782617526720237,-10.138842742151066,0.21878631068631385,0.043290143324621874,-0.6041200430570116,3.5386807918371564e-05,0.0005153182407598459,0.001988950674773151,0.02424682251052995,11.925
952,0.3520154696133198,-31.309536483114652,-0.030339791277687683,-10.218629574795823,0.220780633823811,0.023577888627856976,-0.6044853245300573,3.510617628393798e-05,0.0005278335000728741,0.001888109239379767,0.02545324369634927,11.933333
953,0.3524628522873069,-31.39855970840128,0.2083585588729876,-10.185457516816461,0.22227293492056693,0.0038605638497153185,-0.6043859289597663,3.455224880849127e-05,0.0005394949924678121,0.0017789631296725806,0.02542707052731986,11.941667
954,0.3550012054084383,-31.486495218298884,0.44302908104342864,-10.041160143065602,0.22328276249162154,-0.015782978477121356,-0.6038196901729033,3.374334778978371e-05,0.0005496512551232657,0.0016679027956244897,0.02419316539672816,11.95
955,0.35955262284275585,-31.572558715143366,0.66886544832829,-9.796409001386044,0.22381198406682326,-0.035345685449872245,-0.6027946507594031,3.2715026730646655e-05,0.0005576177573633538,0.0015588504057109278,0.022008082892282947,11.958333
956,0.36602266349044354,-31.65589346820374,0.8817462393112748,-9.467422040320963,0.22387688492086202,-0.0547785667193951,-0.6013160248174831,3.151494003267817e-05,0.0005628023197316392,0.0014535259430485201,0.019261098820903322,11.966667
957,0.37430747140000153,-31.73575023405945,1.078495702923688,-9.073560451421882,0.22351523268290988,-0.07402684888426417,-0.5993859183188833,3.0196331998203336e-05,0.0005648030825134414,0.001352315433493955,0.016350129506327093,11.975
958,0.3842057454921142,-31.811740468118302,1.2570497672205119,-8.636716289781887,0.22271373335293443,-0.09306484500559846,-0.5970259963151371,2.881172574671909e-05,0.0005634604604268196,0.0012552005908894608,0.013587848717296914,11.983333
959,0.3955917781509912,-31.883364500391476,1.41626528768354,-8.175585049259585,0.22153716868409043,-0.11182021318201264,-0.5942390390165949,2.7408177265128326e-05,0.000558873668097651,0.001162318324552314,0.011162211881956591,11.991667
960,0.4082641343716021,-31.950741870561796,1.5559942876397734,-7.707374909813675,0.21996761575067858,-0.13030965089267055,-0.5910466610862396,2.6024338282836185e-05,0.0005513384724666939,0.0010741208256850566,0.009147318168568208,12.0
961,0.42206560793397674,-32.01367116197481,1.6765985361950941,-7.245131196912251,0.21805988226169332,-0.14846190968506912,-0.5874618811435163,2.4689499825867954e-05,0.0005412960250703584,0.0009912556827695364,0.007536231345075787,12.008333
962,0.43681599992031045,-32.07243122947857,1.779009856329875,-6.7987415338954476,0.2158059864488985,-0.16628269420961977,-0.5835069446846438,2.342395526952257e-05,0.0005292541002408302,0.0009143631644204443,0.006278516991162654,12.016667
963,0.45238065937667854,-32.12705842515674,1.864332138880094,-6.374537339131801,0.21326055393191648,-0.18372368994717053,-0.5791960415652443,2.22402443088799e-05,0.0005157344711783982,0.0008439104563527784,0.005308145564985296,12.025
964,0.4685915763837741,-32.17794587425675,1.9339137583527228,-5.976694649400176,0.21040486709781456,-0.2007898655668092,-0.5745569897435882,2.1144704158990515e-05,0.0005012235181573268,0.0007801126822884388,0.004560787541522608,12.033333
965,0.48530949377366356,-32.22541307719987,1.9891046266568975,-5.607134940386887,0.2072386522409937,-0.21747120295495811,-0.5696147202966756,2.0139077098619984e-05,0.00048615569288886266,0.0007229260063295875,0.003981491432697983,12.041667
966,0.5024207799236096,-32.26970690293503,2.031194416991426,-5.2662131206860865,0.20378171886096563,-0.23374766503392375,-0.5643913117910826,1.9221903166720907e-05,0.0004708973974181925,0.0006720905781756792,0.003526942996202212,12.05
967,0.5198256061470407,-32.31099362610151,2.061388289867085,-4.953300857685852,0.2000744801230579,-0.24958703568018134,-0.5589087820922732,1.838965445516112e-05,0.00045574253373265234,0.0006271928691637691,0.0031646359828273797,12.058333
968,0.5374211922422958,-32.349639053872934,2.0808382431889996,-4.667198662949325,0.19610232943230643,-0.2649956774561374,-0.5531940708257691,1.7637603655887905e-05,0.00044091695852606187,0.0005877273805191136,0.002870883257085544,12.066667
969,0.555130377243968,-32.385834134755804,2.090558900877292,-4.406251667922964,0.19189369632731848,-0.27995601988772045,-0.5472695395456111,1.6960453839373445e-05,0.00042658854033061677,0.0005531480497393115,0.0026286851709147233,12.075
970,0.5728448614467656,-32.420199715511906,2.09153896271462,-4.168782404091289,0.1873356908230579,-0.29451863378431226,-0.5411715310081175,1.635276303307149e-05,0.0004128736278844871,0.0005229065376596802,0.002425931857731577,12.083333
971,0.5905295778329236,-32.452353281415085,2.0845273652681318,-3.9527700647373165,0.18261684021652494,-0.30857771923285565,-0.5349143796332093,1.5809225730153652e-05,0.0003998516748727012,0.0004964774267156086,0.002253950833027215,12.091667
972,0.6080867721065326,-32.48302363405545,2.070329102786006,-3.756516223364616,0.17757437388808964,-0.3222090062544295,-0.5285368584146104,1.5324827463228956e-05,0.0003875641112302561,0.0004733739935009218,0.0021065180753457855,12.1
973,0.6254909373945441,-32.511875605422574,2.0495465305245544,-3.5781288921106436,0.1723853964648263,-0.3353286172004603,-0.5220541219529752,1.4894937420485683e-05,0.0003760316411368434,0.00045315522726110605,0.0019790635780973617,12.108333
974,0.6426736975009634,-32.53918073565482,2.0227827627446664,-3.4160124709354265,0.16702372625798326,-0.3479463388439519,-0.5154987224309951,1.4515334218785576e-05,0.0003652515533829763,0.0004354287431773139,0.0018682003213802189,12.116667
975,0.6595906763996251,-32.565429460589236,1.9905777246925274,-3.268679840185077,0.16137758180567455,-0.36011750999772696,-0.5088960284376268,1.4182207400306694e-05,0.00035520950276172314,0.00041984937697048507,0.0017713468892569212,12.125
976,0.6761873634128055,-32.59081564976052,1.9534021642828476,-3.1347695873499974,0.15542060235610622,-0.37183996193033136,-0.5022768078967164,1.38921334874353e-05,0.0003458808868613294,0.0004061160740203098,0.0016864980067572003,12.133333
977,0.6924355231965766,-32.61516358292059,1.9116567529299946,-3.012954889426237,0.14926548247013421,-0.3830678260740627,-0.4956625556221186,1.3642042965950385e-05,0.0003372356364380697,0.00039396811549134296,0.0016120605494939948,12.141667
978,0.7083038886456726,-32.63831328455411,1.8657057321862345,-2.9020450849060717,0.14302584889384903,-0.3937641477100441,-0.489076594412753,1.3429181070705828e-05,0.00032923831346103933,0.00038318103184543543,0.001546749167578054,12.15
979,0.7237502602571064,-32.66071507044079,1.8159016995252795,-2.801087079993125,0.13657299692681565,-0.4039780405438663,-0.48254748154432053,1.3251068758963947e-05,0.0003218510952616682,0.0003735622567063893,0.001489507063596536,12.158333
980,0.7387454149148581,-32.68233804610097,1.7625467831564627,-2.709136632136657,0.12996073125825927,-0.4136937426109689,-0.4760989480468823,1.3105465188475477e-05,0.00031503646198073707,0.0003649467140055677,0.001439449360413622,12.166667
981,0.7532575827466214,-32.702953727524104,1.7059072760152867,-2.6253121713872534,0.12332670719622435,-0.42287371331837875,-0.4697561692542871,1.2990332625836963e-05,0.000308757086445988,0.00035719344344635153,0.0013958283000480788,12.175
982,0.7672710311221117,-32.723609750374045,1.6462756529743365,-2.5490623220275266,0.11626695814638958,-0.43164514376986934,-0.463537460168296,1.29038052286813e-05,0.0003029770056989776,0.0003501823705970019,0.0013580054199236404,12.183333
983,0.7807551891596658,-32.74361977362186,1.5838582323363681,-2.479582388668029,0.10910177302400301,-0.43991207536256455,-0.457467683830476,1.2844161274882195e-05,0.00029766098522549016,0.00034381090582318453,0.001325431583386235,12.191667
984,0.7936797226721435,-32.762894793173835,1.5188592029000139,-2.4162579401376987,0.10190665240093047,-0.447661163098832,-0.4515717328680316,1.2809799424156662e-05,0.000292776366796565,0.00033799224551490166,0.0012976315524648933,12.2
985,0.8060439368352761,-32.78201596303962,1.4515093500549197,-2.358664228530351,0.09445655761860078,-0.45496003825297243,-0.44586077983121347,1.2799218362659142e-05,0.0002882931026863714,0.00033265286070010533,0.001274191972965153,12.208333
986,0.8178054209223181,-32.800514995042654,1.3819574767829648,-2.3062348306665643,0.08698942131286168,-0.4617510805562586,-0.44036495416958543,1.2810999372501943e-05,0.0002841818043469487,0.0003277305063457677,0.001254753706877457,12.216667
987,0.8289591232095164,-32.81864113257927,1.3103934950154934,-2.258589615541863,0.079422604679843,-0.4680654886367366,-0.4350968408172168,1.2843792153223675e-05,0.0002804170339907123,0.00032317294890150765,0.0012390023030353387,12.225
988,0.8394863264700851,-32.83661529606077,1.236982101878898,-2.2153978607734377,0.0716781627553596,-0.4739201121057666,-0.43007497137321754,1.2896302818142547e-05,0.0002769744216257464,0.0003189364477868207,0.001226663945161072,12.233333
989,0.8494075219729493,-32.855012250699424,1.1619358628063359,-2.176436178603648,0.06350509827381301,-0.47936494838864324,-0.4252985556354346,1.2967284282676235e-05,0.00027383184354569184,0.00031498468112313254,0.0012174995526595903,12.241667
990,0.8586417493368314,-32.87238450606614,1.085268293845838,-2.1410980743917976,0.055613989508054,-0.48427690944560137,-0.42081524666391895,1.305552846189641e-05,0.0002709670614707716,0.0003112878605931254,0.0012113016248987136,12.25
991,0.8672091198438482,-32.88957443324354,1.0071818884460042,-2.109295340678701,0.047629455230006265,-0.48873174554653187,-0.41662360538684423,1.3159860659129763e-05,0.00026836417189840577,0.0003078220085900388,0.0012078897028628913,12.258333
992,0.8751388848620218,-32.90752527068946,0.9278961401354143,-2.080998406755359,0.03910925823464109,-0.49278589464941835,-0.4127166590179134,1.3279134874730777e-05,0.0002660064186143523,0.00030456810274255883,0.0012071085968030813,12.266667
993,0.8823404783223812,-32.92433151062499,0.847352638823365,-2.0555697281346177,0.03100676656937154,-0.49632716634205765,-0.40914598501485505,1.3412230568802333e-05,0.0002638764852081333,0.0003015117231970412,0.0012088249958412522,12.275
994,0.8888427852505792,-32.941090587334955,0.7657630535722806,-2.0330729928963263,0.02280569384022827,-0.49942419037608604,-0.40590379534029586,1.3558050934606616e-05,0.0002619635774690754,0.0002986424296292285,0.0012129276894165615,12.283333
995,0.8946803879627844,-32.95804095644885,0.6833187841486409,-2.013396198086752,0.01440510663425594,-0.5020989946201806,-0.4029784177598842,1.3715521706264018e-05,0.0002602554769825056,0.0002959534835675122,0.0012193237804490307,12.291667
996,0.8998022152446268,-32.97490216545394,0.6000487472158893,-1.996337741948159,0.005961783244723086,-0.5043277434390477,-0.4004004208467082,1.3883591081564215e-05,0.00025873910519792515,0.0002934416357784108,0.0012279376461598807,12.3
997,0.9042113712868854,-32.99172529168501,0.5160778058877878,-1.981787141432451,-0.0025318363089988443,-0.5061171670366493,-0.3981727209537349,1.406123049346753e-05,0.0002574055222302818,0.0002911067835183561,0.0012387107828802305,12.308333
998,0.907896012231305,-33.00845043824496,0.4314966665536483,-1.9696264892584148,-0.011027771167257552,-0.5074673761184694,-0.39630513889491586,1.4247435783338937e-05,0.0002562462881464501,0.00028895185400248913,0.0012516004784104242,12.316667
999,0.9108247920796103,-33.02489064464014,0.346352240701266,-1.9597221762672519,-0.019412980587258124,-0.5083751758792623,-0.39481683020161124,1.444122914199169e-05,0.00025525437110236445,0.00028698265791774516,0.0012665795995081474,12.325
1000,0.913359663742326,-33.04118835699608,0.26139412501036685,-1.9520465652566243,-0.027749781681780314,-0.5089889808392597,-0.39352595807243174,1.4867640064055028e-05,0.0002909904255759327,0.0002859661609103173,0.0012860490373002894,12.333333
1001,0.9151852822270373,-33.05743120429418,0.1761455404843684,-1.9465618764184123,-0.03606388442275338,-0.5091869086887411,-0.39259470314351685,1.5312592448813426e-05,0.00032689442226330873,0.00028514734301667244,0.001307622627976502,12.341667
1002,0.9162996227505726,-33.07363728320584,0.09070194094703617,-1.9432316448926696,-0.04434865899974146,-0.5089711329140624,-0.39202563051553213,1.577549696096455e-05,0.0003629693656929301,0.0002845416411543958,0.0013313306360694464,12.35
1003,0.916701452261462,-33.089824446208084,0.005157950358138779,-1.942033774435239,-0.05259749614416206,-0.5083432552824777,-0.3918203043286279,1.6255762807632658e-05,0.00039921880980854044,0.0002841675022093742,0.0013572180237461874,12.358333
1004,0.916390324197754,-33.10601042027777,-0.08039223376465307,-1.9429603098070996,-0.06080376749480527,-0.507304298310006,-0.3919792895685053,1.6752800411849926e-05,0.00043564686358144337,0.0002840465786748097,0.0013853448552717375,12.366667
1005,0.9153665765896776,-33.122212924294246,-0.16585444046938153,-1.946017355010516,-0.06896078635723421,-0.5058547051525593,-0.39250215272786637,1.7266024568150652e-05,0.00047225820058387197,0.0002842039771896214,0.001415786847124903,12.375
1006,0.9136313334913715,-33.13844978635902,-0.251134125722984,-1.9512251359897106,-0.07706176921195762,-0.5039943468937541,-0.39338746129110586,1.7794858137080698e-05,0.0005090580724728699,0.000284668563339842,0.001448636059833603,12.383333
1007,0.9111865097534269,-33.15473906223828,-0.33613596968543435,-1.9586182088579975,-0.08509979832371903,-0.5017225371849477,-0.3946327820670263,1.833873634412939e-05,0.000546052326318065,0.0002854733272708679,0.0014840017277452909,12.391667
1008,0.9080348191759003,-33.17109915615457,-0.4207634674993866,-1.9682458171732842,-0.09306778580336962,-0.49903805417463304,-0.3962346784511095,1.889711175798397e-05,0.0005832474256812604,0.00028665581596125345,0.0015220112224537663,12.4
1009,0.9041797861105839,-33.18754894519232,-0.504918509985949,-1.9801724042953017,-0.1009584394717323,-0.4959391696449709,-0.39818870675508794,1.946946003283857e-05,0.0006206504753007751,0.00028825863946344547,0.0015628111442957653,12.408333
1010,0.8996257606126467,-33.20410790864383,-0.588500950320217,-1.9944782894555442,-0.1087642308738521,-0.49242368525191277,-0.4004894117967972,2.0055286510289354e-05,0.0006582692491860641,0.00029033006005915984,0.001606568533951254,12.416667
1011,0.8943779372761961,-33.22079626370475,-0.671408152320801,-2.011260518887842,-0.11647736578991962,-0.48848897574163336,-0.40313032199715665,2.065413378776294e-05,0.0006961122218041507,0.00029292467514410877,0.001653472192423826,12.425
1012,0.8884423779269771,-33.23763510903487,-0.7535345154129676,-2.0306339062335335,-0.12408975758691253,-0.48413203898905766,-0.4061039442831341,2.1265590372926385e-05,0.0007341886019214817,0.0002961042067877105,0.0017037340921232911,12.433333
1013,0.8818260383894865,-33.25464657783068,-0.8347709705985747,-2.0527322794748524,-0.13159300375140426,-0.4793495526737113,-0.40940175914521404,2.1889300556793083e-05,0.0007725083684617879,0.00029993841334543175,0.0017575908539010322,12.441667
1014,0.8745367995966008,-33.27185400221327,-0.9150044408670734,-2.0777099548789257,-0.13897836593901994,-0.4741379373734374,-0.41301421624464973,2.2524975652557374e-05,0.0008110823074967251,0.0003045061412695065,0.0018153052540519222,12.45
1015,0.8665835033689147,-33.28928209091959,-0.9941172583853163,-2.105743461854169,-0.14623675386896393,-0.4684934258174048,-0.416930731009049,2.3172406762359846e-05,0.0008499220491286263,0.0003098965383914239,0.001877167710708565,12.458333
1016,0.8579759932601619,-33.306957122499675,-1.0719865294799091,-2.137033546209884,-0.15335871338298257,-0.4624121379959159,-0.4211396826939517,2.383147924997808e-05,0.0008890401025877793,0.0003162104534441266,0.0019434976797922047,12.466667
1017,0.8487251609463264,-33.32490715646589,-1.1484834368395085,-2.1718074830144096,-0.16033441897532488,-0.4558901617760226,-0.4256284144223421,2.4502189113639936e-05,0.0009284498872452202,0.0003235620504263706,0.0020146448657181303,12.475
1018,0.8388429987317737,-33.34316226511654,-1.223472466475942,-2.2103217339614942,-0.16715367108478194,-0.448923638618558,-0.4303832357426982,2.518466146887616e-05,0.000968165756449916,0.0003320806705074047,0.0020909901203355024,12.483333
1019,0.828342658858545,-33.36175478906129,-1.2968105447476335,-2.252864987698313,-0.17380589841980726,-0.4415088539344456,-0.43538942826850546,2.5879171365832295e-05,0.0010082030100648032,0.0003419129783616617,0.0021729458642085614,12.491667
1020,0.8172385204380411,-33.38071961980997,-1.3683460681185313,-2.2997616246493933,-0.18028016556353785,-0.43364233155624127,-0.44063125497727734,2.6586167176823155e-05,0.0010485778902050572,0.0003532254338096806,0.0022609558169197513,12.5
1021,0.8055462649811049,-33.400094513141745,-1.437917805250576,-2.351375650035286,-0.18656518607606667,-0.4253209317355799,-0.4460919737542706,2.730629679578349e-05,0.0010893075528718267,0.00036620713291646534,0.0023554937683273624,12.508333
1022,0.7932829616869395,-33.419920437340046,-1.505353647460601,-2.408115139344414,-0.1926493412771186,-0.41654195200900657,-0.45175385576441823,2.8040436887939243e-05,0.001130410005906428,0.0003810730644422416,0.0024570610635745458,12.516667
1023,0.7804671638676165,-33.440241960741055,-1.5704691794751986,-2.470437238445853,-0.19852070485195994,-0.40730323020491394,-0.45759820922477823,2.8789725409666013e-05,0.0011719040006138123,0.0003980678264619537,0.0025661824181912973,12.525
1024,0.7671190181376724,-33.461107683372504,-1.6330660377719672,-2.5388537543219813,-0.20416707337751278,-0.3976032487939008,-0.4636054091282767,2.9555597577273988e-05,0.001213808860598768,0.00041746984209046226,0.0026833996401157195,12.533333
1025,0.7532603882919386,-33.48257071771345,-1.6929300186236114,-2.6139373598601976,-0.20957600281413816,-0.387441239715075,-0.4697549334370999,3.0339825387457026e-05,0.0012561442262930607,0.0004395960995716195,0.0028092628395367508,12.541667
1026,0.7389149961334157,-33.50468922371744,-1.7498288923505294,-2.6963284141126347,-0.2147348509510354,-0.37681728874335435,-0.4760254062202396,3.114456066412345e-05,0.0012989296873436743,0.00046480741606466804,0.0029443188024222302,12.55
1027,0.7241085818996186,-33.52752700311569,-1.8035098744368037,-2.7867423633973116,-0.2196308257302642,-0.3657324383991303,-0.482394648154049,3.19723814024636e-05,0.0013421842669816963,0.0004935141797511523,0.003089096470505993,12.558333
1028,0.7088690873709401,-33.551154157511824,-1.8536966984511187,-2.885977632178283,-0.2242510393064214,-0.3541887883434277,-0.4888397347370654,3.282634086679457e-05,0.0013859257124124336,0.0005261824519630843,0.0032440900446771437,12.566667
1029,0.6932268652246314,-33.575647813690054,-1.9000862307948063,-2.9949238268494347,-0.22858256762636733,-0.3421895921507965,-0.49533706249079407,3.371001842604481e-05,0.0014301695329203808,0.0005633401964956657,0.0034097413306865576,12.575
1030,0.6772149187122032,-33.601092917590115,-1.9423445642606356,-3.1145699478907742,-0.2326125152368068,-0.32973934931039767,-0.5018624233269133,3.462757041293751e-05,0.001474927712438979,0.0006055832284858401,0.0035864249274170537,12.583333
1031,0.6608691762640833,-33.62758309514106,-1.980102527965356,-3.2460121192813687,-0.2363280849481353,-0.31684389127465046,-0.508391087158975,3.5583778278818706e-05,0.0015202070059527832,0.0006535802149787018,0.0037744432656360545,12.591667
1032,0.6442288061227163,-33.65522157300795,-2.0129505581215734,-3.39046007551685,-0.23971665190126504,-0.30351046035631135,-0.5148978927239338,3.6584089862889015e-05,0.0015660067097711435,0.0007080756806812084,0.003974044166326202,12.6
1033,0.6273365765053737,-33.68412214448908,-2.0404328914610237,-3.5492412657748686,-0.24276584150130653,-0.2897477802704448,-0.5213573464568354,3.763464754099363e-05,0.0016123157758806271,0.0007698894349232289,0.004185482707784054,12.608333
1034,0.6102392669899188,-33.714410154217546,-2.0620410770593036,-3.7238009030673775,-0.2454636105990928,-0.27556611712870044,-0.5277437291321123,3.874229416006366e-05,0.0016591091235907294,0.0008399100942737122,0.004409163436305031,12.616667
1035,0.5929881366275449,-33.74622345852154,-2.0772068618173,-3.915695556779827,-0.24779833121875836,-0.2609773297215363,-0.5340312098488393,3.991454375254741e-05,0.0017063429930975439,0.0009190793884327221,0.004645920445648266,12.625
1036,0.5756394534531107,-33.77971329442346,-2.0852946027096717,-4.126576907585707,-0.2497588760479528,-0.24599490797065715,-0.5401939667969009,4.115949878600826e-05,0.0017539491958058193,0.0010083626880554124,0.00489752388339363,12.633333
1037,0.5582550881972299,-33.81504495701175,-2.085593512763477,-4.358161004995589,-0.25133470482595915,-0.23063399850180166,-0.5462063140985456,4.248568888178897e-05,0.0018018281617062897,0.001108699729788369,0.0051675436018428144,12.641667
1038,0.5409031715455508,-33.852398139668935,-2.0773102809375135,-4.612176761862558,-0.25251595068369326,-0.21491141638039168,-0.5520428338776663,4.390179739763528e-05,0.0018498407901493456,0.001220928021207116,0.0054627526659594555,12.65
1039,0.5236588084617683,-33.8919667317229,-2.0595629476767616,-4.890285516907522,-0.2532935054070819,-0.1988456421754441,-0.5576785125701258,4.5416232193557086e-05,0.0018977993139502327,0.0013456703288792443,0.005795306597918445,12.658333
1040,0.5066048338547892,-33.93395779154225,-2.0313774004421123,-5.193961448107701,-0.2536591025103475,-0.1824568036809033,-0.5630888803556624,4.703648613353864e-05,0.0019454577362073545,0.0014831778605378383,0.006185964267876255,12.666667
1041,0.4898325799253849,-33.97858932008284,-1.991688506272485,-5.524320807002214,-0.2536053969198211,-0.1657666418431775,-0.5682501524691179,4.87682234925642e-05,0.0019925029498044475,0.0016331237629915944,0.006668570015924133,12.675
1042,0.47344260538846467,-34.02608635520294,-1.9393487325890961,-5.881887130295474,-0.253126039988104,-0.14879846074179773,-0.5731393710405982,5.061402456848119e-05,0.0020385484466892076,0.0017943496792659473,0.00729579466693623,12.683333
1043,0.457545309022183,-34.07667480410531,-1.8731480877432067,-6.266281112896359,-0.25221574850005996,-0.13157706187522156,-0.5777345460268398,5.2571729654642894e-05,0.002083133564218696,0.001964584288645444,0.008145577925104161,12.691667
1044,0.4422613138730773,-34.130572357673984,-1.791850210688599,-6.6758297932437864,-0.2508703663348741,-0.11412866354047385,-0.5820147937376433,5.463235631578617e-05,0.002125732375886955,0.0021401796283161147,0.009326627943050536,12.7
1045,0.42772146485708173,-34.18797583459483,-1.6942501662020444,-7.107102958723821,-0.2490869175772312,-0.09648080677064269,-0.5859604714421952,5.6777635743987316e-05,0.0021657772623656165,0.0023159484148439053,0.010979577942943889,12.708333
1046,0.41406623567270406,-34.24904445877622,-1.579259436332317,-7.554408333018244,-0.2468636502239955,-0.0786622500537915,-0.5895533065724927,5.897734111840992e-05,0.0022027021995650624,0.00248522600902508,0.013268158995608794,12.716667
1047,0.4014443005937599,-34.31387897681349,-1.4460219467014463,-8.009313041244807,-0.24420007031694838,-0.06070285573609749,-0.5927765191357364,6.118677275151934e-05,0.0022360087985361767,0.002640303193209873,0.01635298958304657,12.725
1048,0.3900100100504679,-34.38249727028184,-1.2940607504176957,-8.460304805335424,-0.24109696739756328,-0.042633471279734964,-0.5956149361074976,6.334500832320387e-05,0.002265352916412881,0.002773343297412249,0.020341534999345472,12.733333
1049,0.37991954098625424,-34.454808257587004,-1.1234473986812423,-8.892751740700621,-0.23755643349153677,-0.024485807914970004,-0.598055096787522,6.537476424358064e-05,0.0022906406486635474,0.002877765714199572,0.02521475659937702,12.741667
1050,0.37132560261095054,-34.53058732365361,-0.9349751206615867,-9.289342178687873,-0.23358187891430035,-0.006292317223598787,-0.6000853483154066,6.718482664443529e-05,0.002312111114459146,0.002949831985098162,0.030746270306286048,12.75
1051,0.3643707866173809,-34.609457943001644,-0.7303046431731638,-9.631153391969894,-0.2291780481859303,0.011913937230547204,-0.601695930687049,6.867582730041902e-05,0.002330374376753213,0.0029898797714982737,0.03645023140877336,12.758333
1052,0.3591799529758303,-34.69088498368289,-0.5120422863359079,-9.899381462482838,-0.22435103731129447,0.030099420025624237,-0.6028790505959444,6.974951074547358e-05,0.0023463737889663533,0.0030025032082952046,0.04160645806846124,12.766667
1053,0.3558523864254061,-34.774184664756085,-0.2837102676119865,-10.077563783016375,-0.2191083093631212,0.048230284861152585,-0.6036289431979276,7.032057006675498e-05,0.0023612597662339414,0.002995213033626511,0.04539567793257681,12.775
1054,0.3544547410784098,-34.8585537708944,-0.04958434680719437,-10.153895463191368,-0.21345870003168188,0.06627256364548767,-0.6039419205226934,7.032891549891917e-05,0.0023761951409237082,0.0029757961968428677,0.04712524606462852,12.783333
1055,0.35501588190512734,-34.94311667767322,0.18559602011999118,-10.123088556050241,-0.2074124015442427,0.08419238390781207,-0.6038164049225306,6.974945065060135e-05,0.002392146752557725,0.002949418178380371,0.04645963982409281,12.791667
1056,0.3575245382633263,-35.02698413613922,0.41700358610681343,-9.987257402063396,-0.20098091509956337,0.10195620476296284,-0.6032529459124713,6.859663474756299e-05,0.002409732077251302,0.002916864960164691,0.04354236470654473,12.8
1057,0.3619302137079209,-35.10931436435673,0.640116250134804,-9.755564183408726,-0.19417696912903062,0.11953105379614551,-0.6022542191751308,6.692245174260302e-05,0.002429170203342884,0.0028748042342535527,0.038942646871745326,12.808333
1058,0.3681471794485116,-35.18936629324553,0.85105225267703,-9.44273188440736,-0.18701440999081664,0.13688474613457557,-0.6008250073086668,6.480838428076745e-05,0.002450341896057332,0.0028178307182268577,0.03345642479769437,12.816667
1059,0.37606081909987904,-35.266537139851565,1.046791862792945,-9.06685511103053,-0.17950807811396363,0.15398607322009594,-0.5989721628106656,6.235369380381128e-05,0.0024729201634892365,0.002741141093185076,0.02786512137297675,12.825
1060,0.3855352644807871,-35.340380777927656,1.2252641790033396,-8.64707273012851,-0.1716736830942772,0.17080495848537453,-0.5967045545038644,5.966300412667685e-05,0.0024965143587072722,0.002642564264542191,0.022757115962583153,12.833333
1061,0.39642123165361726,-35.41060787097032,1.3853120945892485,-8.201585584561906,-0.16352768666580458,0.1873125850421347,-0.5940329989609697,5.6835749972256634e-05,0.0025207817027374287,0.002523274830857302,0.018459677689699805,12.841667
1062,0.4085631784742931,-35.477071934003455,1.526570822687018,-7.74629117807449,-0.1550871962571837,0.20348150367260343,-0.5909701785168369,5.395892717350303e-05,0.002545486415521901,0.002387286978870936,0.015065808155172977,12.85
1063,0.4218052372250312,-35.539746800111985,1.6493018716750885,-7.294082612581944,-0.1463698671690585,0.21928572826715517,-0.5875305473243545,5.110338814775997e-05,0.002570510851856694,0.0022402816300386816,0.012509210954744542,12.858333
1064,0.4359957072909148,-35.59870065105271,1.7542185435527997,-6.854702285943033,-0.1373938095160862,0.23470082262396602,-0.5837302267677177,4.8323093829305685e-05,0.002595835637466521,0.002088354551269996,0.010643885184423304,12.866667
1065,0.4509901470353665,-35.654070522511496,1.8423273681886845,-6.4349738082402235,-0.12817749644771748,0.249703979368987,-0.5795868914733044,4.565637774014762e-05,0.002621507003668085,0.0019370579548978304,0.009304286718544011,12.875
1066,0.4666532568351421,-35.7060396976294,1.9147979415116332,-6.039238298439935,-0.11873967160533064,0.26427408974511507,-0.5751196471626137,4.3128293533249266e-05,0.0026476044281067345,0.001790856264737669,0.008340403638068953,12.883333
1067,0.4828598086969167,-35.75481910121746,1.9728644488963423,-5.6698602900191295,-0.10909925530064851,0.2783918022534839,-0.5703489016443365,4.075332668083167e-05,0.0026742153025970093,0.001652947129019427,0.007632400653610872,12.891667
1068,0.4994948794389851,-35.80063288292099,2.017756497440316,-5.327716340864016,-0.09927525001933851,0.29203956822556304,-0.5652962303078136,3.8538007133605626e-05,0.0027014184192146883,0.001525329786424264,0.007092440071936992,12.9
1069,0.5164536118304275,-35.84370783120378,2.0506542142124182,-5.012620576518198,-0.08928664647113582,0.30520167292154654,-0.5599842375315826,3.648317980369304e-05,0.002729275273738231,0.0014090027094926776,0.0066602313861941825,12.908333
1070,0.5336406823067618,-35.88426600747705,2.0726619177337193,-4.72367043279518,-0.07915233162816517,0.31786425137577334,-0.5544364154446785,3.458584493651081e-05,0.002757827117369658,0.0013042027396945187,0.0062965953838338305,12.916667
1071,0.5509696078496563,-35.92251992973851,2.0847951342563293,-4.4595133387893116,-0.06889100016480676,0.3300152887815322,-0.5486770014705687,3.284057370483036e-05,0.002787095648167837,0.0012106328580265664,0.005977299450999641,12.925
1072,0.5683619847481047,-35.95866968246614,2.0879766636282415,-4.218543846656402,-0.05852107055835187,0.34164460566826466,-0.5427308360453461,3.1240550977344904e-05,0.0028170856485096487,0.0011276535121713387,0.005688062842413445,12.933333
1073,0.5857467204036212,-35.99290142468943,2.083038417007685,-3.9990438582134797,-0.048060606908194796,0.3527438284720408,-0.5366232218367963,2.977831374956622e-05,0.0028477883926119234,0.0010544304099923542,0.005420886893355729,12.941667
1074,0.6030592959085374,-36.02538687502232,2.0707266600373164,-3.799278579420576,-0.037527247323787025,0.36330634635419795,-0.5303797857036624,2.844625336778553e-05,0.0028791851013380714,0.0009900414444333335,0.005171536472334681,12.95
1075,0.6202410805813986,-36.05628345203468,2.051709031045049,-3.617559314307094,-0.02693813953805393,0.37332725530485505,-0.5240263445293298,2.7236941337684415e-05,0.0029112500573857188,0.0009335495857387501,0.004937902617814971,12.958333
1076,0.6372387084766514,-36.085734832673126,2.026582259931338,-3.452282183655961,-0.016309884227330197,0.3828032906962002,-0.5175887759453943,2.6143327509479074e-05,0.002943953216166994,0.0008840495055693492,0.00471898861733498,12.966667
1077,0.6540035196872521,-36.11387175872218,1.9958799138106214,-3.301949846814169,-0.00565848636344287,0.3917327495376599,-0.5110928948319863,2.5158848580545735e-05,0.0029772622806985873,0.0008406950254970042,0.004514312820571003,12.975
1078,0.6704910648646876,-36.14081297281577,1.9600797728184665,-3.165181552831844,0.005000685215573198,0.4001154037403255,-0.5045643363468044,2.4277475405890132e-05,0.003011144279664791,0.0008027132026686875,0.004323577382130789,12.983333
1079,0.6866606688978847,-36.16666620376447,1.9196106250422735,-3.040715422112062,0.015652929952604595,0.4079524057268877,-0.49802844609675023,2.3493719934689365e-05,0.0030455667192150603,0.000769409505654246,0.004146499561740445,12.991667
1080,0.7024750484677169,-36.19152914868402,1.874858389381255,-2.927405752491564,0.02628423948307879,0.41524618772988886,-0.491510177927772,2.280261663875466e-05,0.003080498387366206,0.0007401673316807808,0.003982737956305859,13.0
1081,0.7178999777673237,-36.215490419072,1.826171549469802,-2.8242173103781982,0.036881313454940216,0.42200035610816516,-0.48503399967262123,2.219968882585956e-05,0.0031159098858087996,0.000714444150012887,0.003831871131088259,13.008333
1082,0.7329039967357867,-36.238630431648254,1.7738659254554834,-2.7302179552779453,0.047431567486350135,0.42821958198148,-0.478623807065,2.1680906949099985e-05,0.0031517739544063765,0.0006917658235789092,0.003693402884126881,13.016667
1083,0.7474581564844309,-36.261022234081885,1.7182288339578715,-2.6445705046302583,0.05792313356531492,0.43390948943866736,-0.4723028459040341,2.1242643661509265e-05,0.0031880656424266613,0.0006717201281034825,0.003566779160362203,13.025
1084,0.7615357970656927,-36.28273226191234,1.6595226972405568,-2.5665244327755263,0.06834485325880188,0.43907654251742256,-0.46609364243677354,2.0881628692975804e-05,0.0032247623696083022,0.0006539501127742158,0.0034514083386667093,13.033333
1085,0.7751123532588677,-36.303821026960016,1.5979881654355623,-2.4954077791030165,0.07868626415230945,0.4437279320862753,-0.4600179418198717,2.0594905461076807e-05,0.00326184391053379,0.0006381476893757155,0.0033466806529949015,13.041667
1086,0.7881651845738575,-36.324343739984634,1.5338468138292543,-2.430619489844457,0.08893757998438258,0.44787146368340125,-0.45409665442569536,2.0379790527757458e-05,0.003299292327741671,0.0006240476651873229,0.003251984853626546,13.05
1087,0.8006734261739503,-36.34435087176875,1.4673034728654166,-2.371622316036754,0.09908966497393287,0.4515154472850186,-0.44834980967361127,2.0233836475181727e-05,0.0033370918724513086,0.0006114223234426273,0.0031667215148759066,13.058333
1088,0.8126178578767087,-36.36388865752645,1.3985482429810245,-2.3179363225256524,0.1091340028637955,0.45466858988992326,-0.44279651699446987,2.0154798418983882e-05,0.0033752288667491808,0.0006000765850284974,0.0030903130698716912,13.066667
1089,0.8239807888019203,-36.382999549798875,1.3277582404830315,-2.2691330191384496,0.11906266122047239,0.457339891718411,-0.4374549334755424,2.0140604150316767e-05,0.0034136915771372047,0.0005898437428673041,0.0030222109636653884,13.075
1090,0.8347459555964799,-36.401722624969274,1.2550991148820194,-2.2248300978936792,0.12886825153988365,0.4595385467348902,-0.43234223768426616,2.0189327759449036e-05,0.003452470086363464,0.0005805817366058855,0.002961900423922452,13.083333
1091,0.8448984324801438,-36.42009394832246,1.1807263726850334,-2.184686744081449,0.1385438857115034,0.4612738481157654,-0.4274746091318545,2.029916651502138e-05,0.0034915561683143874,0.0005721699232976803,0.0029089033500385884,13.091667
1092,0.8544245516270924,-36.43814690226697,1.1047865377433106,-2.14839948054902,0.1480831293912066,0.4625550991985602,-0.42286721281167844,2.0468420734942147e-05,0.003530943169062869,0.000564506295292664,0.0028627797726143715,13.1
1093,0.8633118326306274,-36.4559124819812,1.0274181738949406,-2.1156985009931497,0.15747995282531294,0.46339153036640757,-0.4185341882317573,2.0695476373121228e-05,0.0035706258960782403,0.0005575050965942448,0.002823128267176681,13.108333
1094,0.8715489199966913,-36.47341956237402,0.9487527918329283,-2.086344447721217,0.1667286796574397,0.4637922222443822,-0.4144886423550161,2.097879005162056e-05,0.003610600516687818,0.0005510947915765736,0.0027895856355098663,13.116667
1095,0.8791255277806693,-36.49069513988409,0.8689156588336503,-2.060125590986803,0.1758239342350363,0.463766035511866,-0.41074264586443937,2.1316876283739344e-05,0.003650864466362106,0.0005452163439388076,0.0027618261030877083,13.125
1096,0.8860323906252144,-36.507764552296734,0.7880265271540872,-2.0368553698153997,0.18476058791645247,0.46332154756814875,-0.4073072321820747,2.1708296655683918e-05,0.0036914163669764743,0.0005398217683359243,0.0027395602251788676,13.133333
1097,0.8922612205783393,-36.52465167943635,0.7062002944984779,-2.0163702576699896,0.19353370486102064,0.46246699622765897,-0.40419239869019546,2.2151650759754662e-05,0.0037322559549308534,0.0005348729217965494,0.002722533647962217,13.141667
1098,0.897804669174011,-36.54137912730217,0.6235476079164209,-1.998527920011853,0.20213848776578605,0.46121023056631905,-0.40140710962902004,2.2645568698821793e-05,0.0037733840188414257,0.000530340506555897,0.002710525833848943,13.15
1099,0.902656294344854,-36.55796839795689,0.5401754207781815,-1.983205634567315,0.21057022399377304,0.4595586689914245,-0.3989593001774024,2.3188705008732385e-05,0.0038148023464525194,0.0005262032601565449,0.0027033488310386268,13.158333
1100,0.9068105318108247,-36.57444004724891,0.45618751103673827,-1.97029894878334,0.21882423251945202,0.4575192645643995,-0.3968558812600915,2.377973387164409e-05,0.0038565136802740977,0.0005224473125460639,0.002700846144835697,13.166667
1101,0.9102626706510432,-36.59081383225149,0.3716849677926366,-1.9597205524711163,0.2268958120992181,0.45509847756788163,-0.39510274466679257,2.4417345518770035e-05,0.0038985216815560523,0.0005190656934228319,0.002702891751170729,13.175
1102,0.9130088328202203,-36.607108850132406,0.28676665219476194,-1.9513993469645727,0.23478019105739253,0.4523022552758434,-0.39370476811367194,2.5100243745303052e-05,0.003940830902054187,0.0005160579762727932,0.0027093892799753645,13.183333
1103,0.9150459564179688,-36.62334367002555,0.20152963791045955,-1.9452796952538407,0.2424724790624465,0.4491360188570353,-0.39266581992651767,2.5827144483529323e-05,0.003983446763165225,0.0005134300484393625,0.0027202713866006567,13.191667
1104,0.916371782560155,-36.63953645935801,0.11606963575929884,-1.941320840503019,0.2499676212532384,0.44560465731769233,-0.391988763075907,2.6596775402268938e-05,0.004026375541913529,0.0005111939992269471,0.0027354993225255694,13.2
1105,0.9169848457375773,-36.655705105994016,0.03048140660782051,-1.9394964831488624,0.25726035506224876,0.4417125283679081,-0.39167545834794865,2.7407876521974323e-05,0.0040696243633256335,0.0005093681205067096,0.002755062711510008,13.208333
1106,0.9168844675797909,-36.67186733748532,-0.05514083374668981,-1.9397945094306703,0.26434517007034875,0.4374634660775497,-0.3917267664889584,2.825920185527115e-05,0.004113201198707161,0.0005079770166266077,0.0027789795335475603,13.216667
1107,0.9160707539718397,-36.688040838669444,-0.14070301422783082,-1.942216866753948,0.27121627121709424,0.4328607951704781,-0.39214254921836406,2.9149522102497122e-05,0.004157114869230562,0.0005070518226816406,0.002807296315981619,13.225
1108,0.9145445954999623,-36.70424336882896,-0.22611080933467245,-1.9467795837760586,0.27786754568058075,0.427907351790001,-0.39292166906079223,3.007762845134441e-05,0.004201375054287008,0.000506630532429638,0.002840088528548969,13.233333
1109,0.9123076712298652,-36.72049287961731,-0.31126923790488087,-1.9535129355568144,0.28429253373151275,0.4226055105530823,-0.3940619880052951,3.104233754877139e-05,0.004245992303887553,0.0005067584393988954,0.002877461176512149,13.241667
1110,0.9093624558488245,-36.73680763497021,-0.39608225642601746,-1.9624617565770288,0.29048440385729835,0.41695721769498967,-0.3955603650566156,3.204249773263084e-05,0.004290978054310513,0.000507488697082995,0.0029195495830473196,13.25
1111,0.9057122302315046,-36.75320633425492,-0.48045234336277354,-1.973685906929812,0.2964359324426209,0.41096403008951793,-0.39741265279990245,3.307699662978337e-05,0.004336344645986405,0.00050888300661325,0.002966520348263214,13.258333
1112,0.9013610955199204,-36.76970823996468,-0.5642800706849999,-1.987260899568335,0.3021394882832139,0.4046271599117054,-0.39961369315595885,3.414477024697351e-05,0.004382105342420655,0.0005110124429993489,0.0030185724671903517,13.266667
1113,0.8963139908413321,-36.78633331134205,-0.6474636583791061,-2.003278699184344,0.3075870221983468,0.3979475246899462,-0.4021573125585291,3.524481370077749e-05,0.00442827434858929,0.000513958433993938,0.0030759385822781483,13.275
1114,0.8905767148251241,-36.803102345415425,-0.7298985071919234,-2.0218487061254304,0.3127700619951834,0.3909258024714755,-0.40503631683783864,3.6376193753329047e-05,0.004474866826885351,0.0005178139089270259,0.0031388863367889106,13.283333
1115,0.8841559511220117,-36.820037127055905,-0.8114767041759315,-2.0430989417633483,0.31767971302259174,0.38356249180014135,-0.4082424861451222,3.753806334127865e-05,0.0045218989081186245,0.0005226846385267675,0.0032077197832652746,13.291667
1116,0.8770592981775677,-36.837160589812555,-0.8920864947583473,-2.067177454920037,0.32230666453449597,0.37585797617648453,-0.41176657030065605,3.872967830661486e-05,0.004569387694430512,0.0005286907908440604,0.003282780785183945,13.3
1117,0.8692953035685134,-36.85449698946067,-0.9716117140199656,-2.094253972350269,0.3266412020611145,0.36781259263861954,-0.4155982849922833,3.9950416558861246e-05,0.004617351250025059,0.000535968732960164,0.0033644503290903593,13.308333
1118,0.860873503276208,-36.872072092404615,-1.0499311686143487,-2.124521819858346,0.3306732259612605,0.3594267040671026,-0.4197263092919392,4.119979991872719e-05,0.004665808574604408,0.0005446731131827092,0.0034531496379903597,13.316667
1119,0.8518044663492301,-36.88991338131298,-1.126917959250254,-2.1582001443503454,0.3343922762986154,0.35070077477894146,-0.42413828499356276,4.247751891205859e-05,0.004714779552800921,0.0005549792638790421,0.0035493409436821656,13.325
1120,0.8420998454981516,-36.908050280632644,-1.2024387318613396,-2.195536470907562,0.3377875641501291,0.34163544893445297,-0.42882081830629126,4.378346079901291e-05,0.004764284871156552,0.0005670859708291041,0.003653527735431412,13.333333
1121,0.8317724342731563,-36.92651440492719,-1.2763528434535034,-2.2368096326594524,0.3408480094140549,0.3322316312370495,-0.4337594844611995,4.511774113409349e-05,0.004814345891731202,0.0005812186607447863,0.003766254255000395,13.341667
1122,0.8208362316020252,-36.94533983331461,-1.3485114261037465,-2.282333114585117,0.34356228513913906,0.3224905693599973,-0.43893883580726567,4.648073915531496e-05,0.004864984468441664,0.0005976330639494897,0.0038881039549742377,13.35
1123,0.8093065146156307,-36.96456341363309,-1.4187563296346766,-2.3324588549877885,0.34591886834428337,0.3124139374870246,-0.44434241398190183,4.7873137290129305e-05,0.004916222688334193,0.0006166194133802868,0.0040196965825606305,13.358333
1124,0.7971999208642254,-36.984225100335316,-1.4869189200559816,-2.387581549663647,0.34790609724021293,0.30200392030548473,-0.4499527667424681,4.9295965035346564e-05,0.0049680825150998625,0.0006385072428617588,0.00416168350313168,13.366667
1125,0.7845345412347351,-37.004368330484006,-1.5528187069050232,-2.4481435028207352,0.3495122347003943,0.2912632967435776,-0.4557514700369043,5.0750647407866486e-05,0.005020585305900778,0.000663670845126231,0.004314740853007555,13.375
1126,0.7713300251214472,-37.02504044257344,-1.6162617681057534,-2.514640064259096,0.3507255377592223,0.28019552269660186,-0.461719155873224,5.223905805912033e-05,0.005073751164697937,0.0006925354404565191,0.004479560138766152,13.383333
1127,0.7576076996845806,-37.04629314319397,-1.6770389359026885,-2.587625682247095,0.35153433284056734,0.2688048119437509,-0.4678355465184555,5.376357697778612e-05,0.005127598085459659,0.0007255840858206907,0.0046568360315220455,13.391667
1128,0.7433907053575908,-37.06818302673202,-1.7349237018750752,-2.6677205830965938,0.3519270963402893,0.2570962144173136,-0.47407949551713313,5.532715244524036e-05,0.005182140826216282,0.0007633653156170718,0.004847251424732667,13.4
1129,0.7287041501382338,-37.09077215327301,-1.789669793150849,-2.755618057599495,0.3518925401031775,0.2450756909514842,-0.48042903596721365,5.693336651623399e-05,0.005237389439773622,0.0008065014394429442,0.0050514604739879555,13.408333
1130,0.7135752856220103,-37.11412868952145,-1.8410083660293046,-2.8520922854788964,0.3514197012486405,0.23275018360998126,-0.4868614364270765,5.8586502718224224e-05,0.005293347368282152,0.0008556973164301723,0.005270071544355319,13.416667
1131,0.6980337082077953,-37.138327616688386,-1.8886447578376293,-2.958006553707892,0.3504980357114212,0.22012768067185323,-0.49335326475099556,6.0291613821298487e-05,0.0053500089865823825,0.0009117492610404586,0.00550363411579054,13.425
1132,0.682111589416267,-37.16345150765954,-1.9322547339182992,-3.0743216116251246,0.34911751477548075,0.20721727534366424,-0.4998804600623433,6.205458632174648e-05,0.0054073564532058456,0.0009755534861008437,0.005752637300928574,13.433333
1133,0.6658439397943813,-37.189591372970106,-1.971480165674536,-3.2021037396040284,0.34726872379131507,0.19402921726645528,-0.5064184129742105,6.388219656702895e-05,0.005465355698634232,0.0010481131208288778,0.006017533566067255,13.441667
1134,0.649268911399816,-37.21684757065011,-2.005924079952079,-3.3425318674014357,0.3449429621817023,0.18057495589725822,-0.5129420540568067,6.578215104196529e-05,0.005523951349573832,0.001130542310191265,0.006298810779686921,13.45
1135,0.632428144309791,-37.24533076813427,-2.0351450333362986,-3.4969027350125907,0.3421323437590205,0.16686717486942296,-0.5194259504309127,6.77630999961821e-05,0.005583060358980855,0.001224065153158443,0.006597150647372999,13.458333
1136,0.6153671628832251,-37.275162934150785,-2.0586507926527315,-3.6666326064423154,0.33882989629980576,0.15291981647531988,-0.5258444102380642,6.983460902280889e-05,0.005642564091301104,0.0013300062121531487,0.006913734364490336,13.466667
1137,0.5981358274726285,-37.306478323477585,-2.075891353114941,-3.8532533801295004,0.3350296592508685,0.1387480954694316,-0.5321715946025798,7.200706704662386e-05,0.005702298612377619,0.0014497679727620866,0.007250789936581939,13.475
1138,0.5807888467003146,-37.33942439592978,-2.086251409730661,-4.058400036642959,0.3307267783759052,0.12436850146335843,-0.5383816365598417,7.429150107261726e-05,0.005762042973772705,0.0015847889360878459,0.007612523182074321,13.483333
1139,0.5633863539356831,-37.374162580729106,-2.0890425319236416,-4.283785171527832,0.3259175960935575,0.1097987892790959,-0.5444487662814945,7.669925766189095e-05,0.005821505392669525,0.0017364740621015255,0.008006637713686182,13.491667
1140,0.5459945487323681,-37.410868755908695,-2.083495497624991,-4.531154839300064,0.32059973620799703,0.09505795674923477,-0.5503474417838456,7.924149833581986e-05,0.005880307458233904,0.0019060873181288174,0.008446725324670085,13.5
1141,0.5286863989954708,-37.44973325685182,-2.068753549106573,-4.802218087551399,0.31477218169336035,0.08016620961229705,-0.5560524841635,8.192844137268184e-05,0.005937966909948078,0.0020945947418950827,0.00895588292889547,13.508333
1142,0.5115423915865502,-37.49096015607336,-2.043867771076762,-5.0985404904213665,0.30843534416949275,0.06514491336093386,-0.5615392162674331,8.476826721366275e-05,0.005993880219588431,0.0023024469096717564,0.009571947620181277,13.516667
1143,0.4946513066987581,-37.53476546711096,-2.007796394355786,-5.421389992016205,0.30159112370973046,0.05001653218029423,-0.5667836035773792,8.776559228837465e-05,0.006047307264684828,0.0025292940785160705,0.0103546564423244,13.525
1144,0.4781109731766664,-37.58137382179335,-1.9594106160420544,-5.771522069774108,0.29424295767475817,0.03480455548741557,-0.571762395975928,9.091941297098745e-05,0.006097361887978327,0.0027736386808075385,0.011394682512314038,13.533333
1145,0.4620289365026904,-37.631013062342895,-1.897510483943151,-6.148891776720442,0.28639585741077483,0.019533413072442503,-0.5764532689712918,9.42204386828172e-05,0.0061430140922931935,0.003032452268043342,0.01282363704288936,13.541667
1146,0.4465229373244897,-37.68390610036832,-1.8208554266600299,-6.552284497414286,0.2780564319499059,0.004228380455673224,-0.5808349628991091,9.7647787916693e-05,0.0061831118139248865,0.0033008209622511085,0.014822456055616351,13.55
1147,0.43172105635208174,-37.74025936547951,-1.7282148894261316,-6.978867948517129,0.2692328983942428,-0.01108452322841455,-0.5848874186055246,0.00010116513606353693,0.006216432045894644,0.0035717346961200583,0.017622888037542347,13.558333
1148,0.41776133417571404,-37.800247263715605,-1.6184448123638702,-7.4236882900654155,0.2599350795438596,-0.026378641860686544,-0.5885919081605804,0.00010471660403861373,0.006241771325947798,0.0038361905938414406,0.021493299025551263,13.566667
1149,0.4047906298548389,-37.86399238246764,-1.490594640009448,-7.879165806561994,0.2501743905793437,-0.04162679020715182,-0.5919311592671092,0.00010822297642018599,0.00625808232494812,0.004083810815239158,0.026697100174057194,13.575
1150,0.3929624549136283,-37.931541817652416,-1.3440462147449397,-8.334689994822904,0.2399638180921422,-0.056801360238197394,-0.5948894722196149,0.00011157921824389665,0.006264654141651788,0.00430412783995531,0.033413106304762456,13.583333
1151,0.38243353282990145,-38.00284103399729,-1.178679329591022,-8.77646249595676,0.22931789599493874,-0.07187442494262802,-0.5974528285075074,0.00011465463449392188,0.006261317425880423,0.004488502678786641,0.04161725255978263,13.591667
1152,0.3733589173332516,-38.07770806634821,-0.99504856644645,-9.187770250350141,0.2182526829150078,-0.08681784220363274,-0.5996089903858233,0.00011729720232415447,0.006248633285414511,0.004632288320328223,0.05094861119587504,13.6
1153,0.3658856818882939,-38.15581238607829,-0.7945435770034954,-9.549859758034126,0.20678574337377503,-0.10160336604662448,-0.6013475908502095,0.00011934333356312432,0.006228004637209586,0.00473642656302708,0.06061599386942657,13.608333
1154,0.36014547334344504,-38.23666387063092,-0.5794939264808089,-9.8434930099255,0.19493612962074358,-0.1162027766840868,-0.6026602133336769,0.00012063334053937592,0.006201644116653326,0.0048074462007512,0.06942524088070666,13.616667
1155,0.35624656867949245,-38.31961729114341,-0.3531761729237619,-10.051083668005347,0.18272435330465706,-0.1305880411445651,-0.6035404600318195,0.00012103115631754188,0.006172358439893381,0.004855180490167985,0.07598891781463327,13.625
1156,0.35426639439542845,-38.403895919441,-0.11969134123266471,-10.159075421007463,0.17017232964246745,-0.14473151004518622,-0.6039840071558978,0.0001204448348172464,0.006143168026503287,0.004888579376921663,0.07909905269999667,13.633333
1157,0.35424563364544437,-38.488634162394,0.11629246701123012,-10.16003040793231,0.15730327638797983,-0.158606143478484,-0.6039886448969793,0.000118842941474196,0.006116852164258065,0.004911302258959705,0.07812962384217158,13.641667
1158,0.3561849415126815,-38.57293442131677,0.3499010202143016,-10.05386471492283,0.14414155889565763,-0.17218574512931553,-0.6035542998350621,0.00011626213604170612,0.006095554142945012,0.0049193688268539685,0.07327335783257925,13.65
1159,0.3600448847683335,-38.65592933838122,0.57645463589407,-9.847863623470412,0.1307124885449989,-0.18544517657974224,-0.602683038169884,0.00011280341006485024,0.006080564374723361,0.004902298726087592,0.06548007140443939,13.658333
1160,0.3657491181728169,-38.73683896462968,0.7918314352431562,-9.55547185269637,0.11704209676474726,-0.19836052848312175,-0.6013790493530751,0.00010861782970939703,0.006072325850327855,0.004847261889977815,0.05612623716189709,13.666667
1161,0.3731902009908448,-38.81501391841379,0.9927285759900321,-9.194218832704129,0.10315691251417566,-0.2109092397041278,-0.5996486110081216,0.00010388570525803397,0.0060706178163337475,0.004744132390743547,0.04658813729216052,13.675
1162,0.3822370431324105,-38.88995958787481,1.176788990732631,-8.783339971678721,0.08908376489471288,-0.22307017139269025,-0.5975000369397641,9.879448934159676e-05,0.006074819872965058,0.00458911592317045,0.03791142743514807,13.683333
1163,0.39274285401834463,-38.961341148673675,1.3425978409551427,-8.341629155019344,0.07484961944043007,-0.23482365228984212,-0.5949436103286446,9.352004572592752e-05,0.0060841598818287225,0.004385742302429811,0.030676102682452504,13.691667
1164,0.40455262439216416,-39.02897291141529,1.4895799384116197,-7.885866315540105,0.06048144428539079,-0.24615151181418912,-0.5919915039970948,8.821394354779293e-05,0.0060978884172252935,0.004143480117354703,0.025038185776952257,13.7
1165,0.4175094885953059,-39.09279738856621,1.617840386452695,-7.429926960809714,0.04600609588787574,-0.25703711159901427,-0.5886576892201372,8.299724326552524e-05,0.006115368255763122,0.003875108467501139,0.02086500445621184,13.708333
1166,0.43145966196628116,-39.152859541553866,1.7279876013548006,-6.984496502783629,0.03145021372198095,-0.2674653789345158,-0.5849578342105162,7.795968015003669e-05,0.006136097356937907,0.0035940337266467054,0.017882030791101886,13.716667
1167,0.44625593227635796,-39.2092805784553,1.820966970709391,-6.557219619856751,0.016840116771338617,-0.27742284033999454,-0.5809091932486674,7.316247508569702e-05,0.006159693341078684,0.0033122912375893295,0.01578426653098292,13.725
1168,0.46175986726609203,-39.26223415912607,1.8979209034739202,-6.153101771823859,0.002201698877984158,-0.28689765116518473,-0.5765304874453309,6.864303189114394e-05,0.006185863338658326,0.0030394517149519387,0.014300423444343938,13.733333
1169,0.47784298687329424,-39.3119264579441,1.9600807646317584,-5.775013205733504,-0.012439676746154944,-0.29587961703399185,-0.5718417782413852,6.442018231166499e-05,0.006214374034743551,0.002782305056924501,0.013218505815220235,13.741667
1170,0.4943871642866455,-39.35858048573553,2.008689489697244,-5.424194328899491,-0.027059281737665426,-0.30436020399599883,-0.566864334890947,6.049913121597756e-05,0.006245028495205224,0.0025450584015647942,0.012387410041792052,13.75
1171,0.5112844937520792,-39.40242442117633,2.0449502450020405,-5.100705973763569,-0.04163312282784334,-0.312332535581219,-0.56162049729066,5.6875673943307086e-05,0.006277651027661762,0.002329792892698306,0.011707157707850468,13.758333
1172,0.5284368186115006,-39.443683376658626,2.0699953943890956,-4.803801025402789,-0.056138035554379434,-0.3197913761087623,-0.5561335355888543,5.3539549809502576e-05,0.006312078755269475,0.0021369931786459806,0.011115929064686864,13.766667
1173,0.545755065604943,-39.482573920810076,2.08487028153497,-4.532214521436312,-0.07055176934893885,-0.3267331004381974,-0.5504275080296923,5.04769672154152e-05,0.006348157832593647,0.001966040508204686,0.010578085590090026,13.775
1174,0.5631584890718349,-39.51930070653429,2.0905272073223617,-4.284380242668538,-0.08485306246340707,-0.33315565089379234,-0.5445271184652926,4.7672417528040815e-05,0.006385742407471073,0.0018156200261063757,0.010074739991684057,13.783333
1175,0.580573894459166,-39.554054641957485,2.087826017350153,-4.058586215393081,-0.09902170570653314,-0.33905848241178965,-0.5384575749115087,4.5109919870518696e-05,0.006424694930432148,0.0016840306991807697,0.009597026102096973,13.791667
1176,0.5979348847543872,-39.5870121495777,2.0775386780360225,-3.8530821588383835,-0.11303859438594287,-0.3444424971348965,-0.5322444504386374,4.277383301629047e-05,0.006464886921280626,0.0015694061823718502,0.009141630995501642,13.8
1177,0.6151811550349298,-39.61833516306447,2.0603560148037143,-3.6661506344438637,-0.1268857681860462,-0.34930996976305084,-0.5259135475836056,4.06493508913599e-05,0.006506199700787428,0.001469862901544092,0.008708007223255838,13.808333
1178,0.6322578477527245,-39.64817160108999,2.0368953953376665,-3.496151656848298,-0.14054643897563593,-0.3536644650014016,-0.5194907673506242,3.872277473835879e-05,0.00654852486443827,0.0013835928620014029,0.008296738190950741,13.816667
1179,0.6491149731708828,-39.67665613022284,2.007708584486095,-3.3415484484480626,-0.15400500674488296,-0.3575107484468802,-0.5130019837373537,3.698163285959818e-05,0.0065917644363179895,0.0013089167313770026,0.007908648512933967,13.825
1180,0.66570689428857,-39.70391108503223,1.9732893073862925,-3.2009201606511613,-0.16724706403556056,-0.3608546922345695,-0.5064729245870694,3.5414700122127716e-05,0.0066358307260467675,0.0012443096856752875,0.007544370492286827,13.833333
1181,0.6819918726532359,-39.73004745549258,1.9340802664818137,-3.072965851484158,-0.18025938935917693,-0.36370317673058444,-0.49992905942737326,3.4011954543282595e-05,0.006680645948361358,0.0011884094241690322,0.00720417473856355,13.841667
1182,0.6979316699459973,-39.755165882329045,1.8904794943371706,-2.956502806488983,-0.1930299302038175,-0.3660639895116361,-0.49339549481560346,3.276449697735492e-05,0.006726141673694979,0.0011400131118497032,0.006887943565421707,13.85
1183,0.7134911996242249,-39.77935762271287,1.8428460095489791,-2.850461378767939,-0.20554777631475363,-0.3679457228150956,-0.4868968775727946,3.16644516002101e-05,0.00677225817306142,0.0010980679235434842,0.006595213918921431,13.858333
1184,0.728638222862995,-39.8027054639178,1.791504793972435,-2.7538778513239635,-0.21780312400068522,-0.3693576705777886,-0.48045730615413895,3.070485890240712e-05,0.006818943709500505,0.0010616583108428903,0.00632524775723042,13.866667
1185,0.7433430833180337,-39.82528457294644,1.736751137644109,-2.6658863380041087,-0.22978723226700218,-0.37030972610902113,-0.4741002502763868,2.9879568682939616e-05,0.006866153816009576,0.0010299920015305437,0.006077107172214826,13.875
1186,0.7575784756833157,-39.847163277088164,1.6788544113333115,-2.5857103929049634,-0.24149237161297732,-0.37081228136387945,-0.4678484788031856,2.9183137617249253e-05,0.0069138505886216246,0.0010023859706477832,0.005849723110841802,13.883333
1187,0.7713192435392666,-39.86840377488619,1.6180613311279426,-2.512654755273946,-0.2529117663513556,-0.3708761286987429,-0.46172399577937345,2.8610733991135028e-05,0.006962002013797201,0.0009782531029574571,0.005641953166443693,13.891667
1188,0.7845422025231924,-39.88906277981122,1.5545987785357565,-2.4460974892719722,-0.26403953131779634,-0.37051236590369757,-0.4557479844057712,2.8158050873555274e-05,0.0070105813418671345,0.0009570899259093774,0.005452627482990801,13.9
1189,0.7972259853677656,-39.90919210059911,1.488676235653577,-2.3854826640400097,-0.274870603836139,-0.3697323052171107,-0.4499407586578457,2.7821228145748824e-05,0.007059566512799983,0.0009384655754707456,0.005280583587941906,13.908333
1190,0.8093509058279396,-39.92883916308443,1.4204878895486361,-2.330313643559555,-0.2854006717933814,-0.3685473869384429,-0.44432172217519633,2.7596783267691993e-05,0.007108939636522378,0.0009220120243536897,0.005124691715444639,13.916667
1191,0.8208988389433769,-39.948047478721875,1.3502144540494603,-2.2801470063739133,-0.295626098658325,-0.3669690981669057,-0.43890933398439624,2.748155034325944e-05,0.007158686527417065,0.0009074155249717631,0.004983872371849824,13.925
1192,0.8318531154604587,-39.9668570650155,1.27802475121837,-2.2345870841441227,-0.3055438462506644,-0.3650088971075421,-0.43372108056524783,2.747262687106184e-05,0.007208796290818581,0.0008944091783110536,0.004857107806696459,13.933333
1193,0.8421984285667707,-39.985304822899636,1.204077089186729,-2.1932810894348806,-0.3151513960340925,-0.36267814330395076,-0.42877345372977743,2.7567327488982803e-05,0.007259260958329892,0.0008827665215249431,0.004743448842163409,13.941667
1194,0.8519207513751479,-40.00342487582181,1.1285204679351617,-2.1559147929732716,-0.3244466696697506,-0.3599880340785861,-0.42408193375389447,2.7763144002863523e-05,0.007310075168158918,0.0008722960225900034,0.004642018268169412,13.95
1195,0.8610072638383538,-40.02124887492523,1.051495640055399,-2.122208706046184,-0.3334279495259191,-0.3569495473883366,-0.41966097718301476,2.805771101040875e-05,0.007361235886578903,0.0008628363739920504,0.004552011772318592,13.958333
1196,0.8694462879838849,-40.03880627435225,0.9731360495428171,-2.091914722731647,-0.34209379979723986,-0.3535733912356067,-0.4155240087244522,2.844877647448133e-05,0.007412742166539044,0.0008542524854084198,0.0044726971632277485,13.966667
1197,0.8772272305358018,-40.05612458031721,0.8935686682114977,-2.0648131779471504,-0.3504429888435538,-0.34986995971329254,-0.41168341664028196,2.8934176655417743e-05,0.007464594939682072,0.0008464320853800248,0.0044034124688053485,13.975
1198,0.8843405321411388,-40.07322957724032,0.8129147463531768,-2.0407102799327848,-0.3584744133151604,-0.3458492957063891,-0.40815055106387665,2.9511814873022502e-05,0.007516796838205589,0.0008392828525984656,0.0043435633474514365,13.983333
1199,0.8907776225461915,-40.09014553390336,0.7312904917275412,-2.0194358791612412,-0.36618702458917374,-0.34152106022312084,-0.4049357246806009,3.0179643631217015e-05,0.007569352043408383,0.0008327300078472565,0.004292620136479849,13.991667
1200,0.8965308811762139,-40.1068953922858,0.6488076888230028,-2.000841539383729,-0.37357975800065424,-0.3368945082849739,-0.40204821523742434,3.093564969937933e-05,0.007622266157887063,0.0008267143073879944,0.004250114773800703,14.0
1201,0.9015936026638599,-40.12350094147043,0.5655742685160488,-1.9847988803287289,-0.3806514653139133,-0.3319784712666225,-0.39949626937663263,3.17778418028734e-05,0.007675546098830523,0.0008211903874709236,0.004215637761448417,14.008333
1202,0.9059599669496162,-40.139982978769275,0.48169483673935154,-1.9711981653167279,-0.38740085084339587,-0.32678134554381094,-0.39728710732465183,3.270424063009454e-05,0.00772920000997779,0.0008161254176168765,0.004188835288707101,14.016667
1203,0.9096250136438381,-40.156361460012306,0.3972711695049706,-1.9599471106525757,-0.39382641160031806,-0.32131108727926017,-0.3954269280074848,3.371287091460603e-05,0.007783237190129896,0.0008114980273953702,0.004169406594779452,14.025
1204,0.9125846203967554,-40.17265564076326,0.3124026805852291,-1.9509698970672622,-0.3999263818111493,-0.3155752131527604,-0.39392091420871866,3.480175539836549e-05,0.007837668036269476,0.0008072974776843104,0.004157101623203826,14.033333
1205,0.9148354850716781,-40.188884210075784,0.22718686730136542,-1.9442063666910023,-0.40569868212686777,-0.30958080682149625,-0.39277323743385845,3.596891052607995e-05,0.00789250399953717,0.0008035230529443932,0.004151719000133265,14.041667
1206,0.9163751115591178,-40.20506541827809,0.14171973918468744,-1.939611392057596,-0.4111408738175914,-0.3033345308797286,-0.39198706219527507,3.721234376141651e-05,0.007947757552417275,0.000800183655980847,0.004153104354253048,14.05
1207,0.9172017991069129,-40.22121720017368,0.056096233736981874,-1.9371544064858235,-0.41625011822556696,-0.29684264407250505,-0.39156454948481445,3.8530052453833065e-05,0.008003442165572874,0.0007972975911101779,0.004161148986008945,14.058333
1208,0.917314635074902,-40.23735729496808,-0.029589376889315934,-1.9368190878848979,-0.4210231417301595,-0.29011102350564644,-0.391506859255585,3.992002422025295e-05,0.008059572292787202,0.0007948925257052572,0.004175788886758973,14.066667
1209,0.9167134910532627,-40.2535033641764,-0.11524308475717206,-1.9386031906195071,-0.4254562064613097,-0.2831451915828554,-0.39181415179018164,4.138023883914437e-05,0.008116163362490299,0.0007930056238629992,0.004197004103502647,14.075
1210,0.9153990223122868,-40.269673108731915,-0.20077074719839821,-1.942518522580576,-0.4295450869818324,-0.2759503473906943,-0.39248558788919263,4.29086716863326e-05,0.008173231774209908,0.0007916838495231328,0.004224818441211168,14.083333
1211,0.9133726705789879,-40.285884386502204,-0.286077686764779,-1.9485910670763993,-0.4332850531440797,-0.2685314022418747,-0.3935193278708742,4.4503298771979146e-05,0.00823079489813194,0.000790984439859255,0.004259299491844635,14.091667
1212,0.91063667016343,-40.302155331426846,-0.3710682867522589,-1.9568612516220942,-0.4366708593118253,-0.26089301907694695,-0.39491252942998395,4.616210346726727e-05,0.008288871075840278,0.0007909755532566136,0.004300558976342238,14.1
1213,0.9071940574858697,-40.318504475517976,-0.45564557883358675,-1.9673843681999887,-0.43969674012326515,-0.253039655413398,-0.39666134446053947,4.7883085037552814e-05,0.008347479619794092,0.0007917370997760377,0.0043487533827023285,14.108333
1214,0.9030486840856381,-40.334950875013455,-0.539710819085597,-1.9802311521261728,-0.4423564129549071,-0.24497560951932848,-0.3987609150033404,4.966426912578849e-05,0.00840664080883606,0.0007933617657700673,0.004404084879235073,14.116667
1215,0.8982052332250582,-40.35151424204325,-0.6231630483314379,-1.9954885293242588,-0.4446430872285674,-0.2367050694753303,-0.40120536853403105,5.150372035700302e-05,0.008466375876328298,0.0007959562483549005,0.004466802476690479,14.125
1216,0.8926692402376486,-40.36821508326261,-0.7058986322247593,-2.0132605446097767,-0.44654948068352457,-0.22823216477345976,-0.4039878128608521,5.3399557260028746e-05,0.008526706986851082,0.0007996427198397535,0.004537203405721771,14.133333
1217,0.8864471168104858,-40.38507484702238,-0.7878107758676786,-2.0336694865572498,-0.44806784271260613,-0.2195610200859528,-0.407100330952564,5.5349969727816853e-05,0.00858765719635311,0.000804560547057216,0.004615634666524285,14.141667
1218,0.8795461794371882,-40.402116080790655,-0.8687890069588574,-2.056857227680158,-0.44918998483433287,-0.21069581081776365,-0.41053397606577835,5.7353239260903344e-05,0.008649250389530249,0.0008108682959008345,0.0047024946949991145,14.15
1219,0.8719746823319099,-40.41936260070834,-0.9487186204895705,-2.082986802014977,-0.44990731834161335,-0.20164082003803507,-0.4142787675865697,5.940776226006698e-05,0.00871151118649184,0.000818746057318173,0.0047982350739895485,14.158333
1220,0.8637418551577021,-40.43683967536093,-1.0274800768168713,-2.11224424576079,-0.45021089913158857,-0.19240049636408296,-0.41832368804310033,6.151207665248773e-05,0.008774464809000264,0.0008283981375559789,0.004903362198816144,14.166667
1221,0.8548579459964138,-40.454574226077746,-1.1049483435114928,-2.1448407303571817,-0.45009147967961544,-0.18297951234941512,-0.42265668178343596,6.366489214909327e-05,0.008838136893922797,0.0008400561625811692,0.005018438783688966,14.175
1222,0.8453342700742138,-40.47259504633017,-1.18099216966643,-2.1810150212175907,-0.44953956807304624,-0.173382822904521,-0.4272646558450144,6.58651244374178e-05,0.008902553238437177,0.00085398265419234,0.005144085070604948,14.183333
1223,0.8351832648592712,-40.49093304309342,-1.2554732793175047,-2.2210362991471335,-0.4485454939672776,-0.16361572325578527,-0.4321334835686043,6.811193360993953e-05,0.008967739457662277,0.0008704751431325977,0.005280979577526472,14.191667
1224,0.8244185522690604,-40.50962150335994,-1.3282454682221685,-2.265207385050777,-0.44709948126716087,-0.15368390592497375,-0.4372480115292458,7.040476710865856e-05,0.009033720530186714,0.0008898708920380167,0.005429859202946183,14.2
1225,0.8130550088674128,-40.52869638934397,-1.399153585416549,-2.3138684115394113,-0.4451917272714816,-0.14359351618960425,-0.44259207036879983,7.274340742486361e-05,0.009100520200943377,0.0009125523074949931,0.005591518498626162,14.208333
1226,0.8011088450995887,-40.548196666289044,-1.4680323776718174,-2.3674009869425263,-0.44281248794692096,-0.13335120546420504,-0.4481484901185113,7.512802471918505e-05,0.009168160202794547,0.0009389531245129955,0.005766807947572845,14.216667
1227,0.7885976948113921,-40.568164667170656,-1.5347051711515936,-2.4262328972417273,-0.43995216892117067,-0.12296418202464125,-0.45389912059461923,7.755923440778391e-05,0.0092366592484664,0.0009695654462793043,0.005956631167842818,14.225
1228,0.7755407165302267,-40.58864649895659,-1.5989823601970232,-2.4908433883683396,-0.43660142170342503,-0.1124402584826889,-0.45982485743475654,8.003815957585985e-05,0.009306031732100421,0.001004947713977733,0.006161941150510858,14.233333
1229,0.7619587082566552,-40.609692495411494,-1.6606596682251733,-2.5617690634258663,-0.4327512445546905,-0.10178789540803138,-0.46590567431699115,8.256649780413916e-05,0.009376286064553624,0.0010457336609568906,0.006383736007062772,14.241667
1230,0.7478742378291144,-40.63135772166413,-1.719516140256271,-2.63961041418436,-0.42839308734172393,-0.09101624048925715,-0.47212066186625196,8.514659158941408e-05,0.009447422547687977,0.0010926422655729469,0.006623055368164026,14.25
1231,0.7333117912859384,-40.653702535817736,-1.7753118207029976,-2.725038980019954,-0.42351895961775193,-0.0801351626262199,-0.4784480737041026,8.778150095673125e-05,0.009519430670111472,0.0011464886473274117,0.006880979733294062,14.258333
1232,0.7182979420602651,-40.67679321266508,-1.8277850640094084,-2.8188050851577833,-0.41812154108192473,-0.06915528035374066,-0.48486538003704893,9.047507602809845e-05,0.009592285679159797,0.0012081957367290708,0.0071586370181400474,14.266667
1233,0.7028615443043887,-40.70070263390775,-1.8766494199776655,-2.921746039287014,-0.41219429347921205,-0.058087984011875954,-0.49134932910568757,9.323202613623515e-05,0.009665944251493893,0.0012788063698415705,0.007457223744920181,14.275
1234,0.6870339541452486,-40.725511047936855,-1.9215900309563754,-3.0347945870711075,-0.4057315729147009,-0.046945451101911596,-0.4978760167320785,9.605798042428723e-05,0.009740339047195996,0.0013594951850460619,0.007778053469256064,14.283333
1235,0.670849283207985,-40.751306899874386,-1.9622594757783167,-3.1589872445213785,-0.398728741472734,-0.03574065430005717,-0.5044209641061457,9.8959532585234e-05,0.009815371891161785,0.0014515792936143138,0.008122653174765071,14.291667
1236,0.6543446892822441,-40.778187728721214,-1.9982729974828437,-3.2954719451538135,-0.3911822769535794,-0.024487361644437964,-0.5109592038442088,0.00010194425924723159,0.009890905283397457,0.0015565261074430615,0.008492940995225455,14.3
1237,0.6375607094968898,-40.80626112244847,-2.0292030616238614,-3.445514110161972,-0.3830898794702093,-0.013200128464259487,-0.5174653742348638,0.00010502069722603593,0.009966751902277185,0.001675955875952421,0.008891537832941202,14.308333
1238,0.6205416417309786,-40.8356457127822,-2.0545732141782245,-3.6104998203047938,-0.3744505735866543,-0.0018942806864893297,-0.5239138214604635,0.00010819825910333504,0.01004266174193014,0.0018116353424401479,0.009322293968323713,14.316667
1239,0.6033359800906525,-40.86647217803383,-2.0738512499062893,-3.791934159688786,-0.36526480462916217,0.009414110765376774,-0.5302787094478877,0.0001114870589653171,0.010118306534697611,0.001965457417629893,0.009791152835615992,14.325
1240,0.5859969099190356,-40.898884202985776,-2.0864417738970324,-3.991431971743061,-0.3555345277638393,0.020708264670318815,-0.5365341368618476,0.0001148976102598094,0.010193261180303755,0.002139399860812092,0.010307530829020197,14.333333
1241,0.5685828666712603,-40.93303931747152,-2.0916783556960272,-4.210697160061076,-0.34526328841225173,0.03197073338076668,-0.5426542606096946,0.00011844034531239029,0.010266982080770634,0.0023354537279983295,0.010886465355339197,14.341667
1242,0.551158160626862,-40.96910949736662,-2.0888156570240377,-4.451485233318906,-0.33445629257392995,0.04318345579773429,-0.5486134250809644,0.00012212489109388806,0.010338782631032994,0.0025555100628965907,0.011551868348146544,14.35
1243,0.5337936651812726,-41.007281360414744,-2.0770221869410808,-4.715542017599527,-0.3231204656494244,0.05432781920516034,-0.5543862962005018,0.00012595901904310705,0.010407806735337057,0.002801191611980509,0.012341299955234633,14.358333
1244,0.516567559467847,-41.04775572197159,-2.0553747343012896,-5.00450940230864,-0.31126449842297105,0.06538472949335387,-0.5599479992343729,0.0001299471701216315,0.010473002232934462,0.0030736165003669917,0.013312699417817346,14.366667
1245,0.49956610514380606,-41.09074619077906,-2.0228560805560267,-5.3197868668592045,-0.29889887899298506,0.0763346890146857,-0.5652742591572414,0.00013408844413301886,0.010533097666548235,0.003373084990102007,0.014553378357099292,14.375
1246,0.482884420895744,-41.136476383601085,-1.978358333393501,-5.662335860222432,-0.28603590966909004,0.08715788095210036,-0.5703415422742024,0.0001383739427436018,0.010586588038128742,0.003698691976835137,0.016191116402490338,14.383333
1247,0.4666271950177753,-41.185175227297115,-1.92069514371406,-6.032413848283058,-0.27268970824168426,0.09783425864240995,-0.5751271976971314,0.00014278338216124008,0.010631738088495803,0.00404789102916666,0.01840611839436172,14.391667
1248,0.4509092449460757,-41.23706971580123,-1.8486271131126475,-6.429227660548228,-0.25887619364709813,0.10834363780938722,-0.5796095972161076,0.000147280964624452,0.010666614963145927,0.004416074441102937,0.021440537716810343,14.4
1249,0.43585579251691786,-41.292374432854615,-1.7609056854517504,-6.850504151356775,-0.24461305697260888,0.11866578921781676,-0.5837682720941829,0.0001518106450872217,0.010689165109185678,0.004796288009129185,0.025598969187764286,14.408333
1250,0.4216022768284611,-41.35127719853872,-1.6563413684967274,-7.291993348879377,-0.22991972000206082,0.1287805290540681,-0.5875840453643448,0.00015629118007318848,0.010697351261623928,0.00517925859881493,0.031229019574124793,14.416667
1251,0.40829347900777835,-41.41392043525796,-1.533901606076611,-7.746948309129488,-0.21481728499083386,0.13866780470216775,-0.5910391583340722,0.0001606117168883586,0.010689361726057004,0.005553946881225697,0.03866737406151621,14.425
1252,0.3960816975453336,-41.48037838240454,-1.3928410959863473,-8.20566777941026,-0.19932848069648576,0.1483077749601947,-0.5941173902063355,0.00016462915059343956,0.010663892377007413,0.00590879116391139,0.048137642444827156,14.433333
1253,0.38512371013575886,-41.550631211002425,-1.2328617933373427,-8.655237632949774,-0.183477610078131,0.15768088651178544,-0.5968041699794622,0.00016816893958258318,0.010620479052948306,0.006233611647521351,0.059598118115516574,14.441667
1254,0.3755763165964032,-41.62453841191681,-1.0542906122574092,-9.079649553029643,-0.16729050330759732,0.1667679525604932,-0.5990866800204057,0.0001710313048179235,0.010559825279719322,0.0065217650129592245,0.07256633456384932,14.45
1255,0.36759040662035686,-41.701815384250665,-0.8582505856827276,-9.460482401293419,-0.15079447464237963,0.1755502438514655,-0.6009539507957492,0.00017300440641159653,0.010484036307080629,0.0067716735814010425,0.0859901272734475,14.458333
1256,0.36130375067672765,-41.782018491314595,-0.646788937094471,-9.778267603843004,-0.13401827323870674,0.18400960436701064,-0.6023969460536894,0.00017388486143026974,0.010396654014676416,0.0069866038847091055,0.09826945469096743,14.466667
1257,0.35683305091694606,-41.86454427323598,-0.42291883317943685,-10.014501493753267,-0.11699200857839898,0.19212860054843353,-0.6034086372070692,0.00017350376899046593,0.010302411437192502,0.0071719623328851375,0.10751758809360712,14.475
1258,0.3542661359824357,-41.94864726258249,-0.19053738067067194,-10.15403432804733,-0.09974702622202081,0.1998907021390743,-0.6039840648843406,0.00017175374659130055,0.01020670177633535,0.007330601540424707,0.11205171477678194,14.483333
1259,0.35365541457135835,-42.033477617409716,0.04579521839037761,-10.187340345623333,-0.08231571515317705,0.2072804771549136,-0.6041203849443026,0.00016861051295255259,0.010114864975969189,0.00745818774113727,0.11094948998044785,14.491667
1260,0.35501368736044026,-42.1181351367599,0.28119497809950683,-10.112080204254143,-0.06473124586852907,0.21428377070457166,-0.6038168961671565,0.00016414263396937208,0.010031481916250628,0.007541389966735606,0.10440669777740574,14.5
1261,0.3583130922199182,-42.201731696519104,0.5108553832178733,-9.933498826158472,-0.04702726214577793,0.22088783625644803,-0.6030750476391946,0.00015850580476806187,0.00995987516863334,0.007560559627392183,0.09369283936104728,14.508333
1262,0.36348738560056365,-42.28345161975886,0.7304334580251818,-9.663536900344566,-0.029237566467387267,0.22708140149123202,-0.6018984253840868,0.0001519226258138954,0.009901931809596027,0.007496076718317867,0.0807161916984041,14.516667
1263,0.37043712299669934,-42.36260013293114,0.9363487263490696,-9.318926738987642,-0.011395839263215376,0.2328546724596623,-0.6002927194604233,0.0001446531838420364,0.009858234727944955,0.007335386658916217,0.06742354272414239,14.525
1264,0.37903680707784293,-42.43863355553575,1.1259514734220435,-8.918809153605372,0.006464584172217608,0.23819929743457904,-0.5982656738683519,0.00013696386713889987,0.009828387828606963,0.007077514475066281,0.055313643113948874,14.533333
1265,0.3891428643192068,-42.51116966333046,1.2975544414916962,-8.482445835128784,0.024310877732640946,0.2431083172418115,-0.5958270218676922,0.00012910106419420362,0.0098113924221749,0.006733500921025544,0.04522410861987777,14.541667
1266,0.4006014006566303,-42.57998089441778,1.4503534587842748,-8.027442227073717,0.042110844988052794,0.2475761223362247,-0.5929884088743649,0.00012127361147448092,0.009805968538422123,0.006323354126898341,0.03737954588167294,14.55
1267,0.4132549767464617,-42.644975539609426,1.5842783818842479,-7.568654690852721,0.059833017088225374,0.2515984250969412,-0.5897633044119133,0.00011364467632549725,0.009810775642143933,0.005871370458182136,0.03158455002197252,14.558333
1268,0.4269479987480297,-42.70617258997278,1.6998160332211378,-7.117746435015605,0.07744674514620706,0.255172245644011,-0.5861669040429108,0.00010633144739290297,0.009824536172376875,0.005401680840923869,0.02743897000049349,14.566667
1269,0.4415306326483227,-42.76367505258226,1.797837236514028,-6.6832362399983865,0.09492229622167214,0.2582959042004755,-0.5822160219620067,9.94099916096433e-05,0.009846088785063002,0.00493512130474878,0.0245023554417896,14.575
1270,0.45686136510663317,-42.817645059332975,1.8794472965945201,-6.270851563616609,0.11223095469398589,0.2609690122945662,-0.5779289749670586,9.292268603123172e-05,0.009874400787598646,0.004487683222288367,0.02238803931811087,14.583333
1271,0.47280844634782593,-42.8682825982142,1.9458680026113042,-5.884022156756083,0.1293451262144063,0.26319245694045756,-0.5733254587145287,8.688624884166165e-05,0.009908561753059583,0.004070255238022184,0.020799278108081774,14.591667
1272,0.4892504830714338,-42.91580852183665,1.9983514322100533,-5.524397991864906,0.14623843958310612,0.26496837448340316,-0.5684264173909594,8.129914387609591e-05,0.009947771120610113,0.00368917667123197,0.019529652278528042,14.6
1273,0.5060764316811497,-42.960451722153294,2.038121537059336,-5.192322986329378,0.16288584190768512,0.26630011297413597,-0.5632539081195861,7.614776803757184e-05,0.009991325653108736,0.0033471618277818044,0.018446994557946614,14.608333
1274,0.5231852003201873,-43.00243995128637,2.0663378341424083,-4.88723296630746,0.17926368330390313,0.2671921834022329,-0.5578309615403805,7.14112666126728e-05,0.010038608615713903,0.0030442878405600973,0.017473210627714883,14.616667
1275,0.540485019955081,-43.04199361377362,2.0840754932745464,-4.607970446204066,0.19534978853495524,0.26765020092942965,-0.5521814400518947,6.706507029323884e-05,0.010089080735042767,0.002778875178846417,0.016566177418265153,14.625
1276,0.557892700014222,-43.079321855422094,2.0923168794025377,-4.353022185388616,0.2111235140172469,0.2676808176180656,-0.5463298951955067,6.308335956280486e-05,0.010142272450492257,0.002548191738143402,0.015705862896479073,14.633333
1277,0.5753328471352367,-43.11462035220779,2.091950643362453,-4.120691404435222,0.22656578943297542,0.2672916482369885,-0.5403014256110812,5.944068916262752e-05,0.010197776979019428,0.0023489731806774234,0.014884702891203134,14.641667
1278,0.59273709727807,-43.1480703098084,2.0837754639097645,-3.9092179586235956,0.2416591437842604,0.2664911906809929,-0.5341215369097981,5.611298788592539e-05,0.010255243889175413,0.0021777826380551643,0.01410143253663863,14.65
1279,0.6100433909813208,-43.179838292371265,2.068506398240943,-3.7168588323509746,0.2563877161422729,0.26528874243990785,-0.5278160047042924,5.307811314956056e-05,0.010314373047528408,0.002031243343437784,0.013357409109237134,14.658333
1280,0.6271953074025153,-43.21007659457059,2.0467824641797203,-3.54193940186449,0.270737251637107,0.26369431443915264,-0.5214107419150963,5.031610048013982e-05,0.010374908909639017,0.0019061774440249572,0.012654591473476548,14.666667
1281,0.6441414634519089,-43.238923949239904,2.0191745677640616,-3.3828837859931093,0.28469508343911,0.26171854346203194,-0.5149316713406845,4.780921240161906e-05,0.010436635179896852,0.0017996792273136607,0.01199455027595423,14.675
1282,0.6608349784648634,-43.26650642389508,1.9861932361157029,-3.2382306443431905,0.2982501016289572,0.25937260425902986,-0.5084046043400919,4.554186187673093e-05,0.010499369878006298,0.001709144717232473,0.011378079446305773,14.683333
1283,0.6772330013973692,-43.29293840541241,1.9482958509940353,-3.10663913772555,0.31139270995893,0.25666812235136727,-0.5018551263353372,4.350046271980273e-05,0.010562960842049692,0.0016322737279906609,0.010805132921762033,14.691667
1284,0.6932962956786856,-43.31832360578959,1.9058932332558876,-2.986888461577104,0.3241147715835106,0.2536170884422762,-0.4953084896985226,4.167324249186482e-05,0.010627281682006986,0.0015670556378833544,0.010274918784997646,14.7
1285,0.7089888760452215,-43.34275604602375,1.859355526500996,-2.877873367898585,0.3364095448893735,0.2502317752584863,-0.4887895144479994,4.005004119942816e-05,0.010692228180520444,0.001511746463118051,0.00978605446235764,14.708333
1286,0.7242776915160805,-43.366320992052984,1.809017387492077,-2.778597352308487,0.3482716105871892,0.24652465755486663,-0.48232249704161745,3.8622110548368444e-05,0.010757715123588366,0.001464842140835517,0.009336731369627798,14.716667
1287,0.7391323488871274,-43.3890958283347,1.7551825244993817,-2.688164645746709,0.3596967912428519,0.24250833592634355,-0.4759311274247903,3.738192261157673e-05,0.010823673533631974,0.0014250510659228172,0.008924864100533864,14.725
1288,0.7535248715424584,-43.41115086245051,1.698127641632352,-2.605771766783819,0.3706820644252097,0.23819546498370178,-0.4696384143686107,3.632299280429022e-05,0.010890048271183393,0.0013912676656270778,0.008548214411444245,14.733333
1289,0.7674294888983855,-43.43255005924362,1.6381058536991178,-2.5306991207535354,0.3812254706332036,0.23359868636338185,-0.4634666190199623,3.543971945605095e-05,0.0109567959686655,0.0013625479689341792,0.00820448832910139,14.741667
1290,0.7808224523369939,-43.45335170622447,1.575349636330343,-2.462302945052425,0.39132601713856485,0.22873056695728344,-0.45743719648260717,3.472724060480702e-05,0.011023883259090865,0.0013380876019953576,0.007891408610032423,14.75
1291,0.7936818740136035,-43.473609013912736,1.5100733727342037,-2.400007772504873,0.4009835788427235,0.22360354266725604,-0.45157074515643053,3.418130761731147e-05,0.011091285264084842,0.0013172023192218405,0.0076067663344663835,14.758333
1292,0.8059875854131832,-43.49337065583897,1.4424755532524027,-2.3432994993337437,0.4101987972000231,0.21822986791116017,-0.44588696348192547,3.379817464849945e-05,0.011158984307780187,0.001299310992828996,0.007348455725479027,14.766667
1293,0.8177210129745083,-43.51268125340157,1.372740677945715,-2.2917190883918472,0.41897297820510737,0.21262157103430712,-0.4404046136688918,3.357450264484618e-05,0.011226968826241473,0.0012839208837272453,0.007114495987498738,14.775
1294,0.8288650684943365,-43.531581810872474,1.3010409064020143,-2.244856902834792,0.4273079903826875,0.20679041571138468,-0.435141491932247,3.350727647114048e-05,0.011295232445199215,0.0012706149713303699,0.006903043416170028,14.783333
1295,0.8394040523680598,-43.550110105707155,1.2275374932005256,-2.2023476439121854,0.43520616365375425,0.20074786836138764,-0.4301144047136072,3.3593733729069556e-05,0.011363773202068134,0.0012590411075858897,0.0067123964342115745,14.791667
1296,0.849323568021287,-43.56830103904032,1.152382042175851,-2.163865854486065,0.44267018988599316,0.19450507154048333,-0.4253391503345657,3.3831303893604707e-05,0.011432592891381405,0.0012489027673357935,0.0065409956479815625,14.8
1297,0.858610446143023,-43.58618695090136,1.0757176078863375,-2.1291219440866342,0.44970302586856026,0.18807282322645932,-0.42083050550582723,3.421755648918886e-05,0.011501696515368554,0.001239951184080646,0.006387420535435507,14.808333
1298,0.8672526775501401,-43.60379790430542,0.9976796685197951,-2.0978586895939557,0.4563077993840266,0.18146156186297302,-0.4166022161049523,3.4750157143184e-05,0.011571091824180793,0.001231978681803437,0.006250383977579615,14.816667
1299,0.8752393536994169,-43.62116194199636,0.9183969908437961,-2.0698481664873314,0.4624877189845377,0.1746813569917562,-0.41266699163368753,3.542683047598162e-05,0.01164078893230656,0.0012248130363926395,0.006128725527955165,14.825
1300,0.8825606140218911,-43.63830531925089,0.8379924046865158,-2.0448890680126404,0.46824598801561856,0.1677419052668935,-0.40903650277293074,3.6245328908736275e-05,0.011710799999849225,0.0012183127224850985,0.0060214040676624565,14.833333
1301,0.8892075993886578,-43.65525271581083,0.7565835017672737,-2.022804372900499,0.4735857233707197,0.1606525316162784,-0.4057213814685059,3.720340658603728e-05,0.011781138968863803,0.0012123629222252573,0.005927490304939105,14.841667
1302,0.8951724111310909,-43.67202742969873,0.6742832714318785,-2.003439325977396,0.47850987940321665,0.15342219529066767,-0.4027312230032723,3.829879771990986e-05,0.011851821346530298,0.0012068721910684468,0.005846159436765354,14.85
1303,0.9004480751349796,-43.688651555388695,0.5912006839366281,-1.9866596998621937,0.4830211773699746,0.1460595005217138,-0.4000745895398396,3.952919876228264e-05,0.011922864028075703,0.0012017696922279782,0.005776684185293445,14.858333
1304,0.9050285106099016,-43.70514614855761,0.5074412303204843,-1.9723503097558073,0.48712204073313553,0.1385727114933029,-0.39775901465256486,4.089225390530204e-05,0.011994285153424829,0.0011970029257563255,0.005718428345605923,14.866667
1305,0.9089085032047942,-43.7215313794217,0.4231074265666291,-1.9604137570118263,0.4908145366032378,0.1309697713188415,-0.3957910084067592,4.238554349276884e-05,0.012066103992369834,0.0011925358907355092,0.0056708409266339075,14.875
1306,0.9120836822001204,-43.7378266764772,0.33829928864662734,-1.9507693806694872,0.49410032356837597,0.12325832470647995,-0.394176062586477,4.40065750024318e-05,0.012138340853727596,0.0011883476298567453,0.005633450928603567,14.883333
1307,0.9145505015580773,-43.75405086230287,0.2531147841322317,-1.9433523994202764,0.49698060611960904,0.11544574398732066,-0.3929186557192213,4.575277632824084e-05,0.012211017014540448,0.0011844311150261098,0.005605862773982728,14.891667
1308,0.9163062246565279,-43.77022228294963,0.16765026532587746,-1.9381132295695787,0.4994560958526827,0.10753915817557252,-0.39202225759577114,4.762149115485108e-05,0.012284154665688893,0.0011807924407741162,0.005587752391370111,14.9
1309,0.9173489125710851,-43.786358932334494,0.08200088828000239,-1.9350169674629838,0.5015269795994848,0.09954548472517971,-0.3914893330355848,4.9609976274474374e-05,0.012357776870679939,0.001177450299388236,0.0055788639406783675,14.908333
1310,0.917677415804266,-43.802478572970585,-0.0037389783694101813,-1.9340430275995182,0.5031928946190772,0.09147146364428536,-0.39132134470233854,5.17154007491032e-05,0.012431907534419069,0.0011744357180286092,0.005579007161478682,14.916667
1311,0.9172913693919331,-43.818598854304135,-0.08947535115131156,-1.9351849302827093,0.504452910957274,0.08332369362529836,-0.3915187548296635,5.3934846870024555e-05,0.012506571378929443,0.0011717920438099078,0.0055880553231156755,14.925
1312,0.9161911913463368,-43.83473742988717,-0.17511423269442172,-1.9384502351995752,0.5053055210644797,0.07510866984615754,-0.39208102577362197,5.6265312911753716e-05,0.012581793922863203,0.0011695751681036746,0.005605943754138551,14.933333
1313,0.91437808442287,-43.85091207459611,-0.26056121255346,-1.943860619803534,0.5057486367436475,0.06683282309490075,-0.39300661936551134,5.870371771964725e-05,0.01265760146140929,0.0011678539862886085,0.005632668928924848,14.941667
1314,0.911854041225062,-43.86714080310669,-0.34572106462815033,-1.9514521038468593,0.5057795934826045,0.05850255986670209,-0.3942929950957972,6.124690720966908e-05,0.012734021042941154,0.0011667110939954503,0.005668288090527604,14.95
1315,0.9086218526901868,-43.88344199085716,-0.4304973377682276,-1.9612754238989287,0.5053951622071006,0.0501243030789038,-0.39593660721700474,6.389166289563503e-05,0.01281108043827685,0.0011662437256954275,0.005712919390279325,14.958333
1316,0.90468512002708,-43.899834498774204,-0.5147919359417809,-1.9733965642352285,0.5045915684719391,0.041704533045332094,-0.39793290090981326,6.663471259345344e-05,0.01288880809757297,0.0011665649463991484,0.005766742526222139,14.966667
1317,0.9000482702092222,-43.91633780310067,-0.5985046840142011,-1.9878974531251858,0.5033645190866788,0.03324982834637999,-0.40027630771202644,6.94727434837223e-05,0.012967233089223216,0.0011678051123982117,0.0058299998637530714,14.975
1318,0.8947165751608772,-43.932972131749416,-0.6815328747309608,-2.0048768363191947,0.501709236148869,0.02476690622678463,-0.4029602404640838,7.240241774309981e-05,0.01304638501383675,0.0011701136225227586,0.005902998022871659,14.983333
1319,0.8886961748131504,-43.949758608719776,-0.7637707919060168,-2.0244513424683737,0.49962049843107426,0.016262662147006855,-0.4059770880768732,7.542039098073831e-05,0.013126293884897272,0.0011736609874332087,0.005986109917111171,14.991667
1320,0.8819941042514475,-43.96671940824696,-0.845109204071604,-2.0467567583313424,0.49709269003719747,0.007744208109450714,-0.40931821047730127,7.852333373797104e-05,0.013206989965896468,0.0011786412511356561,0.0060797772299048475,15.0
1321,0.8746183252273747,-43.983877920518374,-0.9254348219229915,-2.0719495349485104,0.49411985620847115,-0.0007810906248022789,-0.412973934133809,8.170795632618726e-05,0.013288503551395834,0.0011852748063168664,0.006184513315392876,15.008333
1322,0.8665777623681782,-44.001258930981116,-1.0046297117674092,-2.1002085495001013,0.4906957661193636,-0.009305580817246606,-0.41693354860719056,8.497103728773212e-05,0.013370864676512304,0.001193811653323505,0.0063009065137616255,15.016667
1323,0.8578823444871841,-44.01888881548661,-1.0825706558287056,-2.1317371512913907,0.4868139824582264,-0.017821288923295604,-0.42118530461101583,8.830945576527852e-05,0.01345410273563551,0.001204535161702354,0.006429623878299946,15.025
1324,0.8485430514814798,-44.03679575377097,-1.1591284486321078,-2.1667655241759203,0.48246793753657113,-0.026319891547509553,-0.4257164140999671,9.172022805292632e-05,0.013538245986637922,0.0012177664031364696,0.0065714153262096345,15.033333
1325,0.8385719674006555,-44.05500996405526,-1.23416711675507,-2.205553401631866,0.4776510156142992,-0.0347926890764723,-0.4305130529327264,9.520054857283742e-05,0.013623320911030672,0.0012338691351997352,0.0067271182540666824,15.041667
1326,0.8279823403856222,-44.0735639618676,-1.3075430469339362,-2.248393174469442,0.47235664106609615,-0.043230582880344766,-0.43556036667789344,9.874783546751798e-05,0.013709351393460214,0.0012532555262408146,0.006897662711829634,15.05
1327,0.8167886503124916,-44.09249284653597,-1.3791040048112224,-2.2956134344766075,0.4665783719467998,-0.05162405646811408,-0.440842480145971,0.00010235978091133707,0.01379635767489853,0.0012763927222309349,0.007084077322798765,15.058333
1328,0.8050066851369098,-44.11183461917263,-1.4486880234420003,-2.3475829997498465,0.46030999844128107,-0.05996316097188654,-0.44634251123688357,0.00010603440611275404,0.013884355022914316,0.0013038103654128648,0.007287496296921978,15.066667
1329,0.7926536271230865,-44.13163053635759,-1.5161221369992064,-2.404715468310569,0.45354564560781585,-0.0682375053217933,-0.4520425896900068,0.00010977012078425388,0.013973352048616957,0.0013361091802146885,0.007509168152266431,15.075
1330,0.779748150363568,-44.15192550411087,-1.5812209308846081,-2.467474344834017,0.446279879744021,-0.07643625145377178,-0.45792388131146644,0.00011356578657662667,0.014063348582961013,0.0013739707412200198,0.0077504671983408,15.083333
1331,0.7663105312552427,-44.17276851709703,-1.643784874642546,-2.5363787793791905,0.43850781762199903,-0.08454811486866921,-0.4639666182308228,0.00011742078357679778,0.014154333004233164,0.001418168526564133,0.00801290954460797,15.091667
1332,0.7523627738989521,-44.19421314828293,-1.7035983987038532,-2.612009944661307,0.4302252377557779,-0.09256137083066819,-0.4701501357055339,0.00012133507841002355,0.014246278883210471,0.0014695803312770985,0.008298176530831092,15.1
1333,0.737928752738757,-44.2163180944085,-1.7604276701414088,-2.695018056408351,0.4214286927806639,-0.10046386645688744,-0.47645291594628064,0.0001253092917105854,0.014339140781810296,0.001529202059006337,0.00860815026641001,15.108333
1334,0.7230343751556753,-44.239147782529166,-1.8140180164932065,-2.7861300050394617,0.412115621942453,-0.10824303890672439,-0.4828526393789544,0.0001293447616509752,0.01443284900463713,0.0015981628130299034,0.008944968766663336,15.116667
1335,0.7077077671804194,-44.2627730424053,-1.8640909406820607,-2.8861575096849124,0.40228446261593104,-0.11588593983031306,-0.48932624368968475,0.00013344359874398103,0.014527303060268143,0.0016777410483761006,0.009311112512868593,15.125
1336,0.6919794859870684,-44.28727184843487,-1.9103406647981431,-2.996005618125362,0.3919347596988827,-0.12337926617827857,-0.4958499909177055,0.00013760872511758764,0.014622363540947442,0.0017693812981995976,0.009709540916520942,15.133333
1337,0.6758827633640587,-44.312730132850355,-1.9524301371192254,-3.116681245587407,0.3810672716613916,-0.13070939741138016,-0.5023995427674045,0.00014184388872906943,0.014717842077366804,0.0018747106114529058,0.010143907256587143,15.141667
1338,0.659453784908039,-44.33924266859875,-1.9899864370041735,-3.2493012536432997,0.3696840719726316,-0.1378624390774638,-0.5089500442060564,0.00014615363930615922,0.014813488972891668,0.0019955532858799783,0.010618895749706102,15.15
1339,0.642732010208825,-44.36691401509003,-2.0225955189932807,-3.3950992935736077,0.357788644580588,-0.1448242726441955,-0.5154762152983059,0.0001505432478980469,0.01490897807751399,0.002133941689175552,0.011140746609577463,15.158333
1340,0.6257605397199208,-44.39585951199969,-2.049796254845144,-3.555430244512602,0.3453859720862604,-0.1515806113890641,-0.5219524511034952,0.00015501854545943675,0.015003888438543219,0.002292119862126294,0.011718066878241278,15.166667
1341,0.6085865342249498,-44.42620629440393,-2.0710737667168213,-3.7317705245724793,0.33248261523563055,-0.15811706205133158,-0.5283529293288068,0.00015958564752220516,0.015097682286753768,0.0024725351236591767,0.012363069336377071,15.175
1342,0.5912616926372622,-44.45809428519578,-2.085852105608807,-3.9257117929685905,0.3190867823531824,-0.16441919184280981,-0.5346517252915679,0.00016425052141029456,0.015189679020313209,0.0026778110103787434,0.01309344113496441,15.183333
1343,0.5738427930353992,-44.49167709600966,-2.0934864299309375,-4.138944536673673,0.3052083873653164,-0.17047260029162684,-0.5408229335999669,0.00016901833946089768,0.01527902509248786,0.002910692623533229,0.013935117324064404,15.191667
1344,0.5563922999363733,-44.527122733340455,-2.093254998156791,-4.373226692230823,0.2908590951182553,-0.17626299525189773,-0.5468407958152164,0.00017389254655719215,0.015364660179039528,0.0031739530379722727,0.014926314166706646,15.2
1345,0.5389790372576816,-44.56461395936701,-2.084351531703524,-4.6303307595347105,0.27605235279534246,-0.18177627224719897,-0.5526798332127454,0.00017887355399646146,0.015445280818815826,0.00347024738824372,0.01612323882986403,15.208333
1346,0.5216789204016472,-44.60434809430525,-2.0658788602625795,-4.911960847116902,0.2608034064035476,-0.18699859612041037,-0.5583149836188366,0.00018395695685264504,0.015519304045915082,0.0038019006698409583,0.017607880168695987,15.216667
1347,0.504575731319809,-44.64653596675817,-2.036845266629446,-5.2196289043656,0.2451293015576436,-0.19191648373642864,-0.5637217411667809,0.00018913116364917057,0.015584835549284377,0.004170618076062278,0.019498089517018126,15.225
1348,0.48776190590358387,-44.69139962053623,-1.9961656333919096,-5.554477444932767,0.22904886818711684,-0.19651688623199157,-0.5688762976991424,0.00019437433447903155,0.01563964977683795,0.0045771157469268785,0.021959586262550013,15.233333
1349,0.4713392820216765,-44.73916827574409,-1.9426703724675134,-5.917035159611671,0.21258268937903682,-0.20078726905759123,-0.5737556844483289,0.00019965056162977987,0.01568119320132462,0.00502068890398385,0.025218271488988427,15.241667
1350,0.45541972747567033,-44.79007193271999,-1.8751261539773771,-6.306893396732747,0.19575305540669571,-0.20471568787510164,-0.5783379125673564,0.00020490531742071568,0.01570662643201612,0.005498766966824537,0.029568931258235502,15.25
1351,0.4401255292384672,-44.84433192915946,-1.7922735067900584,-6.722297821481071,0.1785839051051027,-0.20829085839186584,-0.5826021110704899,0.0002100603661647201,0.015712925111602192,0.006006551523716961,0.03537278640392022,15.258333
1352,0.42558937953739706,-44.90214776541395,-1.6928871299886787,-7.159663754885686,0.161100758076235,-0.2115022186394673,-0.5865286607948885,0.00021500862098178635,0.015697061663757284,0.006536883829193541,0.043031687756096636,15.266667
1353,0.411953745182381,-44.96367968023467,-1.5758646694638516,-7.613049134314271,0.14333064247763577,-0.21433998333010826,-0.5900993231219614,0.00021960983770576086,0.015656286651481204,0.007080517264255368,0.05292278950580455,15.275
1354,0.39936936447629307,-45.02902689322412,-1.4403479178711809,-8.073657780212978,0.12530202377921165,-0.21679519201713945,-0.5932973624002432,0.00022368854959392212,0.015588515255341025,0.0076269276287727495,0.06527851713950969,15.283333
1355,0.3879925996628421,-45.098202235938736,-1.2858758320775512,-8.529495142811307,0.10704473888121056,-0.2188597558722367,-0.5961076612604459,0.00022703614202210633,0.015492796924466444,0.00816561904853016,0.08000963967959045,15.291667
1356,0.37798140917883893,-45.171105119686885,-1.1125605627981872,-8.965347110864688,0.08858993616844268,-0.22052651135326706,-0.5985168282312776,0.00022941919909314558,0.01536980412502117,0.008687548848196808,0.09650117192278958,15.3
1357,0.36948982382232765,-45.247496331963944,-0.9212659789570669,-9.363274877563859,0.0699700146933957,-0.22178929121641142,-0.6005132971229928,0.00023059585084696295,0.015222227954187177,0.009185895352729649,0.11345967835382088,15.308333
1358,0.3626610362964427,-45.326979655231106,-0.71375514547762,-9.703779662563443,0.05121854571343907,-0.22264302159286006,-0.6020874173963459,0.00023034043250106013,0.015054935907558143,0.009655218145763016,0.12893290245607353,15.316667
1359,0.35761953658993956,-45.40899610792632,-0.492763884965916,-9.967659380367824,0.03237015119227148,-0.22308384579432486,-0.6032315341006332,0.00022847423800576676,0.014874761056672417,0.010088519209305398,0.14061098367344957,15.325
1360,0.3544630871684438,-45.49283592518119,-0.26195889911402265,-10.138358324002214,0.013460313180140088,-0.22310926141584778,-0.6039400550680237,0.00022489705202288502,0.01468987445861296,0.010472977209445974,0.1464101443787775,15.333333
1361,0.35325561725283994,-45.57767070342447,-0.025756529387055912,-10.204365698866637,-0.0054748990582971085,-0.22271824241558638,-0.6042095022851044,0.00021961179456039866,0.014508831168196826,0.010786655757978308,0.14515688682717995,15.341667
1362,0.3540221863806967,-45.662603703310296,0.21098871348754783,-10.161070308375349,-0.02439917159602814,-0.22191131142009335,-0.6040385442711764,0.00021273463364981864,0.014339515477760887,0.010999024080264567,0.13705351596695395,15.35
1363,0.35674693113596584,-45.746731455496594,0.44337843049813663,-10.01154139531728,-0.043276317808117956,-0.2206905368964663,-0.6034280072364228,0.0002044861647564181,0.014188264064845406,0.011076657446497612,0.12365751075224053,15.358333
1364,0.36137438798337507,-45.82920647181767,0.6668728642390253,-9.76599775792441,-0.06207062560688475,-0.21905945328471213,-0.6023808646025975,0.000195164833920017,0.014059376210183959,0.010992513268736261,0.10736039192561925,15.366667
1365,0.36781393335081236,-45.90929053897957,0.8776244192817296,-9.44013064196732,-0.08074713515048529,-0.21702292769542084,-0.6009022064325421,0.00018510923011271063,0.01395506508025927,0.010734777667921701,0.09063088422170985,15.375
1366,0.37594651857409017,-45.986390909916324,1.0726879845137787,-9.052770060691588,-0.09927182965240774,-0.21458701025967294,-0.5989991916031928,0.00017465862995130838,0.013875752603644206,0.010311326256391737,0.07538064177626193,15.383333
1367,0.3856325760410429,-46.06007640235647,1.2500911700403505,-8.623491312691145,-0.11761175153081477,-0.21175880101501196,-0.596680985762525,0.0001641202571194205,0.013820536038022063,0.009748245307000086,0.06267487277536317,15.391667
1368,0.3967199837726783,-46.13007503718424,1.4087825713098863,-8.170643049838628,-0.13573507345341115,-0.2085463500473685,-0.5939586874459516,0.00015374815296523105,0.013787668165399728,0.009083749423088,0.05278679284610329,15.4
1369,0.40905122507879504,-46.19625792392749,1.5484971044781934,-7.710043043504187,-0.15361115471224646,-0.20495859031714522,-0.5908452437645402,0.00014373440421670418,0.013774955864509894,0.008360387711398949,0.04544849933870124,15.408333
1370,0.42246923376726403,-46.258615159498234,1.6695817947644316,-7.254357268949363,-0.17121060325515466,-0.20100529196464495,-0.5873553563314239,0.00013421043533817106,0.013780046356792771,0.0076182130523533564,0.040134493421212586,15.416667
1371,0.4368217513008778,-46.31722894985709,1.7728177958850095,-6.813028452328573,-0.18850535098664792,-0.19669702443864887,-0.5835053777836006,0.0001252547655527583,0.013800611251253527,0.006890354441868853,0.03627769939675912,15.425
1372,0.4519642695301814,-46.372247760882686,1.859261817008035,-6.392564957394807,-0.20546874037673893,-0.19204511575665567,-0.579313199330042,0.00011690375234227954,0.01383445397125081,0.006201161610439621,0.03339066227306383,15.433333
1373,0.4677617739430421,-46.42386374646904,1.9301180036627308,-5.997013484617254,-0.22207561567213613,-0.18706160296868304,-0.574798130037519,0.00010916272197850184,0.013879565873503346,0.00556632350209254,0.031108999715032705,15.441667
1374,0.4840895548388354,-46.47229440486169,1.986642383428985,-5.628483834374458,-0.23830241112905132,-0.18175917205325326,-0.5699807688866323,0.00010201592925782906,0.013934150163975001,0.004994139275453889,0.02918779745524078,15.45
1375,0.5008333472420343,-46.51776852575101,2.030076720809851,-5.287643880327289,-0.2541272299326663,-0.1761510881461299,-0.5648828708924393,9.54346532785685e-05,0.013996626252142397,0.004487238229514102,0.027477356351049725,15.458333
1376,0.5178890228139269,-46.5605159865454,2.0616063143363825,-4.974143831982279,-0.26952990940880467,-0.1702511182856744,-0.5595272087508872,8.938331402469933e-05,0.014065622441372947,0.004044284629972809,0.025894899448879648,15.466667
1377,0.53516200884118,-46.60076073975265,2.0823358731095953,-4.686956774988094,-0.2844920699649746,-0.16407344920448852,-0.5539374315472697,8.382381054150668e-05,0.014139961872765254,0.0036614289841281713,0.02440020333202848,15.475
1378,0.5525665626248645,-46.638716299180025,2.0932782265596153,-4.424638696676293,-0.2989971466161028,-0.1576326025466417,-0.5481379220650595,7.871841023574495e-05,0.014218644875028821,0.0033334267033105756,0.022977591375492948,15.483333
1379,0.5700249899314588,-46.67458309612361,2.0953516301398873,-4.185518939613566,-0.3130304029311236,-0.15094334954614338,-0.5421536541835436,7.403153545183588e-05,0.014300829808963994,0.0030544363652871298,0.02162395537371505,15.491667
1380,0.5874668652331154,-46.70854718067832,2.089382474416377,-3.967834450413277,-0.3265789278685143,-0.14402062682984543,-0.5360100517674927,6.973075443813647e-05,0.014385813804818652,0.0028185506545282857,0.020341465920937017,15.5
1381,0.6048282887569122,-46.74077985412355,2.0761111172147118,-3.7698207253919342,-0.33963161635828654,-0.13687945467727491,-0.5297328503435572,6.578722474379923e-05,0.014473014306305536,0.0026201233500207787,0.01913353079386836,15.508333
1382,0.6220511994936434,-46.77143791904845,2.056199283329947,-3.5897705867001872,-0.3521791347225144,-0.12953485879916965,-0.5233479627341452,6.217577729629843e-05,0.014561951979280363,0.0024539506144222747,0.01800281793923808,15.516667
1383,0.6390827527137849,-46.80066431783059,2.030238017588713,-3.4260697760871572,-0.3642138721667282,-0.12200179648075295,-0.5168813496855803,5.8874777582758415e-05,0.01465223528110505,0.0023153538365061157,0.016950492677248317,15.525
1384,0.6558747637802756,-46.828588996322665,1.998755563104388,-3.277216301781122,-0.37572987965809296,-0.11429508776246389,-0.5103588963871264,5.586585911261471e-05,0.01474354679983448,0.0022001994971394033,0.015976109597814696,15.533333
1385,0.6723832159827685,-46.85532987989161,1.9622248017045414,-3.1418287174207946,-0.3867227975543238,-0.10642935218827329,-0.503806295634088,5.313359328421123e-05,0.014835631344958246,0.002104881240679807,0.015077816100368287,15.541667
1386,0.688567827873063,-46.88099388603556,1.9210700694100855,-3.0186471014849263,-0.3971897733713399,-0.09841895153015674,-0.4972489382441438,5.06651373121169e-05,0.014928285691348808,0.0020262812352297224,0.014252671097615946,15.55
1387,0.7043916745243624,-46.90567792450393,1.8756732724178058,-2.9065294197696723,-0.4071293710833717,-0.09027793879023177,-0.49071181119374474,4.844988612410171e-05,0.015021349832740363,0.0019617219335398574,0.013496975070739166,15.558333
1388,0.7198208568260479,-46.92946985467131,1.8263792980539841,-2.8044451421198358,-0.4165414733394451,-0.08202001368562874,-0.484219403802877,4.6479143395535334e-05,0.015114699580698426,0.0019089151443300273,0.012806562901979316,15.566667
1389,0.7348242130608241,-46.95244938292322,1.7735007550388546,-2.7114673920288817,-0.42542717795643853,-0.0736584847332404,-0.4777956221637279,4.4745819752031e-05,0.015208240341371332,0.0018659124755563835,0.012177041909396755,15.575
1390,0.7493730673941361,-46.974688891607485,1.717322098291741,-2.6267644827794134,-0.43378869001249293,-0.06520623797082035,-0.4714637118834684,4.324416156183969e-05,0.015301901908993642,0.0018310593441243693,0.011603973643459399,15.583333
1391,0.7634410104092482,-46.99625419690455,1.6581032023960511,-2.549591393890143,-0.4416292108166368,-0.05667571227684723,-0.46524618909496357,4.196951086307785e-05,0.015395634127876697,0.0018029535636276042,0.011083005470095868,15.591667
1392,0.7770037073660937,-47.017205236666314,1.5960824494220336,-2.4792815331258895,-0.44895282497225414,-0.04807888118534205,-0.4591647795828839,4.0918095259238794e-05,0.015489403290070891,0.0017804088013223475,0.010609960640120241,15.6
1393,0.7900387304006444,-47.037596691523156,1.531479394158837,-2.415238986579496,-0.45576438668536773,-0.039427241031009176,-0.45324036577735816,4.008684567208658e-05,0.01558318915218759,0.0017624227795748162,0.010180895755139157,15.608333
1394,0.8025254113878157,-47.05747854382049,1.4644970649220708,-2.3569313632895756,-0.4620694063948219,-0.03073180520767428,-0.44749294128356326,3.9473239390340084e-05,0.015676982470789864,0.0017481498760889868,0.009792133618766971,15.616667
1395,0.8144447126516904,-47.07689657955295,1.3953239522246348,-2.303883277598031,-0.46787393872243266,-0.022003104276833912,-0.4419415725438603,3.90751657113686e-05,0.015770782970445225,0.0017368776776041108,0.009440278137098482,15.625
1396,0.8257791131172326,-47.09589283864422,1.3241357314837148,-2.255670471952822,-0.47318447265858554,-0.013251191623848812,-0.43660436716936823,3.889081151846961e-05,0.015864597671628334,0.0017280070148252514,0.009122216575327401,15.633333
1397,0.836512507857746,-47.114506018830426,1.2510967600232896,-2.211914557984319,-0.4780078248142977,-0.004485654327082558,-0.4314984484300745,3.891856428757185e-05,0.015958439517422138,0.0017210350207457305,0.008835113257615202,15.641667
1398,0.8466301193047715,-47.13277183815583,1.176361383153786,-2.172278339390693,-0.4823510364860263,0.00428437112105248,-0.426639935356447,3.91569302234413e-05,0.01605232624778784,0.0017155407904611351,0.008576397775110448,15.65
1399,0.8561184186561704,-47.15072336075152,1.1000750791759657,-2.1364616729355252,-0.48622127519587965,0.01305017862246942,-0.42204392788051626,3.960446545356974e-05,0.01614627947891333,0.0017111732659404947,0.00834374994731498,15.658333
1400,0.864965056248407,-47.16839129019028,1.0223754687954199,-2.104197821245685,-0.48962574128863556,0.02180346820734308,-0.4177244964299862,4.025971843907986e-05,0.016240323952061243,0.0017076410168502948,0.008135083144665115,15.666667
1401,0.8731587998553272,-47.18580423432451,0.943393210632967,-2.0752502514209556,-0.4925715800891549,0.030536318099766712,-0.41369467538437465,4.112118198413699e-05,0.01633448692272571,0.0017047036344237012,0.007948527096146461,15.675
1402,0.8806894800425165,-47.20298894513902,0.8632528012370132,-2.049409835587142,-0.49506580005022177,0.039241153527384894,-0.40996645980674334,4.2187253433212134e-05,0.016428797665668505,0.001702164497485594,0.007782410945187483,15.683333
1403,0.8875479418477833,-47.219970536797355,0.7820732951973594,-2.026492412675972,-0.497115197252212,0.04791071268942188,-0.4065508048774299,4.345620183590633e-05,0.016523287075644613,0.0016998647072478785,0.007635247053096582,15.691667
1404,0.8937260021781561,-47.23677268473554,0.6999689585736445,-2.006336674392882,-0.49872628655276474,0.05653801029663565,-0.4034576274765259,4.4926141031622805e-05,0.016617987347148002,0.0016976780202208885,0.007505715859315251,15.7
1405,0.8992164124153046,-47.25341780836519,0.6170498668343408,-1.9888023422125565,-0.49990523962699596,0.06511629909396724,-0.400695809388844,4.659500776154247e-05,0.016712931719216697,0.0016955066367837816,0.007392651973498735,15.708333
1406,0.9040128258073692,-47.26992723968743,0.5334224568063679,-1.973768606120163,-0.5006578300869015,0.07363902977166809,-0.39827320163797464,4.8460544054362325e-05,0.016808154273647336,0.0016932777270418189,0.007295031581571603,15.716667
1407,0.9081097692983048,-47.28632137989016,0.4491900407181965,-1.961132799575162,-0.500989385822389,0.08209980966422134,-0.3961966294939977,5.0520283256675023e-05,0.016903689776865443,0.001690940596074616,0.0072119611854526665,15.725
1408,0.9115026195081746,-47.30261984580454,0.36445328924331777,-1.9508092887522985,-0.5009047486654803,0.09049236062996936,-0.39447189774176267,5.2771539190081465e-05,0.016999573557081493,0.0016884644080550175,0.007142667655761417,15.733333
1409,0.9141875826312589,-47.318841607926835,0.27931068948391563,-1.9427285574862516,-0.5004082414435171,0.09881047649647846,-0.3931037958427081,5.521139801689065e-05,0.017095841409584173,0.0016858364034818471,0.007086489552298671,15.741667
1410,0.9161616780649655,-47.33500512157046,0.19385898304932417,-1.9368364725118856,-0.49950364245603335,0.10704798044947558,-0.3920961026723473,5.7836712485908e-05,0.017192529523830012,0.0016830605563623966,0.007042869653862801,15.75
1411,0.9174227256227911,-47.3511284525979,0.1081935887578701,-1.9330937165663216,-0.4981941673827613,0.11519868273631699,-0.39145159056723056,6.064409831055173e-05,0.017289674426687645,0.0016801566289976198,0.007011348633652411,15.758333
1412,0.917969336220223,-47.36722939908854,0.022409014005769497,-1.931475379727147,-0.49648245860669754,0.12325633904747665,-0.3911720284688854,6.362993250473334e-05,0.017387312936460918,0.0016771595914140422,0.00699155981674813,15.766667
1413,0.9178009059546055,-47.38332561023163,-0.06340074151137172,-1.9319707020337502,-0.4943705819149724,0.13121460993439957,-0.3912581840074594,6.679035356830415e-05,0.017485482122656704,0.0016741193807558142,0.006983224960222614,15.775
1414,0.9169176135296201,-47.3994347036842,-0.1491417862808354,-1.9345829630104623,-0.4918600305215018,0.13906702161552262,-0.3917098244241202,7.012126347430306e-05,0.017584219266254465,0.0016711009833692164,0.006986151003147627,15.783333
1415,0.915320421003106,-47.41557438260922,-0.2347199383481615,-1.9393295162171156,-0.4889517363375034,0.14680692851809582,-0.39252571628827493,7.361833146540096e-05,0.017683561815239633,0.0016681848291199273,0.007000227742375056,15.791667
1416,0.9130110778643522,-47.431762553603036,-0.3200403243028286,-1.946241969432069,-0.4856460883988382,0.1544274778984797,-0.393703624022973,7.727699971714901e-05,0.01778354732951416,0.0016654674938991869,0.007025426399999162,15.8
1417,0.9099921284745873,-47.44801744673703,-0.40500697251515155,-1.9553665135624645,-0.48194295834151485,0.1619215768798394,-0.39524030730907894,8.1092490971096e-05,0.017884213408731312,0.0016630627125004814,0.0070617990596822415,15.808333
1418,0.9062669229330659,-47.46435773897411,-0.489522397082474,-1.9667644059140583,-0.47784173279828085,0.1692818622417241,-0.39713151749554004,8.505981828188419e-05,0.017985597595605928,0.0016611027102762161,0.00710947896157368,15.816667
1419,0.901839631461811,-47.480802682278856,-0.5734871686478946,-1.9805126160757025,-0.47334135256887644,0.17650067329211655,-0.39937199319894257,8.917379705827654e-05,0.018087737246077495,0.0016597398684010058,0.007168681659671226,15.825
1420,0.8967152624356777,-47.4973722378202,-0.6567994678391144,-1.996704645417298,-0.46844035839396775,0.18357002814753165,-0.4019554553301218,9.342905960885112e-05,0.01819066935597485,0.001659148744361272,0.007239707061752927,15.833333
1421,0.8908996842220046,-47.514087217768235,-0.7393546165261825,-2.015451534098555,-0.4631369431373,0.19048160374068016,-0.40487460183841606,9.78200724274284e-05,0.018294430331864897,0.0016595284766484297,0.007322942391398592,15.841667
1422,0.8843996510369224,-47.53096943631658,-0.821044581398812,-2.036883072568445,-0.45742901015140647,0.1972267198684502,-0.40812110251472716,0.00010234115647039095,0.018399055691187383,0.0016611056107436327,0.007418866135624327,15.85
1423,0.8772228330746739,-47.54804187171547,-0.9017574434962408,-2.061149237824175,-0.4513142375694903,0.20379632758319619,-0.4116855942423446,0.00010698651068559454,0.01850457967344479,0.0016641373925383905,0.007528053072545094,15.858333
1424,0.8693778512236066,-47.56532884128441,-0.981376826260493,-2.0884218782040413,-0.4447901482289298,0.21018100221883612,-0.41555767712890623,0.0001117502390486538,0.018611034740378653,0.0016689155855180166,0.007651180514627843,15.866667
1425,0.8608743167495807,-47.582856191586934,-1.0597812733976528,-2.118896674202474,-0.4378541848903408,0.2163709413286478,-0.41972591199325565,0.00011662638134303505,0.01871845093790918,0.0016757708795066128,0.007789035959603197,15.875
1426,0.8517228764063417,-47.600651506194595,-1.1368435662863312,-2.1527954066800348,-0.4305037903702289,0.22235596779331526,-0.4241778197166422,0.00012160894788142953,0.01882685508653101,0.0016850779716520226,0.00794252642053232,15.883333
1427,0.8419352635253537,-47.61874433374522,-1.2124299688275355,-2.190368567814243,-0.42273649215503534,0.2281255383354227,-0.42889988299791987,0.00012669195830096398,0.018936269759099407,0.0016972614146538896,0.008112689820215695,15.891667
1428,0.8315243557472578,-47.637166439311706,-1.2863993854397757,-2.2318983540495827,-0.4145499910098244,0.23366875765004286,-0.4338775510763838,0.0001318694844655305,0.019046711995592446,0.001712802342903651,0.00830070899999811,15.9
1429,0.8205042401866792,-47.655952082439526,-1.3586024153171012,-2.2777020839085202,-0.40594225303686665,0.23897439832900494,-0.43909524800280253,0.00013713569736416967,0.019158191692561555,0.0017322462038779711,0.00850792913437681,15.908333
1430,0.8088902869750194,-47.675138325581415,-1.428880283032327,-2.3281360864254004,-0.3969116045779826,0.2440309267194836,-0.4445363850482447,0.00014248491768959027,0.019270709590669084,0.0017562116391077643,0.008735879698384056,15.916667
1431,0.7966992323061256,-47.69476537704635,-1.4970636220296079,-2.3836001075541966,-0.3874568292909376,0.2488265348145214,-0.4501833778406429,0.0001479116694963698,0.019384254765946265,0.0017854006750698986,0.008986302660822182,15.925
1432,0.7839492723217265,-47.714876972974395,-1.5629710834623174,-2.4445422812633733,-0.3775772666649058,0.25334917822459696,-0.45601766880986094,0.00015341073594712663,0.01949880150864503,0.0018206103972942531,0.009261189356864217,15.933333
1433,0.7706601694219745,-47.73552080322319,-1.6264077381617048,-2.5114647078069634,-0.3672729111745988,0.257586620224403,-0.4620197555026241,0.00015897721562181902,0.019614305447180437,0.0018627462874599298,0.009562829652703966,15.941667
1434,0.7568533728762349,-47.75674898637097,-1.6871632342682918,-2.584929671856119,-0.35654451120776737,0.26152648180859317,-0.46816922529832516,0.00016460657714369048,0.01973069874278288,0.00191283739801558,0.00989387873672351,15.95
1435,0.742552155945099,-47.77861859924381,-1.7450096672768527,-2.665566514893847,-0.3453936668385268,0.2651562976233592,-0.47444479701489967,0.00017029470890285328,0.01984788414221885,0.0019720535139827076,0.010257449426347228,15.958333
1436,0.7277817721103085,-47.80119226637834,-1.79969911308837,-2.7540791453488733,-0.33382292545997067,0.26846357756891226,-0.480824369840223,0.0001760379593536198,0.019965727631144896,0.0020417243954018323,0.01065724166141235,15.966667
1437,0.7125696334468848,-47.8245388145034,-1.8509607684361038,-2.8512541204232584,-0.32183587423630033,0.27143587379032813,-0.4872850799585776,0.00018183316161893355,0.020084049378826244,0.0021233610894718633,0.011097726431630628,15.975
1438,0.6969455146597112,-47.84873399627951,-1.8984976373142821,-2.957969157036243,-0.30943722828834136,0.27406085269208774,-0.4938033651636193,0.00018767763381735377,0.020202612607055605,0.0022186791249893196,0.01158440956334652,15.983333
1439,0.6809417868375188,-47.87386128590153,-1.9419826977304016,-3.075201813975806,-0.2966329134888456,0.27632637152521966,-0.5003550376590861,0.00019356914346416667,0.02032110995484617,0.0023296231204128375,0.012124212686151438,15.991667
1440,0.6645936855328543,-47.90001274636018,-1.981054481762238,-3.2040379169039674,-0.28343014271753525,0.2782205590054385,-0.5069153651467067,0.00019950582027649424,0.02043914685041945,0.0024583919071467304,0.012726025807319597,16.0
1441,0.6479396183231736,-47.927289963626144,-2.0153120059562455,-3.3456790500597626,-0.26983748441231836,0.27973189932689113,-0.5134591601880347,0.0002054859964850576,0.02055622135383384,0.0026074626359737997,0.013401510132080902,16.008333
1442,0.6310215174862854,-47.95580503600303,-2.0443090023025645,-3.5014480836268014,-0.2558649222555182,0.28084931883868697,-0.5199608777042973,0.00021150794704981739,0.02067169991369766,0.002779611431181009,0.014166263244486181,16.016667
1443,0.6138852437349664,-47.98568159634929,-2.0675474280249255,-3.672791205174281,-0.24152390485514785,0.2815622745508524,-0.5263947203470718,0.00021756949373174725,0.020784788518897392,0.0029779269146957867,0.01504150348891123,16.025
1444,0.5965810469448323,-48.017055829384326,-2.0844702836060813,-3.8612742292286883,-0.22682738432669142,0.28186084353141294,-0.5327347513343501,0.00022366742661435768,0.02089449886621058,0.003205811286719747,0.016056487007909327,16.033333
1445,0.5791640892362089,-48.05007742403152,-2.094453854931805,-4.068570014784205,-0.2117898427562782,0.28173581214747245,-0.5389550142032962,0.00022979668445600383,0.0209996094771846,0.003466961615936701,0.017251936176086287,16.041667
1446,0.5616950342743149,-48.08491036938177,-2.096799634175082,-4.296432568483326,-0.19642730564286942,0.281178763989053,-0.5450296587851631,0.00023594922174136537,0.02109862228579439,0.003765321674715958,0.018684820040071368,16.05
1447,0.5442407037061279,-48.121733459622384,-2.090726388053745,-4.546651806789135,-0.1807573415889816,0.28018216519733957,-0.5509330725623712,0.00024211247698274042,0.02118971622694208,0.004104992392523569,0.020434855779738786,16.058333
1448,0.5268747965119884,-48.160740315182856,-2.0753631608741,-4.82098099423744,-0.16479904775931428,0.2787394458029588,-0.55664001642631,0.0002482673468357442,0.02127070097546662,0.004490087517493465,0.022613031937509697,16.066667
1449,0.5096786587009109,-48.20213865180379,-2.049744458062244,-5.121026671154416,-0.14857302098284939,0.27684507557886,-0.5621257637217539,0.00025438556976866577,0.021338976439536222,0.004924521663793844,0.025372170489103653,16.075
1450,0.49274207791088576,-48.24614843526107,-2.012809488533471,-5.448088741456602,-0.13210131487381163,0.2744946328535658,-0.5673662413460958,0.00026042644127234594,0.021391507116402773,0.005411722562485198,0.028918845213616026,16.083333
1451,0.47616405852824956,-48.2929984500315,-1.9634081735745785,-5.802936976842699,-0.11540738402497581,0.27168486476826575,-0.5723381715772249,0.00026633283547115736,0.02142482506648597,0.005954270522295651,0.03352456148883235,16.091667
1452,0.4600535063004397,-48.34292069598037,-1.9003176402075195,-6.185510744929002,-0.09851601720050604,0.26841373768595683,-0.5770192132437221,0.0002720266177152749,0.021435080817340354,0.0065534879275592674,0.039531625270890894,16.1
1453,0.4445297159053706,-48.39614193235697,-1.8222740098443984,-6.594533317146574,-0.08145326248231803,0.26468047701019826,-0.5813881008385368,0.0002774037270853643,0.02141816704340643,0.007209029362306268,0.047345364829724956,16.108333
1454,0.4297225107680459,-48.45287165784214,-1.72802521943793,-7.027043587541081,-0.06424634833535847,0.2604855967189245,-0.5854247802267664,0.00028232951379452337,0.02136994327310776,0.007918550835455356,0.057399698663733664,16.116667
1455,0.4157718347772781,-48.51328592122952,-1.6164108888631923,-7.477869946234907,-0.04692360516503835,0.25583092062003565,-0.5891105397198566,0.00028663534451742575,0.021286587398209513,0.00867754407032966,0.07007932418301399,16.125
1456,0.40282654889224256,-48.57750669946282,-1.4864740922583881,-7.939106236230488,-0.02951439145526182,0.25071959968485974,-0.5924281354788016,0.0002901180017271924,0.021165086025576586,0.009479373375351725,0.08558346097039213,16.133333
1457,0.3910421580710312,-48.645577269941214,-1.337606259578808,-8.399697542097817,-0.012049026045908524,0.24515613239572917,-0.595361910434412,0.0002925438726040237,0.021003845076518677,0.010315409493225887,0.10373039468152721,16.141667
1458,0.38057721053673843,-48.71743511929372,-1.169719311068449,-8.845295421809409,0.005441277347827816,0.23914639672301036,-0.5978979060936948,0.00029366008733183534,0.020803352308299657,0.011174915839625904,0.1237362366982968,16.15
1459,0.37158820331350295,-48.792885426966116,-0.9834282070063068,-9.25857689257789,0.022924485642915243,0.23269770117065897,-0.6000239666079168,0.00029321423760194704,0.02056676200967538,0.012044114633142831,0.14405358852549147,16.158333
1460,0.36422302238854,-48.871579761754504,-0.7802138535904746,-9.620204905618545,0.04036785337922763,0.2258188560919852,-0.6017298341638551,0.0002909826966287413,0.020300221805744544,0.012903908405859752,0.16240216932160265,16.166667
1461,0.3586132466993352,-48.953005751041864,-0.5625249723705138,-9.910504359028838,0.05773808770820204,0.21852025439450723,-0.6030072340554131,0.0002868047828266457,0.020012758840651873,0.013726383697855159,0.17611330227919278,16.175
1462,0.3548660097413745,-49.03649332578088,-0.33377487037385195,-10.11172602207714,0.07500159227708915,0.21081393582162358,-0.6038499468372069,0.0002806166539618447,0.019715620780378203,0.014471522678414004,0.18279434100698366,16.183333
1463,0.3530564396867828,-49.121241035838544,-0.09820167400346404,-10.21051722910718,0.09212479082404978,0.2027135989940886,-0.6042538641783675,0.00027247632296273637,0.019421125223591032,0.015086828548035237,0.18111497597032,16.191667
1464,0.35322184904121057,-49.20636186062115,0.13940987763191234,-10.200023743501214,0.10907450134061492,0.1942345296854611,-0.604217025009362,0.00026257134830210885,0.019141252183818937,0.015512529447445635,0.171352792685946,16.2
1465,0.35535870164286426,-49.29094294985296,0.3741081322281132,-10.08104027533299,0.1258183061191163,0.18539343592313132,-0.6037396296731996,0.0002512045537527248,0.018886323578383372,0.015692771985431727,0.15537861261598263,16.208333
1466,0.3594229317214374,-49.37410969258505,0.6011862222639223,-9.861862900546468,0.1423248582322414,0.17620821213177143,-0.6028240318554803,0.00023875961106851527,0.018664081698808583,0.0155896100455818,0.13604674997261962,16.216667
1467,0.36533354750142244,-49.45508320820557,0.8165455657958207,-9.556892585294056,0.158564086562913,0.16669767858802076,-0.6014747102595702,0.00022565464993416963,0.018479319910822665,0.015194163414360562,0.11629173490730325,16.225
1468,0.3729788343494507,-49.53322238489737,1.0169474962445544,-9.184409924464715,0.17450729809890186,0.15688134525526737,-0.5996982233566469,0.00021229520762887824,0.018334024997672366,0.014530150306369049,0.09836296894896919,16.233333
1469,0.382224080115245,-49.60804599807387,1.200124607498057,-8.764119431624914,0.19012720761296537,0.1467792308574424,-0.5975031506111027,0.00019903656123134933,0.018227859813599732,0.013648652914596689,0.0834770776926762,16.241667
1470,0.3929196682909849,-49.679235328517976,1.3647609974730734,-8.315001650493839,0.2053979369091409,0.13641174163696862,-0.5949000226366087,0.00018616101170545655,0.018158785944131967,0.012616875469206382,0.07189400756267122,16.25
1471,0.4049085794554807,-49.74662135056764,1.510376469359173,-7.853794115660617,0.22029501840275714,0.12579959405820576,-0.5919012414902671,0.000173870542231934,0.018123672205276324,0.011505449188436462,0.06323516151815925,16.258333
1472,0.4180326820643377,-49.81016219949238,1.6371586717846245,-7.394176971784883,0.23479542075818474,0.11496375843547085,-0.5885209913957001,0.00016229157380319445,0.0181188049675636,0.01037812165375197,0.056837182864554754,16.266667
1473,0.43213754717448943,-49.86991645653588,1.7457822382940653,-6.9465609054888,0.24887759821414793,0.10392540397419837,-0.5847751398545914,0.0001514870591568866,0.018140273804797317,0.009285642725818256,0.05201530396078327,16.275
1474,0.44707580027434496,-49.92601653622124,1.8372420600670032,-6.518293856178709,0.2625215555664982,0.09270583397793579,-0.5806811292657972,0.0001414714808159454,0.01818423935809607,0.008263753430586166,0.04820409102655095,16.283333
1475,0.46270919569340696,-49.97864487655189,1.9127150701213727,-6.114099994702841,0.27570891775976547,0.08132640787299555,-0.5762578595786908,0.00013222556414955842,0.018247104000614266,0.007334126881590999,0.045000368239416624,16.291667
1476,0.47890967479204305,-50.02801422400588,1.9734548673964014,-5.736603773764577,0.28842299426829276,0.06980845188402109,-0.571525562944361,0.00012370890969220128,0.018325608356169698,0.006506891897746388,0.042149477384521815,16.3
1477,0.49555967648952925,-50.07435228898334,2.020717186032484,-5.386842724061348,0.3006488313639493,0.058173162542653346,-0.5665056716708825,0.00011586986228147461,0.018416874380153915,0.005783640960824172,0.03950909067496208,16.308333
1478,0.5125519374064759,-50.11789043709333,2.0557111373284345,-5.064717294651076,0.31237324831921925,0.046441507604081986,-0.5612206809998714,0.00010865264573896594,0.018518411941129204,0.005160241447949611,0.03701117866295698,16.316667
1479,0.529788971927189,-50.158855792164715,2.079570301908416,-4.769357935885483,0.3235848558786533,0.03463412834591265,-0.5556940083136672,0.00010200215237844228,0.018628102040573684,0.0046291327481139365,0.03463123493035757,16.325
1480,0.5471823742177305,-50.19746604998734,2.0933381532004045,-4.499409033664702,0.33427405684274036,0.02277124630511935,-0.5499498503860221,9.586689679611459e-05,0.01874416644018399,0.004181034752739497,0.03236683200381159,16.333333
1481,0.5646520419728149,-50.233926344846154,2.097963241784593,-4.253239185741703,0.34443302949805693,0.010872576626333032,-0.5440130402336834,9.020062736536648e-05,0.018865130654973614,0.0038061231805404097,0.03022430720028846,16.341667
1482,0.5821253880011783,-50.268427608492175,2.0943006351180737,-4.029090989340646,0.3540556950998377,-0.0010427505190345055,-0.5379089050338597,8.496301154624917e-05,0.01898978502563698,0.0034947782577467203,0.028211392345287554,16.35
1483,0.599536580653496,-50.3011459733008,2.0831170728907664,-3.825183668795889,0.3631376708365994,-0.012956259513820909,-0.5316631264577036,8.011971756074911e-05,0.01911714686626279,0.00323801914106863,0.026333713384281643,16.358333
1484,0.6168258363163969,-50.332242876817226,2.065098083334728,-3.6397803409333522,0.37167620979500365,-0.024850189327566875,-0.525301604641376,7.564212796669149e-05,0.019246425427652095,0.0030277214020417087,0.024593573402480813,16.366667
1485,0.6339387751643788,-50.361865614576246,2.0408559013546177,-3.4712295943170792,0.37967012946399314,-0.03670754372269902,-0.5188503268791886,7.150684911252975e-05,0.01937699054055118,0.0028566933275501858,0.0229899460239946,16.375
1486,0.6508258435848545,-50.390148159798784,2.0109374592385074,-3.3179889322117924,0.387119730305897,-0.048512131555144694,-0.5123352419811328,6.769512583856234e-05,0.019508345223867112,0.002718665979422026,0.02151901700730388,16.383333
1487,0.6674418019284312,-50.41721212353394,1.9758320189816465,-3.178635763309862,0.39402670589520716,-0.06024859724066103,-0.5057821410922934,6.419223119548223e-05,0.01964010218304536,0.002608234763496653,0.020174898813375836,16.391667
1488,0.6837452735300354,-50.443167769643196,1.9359782150642797,-3.0518701032785382,0.4003940460895502,-0.07190244157831213,-0.49921654562636103,6.098687336621251e-05,0.01977196391973631,0.0025207772517099156,0.018950325965638844,16.4
1489,0.6996983495957125,-50.468115028597175,1.8917704057446727,-2.936511967252861,0.40622593465387086,-0.08346003322118324,-0.49266360282175103,5.807064340213827e-05,0.019903706073837867,0.0024523627258714476,0.01783724736172174,16.408333
1490,0.7152662440604568,-50.49214447502152,1.8435643111941158,-2.83149554307139,0.41152764270796344,-0.09490861116805807,-0.4861479892886293,5.543751527910312e-05,0.02003516358644955,0.002399662588570552,0.01682729113894085,16.416667
1491,0.7304169925558921,-50.51533824849194,1.7916819640634545,-2.7358615811323923,0.41630541930896436,-0.10623627872059592,-0.47969382278030986,5.3083402166353455e-05,0.020166219279860068,0.0023598666367511552,0.015912107299371148,16.425
1492,0.7451211899577789,-50.5377709069839,1.7364160236745634,-2.6487489656958982,0.42056638041433714,-0.11743198940976365,-0.4733245822946958,5.100576822408038e-05,0.020296794480376183,0.002330607567805745,0.015083605810827122,16.433333
1493,0.7593517614662207,-50.55951020896104,1.6780335168214242,-2.5693860986879273,0.42431839739733834,-0.12848552544495764,-0.4670630364921717,4.920329266693356e-05,0.020426841350263316,0.0023098944930545887,0.014334111271167132,16.441667
1494,0.7730837627143976,-50.580617824320534,1.6167790714468475,-2.4970824941288936,0.4275699862073291,-0.13938746927749315,-0.46093118030686575,4.7675581534585433e-05,0.020556336638479295,0.002296055314739629,0.013656454147081942,16.45
1495,0.7862942049493086,-50.601149977026495,1.552877707741102,-2.431220821201576,0.43033019818232376,-0.15012916889959393,-0.45495017952945044,4.642292211244867e-05,0.020685276602130986,0.002287687335098015,0.01304401569587268,16.458333
1496,0.7989619018487876,-50.62115802376853,1.4865372467600255,-2.371249525749838,0.43260851343243034,-0.16070269752003577,-0.44914032305234713,4.544607492517618e-05,0.020813672889711806,0.0022836152449626536,0.012490740322916291,16.466667
1497,0.8110673350166474,-50.6406889737455,1.4179503909189135,-2.3166760882976516,0.4344147376219685,-0.17110080826866428,-0.4435209823927681,4.4746098475086045e-05,0.020941549211676708,0.0022828555765827476,0.011991125973860811,16.475
1498,0.8225925356253744,-50.65978595495317,1.3472965245652149,-2.267060930400173,0.4357589028862943,-0.18131688458561537,-0.4381105780456571,4.432420228529817e-05,0.02106893865377164,0.002284586731659541,0.01154020047093274,16.483333
1499,0.8335209800522585,-50.6784886323234,1.2747432767854214,-2.222011952359512,0.4366511735284138,-0.19134488694726276,-0.43292655216722203,4.4181624252070056e-05,0.021195881514219955,0.002288123767652369,0.01113348953599731,16.491667
1500,0.8438374976823986,-50.6968335828449,1.2004478829436875,-2.1811796684530718,0.43710175705140547,-0.20117929657137207,-0.42798534705013214,4.431952876406199e-05,0.021322423567012118,0.002292897216977519,0.010766980562970468,16.5
1501,0.8535281893345346,-50.71485463247158,1.1245583763195437,-2.1442528969047063,0.4371208209970032,-0.2108150567286498,-0.42330238882316984,4.473892248133691e-05,0.021448614671443756,0.002298435309522708,0.010437084935799461,16.508333
1502,0.8625803550078023,-50.732583159250495,1.047214636657783,-2.1109549581491187,0.4367184159788872,-0.22024751226910408,-0.4188920757906056,4.544058506938243e-05,0.021574507662752426,0.002304349060569222,0.010140600755013078,16.516667
1503,0.8709824298540843,-50.750048366711155,0.9685493184608988,-2.0810403346188915,0.4359044052225718,-0.2294723479491098,-0.41476777081913996,4.642501254799945e-05,0.021700157470581145,0.0023103197696199493,0.009874677161765441,16.525
1504,0.8787239274562508,-50.767277531173406,0.8886886784100139,-2.054291747040213,0.4346884008527147,-0.23848552612009746,-0.41094179718219215,4.769237124047586e-05,0.021825620422084496,0.0023160885491789332,0.009636780970615282,16.533333
1505,0.8857953896416125,-50.78429622626974,0.8077533183466744,-2.0305176051953,0.43307970710299754,-0.2472832243143989,-0.4074254372817885,4.9242460596418726e-05,0.021950953694210247,0.002321447566048284,0.009424665990636544,16.541667
1506,0.8921883421861215,-50.80112852763939,0.7258588577325125,-2.0095497947256242,0.43108727056512613,-0.25586177323577985,-0.40422893368653384,5.107468341568272e-05,0.02207621488642912,0.0023262327318058877,0.00923634518963952,16.55
1507,0.8978952558717855,-50.817797200450094,0.6431165473742853,-1.9912417654397936,0.4287196375398882,-0.2642175956364696,-0.40136149194927745,5.318802222386479e-05,0.022201461690191607,0.0023303176247701173,0.009070065708508856,16.558333
1508,0.9029095124503445,-50.83432387213009,0.5596338344089002,-1.9754668905210913,0.4259849185065876,-0.2723471465354793,-0.3988312846993301,5.5581020746159235e-05,0.022326751635760794,0.0023336084640280088,0.008924286639758718,16.566667
1509,0.907225375143142,-50.85072919245463,0.47551488704218264,-1.9621170698636827,0.42289075968582435,-0.2802468552080284,-0.39664545654067035,5.825176959909154e-05,0.022452141900302917,0.002336039988087543,0.008797659430016138,16.575
1510,0.910837963372589,-50.86703298292295,0.39086108628699606,-1.9511015544278303,0.41944432163486306,-0.2879130693519927,-0.3948101293287499,6.119789547217952e-05,0.02257768916375269,0.0023375721174137567,0.008689010738443784,16.583333
1511,0.9137432314765842,-50.88325437718453,0.3057714909169727,-1.9423459719599736,0.4156522647837456,-0.29534200181550996,-0.39333040744360254,6.441655320669245e-05,0.022703449501070016,0.002338187302425283,0.008597327573616802,16.591667
1512,0.9159379512054645,-50.8994119541218,0.22034328101268957,-1.9357915376672878,0.4115207417941571,-0.3025296802491248,-0.3922103827253289,6.790442029873881e-05,0.02282947830103774,0.0023378884772451147,0.008521744534068688,16.6
1513,0.9174196978429724,-50.91552386507385,0.13467218480369042,-1.9313944364804148,0.4070553966000386,-0.30947190002801866,-0.39145313878909366,7.165769346118215e-05,0.022955830202746486,0.002336697555296975,0.008461532988482685,16.608333
1514,0.9181868398296401,-50.93160795658521,0.048852892982722496,-1.9291253664055337,0.4022613699695999,-0.31616418077305125,-0.39106075448999755,7.567208697476625e-05,0.0230825590418363,0.0023346544162928845,0.008416092047493167,16.616667
1515,0.9182385318000766,-50.947681889988374,-0.03702053572753529,-1.928969235187803,0.39714331141116543,-0.3226017267847675,-0.39103430636308684,7.994283264528315e-05,0.02320971779879826,0.002331816345762275,0.008384941198471024,16.625
1516,0.9175747109759076,-50.96376325907439,-0.12285427425185816,-1.9309250051163829,0.39170539722998166,-0.328779391691187,-0.3913738699198956,8.446468126076924e-05,0.023337358541763508,0.0023282578984515348,0.008367714496396955,16.633333
1517,0.9161960968845646,-50.97986970707306,-0.2085543287464966,-1.9350056833331126,0.38595135452901974,-0.3346916475979438,-0.39207851973984603,8.923190551260671e-05,0.02346553235607344,0.002324071166040754,0.008364156227457632,16.641667
1518,0.9141041944016023,-50.99601904415373,-0.29402613881225353,-1.9412384574998178,0.37988449093259363,-0.34033255901849435,-0.39314632835218916,9.423830440624742e-05,0.023594289252209345,0.0023193664380062036,0.008374117987241443,16.65
1519,0.9113013001416521,-51.01222936666498,-0.37917417301468703,-1.949664979171395,0.37350772979824504,-0.34569576185036927,-0.3945743639615401,9.947720924230306e-05,0.02372367804288145,0.0023142732523941593,0.008397557142686668,16.658333
1520,0.9077905122513465,-51.028519179363364,-0.46390151623955483,-1.9603417997513366,0.3668236506668265,-0.35077444765312055,-0.3963586871270897,0.00010494149129620224,0.023853746178842634,0.002308941841039013,0.008434536676920193,16.666667
1521,0.9035757436874811,-51.04490752193122,-0.548109445151517,-1.9733409665112343,0.3598345346852097,-0.3555613534709986,-0.398494346561843,0.00011062357136427836,0.02398453953129283,0.0023035449816171043,0.008485226449954916,16.675
1522,0.8986617390962571,-51.06141410115823,-0.631696987646059,-1.9887507888730596,0.3525424147176292,-0.3600487574307289,-0.40097537427334784,0.00011651543137514724,0.024116102106600354,0.0022982802771425925,0.008549905947487491,16.683333
1523,0.8930540954457062,-51.078059430256964,-0.7145604616772803,-2.0066767880179013,0.34494912984199116,-0.36422848032913063,-0.4037947803208769,0.00012260862828639984,0.024248475676352278,0.0022933728923508166,0.0086289686370708,16.691667
1524,0.8867592866044665,-51.094864976905384,-0.7965929881926083,-2.027242845929196,0.33705638390443565,-0.36809189340804366,-0.40694454751544124,0.00012889431049557546,0.02438169930243906,0.0022890787861605546,0.008722928108920277,16.7
1525,0.8797846921072363,-51.11185332175523,-0.8776839720904653,-2.050592573228215,0.32886580778059765,-0.37162993249262594,-0.41041562643781165,0.00013536323698939943,0.024515808732549826,0.0022856884903623533,0.008832426252024989,16.708333
1526,0.872138630401948,-51.12904832932247,-0.9577185441149971,-2.0768909186306206,0.32037902496335896,-0.37483311864486596,-0.41419793119533,0.00014200579943197042,0.024650835636341843,0.0022835314971620213,0.00895824381134891,16.716667
1527,0.8638303969376172,-51.14647533337938,-1.036576955384595,-2.1063260465452065,0.311597720066672,-0.3776915854543447,-0.41828033638008294,0.0001488120473475306,0.024786806646158198,0.0022829813325566948,0.009101313797553485,16.725
1528,0.8548703075269156,-51.16416133920691,-1.1141339147845901,-2.13911151322432,0.302523709800589,-0.3801951130550058,-0.42265067572829035,0.00015577171647935008,0.024923742158068193,0.0022844614090809967,0.009262738389332335,16.733333
1529,0.8452697475059646,-51.18213524533425,-1.190257857699912,-2.1754887758958548,0.29315901593740884,-0.3823331689164993,-0.42729574301281975,0.00016287426029708976,0.025061654839613874,0.0022884517705660974,0.009443810197849924,16.741667
1530,0.8350412273182797,-51.20042808769729,-1.264810132475992,-2.2157300733366343,0.2835059397501663,-0.38409495541397837,-0.43220129572678184,0.00017010888446908627,0.025200547778398,0.0022954968635074866,0.00964603907816441,16.75
1531,0.8241984452731651,-51.21907330948339,-1.3376440885259302,-2.2601417201765317,0.2735671373655965,-0.38546946412849237,-0.43735206213539896,0.0001774645839011826,0.025340412191184738,0.0023062144946267987,0.009871186109975559,16.758333
1532,0.8127563583745826,-51.238107060297324,-1.4086040470951504,-2.3090678605124917,0.26334569543274744,-0.3864455367729761,-0.442731752284935,0.0001849301816525884,0.025481224595376415,0.002321306162267044,0.010121306981133086,16.766667
1533,0.8007312622884668,-51.257568528672536,-1.4775241322963557,-2.3628947286335946,0.2528452064681181,-0.3870119325747922,-0.44832307356059564,0.00019249436864947076,0.025622943322673987,0.002341568980076786,0.010398807865960515,16.775
1534,0.7881408817189332,-51.27750031235358,-1.544226936085808,-2.4220554650092136,0.24206984319827524,-0.38715740187594033,-0.4541077513791569,0.00020014574259956565,0.025765504228553525,0.0023679094442109337,0.010706518102303487,16.783333
1535,0.7750044727015599,-51.297948831168334,-1.6085219863264997,-2.487035532972143,0.23102443118278393,-0.38687076563632006,-0.4600665555858617,0.00020787284382847024,0.025908815419151434,0.0024013593283846446,0.011047785687281405,16.791667
1536,0.7613429385998304,-51.31896478766011,-1.6702039819592744,-2.5583787739680677,0.21971451896513447,-0.3861410004442305,-0.46617933309816345,0.0002156641848617642,0.026052750778735874,0.002443094021711307,0.011426604046968668,16.8
1537,0.747178961913846,-51.34060368090904,-1.7290507536107256,-2.6366941242605537,0.20814644496855747,-0.3849573285521555,-0.472425047300563,0.00022350826940386453,0.02619714203613915,0.0024944536476438992,0.011847781993844946,16.808333
1538,0.7325371543828704,-51.36292637906516,-1.7848209018187495,-2.722662989845711,0.19632740032761203,-0.38330931236608995,-0.4787818246446255,0.00023139359483525393,0.02634176905537271,0.0025569673111478443,0.012317173694307163,16.816667
1539,0.7174442282880497,-51.385999755924445,-1.8372510586990232,-2.8170472336953507,0.1842654868281758,-0.38118695272318576,-0.48522700884594955,0.00023930863036322476,0.026486347975969736,0.0026323808042851824,0.012841992416954334,16.825
1540,0.7019291923388065,-51.40989739624201,-1.8860527127697,-2.9206976627141437,0.17196976911757822,-0.37858079019747304,-0.4917372229952739,0.000247241760393951,0.02663051676241144,0.0027226880412469776,0.01343124162050254,16.833333
1541,0.6860235760507803,-51.434700373145425,-1.9309085315964312,-3.0345628002717575,0.159450320346578,-0.37548200857690817,-0.4982884398141546,0.00025518117939504715,0.026773817653384047,0.0028301663690385804,0.014096310619061967,16.841667
1542,0.6697616870810449,-51.46049809864253,-1.9714681142358363,-3.1596975789713904,0.14671826041607497,-0.3718825395590277,-0.5048560601870686,0.00026311472031588203,0.026915675936849185,0.0029574156770260465,0.01485180094571442,16.85
1543,0.6531809065498132,-51.487389244314336,-2.00734310725249,-3.2972713670098557,0.13378578602710028,-0.36777516761773227,-0.5114149999920417,0.0002710295933407258,0.0270553744278724,0.0031074008641178257,0.015716675126098104,16.858333
1544,0.636322027897003,-51.51548272315416,-2.038101627649263,-3.4485744225264217,0.12066619177496184,-0.3631536339017839,-0.5179397851318793,0.000278912005193682,0.027192023014475066,0.00328349666167815,0.016715853296013373,16.866667
1545,0.6192296452128349,-51.5448987142013,-2.0632619583921974,-3.615021417506521,0.1073738815912406,-0.35801273793789845,-0.5244046545390686,0.0002867466212823562,0.027324522694504718,0.003489532988770743,0.017882425618122397,16.875
1546,0.6019525971086841,-51.57576969782058,-2.0822855248033743,-3.7981500401538666,0.09392436992648319,-0.35234843582954245,-0.5307836707910182,0.00029451582370561903,0.02745152370855579,0.003729837866631409,0.019260698210313742,16.883333
1547,0.584544471846567,-51.60824144948143,-2.0945692338441004,-3.999611817048708,0.08033427218745334,-0.34615793357024766,-0.537050837830543,0.00030219870793831766,0.027571377759538555,0.004009273387259704,0.020910340573081335,16.891667
1548,0.5670641783027942,-51.642473911479655,-2.099437378714339,-4.22115113383759,0.06662128410836836,-0.33943977403160286,-0.5431802251418276,0.00030976975083424113,0.027682085018008167,0.004333258305958748,0.022911935997983066,16.9
1549,0.5495765849308556,-51.67864182253836,-2.096133499545867,-4.464566922477393,0.05280414995687563,-0.33219391615080085,-0.5491460975876333,0.0003171970745314242,0.027781237808630774,0.004707768590041304,0.02537421593044868,16.908333
1550,0.5321532245335557,-51.71693493159512,-2.083812875177678,-4.731649603559358,0.038902619772060984,-0.324421804845919,-0.5549230499730453,0.000324440228747428,0.027865964774029292,0.0051393049395499855,0.028443112839798647,16.916667
1551,0.5148730554184823,-51.75755755143126,-2.061536735120762,-5.024083685461286,0.02493739622302155,-0.31612643025612797,-0.5604861452695629,0.00033144742442327085,0.027932882175845875,0.005634814338881732,0.032312366873847816,16.925
1552,0.4978232581595969,-51.8007271183625,-2.028269861435361,-5.3433041588297,0.010930072180164004,-0.30731237508274784,-0.5658110553171765,0.00033815218529879983,0.027978063070062682,0.006201551710626468,0.03723456627006145,16.933333
1553,0.4811000302017583,-51.846671317309635,-1.9828840266104288,-5.690293025264217,-0.0030969392897214876,-0.29798584916212056,-0.5708742027296081,0.00034446945654460727,0.027997040517388726,0.006846868231829175,0.04352990630382375,16.941667
1554,0.4648093162593232,-51.89562321497481,-1.9241706864669994,-6.065302012485008,-0.01712048009432409,-0.28815471102413104,-0.575652902669603,0.00035029134238109046,0.0279848675446709,0.0075779144581577425,0.05158730857138632,16.95
1555,0.44906737944617137,-51.947813737005816,-1.8508674502174831,-6.467490550081063,-0.03111672437715551,-0.2778284771863967,-0.5801255031493824,0.00035548286255745586,0.027936263313565673,0.008401246217902012,0.06184872518195403,16.958333
1556,0.43400107594075943,-52.00346076608949,-1.7617038875163684,-6.894477124110184,-0.04506125441388727,-0.2670183213831105,-0.5842715225581279,0.00035987844155473055,0.027845879653043883,0.009322311559272978,0.07476300066783727,16.966667
1557,0.41974764679069376,-52.06275419115427,-1.6554727968449523,-7.3418206874857335,-0.05892913203768888,-0.255737067789763,-0.5880717832302267,0.0003632802741825469,0.027708720708964397,0.010344763478938854,0.09069264232329186,16.975
1558,0.40645379081428745,-52.12583649712979,-1.5311324514653286,-7.802480228468506,-0.07269496421385915,-0.24399918425740943,-0.591508540036122,0.0003654601947335006,0.02752073491952372,0.011469467834168912,0.10975987067431196,16.983333
1559,0.3942737461880742,-52.19277906381416,-1.387942560640119,-8.266345776160108,-0.0863329651844111,-0.23182078279111817,-0.5945656031629988,0.00036616706756398726,0.027279566016585474,0.01269295387799856,0.13163470147525205,16.991667
1560,0.3833661079264204,-52.2635553386275,-1.2256306353199022,-8.719987331250357,-0.09981702377292828,-0.2192196335414696,-0.5972284543715733,0.00036514173779922355,0.02698539433647302,0.014004932739199626,0.15530450274561008,17.0
1561,0.3738891745610157,-52.338013465980616,-1.0445754937832608,-9.146812060304024,-0.11312079205541227,-0.20621519358327914,-0.5994843559394748,0.00036214084001628575,0.02664172695911599,0.015384535852110682,0.17891905054650473,17.008333
1562,0.365994780460401,-52.415852596581566,-0.8459816120174676,-9.527823160115048,-0.12621781762776046,-0.19282864153751234,-0.6013224510959848,0.0003569688928310441,0.02625592740451526,0.016795359078081572,0.19985223592834464,17.016667
1563,0.3598208440097355,-52.49660846405184,-0.632005323113372,-9.843097845588156,-0.13908174095345194,-0.17908289501425545,-0.6027338539709464,0.00034951507478611345,0.025839252791534047,0.018180456772207365,0.21510815787823925,17.025
1564,0.3554832193051924,-52.57965413092205,-0.405787761231071,-10.073924756636949,-0.15168656660084767,-0.1650025756233569,-0.6037117260965742,0.00033978757426103784,0.025406231159215184,0.019459920934680453,0.2220727896060902,17.033333
1565,0.3530677946787464,-52.664220296325546,-0.17135714694996984,-10.205290147154695,-0.16400699211760672,-0.15061388522600913,-0.6042513357781362,0.0003279360041384626,0.024973376811061685,0.020534642369655118,0.21938903744340235,17.041667
1566,0.3526240006008748,-52.749435960860474,0.0666118054774007,-10.228173469076232,-0.17601874944417628,-0.1359443747133545,-0.6043500968014346,0.0003142529945214152,0.024557459161723947,0.02129882167828051,0.20754952972714025,17.05
1567,0.354160839507495,-52.834385297225516,0.30315571284407833,-10.14104023987494,-0.18769889728264055,-0.12102262056681962,-0.6040075843447833,0.0002991507237968519,0.02417370904164925,0.021660112404037375,0.18884648675325744,17.058333
1568,0.3576461782027856,-52.91817200479534,0.5334354274718548,-9.950090079324584,-0.19902601224537414,-0.10587785932569413,-0.6032255283310818,0.00028311564806001723,0.02383437065253321,0.021561495968234742,0.16663975226618583,17.066667
1569,0.36300943236076744,-52.99998018211157,0.7531235571115154,-9.66818793973693,-0.20998026062351638,-0.09053964551165013,-0.6020077868392608,0.00026665177959556624,0.023547871587940285,0.020996480690380265,0.1442951214918976,17.075
1570,0.37014712031894365,-53.07912186550686,0.9586951574995272,-9.312808729970186,-0.22054337332662832,-0.075037584719714,-0.6003603035154333,0.0002502260655266696,0.023318666424343524,0.020011390062771486,0.12430201979117816,17.083333
1571,0.3789302874957533,-53.15506530961438,1.1475817131688213,-8.903571821579577,-0.2306985721223642,-0.05940115948635842,-0.5982910527062716,0.00023422736952943303,0.0231476234451956,0.018694276716257854,0.10790062253797653,17.091667
1572,0.38921263214963747,-53.22744307291121,1.3181873585725914,-8.45994620688074,-0.24043049582795342,-0.04365963147510665,-0.5958099746826856,0.00021894481882368306,0.0230327363494494,0.017155563484489458,0.09521692243398049,17.1
1573,0.4008382900926106,-53.2960431319322,1.4697966623619898,-7.999520763497188,-0.2497251569522418,-0.027841985480125713,-0.5929289017291219,0.00020456496602629464,0.022969949945486973,0.015507669792182004,0.0856755523833972,17.108333
1574,0.41364854983530147,-53.3607884963294,1.6024171752850667,-7.536983217365507,-0.2585699366078689,-0.011976881542683868,-0.5896614748032257,0.00019118290130317337,0.022953947205431622,0.013849319122110959,0.07843446881631926,17.116667
1575,0.42748713218197815,-53.42171108983422,1.716598420872228,-7.083747022682926,-0.2669536092707441,0.003907406376201974,-0.5860230501855146,0.00017882098894010483,0.022978812138874306,0.012256900406752775,0.07269119997346155,17.125
1576,0.44220397545273854,-53.47892463444724,1.8132583838876142,-6.648056027233862,-0.2748663824209943,0.01978307271131443,-0.582030595866656,0.00016744966877930105,0.023038536282395487,0.010782331342610373,0.06783031033131186,17.133333
1577,0.45765767214811504,-53.53259971514911,1.8935355190303118,-6.235374477173693,-0.2822999368876904,0.035622881081200986,-0.5777025780214943,0.00015700657095234116,0.02312737106238805,0.0094553683292461,0.06345146326065895,17.141667
1578,0.4737168049853779,-53.58294270195847,1.9586732297965703,-5.848900653074557,-0.2892474578671335,0.05140027624652963,-0.5730588385106553,0.00014741205313655552,0.023240046846166172,0.008288119095686441,0.05933406352319662,17.15
1579,0.4902604547295992,-53.630179061779394,2.0099363281437554,-5.490092521228097,-0.29570365109777713,0.06708949913483779,-0.5681204647865458,0.0001385806704872544,0.023371886906435328,0.00728004591366735,0.05538199063397517,17.158333
1580,0.5071781296539442,-53.67454086609436,2.048555029951768,-5.159141501588985,-0.30166474214861927,0.08266569811084704,-0.5629096538311041,0.0001304289199107761,0.023518844947860322,0.0064224542340174115,0.05157259628168205,17.166667
1581,0.5243693221968904,-53.7162579262442,2.075690632924269,-4.8553664166656425,-0.30712845895032237,0.09810503159303363,-0.5574495718492661,0.00012287996793341961,0.02367749142654145,0.005702043574733971,0.04791901023218628,17.175
1582,0.5417428493397114,-53.75555185860984,2.092417139058659,-4.577522623686849,-0.31209399883303784,0.11338475889687465,-0.5517642114330191,0.00011586614068245431,0.023844968849301276,0.005103467618070544,0.04444625381513507,17.183333
1583,0.5592160886070858,-53.79263239779342,2.099713926829213,-4.324033722179458,-0.3165619818060834,0.12848331754895975,-0.5458782478379388,0.00010932986931074569,0.024018930998621256,0.004611035729239838,0.04117818782335486,17.191667
1584,0.5767141851689254,-53.8276953629599,2.0984656411082616,-4.0931584483958074,-0.3205343919271838,0.14338038625423571,-0.5398168959058773,0.00010322364164341872,0.024197476383559135,0.004209750319531578,0.038131712891388427,17.2
1585,0.5941692778646952,-53.86092179375487,2.089466480113337,-3.883106345773772,-0.3240145085579768,0.1580569333066656,-0.5336057690408014,9.75093650886337e-05,0.02437908249599222,0.0038858700040391857,0.03531524480570033,17.208333
1586,0.6115197720948368,-53.892477881534866,2.0734269035832384,-3.6921146214694445,-0.3270068291943842,0.17249525061657175,-0.5272707415085357,9.215742127442308e-05,0.024562544690854202,0.0036271558824096145,0.03272938377705371,17.216667
1587,0.6287096738916508,-53.92251541692033,2.0509814392029777,-3.518496562410091,-0.3295169854440635,0.18667897377130363,-0.520837815189671,8.71455964127261e-05,0.02474692159073153,0.003422919300444202,0.03036848726662549,17.225
1588,0.6456879905455388,-53.951172552065934,2.02269674202857,-3.360669709669978,-0.33155165361581174,0.20059308870718798,-0.5143329917704397,8.245800147891827e-05,0.024931487663322198,0.003263954325341604,0.028222428823583907,17.233333
1589,0.6624081975929814,-53.9785747360151,1.9890793968891112,-3.2171700222157242,-0.3331184612900587,0.21422392568486184,-0.5077821512104482,7.808404810776172e-05,0.025115692859767752,0.003142410357781626,0.026278193787832242,17.241667
1590,0.6788277687257064,-54.00483572642179,1.950583180642295,-3.0866566275014917,-0.33422589115296447,0.2275591413455479,-0.5012109371802292,7.40175142942391e-05,0.025299128781393496,0.0030516399556879898,0.02452117806718193,17.25
1591,0.6949077634805971,-54.0300586136828,1.9076156494843601,-2.9679104705399757,-0.33488318329408556,0.24058768969382718,-0.49464465001716806,7.025571385420314e-05,0.025481500645977793,0.002986042869981631,0.02293617033647629,17.258333
1592,0.7106124668641991,-54.05433681688252,1.860544009835779,-2.8598291969799927,-0.3351002370867489,0.2532997829054249,-0.48810814760713567,6.67987714543024e-05,0.025662604266987046,0.0029409179881556644,0.021508050928859483,17.266667
1593,0.7259090749725313,-54.07775502727264,1.8097002872569692,-2.761419884178748,-0.3348875136879949,0.2656868428996479,-0.4816257544628307,6.364899815178324e-05,0.02584230728215358,0.00291232897548561,0.02022225947327647,17.275
1594,0.7407674209301782,-54.10039008617571,1.755385839047871,-2.6717907118084465,-0.33425594011085236,0.27774144464474526,-0.47522117914005074,6.081035888728339e-05,0.02602053393306719,0.002896985808156077,0.019065084759273432,17.283333
1595,0.7551597359250463,-54.12231179166953,1.6978752714717384,-2.5901422917123527,-0.3332168157350459,0.28945725218168933,-0.46891744001137603,5.828802195625623e-05,0.02619725278062413,0.002892142312193019,0.01802382405072248,17.291667
1596,0.7690604406504992,-54.14358363326262,1.6374198279180059,-2.5157591161645088,-0.3317817220338535,0.3008289483573345,-0.46273679930438977,5.6087980293845854e-05,0.026372466828322807,0.002895508705211398,0.017086850308544746,17.3
1597,0.7824459630200595,-54.164263456805884,1.5742503137767945,-2.4480014038389277,-0.3299624362053498,0.31185215925256116,-0.4567007052095997,5.4216734897060047e-05,0.02654620560821343,0.0029051776150818753,0.016243617061985675,17.308333
1598,0.7952945785536216,-54.184404063673895,1.5085796199424728,-2.3862975006508527,-0.3277708493069414,0.3225233742753475,-0.45082974177249047,5.268103153443051e-05,0.02671851885901508,0.0029195618792408093,0.01548462306785412,17.316667
1599,0.8075862703280184,-54.204053749198906,1.4406049013541038,-2.3301369112373376,-0.325218889403728,0.3328398628641639,-0.4451435862051371,5.148764285103312e-05,0.026889471491335668,0.0029373424562609204,0.014801352735139776,17.325
1600,0.8193026058296502,-54.22325678573607,1.370509460843143,-2.2790639838977302,-0.3223184501554337,0.34279958871433047,-0.43966097318580044,5.064318894587906e-05,0.027059139590118655,0.0029574249113707356,0.014186203522838121,17.333333
1601,0.8304266284401806,-54.24205385578004,1.298464382405184,-2.2326722385071394,-0.31908132518382354,0.3524011224009561,-0.43439966565995597,5.0153990415920954e-05,0.027227607251232532,0.0029789031118748585,0.013632407947670833,17.341667
1602,0.8409427616295354,-54.2604824403755,1.2246299521869002,-2.1905993070033407,-0.3155191484840569,0.3616435532276481,-0.4293764316130743,5.002594869443938e-05,0.027394964087508602,0.0030010289533363207,0.013133955233428894,17.35
1603,0.8508367242271179,-54.27857716776014,1.1491569001560147,-2.1525224451434264,-0.31164334106994757,0.37052640108183615,-0.42460702625380886,5.026444925175679e-05,0.027561303271088182,0.0030231871147227128,0.012685515775546663,17.358333
1604,0.8600954553968129,-54.29637012681177,1.0721874906714282,-2.1181545692765553,-0.30746506397453627,0.37904952902713623,-0.42010617902554176,5.087428387276101e-05,0.02772672000473596,0.003044874001599931,0.012282370296785824,17.366667
1605,0.8687070481588458,-54.31389114947822,0.9938564860003574,-2.087240770775106,-0.3029951776651094,0.3872130573109887,-0.415887584853847,5.185958878591385e-05,0.02789131033567494,0.0030656801774955013,0.011920344683240719,17.375
1606,0.8766606904866008,-54.33116806597819,0.9142920032126476,-2.059555262067477,-0.2982442078754067,0.39501727941358045,-0.4119638990366323,5.3223795900441387e-05,0.028055170242164865,0.003085275704457067,0.01159575089916771,17.383333
1607,0.883946613163568,-54.34822693618831,0.8336162817743664,-2.0348987109484242,-0.29322231780711017,0.4024625807128939,-0.4083467351917283,5.496959482284524e-05,0.02821839493676073,0.0031033979159125085,0.011305333998056576,17.391667
1608,0.8905560437186602,-54.36509226028489,0.7519463765111967,-2.0130959233593413,-0.28793928660815693,0.4095493602910556,-0.4050466656926987,5.7098903680117785e-05,0.028381078340960635,0.003119841230246089,0.011046225012461499,17.4
1609,0.8964811658708222,-54.3817871713926,0.6693947883637749,-1.9939938387087752,-0.2824044939966744,0.4162779563597854,-0.40207322404681833,5.9612847083472564e-05,0.028543312694597436,0.0031344486843061545,0.010815899370562494,17.408333
1610,0.9017150840093116,-54.39833361270949,0.5860700434612551,-1.9774598057749764,-0.27662691086591246,0.42264857573833686,-0.39943490869869885,6.251173983139252e-05,0.02870518827022928,0.0031471049245587446,0.010612140420604106,17.416667
1611,0.9062517923169604,-54.414752501327975,0.5020772294496219,-1.9633801111351825,-0.27061509567683256,0.42866122777635873,-0.3971391877781434,6.57950751805537e-05,0.028866793168303716,0.003157730441819756,0.010433007622319085,17.425
1612,0.9100861482125439,-54.43106388075291,0.4175184966865442,-1.9516587358094883,-0.2643771964212146,0.43431566307634595,-0.3951925043507436,6.946151671342208e-05,0.029028213172915415,0.0031662768752087267,0.010276808971287327,17.433333
1613,0.913213849847145,-54.4472870639302,0.3324935308190159,-1.9422163193472,-0.25792095791803665,0.4396113173364068,-0.3936002817737703,7.350889300695525e-05,0.029189531651525966,0.0031727232437084156,0.010142077247000949,17.441667
1614,0.9156314174398461,-54.46344076844002,0.24710000236328297,-1.9349893139082184,-0.2512537341893049,0.44454726060358285,-0.39236692880743707,7.793419446149139e-05,0.02935082948425473,0.003177072990782968,0.010027549710932789,17.45
1615,0.9173361782818167,-54.47954324537689,0.16143399818299964,-1.929929314009393,-0.24438250564755812,0.44912215220099455,-0.3914958441819887,8.273357178575856e-05,0.029512185010258034,0.0031793517500074446,0.00993215092236266,17.458333
1616,0.9183262552761973,-54.495612403330995,0.07559043919028474,-1.9270025505366422,-0.23731390081593082,0.4533342015680051,-0.39098942037378204,8.790233575565944e-05,0.029673673979894698,0.0031796057585090323,0.009854978384164353,17.466667
1617,0.9186005589153186,-54.51166592880229,-0.010336511841393187,-1.9261895403968745,-0.23005422229173697,0.45718113523140724,-0.390849046398051,9.34349579728063e-05,0.029835369502085485,0.0031779008609878305,0.009795290776565707,17.475
1618,0.9181587826278387,-54.52772140431745,-0.0962530487767053,-1.9274848858326057,-0.22260947665595052,0.46066017010661936,-0.3910751094819312,9.932507244520867e-05,0.029997341976451892,0.0031743220608161666,0.009752498583362702,17.483333
1619,0.9170014014572655,-54.54379642548162,-0.18206532355432795,-1.9308972199830297,-0.2149854080226258,0.4637679933107367,-0.39166699553814543,0.0001055654778980568,0.030159658999611694,0.0031689735867590227,0.009726156962224954,17.491667
1620,0.9151296740610096,-54.559908718177574,-0.2676790472756405,-1.9364492977855474,-0.2071875349149318,0.46650074865286767,-0.39262308841710764,0.000112148140797862,0.030322385234467588,0.0031619794546842873,0.009715960759184086,17.5
1621,0.9125456480464629,-54.57607625712852,-0.3529990876505581,-1.944178233809998,-0.1992211901461191,0.46885402995159114,-0.39394076797269467,0.0001190641991381176,0.030485582230051402,0.0031534845136575057,0.009721741618268094,17.508333
1622,0.9092521686884635,-54.592317387064405,-0.437929059387629,-1.954135891142576,-0.19109156337509256,0.47082288131335204,-0.39561640703420825,0.00012630396708929685,0.03064930817799135,0.003143655975423694,0.009743467192207159,17.516667
1623,0.9052528911018085,-54.60865094777623,-0.5223709038897667,-1.9663894280263485,-0.1828037459970283,0.4724018044884934,-0.3976453674336836,0.00013385694065902836,0.030813617589652106,0.003132685435830455,0.00978124252144835,17.525
1624,0.900552295974128,-54.62509640441021,-0.6062244542758045,-1.9810220116583621,-0.1743627780187445,0.4735847734029785,-0.40002199529330335,0.0001417118045390135,0.030978560875011076,0.003120791406605424,0.009835313719419496,17.533333
1625,0.895155708999441,-54.64167398444281,-0.6893869812812062,-1.9981337113761588,-0.16577369655721136,0.4743652559425063,-0.4027396158318153,0.00014985644033155203,0.031144183801268398,0.0031082223864393947,0.009906074186113707,17.541667
1626,0.8890693241921688,-54.65840482289332,-0.7717527149847789,-2.0178425864731446,-0.1570415855861519,0.47473624304155415,-0.40579052800105836,0.00015827793634723436,0.03131052680453274,0.003095260511945976,0.009994073675021262,17.55
1627,0.8823002313065528,-54.67531111746921,-0.8532123365442019,-2.0402859870916594,-0.1481716265421572,0.47469028510143435,-0.4091659993134456,0.0001669625991443053,0.03147762412299214,0.0030822258422135503,0.01010003066748446,17.558333
1628,0.8748564476386491,-54.69241629550843,-0.9336524331792885,-2.0656220900757405,-0.1391691493863006,0.47421953572885706,-0.41285626126801184,0.00017589596693354817,0.03164550271317466,0.003069481345831331,0.010224848673539542,17.566667
1629,0.866746954549052,-54.709745194779465,-1.0129549084910254,-2.094031695329517,-0.13003968370145805,0.4733158027487008,-0.416850505825743,0.0001850628248952591,0.03181418090330193,0.00305743867702537,0.010369637292664104,17.575
1630,0.8579817391159823,-54.72732426042946,-1.0909963388143251,-2.1257203121077954,-0.12078900938881187,0.4719706064015053,-0.421136883423745,0.00019444722233963652,0.03198366672768618,0.003046564848526364,0.010535739150021532,17.583333
1631,0.8485718414126011,-54.74518176063178,-1.1676472646351892,-2.1609205687145123,-0.11142320651083257,0.4701752445869681,-0.4257025030516371,0.00020403249147861742,0.032153955874447096,0.003037389933745489,0.010724764199157162,17.591667
1632,0.8385294080018056,-54.76334802378105,-1.2427714041151166,-2.199894983203525,-0.10194870381141306,0.46792086495961427,-0.43053343494160734,0.00021380126735506233,0.0323250291643209,0.0030305159605795912,0.010938633385788453,17.6
1633,0.8278677523592186,-54.78185570041355,-1.316224773408042,-2.242939136688589,-0.09237232542868747,0.4651985436213073,-0.43561471644506156,0.00022373550817732132,0.0324968494606785,0.003026627194624418,0.011179634348023427,17.608333
1634,0.8166014230739089,-54.8007400533928,-1.3878546956742692,-2.290385294485578,-0.08270133530232554,0.461999370087681,-0.4409303616828834,0.00023381651491645217,0.032669357889523465,0.0030265020517256606,0.011450492753611931,17.616667
1635,0.8047462808403167,-54.82003928028962,-1.4574986774354373,-2.3426065230721824,-0.07294347876543893,0.4583145381320715,-0.44646337556218646,0.0002440249485130243,0.032842469222341755,0.0030310269296655976,0.01175446413851181,17.625
1636,0.792319585448133,-54.83979487229167,-1.524983127119646,-2.4000213520562794,-0.0631070208030875,0.45413544203141226,-0.4521957727492513,0.00025434084238118047,0.03301606624369811,0.003041212307341363,0.012095452843305184,17.633333
1637,0.7793400942041843,-54.86005201438431,-1.5901218862694435,-2.4630990289367265,-0.05320078045452007,0.449453777654641,-0.4581086021752948,0.00026474360705022287,0.033189992887858365,0.0030582115278548665,0.012478167024776412,17.641667
1638,0.7658281734866298,-54.880860031923326,-1.652714538900014,-2.532365408852461,-0.04323416083645786,0.44426164774602994,-0.4641819776281171,0.00027521202269849314,0.03336404588492363,0.003083342759935653,0.01290832199696158,17.65
1639,0.7518059254421051,-54.90227288902682,-1.7125444589113819,-2.6084095094493205,-0.033217174270721295,0.4385516706645661,-0.47039511494783465,0.00028572421395219613,0.033537964604964436,0.0031181147198292613,0.013392908667055878,17.658333
1640,0.7372973321955187,-54.924349744382596,-1.7693765493552103,-2.6918907391133655,-0.023160462011756554,0.43231709174730226,-0.4767263762983508,0.0002962575995669314,0.03371141872899554,0.0031642568318057435,0.01394055003204046,17.666667
1641,0.7223284203537029,-54.947155569997584,-1.8229546209266856,-2.783546770323007,-0.013075308089578373,0.4255518963707612,-0.48315332192753424,0.0003067888073946391,0.033883993308717476,0.0032237546065624436,0.014561977193457188,17.675
1642,0.7069274490493135,-54.970761837957596,-1.8729983506734915,-2.884201971909004,-0.002973646812664956,0.41825092369154626,-0.48965276975812355,0.00031729354225906465,0.03405517070444612,0.003298891116978455,0.01527066790223813,17.683333
1643,0.6911251252873397,-54.995247279205245,-1.919199756259728,-2.994776224893735,0.007131936486300408,0.4104099799570894,-0.49620086306815,0.0003277463909046533,0.034224308817095817,0.0033922955397478406,0.01608370620646562,17.691667
1644,0.674954850912975,-55.02069871636474,-1.9612191173227806,-3.1162938127529385,0.01722821182839422,0.40202595019178394,-0.5027731464244976,0.00033812054393054575,0.034390614963335044,0.003506999793210618,0.017022942401276515,17.7
1645,0.6584530060939977,-55.047211969302,-1.998680275343364,-3.2498918796752974,0.027301318393369335,0.393096906984912,-0.5093446499266281,0.0003483874094754022,0.03455311469810616,0.0036465043117056384,0.018116559161855558,17.708333
1646,0.641659274761519,-55.07489282677602,-2.031165249888815,-3.3968276642325703,0.03733678597544193,0.3836222150373839,-0.5158899817003962,0.0003585160873406674,0.034710614889177996,0.00381485391904699,0.019401182954001818,17.716667
1647,0.624617017908274,-55.10385806933924,-2.058208126508353,-3.5584833069781223,0.047319564215507565,0.37360263006775074,-0.5223834284554918,0.00036847266531749376,0.03486166043340446,0.004016724547043628,0.02092471858238399,17.725
1648,0.6073737008864405,-55.134236516384625,-2.0792882066110603,-3.7363664552800984,0.05723405961380184,0.3630403906388638,-0.5287990637859574,0.0003782192920517712,0.03500448423456313,0.004257521117672467,0.02275012477002865,17.733333
1649,0.5899813806922194,-55.16617005231353,-2.0938224721433363,-3.9321040936382112,0.06706418017571433,0.35193930145167657,-0.5351108637535453,0.00038771297362885193,0.03513695052838133,0.004543486169989149,0.02496037896430031,17.741667
1650,0.5724972583886874,-55.19981456113206,-2.101157521882765,-4.147425952077838,0.0767933873560442,0.3403048066721547,-0.5412928291509246,0.0003969040357296595,0.035256492474260735,0.0048818176245422175,0.027664876481948434,17.75
1651,0.5549842998788536,-55.23534066278375,-2.1005613012915756,-4.384132429864181,0.08640475473372809,0.32814405192678087,-0.5473191136992006,0.0004057341924943214,0.03536004631815215,0.005280792230847648,0.031007426671543003,17.758333
1652,0.5375119245843665,-55.272934095184816,-2.091215200324975,-4.644040179932678,0.09588103256248535,0.3154659337453769,-0.5531641572959235,0.0004141341718419704,0.035443986607048054,0.005749888403842013,0.03517576439833755,17.766667
1653,0.5201567553523986,-55.31279552015221,-2.0722074662648313,-4.928896357998113,0.10520471699816095,0.30228113548195806,-0.5588028233009162,0.0004220208724683651,0.03550407018703236,0.006299897738073442,0.040411951622560324,17.775
1654,0.5030034129490489,-55.35513944684664,-2.0425294088019395,-5.2402502151148935,0.11435812240915318,0.2886021491534674,-0.5642105387344807,0.0004292940814279604,0.03553540132613076,0.006943007397615304,0.047021994227827386,17.783333
1655,0.4861453233423313,-55.40019186299839,-2.0010765962833315,-5.579268633111896,0.1233234547664601,0.2744432832635186,-0.5693634361741233,0.00043583287899833694,0.03553243643144213,0.007692823720591311,0.055381175081186736,17.791667
1656,0.4696854839554949,-55.448186047342475,-1.9466581689114477,-5.9464812486602945,0.1320828837693345,0.25982065758659817,-0.5742384960819366,0.000441492019445815,0.03548905428375382,0.008564286864759633,0.06592875362947041,17.8
1657,0.4537371045844651,-55.49935592166881,-1.8780184867500644,-6.341442551803188,0.14061861125885844,0.24475218711260768,-0.5788136882859848,0.00044609882316797825,0.03539872553658774,0.00957339050688142,0.07914180474219155,17.808333
1658,0.43842399886183825,-55.55392621970209,-1.7938764383949743,-6.7623052524392575,0.14891293388841706,0.22925755883545051,-0.5830681113845568,0.0004494514598737495,0.035254821125068204,0.010736559728493916,0.09547382784693632,17.816667
1659,0.42388055411824027,-55.612098759181116,-1.6929885219933427,-7.205314659825004,0.15694829936478394,0.2133582065532096,-0.5869821289433778,0.00045131992900093043,0.03505109892938801,0.0120694440358521,0.11524173231583952,17.825
1660,0.4102510562503026,-55.674034289563,-1.574241659548374,-7.664261462367392,0.16470735830384278,0.1970772897184054,-0.5905375014965749,0.0004514514786132378,0.03478239502677543,0.013584750905558707,0.13844983489514257,17.833333
1661,0.3976881032047163,-55.73982986289826,-1.4367796866399238,-8.129972163281236,0.1721730181219304,0.18043968154653628,-0.5937175134945659,0.00044958247449923127,0.03444551239551509,0.015288614041565795,0.16455901708078122,17.841667
1662,0.3863498261317191,-55.809492550010226,-1.2801624450446314,-8.589969254701835,0.17932851098139632,0.16347196758219032,-0.5965070943752493,0.0004454585362406289,0.034040240526075315,0.01717497360282938,0.19224966291955192,17.85
1663,0.3763956801624563,-55.88291164179428,-1.1045475210805724,-9.028483286250712,0.18615749284885075,0.14620244746803798,-0.5988929327405573,0.00043886369923085654,0.033570357611838256,0.019217771370200098,0.2192844997629603,17.858333
1664,0.36798069942406636,-55.959833107572976,-0.9108721957849545,-9.427018328946883,0.19264419168319888,0.12866112007186306,-0.6008635820788115,0.0004296571087291309,0.03304438369160959,0.021361730251741446,0.2426238275102206,17.866667
1665,0.3612483544793099,-56.03984161668345,-0.7009997038346184,-9.765622453020118,0.19877361519147943,0.11087961909384157,-0.6024095555760336,0.0004178123694808724,0.03247580957553117,0.023514221261775502,0.25892394302368665,17.875
1666,0.3563224920200189,-56.1223561470305,-0.4777850167299737,-10.02486525768433,0.2045318099575797,0.09289106064832627,-0.6035234065412091,0.0004034510254777632,0.03188257208075012,0.025542719867577987,0.26540453413518106,17.883333
1667,0.35329920782211705,-56.20664427637571,-0.24501845054294594,-10.188285479755097,0.20990613777172593,0.07472977536966849,-0.6041997903632177,0.00038685951019428393,0.03128570658721612,0.027283154289135872,0.2608221681666914,17.891667
1668,0.35223977981357957,-56.29185720659079,-0.007225726159033589,-10.2448212414932,0.2148855136910675,0.05643092888209884,-0.6044355043734853,0.00036848036349484384,0.030707348475419893,0.028562164814326173,0.24608693778702262,17.9
1669,0.3531658268945417,-56.37708283737432,0.2306613968126537,-10.190604763893077,0.21946054919927346,0.038030076368621143,-0.6042295038415041,0.00034887449344124337,0.03016847625771822,0.02923039399326735,0.2241202765288163,17.908333
1670,0.3560575772749518,-56.461409288660995,0.46371096844637877,-10.029602969391314,0.2236235699688902,0.019562727598256977,-0.6035828951513498,0.00032866019576917126,0.029686878991185744,0.029196984126723582,0.19893095139647418,17.916667
1671,0.3608555701256514,-56.54398818139776,0.6873951962596879,-9.772913124098576,0.22736852078461134,0.0010639976809455767,-0.6024989098256964,0.0003084426072720338,0.029275742404811726,0.02845233253986809,0.1743443383848978,17.925
1672,0.36746544901021116,-56.62408712293056,0.8979163379487171,-9.436937742861135,0.23069080678027204,-0.017431615962640472,-0.6009828642382395,0.0002887502186113171,0.028943035968169824,0.027070059047689915,0.15299697782909266,17.933333
1673,0.3757649590385299,-56.70112411313609,1.0924034983386608,-9.040968980458864,0.23358713098842598,-0.035890338518653385,-0.5990421091322482,0.0002699916206115509,0.028691656758847817,0.02518818952100079,0.1359781360475745,17.941667
1674,0.3856119944648088,-56.774681485081885,1.268968158391363,-8.604786622101505,0.23605537198981963,-0.05427914851333792,-0.5966859710663683,0.00025243797550295765,0.028520133458593257,0.022977986944779767,0.1230865625542724,17.95
1675,0.39685259081349844,-56.84450155563721,1.4266402941084841,-8.14673116494999,0.23809451678010238,-0.0725657872345493,-0.5939256858212816,0.0002362287868171662,0.028423640489730197,0.020611906874370384,0.1133935558279199,17.958333
1676,0.4093280282082047,-56.910469016887376,1.5652258788276168,-7.682468321136989,0.2397046398051101,-0.09071878605343513,-0.5907743225537935,0.00022139354226627568,0.028395094978865117,0.01823946027328955,0.10578768514338244,17.966667
1677,0.4228805730952322,-56.9725859225528,1.6851290955136318,-7.224435717137072,0.24088690783757744,-0.10870752865591338,-0.5872466973274302,0.0002078805992568609,0.028426170377491355,0.015974435621716153,0.09932494597751787,17.975
1678,0.4373577162344071,-57.03094440509608,1.787173974816216,-6.781824257498304,0.24164359069780467,-0.12650234664856974,-0.5833592752696035,0.0001955862583560236,0.028508130131517758,0.013892341678563364,0.09336596040467608,17.983333
1679,0.45261500180142117,-57.08570078582902,1.8724473386452307,-6.360901414045942,0.24197806404203454,-0.14407463708246973,-0.5791300615129763,0.00018437967452612655,0.028632445078914038,0.012034654079060172,0.08756669149557096,17.991667
1680,0.4685176736724684,-57.13705317971568,1.9421730203581498,-5.9655022810628555,0.24189479743581763,-0.16139698817420323,-0.5745784818958859,0.00017412179711880755,0.0287912014661636,0.010416262697600572,0.08180213169606065,18.0
1681,0.4849414099679948,-57.185223430522775,1.9976187645243704,-5.597561209852732,0.2413993261142004,-0.17844330162623162,-0.5697252549539469,0.00016467830312629042,0.028977331532393086,0.009033443059154739,0.07607925407148822,18.008333
1682,0.5017724058709263,-57.23044336210104,2.040032274142281,-5.257606620881827,0.24049820774319433,-0.19518890352268925,-0.5645922570226426,0.00015592743386817342,0.0291847085182694,0.007870836040437925,0.07046679135962183,18.016667
1683,0.5189070250709262,-57.2729448605342,2.0706007928512586,-4.945181473553571,0.23919896668491522,-0.21161063910413475,-0.5592023823543749,0.00014776396774630174,0.02940814748046698,0.006906846937802613,0.06504903262838893,18.025
1684,0.5362511914061535,-57.31295310880154,2.090428347489314,-4.6591786106236395,0.23751002846346517,-0.2276869491833953,-0.5535794001106273,0.00014010051620514576,0.029643347139873325,0.006117445399360371,0.059900574820861335,18.033333
1685,0.5537196457204566,-57.350682275831886,2.100525456190038,-4.398095467280457,0.23544064688416622,-0.24339792754212544,-0.5477478099809836,0.00013286711920069668,0.029886799780776227,0.005478618649391692,0.05507575617348925,18.041667
1686,0.5712351538274504,-57.3863330330977,2.1018071368881173,-4.160219723249979,0.23300082589396118,-0.2587253595604815,-0.541732698043077,0.00012600986657285588,0.030135688207496486,0.004967808545151802,0.05060684814140394,18.05
1687,0.5887277211448753,-57.42009137937601,2.0950960946407946,-3.943759507377989,0.23020123792898142,-0.2736527428196273,-0.5355595943303224,0.0001194890461350854,0.030387782058039773,0.004564641087367635,0.04650664944101724,18.058333
1688,0.6061338474066682,-57.45212836615903,2.081128867972,-3.7469310839089136,0.22705314022019826,-0.28816529066239444,-0.5292543334254382,0.00011327714104076681,0.030641340693664365,0.00425119629622592,0.042772735994410956,18.066667
1689,0.6233958394430053,-57.48260041665324,2.060563426560471,-3.5680150795760017,0.2235682903190522,-0.3022499198186365,-0.5228429192496001,0.0001073568695766741,0.030895026323628873,0.004012000136603805,0.039391853713445064,18.075
1690,0.64046118976392,-57.51165001444812,2.033987242027606,-3.4053901264754045,0.2197588619448451,-0.3158952232659422,-0.5163513950697404,0.00010171937236920836,0.031147828698678673,0.003833863024658965,0.036343748776299895,18.083333
1691,0.6572820221816328,-57.53940660320793,2.0019252298234393,-3.2575507400017254,0.21563736212848686,-0.3290914295352677,-0.5098057195998313,9.636259513894131e-05,0.031399001297404326,0.003705645568298994,0.03360420006318045,18.091667
1692,0.6738146018268321,-57.565987588102935,1.964847217745084,-3.1231145059866936,0.21121655051872706,-0.34183034969929754,-0.5032316499261807,9.128988046462738e-05,0.031648008154663294,0.0036180009214677174,0.03114726076717817,18.1
1693,0.6900189047991584,-57.591499365972275,1.9231747668685417,-3.0008222575497085,0.20650936161923056,-0.35410531330230777,-0.4966546318425837,8.650876224413874e-05,0.03189448012014516,0.0035631220515264677,0.028946821150542774,18.108333
1694,0.7058582417247564,-57.61603833724961,1.8772872791590154,-2.88953385353508,0.20152883063217525,-0.36591109450426346,-0.49009969803981723,8.202994633805682e-05,0.03213817922944106,0.0035345086657808454,0.02697763428758598,18.116667
1695,0.7212989292435336,-57.63969187098525,1.8275273921449238,-2.788221374516962,0.19628802349393193,-0.377243829717188,-0.48359137445694267,7.786645656389989e-05,0.032378969908912786,0.0035267602135728255,0.02521594005331527,18.125
1696,0.7363100036243789,-57.66253920690004,1.7742056988934558,-2.69596097265505,0.19079997160051462,-0.3881009280067741,-0.4771535949707637,7.40329243302321e-05,0.03261679585037175,0.0035353965065378495,0.023639801496596342,18.133333
1697,0.7508629711159982,-57.68465228689487,1.7176048510262143,-2.611924197062822,0.1850776116338188,-0.39848097551649647,-0.47080962447611746,7.054500119726673e-05,0.032851661536440896,0.0035567048268565476,0.022229243398092718,18.141667
1698,0.7649315901612679,-57.7060965140053,1.6579831104588312,-2.535369324488559,0.17913373081603762,-0.4083836351442384,-0.46458199029482944,6.74188755583391e-05,0.03308361754797153,0.003587611077496936,0.020966260416779087,18.15
1699,0.7784916811579554,-57.72693144031681,1.5955774164939158,-2.4656330227563283,0.1729809178385496,-0.41780954266381204,-0.4584924217463024,6.467087688253967e-05,0.03331274892712563,0.0036255720207778227,0.019834743639272193,18.158333
1700,0.7915209599932093,-57.74721138747503,1.5306060318316521,-2.4021225363186844,0.16663151963491732,-0.4267602004360935,-0.452561797618738,6.231715321928345e-05,0.033539165996305936,0.003668485603210606,0.01882035981945553,18.166667
1701,0.8039988920885445,-57.766986004594095,1.4632708259050244,-2.3443084907118843,0.1600976040955131,-0.43523786979848855,-0.4468101011975338,6.0373409773824654e-05,0.0337629971432079,0.003714616558277343,0.017910406696654828,18.175
1702,0.8159065641540673,-57.786300768904276,1.3937592478957181,-2.2917183520367237,0.1533909287537475,-0.44324546315877,-0.44125638243682125,5.885469824362179e-05,0.03398438317451911,0.0037625347830284347,0.017093659849158283,18.183333
1703,0.8272265712611497,-57.80519743460729,1.3222460355660661,-2.2439305390088444,0.14652291541334492,-0.4507864367508061,-0.4359187268015511,5.777524823847719e-05,0.03420347291778242,0.0038110643226256296,0.01636022091148839,18.191667
1704,0.8379429172022597,-57.82371443528277,1.24889470006743,-2.200569161661263,0.13950463063011756,-0.45786468493815385,-0.43081423026083954,5.714833350060746e-05,0.03442041981411297,0.0038592411273076534,0.015701373079362053,18.2
1705,0.848040926418129,-57.841887244912265,1.173858821375252,-2.1612993475306186,0.1323467719127426,-0.4644844368774825,-0.42595897987820913,5.698616681621425e-05,0.034635379295289224,0.003906278047923516,0.015109447178182673,18.208333
1706,0.857507166040315,-57.85974870223027,1.0972831840528328,-2.125823109690886,0.12505965946371703,-0.470650156279424,-0.4213680394203777,5.7299818495579834e-05,0.034848506780696585,0.003951535800783888,0.014577699819128258,18.216667
1707,0.8663293768262672,-57.87732930272055,1.0193047786831295,-2.093875708943334,0.11765323324440363,-0.4763664449308077,-0.4170554393928005,5.809915412218847e-05,0.03505995616236417,0.00399449885869411,0.014100204042936635,18.225
1708,0.8744964119590787,-57.89465746218026,0.9400536905120113,-2.06522246320446,0.11013705511634747,-0.4816379505705971,-0.41303417090654104,5.939278795952654e-05,0.03526987867320144,0.004034755414874619,0.013671752159719915,18.233333
1709,0.8819981828497472,-57.91175975539206,0.8596538935763003,-2.039655959553024,0.10252031578476843,-0.4864692796431236,-0.40931618278647597,6.118804897967437e-05,0.03547842205469238,0.004071980723950525,0.01328777009359847,18.241667
1710,0.8888256112201744,-57.92866113308665,0.7782239657946105,-2.0169936277670444,0.0948118462485966,-0.49086491538727606,-0.40591238134451485,6.349095696140826e-05,0.03568572995705755,0.00410592325377087,0.012944242334991876,18.25
1711,0.894970586863999,-57.94538512005118,0.695877738124717,-1.9970756380183856,0.08702013344426235,-0.494829141659722,-0.4028326322626379,6.630620651340583e-05,0.03589194151844421,0.004136393187916712,0.012637646522665451,18.258333
1712,0.9004259305830375,-57.961953996943535,0.6127248888859529,-1.9797630893874147,0.07915333975753673,-0.4983659728343666,-0.4000857640582622,6.963715722439497e-05,0.03609719108005633,0.004163252905385512,0.012364896675436311,18.266667
1713,0.9051853618824058,-57.978388968112455,0.5288714926608572,-1.9649364598231287,0.07121932606727335,-0.5014790900695537,-0.3976795726379918,7.348582843811999e-05,0.03630160800258761,0.004186409134584463,0.012123294138620094,18.275
1714,0.9092434710798427,-57.99471031749308,0.44442053178402996,-1.952494291995561,0.06322567797856145,-0.5041717841886371,-0.39562082648439745,7.785289740590126e-05,0.0365053165556002,0.004205806536360574,0.011910485382370236,18.283333
1715,0.9125956955465178,-58.0109375544512,0.3594723772602792,-1.942352093111799,0.05517973489734632,-0.5064469053789187,-0.39391527206339083,8.273769979052469e-05,0.03670843585656061,0.004221422517782735,0.011724425874923635,18.291667
1716,0.9152382998495261,-58.0270895512796,0.27412524499648283,-1.9344414301744708,0.047088621596249734,-0.5083068198778492,-0.3925676390863529,8.81382316884075e-05,0.03691107983990019,0.004233263116791507,0.011563349345179184,18.3
1717,0.9171683596119629,-58.04318467391023,0.18847563245500235,-1.9287092053554786,0.03895928191899564,-0.5097533737838597,-0.39158164531082007,9.405115250681616e-05,0.03711335723921188,0.004241359829333652,0.011425741841114043,18.308333
1718,0.9183837489463953,-58.05924090728972,0.102618740218563,-1.92511709915606,0.03079851427065231,-0.5107878641014566,-0.39096000061565417,0.00010047178818257973,0.03731537156741511,0.004245767276599793,0.011310320080633755,18.316667
1719,0.9188831313528828,-58.07527597677524,0.016648882479193706,-1.9236411718539819,0.022613008540351042,-0.5114110171059472,-0.3907044101407286,0.00010739413436172094,0.03751722108094152,0.004246561631652389,0.011216013678488655,18.325
1720,0.9186659540046035,-58.09130746684008,-0.06934010988701894,-1.9242716164327034,0.014409384103045776,-0.5116229740916053,-0.39081557633675695,0.00011481085927647706,0.03771899871434741,0.004243839743035215,0.011141950916979856,18.333333
1721,0.9177324453736136,-58.10735293833169,-0.1552544902323782,-1.9270126587813117,0.006194228547072612,-0.5114232845475664,-0.3912931998275535,0.0001227133061596971,0.03792079197165459,0.004237718908703022,0.011087447810254544,18.341667
1722,0.916083616177227,-58.12343004550105,-0.24100019773595832,-1.9318826034858203,-0.002025863226399742,-0.5108109067875609,-0.39213597904433317,0.00013109149512611663,0.03812268275987381,0.004228337267481212,0.011052000293757414,18.35
1723,0.9137212636528487,-58.139556654018236,-0.32648245640704715,-1.9389140260405404,-0.010244249886386695,-0.5097842160419355,-0.39334160864924334,0.00013993412452638002,0.03832474714889846,0.004215854787849457,0.01103527945416527,18.358333
1724,0.9106479791967315,-58.15575096120624,-0.41160536812841414,-1.9481541148317778,-0.018454204893063025,-0.5083410200025276,-0.3949067768227773,0.00014922857184178446,0.03852705503996862,0.004200454845666072,0.011037129803924605,18.366667
1725,0.906867159430863,-58.172031619764226,-0.4962714961824412,-1.9596651688242792,-0.026648878413790718,-0.5064785817920486,-0.3968271615466891,0.00015896089423483845,0.03872966972233456,0.00418234639400438,0.011057570702123834,18.375
1726,0.9023830207930345,-58.18841786631128,-0.5803814353982155,-1.9735252595523982,-0.03482126029292554,-0.5041936503089373,-0.3990974260700781,0.00016911582890053012,0.038932647294332635,0.004161766740044403,0.01109680113474914,18.383333
1727,0.8972006177789833,-58.204929656164936,-0.6638333646303016,-1.9898290688207638,-0.04296414443596516,-0.5014824978754253,-0.4017112138010459,0.00017967679337361757,0.039136035920847696,0.004138984956455785,0.011155208198598226,18.391667
1728,0.8913258650034935,-58.22158780587637,-0.7465225767172409,-2.0086889164890906,-0.05107009497058286,-0.498340965090134,-0.40466114291926963,0.00019062588593438294,0.03933987489396651,0.004114305968468834,0.011233379792374876,18.4
1729,0.8847655632906083,-58.23841414517644,-0.8283409803530714,-2.0302359958845417,-0.059131414548172424,-0.4947645127562637,-0.4079388010554882,0.0002019438862149394,0.039544193457105886,0.0040880753734759195,0.011332122216379125,18.408333
1730,0.8775274300530421,-58.25543168014699,-0.9091765674172751,-2.054621837777713,-0.06714011515024802,-0.4907482807217916,-0.4115347404317369,0.000213610256034608,0.0397490093451508,0.0040606850682478705,0.011452483632855844,18.416667
1731,0.8696201342790284,-58.27266476962136,-0.9889128382217512,-2.082020027488613,-0.0750878917635182,-0.48628715342859935,-0.4154384739005526,0.0002256031403784103,0.039954326983419254,0.004032579780539006,0.011595784661360038,18.425
1732,0.8610533365129458,-58.29013931703818,-1.067428175816753,-2.1126282035519357,-0.08296609928492775,-0.4813758319228111,-0.41963847236170465,0.000237899368269372,0.04016013527674227,0.004004264627996074,0.011763657802816515,18.433333
1733,0.8518377342962552,-58.30788298022681,-1.1445951589147312,-2.146670370432812,-0.09076573301391623,-0.47600891202852036,-0.4241221640705316,0.0002504744530604092,0.04036640490577893,0.003976313859107195,0.011958097936619278,18.441667
1734,0.841985113629869,-58.3259254018897,-1.2202798010994786,-2.184399561966589,-0.0984774130815292,-0.4701809683316112,-0.42887593638197785,0.0002633025913725718,0.04057308503064747,0.0039493809699077355,0.01218152686363891,18.45
1735,0.8315084071308994,-58.34429846387121,-1.2943407017397468,-2.2261008963534152,-0.10609137315613676,-0.4638866435593901,-0.43388514049809174,0.00027635665951459605,0.04078009928113792,0.00392421043810071,0.012436875837516901,18.458333
1736,0.8204217596889309,-58.36303656865803,-1.3666280913685114,-2.2720950674241256,-0.11359745375097326,-0.45712074287573157,-0.43913409980327744,0.00028960820571374347,0.04098734088814101,0.00390165137533573,0.012727691322920828,18.466667
1737,0.808740602583203,-58.38217695194342,-1.4369827511643736,-2.32274232011334,-0.12098510044019753,-0.44987833254066784,-0.4446061223801395,0.000303027435842632,0.04119466678069953,0.0038826734712738764,0.01305827095887786,18.475
1738,0.7964817372065126,-58.40176003049583,-1.5052347825228738,-2.378446960016104,-0.1282433672664408,-0.4421548423085665,-0.45028351829847324,0.0003165831895088095,0.041401890437698374,0.0038683856929356167,0.013433839045458543,18.483333
1739,0.7836634297588143,-58.42182978998961,-1.5712021984804918,-2.4396624466368753,-0.13536092559401489,-0.4339461708608835,-0.45614762226006234,0.0003302429023437041,0.04160877324061855,0.003860058313515309,0.013860774025085948,18.491667
1740,0.7703055185283988,-58.44243421785501,-1.6346893039155117,-2.506897116077557,-0.14232607862625665,-0.4252487934893335,-0.4621788221616595,0.00034397254903805916,0.04181501402401462,0.0038591489808929816,0.014346904679071154,18.5
1741,0.7564295356763303,-58.46362578655243,-1.69548482599108,-2.5807205694115445,-0.14912678176422925,-0.4160598711639395,-0.4683565941071931,0.00035773656006467405,0.04202023646290069,0.0038673337027964813,0.014901897479793829,18.508333
1742,0.7420588457855498,-58.48546199290946,-1.7533597502767284,-2.6617707448733903,-0.15575066893484688,-0.40637736003975844,-0.4746595443572838,0.0003714977030422516,0.042223973870063485,0.003886543829076376,0.01553776521413352,18.516667
1743,0.7272188038338944,-58.5080059591931,-1.8080648115323203,-2.750761660951199,-0.1621850849603032,-0.3962001203774234,-0.4810654586491681,0.0003852169172525565,0.04242565090422402,0.0039190103586425155,0.01626953723489672,18.525
1744,0.7119369357026872,-58.53132710129022,-1.8593275815695072,-2.8484917673283827,-0.16841712397623052,-0.3855280237781293,-0.48755135925285376,0.0003988530868532092,0.04262456161239198,0.003967317196446284,0.01711614523855152,18.533333
1745,0.6962431448383531,-58.55550186854409,-1.9068490904828475,-2.955852762614891,-0.17443367383284586,-0.3743620575654785,-0.4940935700497607,0.0004123627347594089,0.042819843154105086,0.00403446534135939,0.01810159612413495,18.541667
1746,0.6801699492363474,-58.58061455816326,-1.9502999128284733,-3.073838619603328,-0.1802214663307586,-0.3627044250872627,-0.5006677898284545,0.0004256996149573863,0.04301044448988558,0.004123950404071348,0.019256526021540564,18.55
1747,0.6637527534968314,-58.606758204279195,-1.9893156486015282,-3.2035543832429862,-0.18576713304997494,-0.3505586406629481,-0.5072491738888679,0.0004388141761718918,0.04319508927954386,0.004239856336039719,0.020620257386596418,18.558333
1748,0.6470301612754417,-58.63403553711014,-2.0234917326345965,-3.3462240501760245,-0.19105726642547916,-0.3379296178713317,-0.513812423932469,0.0004516528644658593,0.043372232254340067,0.004386968787511315,0.022243513537943262,18.566667
1749,0.6300443339594525,-58.66256000049491,-2.052377519202693,-3.503196470027117,-0.19607848560414043,-0.32482374986249307,-0.5203318860923819,0.0004641572268336266,0.043540008446227144,0.004570912077381443,0.024191979297493133,18.575
1750,0.6128414017384891,-58.692456805189984,-2.0754696170893285,-3.6759476865660825,-0.20081750648250882,-0.31124898039618715,-0.526781656826129,0.00047626277284719247,0.04369617494333377,0.00479831428670257,0.026550925097418045,18.583333
1751,0.5954719332482081,-58.723863979295345,-2.092204502929836,-3.866077409871592,-0.20526121517199974,-0.29721486436439953,-0.5331356962565587,0.00048789754820019297,0.04383804539583686,0.005077005349068291,0.029431119113814897,18.591667
1752,0.5779914693945821,-58.756933354032526,-2.1019505300555608,-4.0752963183143205,-0.20939674396332889,-0.2827326166636171,-0.5393679484063734,0.0004989803747822011,0.0439624184637253,0.005416252944949689,0.032976206640395044,18.6
1753,0.560461125438249,-58.79183139037194,-2.103999594302206,-4.305399568750563,-0.21321154866701963,-0.2678151484611567,-0.5454524676319099,0.0005094187203573496,0.044065502978282683,0.005827040016516797,0.03737158168128421,18.608333
1754,0.5429482623795441,-58.82873970673904,-2.097558941747065,-4.558220195951275,-0.21669348599473276,-0.25247709017687403,-0.5513635504268207,0.0005191061827841619,0.04414284504041701,0.006322384875799498,0.04285441685338086,18.616667
1755,0.5255272233494747,-58.867855107026564,-2.081743937534298,-4.835554007460024,-0.21983088943231033,-0.23673480091062046,-0.557075871641564,0.0005279196176849419,0.04418926590881628,0.006917698483672223,0.04972380303074172,18.625
1756,0.508280122006795,-58.90938882861152,-2.055573096925305,-5.139045239940759,-0.22261264187320512,-0.2206063646266319,-0.5625646240570533,0.0005357160169057783,0.04419882464297004,0.007631160508414402,0.05834866439418915,18.633333
1757,0.491297656477839,-58.95356463099161,-2.0179673466104284,-5.470019972807221,-0.22502824319675127,-0.20411157419417547,-0.5678056601688287,0.0005423293742402133,0.04416482624245613,0.008484071064064326,0.06916899994531567,18.641667
1758,0.47467990249928815,-59.00061523026948,-1.9677563594346834,-5.829252823888141,-0.2270678711058226,-0.1872719053884683,-0.5727756349912609,0.0005475679734502056,0.04407990427953106,0.009501090268984345,0.08268286249385517,18.65
1759,0.45853701143355263,-59.050776464771204,-1.9036958703757592,-6.216653135537135,-0.22872243406492918,-0.170110484115562,-0.5774521486888617,0.0005512128179407072,0.04393621579102886,0.010710200864615695,0.09940745953144102,18.658333
1760,0.44298970151088085,-59.104278479079994,-1.8245010259893533,-6.6308619234691175,-0.22998361635097953,-0.1526520512313278,-0.5818138878894124,0.0005530182940160006,0.043725793123966336,0.0121421056105342,0.11979888068796624,18.666667
1761,0.4281693843423712,-59.16133318679146,-1.7289017680397925,-7.0687634983716086,-0.23084391731295248,-0.13492292991679894,-0.5858407646265983,0.0005527165875544922,0.04344109809381481,0.013828591296416747,0.14411403407903475,18.675
1762,0.414217717068538,-59.222117394979264,-1.6157264730276433,-7.524939646357272,-0.23129669007575338,-0.11695099983809863,-0.5895140519723597,0.0005500277553780965,0.043075811367867096,0.015799169427966074,0.1722058804286062,18.683333
1763,0.40128532282296114,-59.286751353506205,-1.4840187104490188,-7.991132425952563,-0.23133618884219578,-0.09876567910529614,-0.5928165154909549,0.0005446774775398797,0.0426258560037509,0.018075117280392374,0.20326680475557168,18.691667
1764,0.3895293961653388,-59.35527324742492,-1.3331879300934009,-8.45583274923936,-0.2309576375173406,-0.08039790818485942,-0.5957325395745205,0.0005364240462342868,0.04209059187423167,0.020660087092623295,0.23558111501128143,18.7
1765,0.3791099327562849,-59.42761135404175,-1.1631871110303789,-8.904165624323545,-0.23015733325599458,-0.061880119127489114,-0.5982482473699834,0.0005250946638824226,0.041474029090261336,0.02352707095999677,0.2664103299078093,18.708333
1766,0.37018442651556,-59.50355716992308,-0.9746987347547437,-9.318275084837392,-0.2289327933920177,-0.04324616082693982,-0.6003516122735562,0.0005106283271656299,0.040785812543771935,0.026603107904269077,0.2921814803547597,18.716667
1767,0.3629010894152007,-59.582744450209105,-0.7692967339088524,-9.678385328553233,-0.2272829403437746,-0.024531142344546408,-0.6020325578903186,0.0004931186572102966,0.040041667379397135,0.0297558011589018,0.3091155214409434,18.725
1768,0.35739096820439137,-59.6646401463831,-0.5495411105350093,-9.964593606401376,-0.22520829760308753,-0.005771160583359782,-0.6032830422548278,0.00047284610911453974,0.03926302000728794,0.03278865939293358,0.31425977139401406,18.733333
1769,0.35375970698432935,-59.74855283917453,-0.3189608982644333,-10.159230554800407,-0.2227111487831779,0.01299709678097743,-0.6040971216277587,0.000450287169700562,0.03847565671179648,0.035453335474483864,0.30660034715218343,18.741667
1770,0.35208002315876075,-59.833661809914084,-0.08189644554765305,-10.249363829029589,-0.21979560477129587,0.031736839463294975,-0.6044709900566787,0.0004260907729054225,0.037707530873315145,0.03748332088866399,0.2877051409717919,18.75
1771,0.352386083336597,-59.9190655168206,0.1567959961952532,-10.228843002320627,-0.21646754278707564,0.050411676721937346,-0.6044029934123494,0.0004010201078251272,0.03698608978383537,0.03864481960384161,0.26143424748869537,18.758333
1772,0.35467077755793125,-60.003843175333195,0.39213494468837956,-10.099313428561848,-0.21273442296902953,0.0689860385408745,-0.60389362014056,0.0003758691010167618,0.03633564483718931,0.038790065494629926,0.23272199025190995,18.766667
1773,0.35888639829121266,-60.0871193504572,0.6194267254158304,-9.869899050699715,-0.20860503256151303,0.08742544515774023,-0.602945473989963,0.00035137218036107885,0.03577528480014149,0.03789338189290514,0.20599442518838537,18.775
1774,0.3649485752919502,-60.16812062834743,0.8346210714226219,-9.555662613100147,-0.20408922902765775,0.10569661111292925,-0.6015632349721337,0.0003281285393032627,0.03531765492741989,0.03605579290787359,0.18399153872066104,18.783333
1775,0.37274271792086877,-60.2462159015471,1.034549298611461,-9.175304067179004,-0.19919774030851503,0.12376742794929449,-0.5997536133370083,0.0003065565546612105,0.034968685939057095,0.033477565266128724,0.1674518834100658,18.791667
1776,0.38213186124980403,-60.3209364083866,1.21702144089944,-8.748701695702243,-0.1939420447184643,0.14160689878667898,-0.597525298361869,0.0002868833664396628,0.03472814844089104,0.030411163112935714,0.15557576857240119,18.8
1777,0.3929647717975652,-60.391976479653835,1.3807951998714345,-8.294812558065955,-0.18833431780587426,0.1591850904288731,-0.5948889008863314,0.0002691642594999158,0.03459078027260013,0.02711223302440715,0.14683129259640693,18.808333
1778,0.405083385522518,-60.459179363853906,1.5254533031944533,-7.830222337740787,-0.18238741537019224,0.1764731387775315,-0.5918568869926133,0.0002533204674408229,0.03454769403198873,0.023802421824821212,0.13966977931941785,18.816667
1779,0.4183289959679221,-60.52251390194677,1.6512329531134753,-7.3683958070227655,-0.17611486234856888,0.19344331192708922,-0.588443500267123,0.0002391832634201882,0.03458780249881175,0.02064964111905995,0.13293601137614314,18.825
1780,0.4325469569794454,-60.582047496577786,1.758845197001627,-6.919513163635533,-0.16953082820909865,0.21006911544073767,-0.5846646711583343,0.00022653507887832194,0.03469907307828297,0.01776415205623394,0.1259779161125241,18.833333
1781,0.4475899318426586,-60.63791950895259,1.849310010574814,-6.490706555977527,-0.16265008164457664,0.2263254179327721,-0.5805379133308769,0.00021514250704131156,0.03486950911055854,0.015205176687538536,0.11856862141535718,18.841667
1782,0.46331988293962045,-60.690317640873104,1.9238204446296705,-6.086513682061942,-0.15548792574034617,0.2421885776820036,-0.5760822080791358,0.0002047796342501069,0.03508783212300465,0.012992402402626725,0.11075925674610367,18.85
1783,0.47960906490453403,-60.73945848769247,1.983639547239781,-5.7094062423642455,-0.1480601186194669,0.25763655707984773,-0.5713178785986237,0.00019524246017862186,0.035343891857112,0.011118201366973786,0.10273898300084239,18.858333
1784,0.49634028793305923,-60.785572471681526,2.0300277817694066,-5.36030131584831,-0.1403827852078805,0.2726490176492292,-0.5662664562449276,0.0001863562492843776,0.03562885819167095,0.00955822603653164,0.09473417773777561,18.866667
1785,0.5134066851888286,-60.828892786468906,2.064195791776725,-5.039007066629929,-0.1324723248715317,0.2872073926897087,-0.5609505409601732,0.00017797787149152178,0.035935256102331704,0.008279504396171786,0.08694985665537813,18.875
1786,0.5307111711415867,-60.869647714389636,2.087276620200089,-4.744584869054101,-0.12434531840271677,0.3012949372062192,-0.5553936579411287,0.00016999494097333752,0.036256899217209725,0.007246047650108674,0.0795437385617495,18.883333
1787,0.5481657298521112,-60.90805561350782,2.100311934407996,-4.475628458069169,-0.11601843672351922,0.3148967561051483,-0.5496201124510325,0.000162323142392963,0.03658876621146219,0.006422393967891383,0.07262095052534495,18.891667
1788,0.5656906305834298,-60.944321919929166,2.1042477628599165,-4.2304700335592935,-0.10750835288504942,0.3279998121935853,-0.543654844489513,0.00015490271310374652,0.03692685192114782,0.0057756192281663244,0.06623954351480034,18.9
1789,0.5832136350561957,-60.97863761081561,2.0999363046735997,-4.007326612733292,-0.09883165843932133,0.34059291567258504,-0.5375232848535779,0.00014769470189121502,0.03726801417075738,0.005276299458258657,0.06042026278924724,18.908333
1790,0.6006692360608058,-61.011178685936486,2.0881413253487464,-3.8043999291527566,-0.09000478495911032,0.35266669680241886,-0.5312512139533755,0.00014067736781121507,0.03760982884329078,0.004898807173267211,0.05515683910237722,18.916667
1791,0.6179979497437751,-61.04210633047859,2.0695454236895694,-3.619941582050553,-0.08104393129808947,0.3642135633554204,-0.5248646245878053,0.00013384290755844453,0.037950459703119555,0.004621216668126254,0.05042502047833326,18.925
1792,0.6351456721378402,-61.07156751065188,2.044758039520506,-3.452293001722209,-0.07196499706189313,0.37522764441024214,-0.5183895897336507,0.00012719458844886303,0.038288545517480004,0.004425003145012256,0.04618973396575312,18.933333
1793,0.652063102931436,-61.099695824437816,2.0143234932414744,-3.29990767657764,-0.06278352266632044,0.38570472199485195,-0.5118521362546821,0.00012074429812466041,0.03862310460602183,0.004294652733700765,0.04241037818724673,18.941667
1794,0.6687052348520867,-61.1266124839837,1.9787286403423543,-3.161361236379015,-0.05351463627362018,0.39564215205343795,-0.5052781252924239,0.00011451048633337232,0.03895345561102168,0.004217253052751857,0.03904451351680819,18.95
1795,0.6850309044297302,-61.15242734629635,1.9384099193724484,-3.0353534817790297,-0.04417300781485202,0.40503877618808076,-0.49869313995748016,0.00010851645738332158,0.039279152650586485,0.004182102642561368,0.03605029217740611,18.958333
1796,0.7010023986220094,-61.17723993791993,1.8937596979668687,-2.920705282711513,-0.0347728102235993,0.4138948256029167,-0.492122380800025,0.0001027889664164335,0.039599932820173545,0.00418035793034995,0.033387953569167135,18.966667
1797,0.716585111339092,-61.20114043982421,1.845131899635597,-2.8163523909072,-0.025327687924579068,0.4222118186512852,-0.48559056940139345,9.735707343279408e-05,0.03991567405839539,0.004204724640024145,0.03102065685436571,18.975
1798,0.7317472439689926,-61.22421061296787,1.7928469397955618,-2.721337568445986,-0.01585073254142928,0.42999245335156,-0.4791218602971551,9.2251212917621e-05,0.04022636157006907,0.0042491939410239845,0.028914862226850708,18.983333
1799,0.7464595443551352,-61.24652465465984,1.7371960241130773,-2.634801971501049,-0.006354465713296354,0.437240496193226,-0.47273976131715434,8.750244210199004e-05,0.040532061228555405,0.004308820195841097,0.027040417377964487,18.991667
1800,0.7606950791733631,-61.2681499822331,1.6784448733255386,-2.555976401058636,0.003149171159403072,0.4439606685008732,-0.46646706231122753,8.3141836288615e-05,0.04083289861804547,0.004379535638916285,0.02537046085114392,19.0
1801,0.7744290352063821,-61.28914794464079,1.6168369415287858,-2.4841728043354174,0.01264882048143627,0.45015853156056496,-0.4603257721219444,7.920000475049966e-05,0.041129042600858035,0.0044579968912290885,0.023881219555380796,19.008333
1802,0.7876385455659085,-61.30957446509352,1.5525961928879048,-2.418776254188377,0.02213370563779855,0.4558403716416765,-0.45433706356879755,7.570670521923645e-05,0.041420692494938106,0.004541458383541938,0.022551752325031933,19.016667
1803,0.8003025374361078,-61.329480619284176,1.4859294970775967,-2.3592375283507905,0.03159362211990584,0.4610130859692335,-0.4485212261225423,7.269053884707736e-05,0.04170806811846569,0.004627668222141231,0.021363673259349465,19.025
1804,0.8124015983906614,-61.34891315445377,1.4170286978859015,-2.3050663406923726,0.04101892298467159,0.465684070618743,-0.4428976258743494,7.017871076981826e-05,0.041991402103091977,0.004714782604425101,0.020300875916932328,19.033333
1805,0.8239178587636264,-61.367914954786656,1.3460724031794795,-2.255825231964805,0.05040049905887083,0.4698611112192096,-0.43748467234231914,6.819684407667261e-05,0.04227093399623116,0.004801295477284182,0.019349270817502495,19.041667
1806,0.8348348879304738,-61.38652545856234,1.2732275383311944,-2.2111240998616477,0.05972975432526097,0.4735522772621947,-0.4322997916076684,6.676883718574722e-05,0.042546905769766136,0.004885980677129524,0.018496542966213773,19.05
1807,0.8451376026826424,-61.4047810322493,1.1986506995249087,-2.1706153321894917,0.06899857694358835,0.4767658207270247,-0.427359405234337,6.591675640754654e-05,0.042819558431367845,0.004967844273878474,0.017731932397863973,19.058333
1808,0.8548121861607191,-61.42271530638655,1.1224893382084322,-2.1339894986626837,0.07819930637066705,0.4795100796459754,-0.42267891439845556,6.566075692709273e-05,0.04308912949698541,0.0050460852558355685,0.017046038407359583,19.066667
1809,0.8638460160526628,-61.440359477711695,1.0448828034067783,-2.1009715536240527,0.08732469704919547,0.48179338714973136,-0.41827268863751477,6.601902661025803e-05,0.04335585113375242,0.005120063040464147,0.016430646737508915,19.075
1810,0.8722276009692259,-61.457742581594665,0.9659632646263558,-2.0713175020215933,0.09636787913539857,0.4836239864537734,-0.4141540586225199,6.700774799600589e-05,0.04361994882200143,0.005189270583882657,0.015878578219819597,19.083333
1811,0.8799465240835583,-61.47489173844738,0.8858565346411149,-2.0448114829862347,0.10532231673308158,0.4850099521711827,-0.41033531235915294,6.864107461688408e-05,0.04388164041681747,0.005253312097404762,0.015383556990337286,19.091667
1812,0.8869933932701995,-61.49183237741055,0.8046828085047587,-2.0212632285196057,0.11418176409473225,0.485959118267644,-0.40682769423522414,7.093111843132344e-05,0.044141135514385366,0.005311884570669716,0.014940096281907551,19.1
1813,0.8933597971042205,-61.50858844028045,0.7225573326255309,-2.0005058585591584,0.12294022024181468,0.486479012910304,-0.4036414063506252,7.38879456817701e-05,0.04439863504796583,0.0053647624555101985,0.014543399826160293,19.108333
1814,0.8990382661875349,-61.525182568332674,0.6395910156186217,-1.9823939776838941,0.13159188244604594,0.48657680040388757,-0.4007856115918103,7.751957893507062e-05,0.044654331053714844,0.005411784989510046,0.014189277016714302,19.116667
1815,0.9040222393594294,-61.54163627442633,0.5558909908663647,-1.9668020427344148,0.1401310990013407,0.4862592303553368,-0.3982684379447008,8.183200343372224e-05,0.044908406558652914,0.005452845739032609,0.01387407014700461,19.125
1816,0.9083060344247433,-61.55797010253236,0.47156113922324183,-1.953622974514994,0.14855232170384416,0.4855325941618594,-0.3960969835770689,8.682917620337923e-05,0.04516103555224826,0.0054878840231141,0.013594592215803954,19.133333
1817,0.9118848230981311,-61.57420377662237,0.3867025790619328,-1.9427669904527678,0.1568500584452376,0.48440268887641413,-0.3942773222631827,9.251303663300201e-05,0.04541238301048113,0.005516877945779561,0.013348073976025247,19.141667
1818,0.9147546099184503,-61.59035634067506,0.3014141298341677,-1.9341606385808208,0.16501882631166423,0.48287478846926096,-0.39281450876907203,9.888351747989107e-05,0.045662604946424816,0.0055398388180376195,0.013132119079754716,19.15
1819,0.9169122149351843,-61.60644629140854,0.21579275448725643,-1.9277460164853117,0.17305310556941125,0.4809536224732106,-0.39171258386561775,0.0001059385554565356,0.045911848465266906,0.00555680679444388,0.0129446663408114,19.158333
1820,0.9183552600104506,-61.62249170522262,0.12993398540990447,-1.923480161926203,0.18094729490707984,0.47864336197364815,-0.3909745786881464,0.00011367410073714018,0.046160251804511616,0.005567847584688935,0.012783958293986031,19.166667
1821,0.9190821586168458,-61.63851036073647,0.04393233805985737,-1.921334604731826,0.18869566829389253,0.4759476128812436,-0.39060251821483083,0.0001220841248803815,0.04640794434162038,0.005573050129847204,0.01264851537762037,19.175
1822,0.9190921090442653,-61.65451985823248,-0.042118283964331614,-1.9212950723109832,0.19629233380495348,0.47286941640478086,-0.390597423691461,0.00013116062680497778,0.046655046551969,0.005572525157138972,0.01253711520461428,19.183333
1823,0.9183850909590122,-61.67053773726358,-0.12812418891612673,-1.923361343757946,0.20373119475559634,0.46941125662342176,-0.3909593138865955,0.00014089363657728387,0.046901669900114275,0.005566404547496007,0.01244877651854724,19.191667
1824,0.9169618652868398,-61.68658159365036,-0.21399149862699304,-1.9275472500832687,0.21100591347984643,0.46557507504065426,-0.3916872051183505,0.00015127121687572042,0.04714791664627701,0.005554841467875026,0.01238274755951267,19.2
1825,0.9148239774190552,-61.70266919708431,-0.2996257486875518,-1.933880820625455,0.21810987808106144,0.4613622919858722,-0.39277911005170246,0.00016227946208535512,0.047393879548491856,0.0055380112359658,0.012338498692395275,19.208333
1826,0.9119737637682728,-61.71881861056412,-0.3849314837545187,-1.9424045782247084,0.22503617247641627,0.45677383471298866,-0.39423203532279827,0.00017390249504726688,0.047639641438532616,0.005516112899419475,0.012315719283495905,19.216667
1827,0.9084143617287127,-61.73504831292437,-0.46981184449614277,-1.9531759883098379,0.2317775500505409,0.4518101720280598,-0.39604197810401875,0.00018612246153808948,0.04788527464625571,0.005489371525638889,0.01231431895544025,19.225
1828,0.9041497231260519,-61.75137732576955,-0.5541681424196385,-1.9662680697025146,0.2383264112267798,0.44647135525898096,-0.3982039217800004,0.00019891952258504773,0.04813084024341526,0.0054580412121660125,0.01233443351234295,19.233333
1829,0.8991846312746449,-61.767825346202855,-0.6378994184353182,-1.9817701777182055,0.2446747852570654,0.44075706535915615,-0.40071183096009716,0.000212271844725427,0.04837638707248963,0.005422408842433176,0.01237643601613653,19.241667
1830,0.8935247217965547,-61.78441288683947,-0.72090198049202,-1.999788973077811,0.2508143165226519,0.4346666659131466,-0.4035586461063918,0.0002261555882936433,0.048621950519912076,0.005382798627830509,0.012440953722155798,19.25
1831,0.8871765073983355,-61.80116142471928,-0.8030689149513651,-2.020449593272369,0.25673625562717933,0.4281992617853041,-0.406736278107887,0.00024054489375774179,0.04886755098545363,0.005339577495504998,0.012528891862056631,19.258333
1832,0.8801474068493064,-61.81809356088665,-0.8842895655344897,-2.043897046373945,0.26243145555081593,0.42135376312160333,-0.4102356031803481,0.00025541186602302915,0.04911319199014562,0.005293161403011532,0.01264146561404475,19.266667
1833,0.8724457784605121,-61.83523319258588,-0.964448972649767,-2.070297850878162,0.2678903731181555,0.414128954380432,-0.41404645851689825,0.000270726556464796,0.049358857853741125,0.005244022687055516,0.012780242049297893,19.275
1834,0.8640809584285136,-61.852605700233326,-1.0434272646640383,-2.0998419490011133,0.2731030760132104,0.40652356802949935,-0.418157639156201,0.0002864569422345767,0.04960451085928176,0.0051926985855405,0.012947194422760084,19.283333
1835,0.8550633044844648,-61.87023815157255,-1.121098991178001,-2.1327449249142165,0.2780592555515517,0.39853636250327307,-0.4225568965722564,0.000302568902090248,0.049850087805581,0.0051398011117550395,0.01314477193058202,19.291667
1836,0.8454042453790075,-61.888159525698235,-1.1973323865676733,-2.1692505636247787,0.28274824539141064,0.3901662039688689,-0.4272309395217085,0.0003190261876150811,0.050095495828936576,0.005086028509047769,0.013375989044792376,19.3
1837,0.8351163368399229,-61.90640095995022,-1.271988549911453,-2.2096337904784926,0.2871590463326267,0.3814121513978556,-0.43216543771036997,0.00033579038819383454,0.050340607351379345,0.005032178576588492,0.013644539837734207,19.308333
1838,0.824213324765372,-61.924996023029536,-1.344920524883616,-2.254204035365115,0.2912803573136762,0.3722735443877871,-0.4373450288595625,0.0003528208874811228,0.05058525398450534,0.004979164235377824,0.013954944430629545,19.316667
1839,0.8127102165644331,-61.94398101807007,-1.4159722602032596,-2.303309069310999,0.2951006126720089,0.3627500931212392,-0.44275332976403164,0.0003700748083014827,0.05082921918394719,0.0049280318031128985,0.014312736984025758,19.325
1840,0.8006233617325287,-61.96339531980984,-1.4849774277235919,-2.357339363709278,0.29860802568259937,0.35284196979147864,-0.4483729519357846,0.00038750694192648746,0.051072229409403085,0.004879982572626549,0.014724707681076369,19.333333
1841,0.7879705429567296,-61.98328175042797,-1.5517580711738943,-2.4167330231550053,0.3017906383317096,0.34254990076505737,-0.4541855224213875,0.0004050696564428519,0.05131394349783938,0.004836398448759107,0.015199215185796259,19.341667
1842,0.7747710792897865,-62.00368699903195,-1.6161230538798326,-2.4819813404937108,0.30463637721924364,0.33187525869227985,-0.4601717103632807,0.000422712777411329,0.051553939902710115,0.004798872602053175,0.015746591411380777,19.35
1843,0.7610459432172869,-62.02466209015881,-1.6778662684662082,-2.553635015442367,0.307133115412277,0.3208201537190413,-0.46631125984779703,0.00044038343216813795,0.05179170138871235,0.004769246356435514,0.0163796675236874,19.358333
1844,0.7468178937747627,-62.046262906943284,-1.7367645656154838,-2.632311063341497,0.3092687399949633,0.30938752289912563,-0.47258302954324427,0.0004580258468849173,0.05202659670091036,0.00474965385700394,0.01711445945136625,19.366667
1845,0.7321116282556492,-62.068550774728735,-1.7925753525231958,-2.718700414383802,0.31103122497639146,0.29758121685634875,-0.4789650395801141,0.0004755810828269112,0.05225785865016405,0.004742576481821735,0.017971063400616053,19.375
1846,0.7169539554899523,-62.09159311073542,-1.845033805002559,-2.8135761604792973,0.31240870912795576,0.28540608270322815,-0.4854345260619629,0.0004929866950914605,0.05248455797667953,0.004750909491137791,0.018974827678008687,19.383333
1847,0.701373994167723,-62.115464144781335,-1.893849630711643,-2.9178023388285723,0.313389578225355,0.27286804218999783,-0.49196800351967174,0.0005101762934535142,0.052705572277806416,0.004778044076096221,0.020157887191687995,19.391667
1848,0.6854034002261824,-62.14024571472653,-1.9387033155243554,-3.032343037075227,0.3139625510686841,0.2599741640367757,-0.49854133553379876,0.0005270789808327865,0.05291954922618769,0.004827968808049858,0.021561171780849354,19.4
1849,0.6690766279007848,-62.16602813791488,-1.9792417820008708,-3.1582714489294426,0.31411676854614534,0.2467327293975499,-0.5051298136500784,0.0005436186404675564,0.053124863279549385,0.004905395531706136,0.023237028791152095,19.408333
1850,0.6524312296304999,-62.19291115590602,-2.015073390420991,-3.296778279799587,0.31384188489408704,0.23315328942111868,-0.5117082446025653,0.0005597130384506192,0.05331956512665076,0.005015916018138533,0.025252632309942544,19.416667
1851,0.6355082005548015,-62.22100494349593,-2.0457622223505223,-3.4491785699992352,0.31312816018833634,0.21924671391791756,-0.5182510457387061,0.0005752727044628216,0.05350132327334365,0.005166197205671958,0.02769438132760523,19.425
1852,0.6183523737574892,-62.250431163408685,-2.0708216094626035,-3.61691552990045,0.31196655298003684,0.20502523022151564,-0.5247323484123773,0.0005901995514185682,0.05366735752450355,0.005364224568203295,0.03067350604284552,19.433333
1853,0.6010128725596834,-62.28132403373462,-2.0897069141974356,-3.801559317795363,0.3103488118663981,0.19050245145977307,-0.5311261089768907,0.0006043851961500414,0.05381436477124584,0.005619604917474911,0.0343330842777398,19.441667
1854,0.5835436258205311,-62.313831354361405,-2.1018076453393126,-4.0047977779671715,0.30826756466677707,0.17569339363942146,-0.5374062268730032,0.0006177089511866065,0.05393843860573893,0.00594394141305761,0.038856579238516334,19.45
1855,0.5660039510332034,-62.34811540894985,-2.106439117158557,-4.228414928821216,0.305716403767587,0.16061448121756539,-0.5435466691707587,0.0006300354767919455,0.054034986072548835,0.006351293961051577,0.04447777741281061,19.458333
1856,0.5484592075076093,-62.38435361757545,-2.102834058066857,-4.474251391464413,0.30268996612341,0.14528354120749162,-0.54952160079329,0.0006412121197276685,0.05409864760080597,0.0068587360230565235,0.05149151962988752,19.466667
1857,0.5309815173940462,-62.422738758758285,-2.090134873532944,-4.744138955962419,0.2991840063876492,0.12971978636968878,-0.5553055195313994,0.0006510660308275903,0.054123230171535565,0.007487011303901501,0.060263709732942046,19.475
1858,0.5136505447312789,-62.46347850515618,-2.0673877046141382,-5.039799164095984,0.295195461748002,0.11394378868871782,-0.5608733948572038,0.0006594012611144199,0.054101669377735966,0.008261275791304456,0.07123752303621357,19.483333
1859,0.4965543107883517,-62.50679392286418,-2.033540036711492,-5.362693399305467,0.2907225073416626,0.09797744513021428,-0.5662008094719866,0.0006659962028797316,0.05402604342283619,0.009211873642328554,0.0849302636609232,19.491667
1860,0.4797900061021305,-62.55291647163997,-1.9874444333647134,-5.713810114617701,0.28576460174128365,0.08184393855054063,-0.5712641024869154,0.0006706019857841563,0.05388767108659959,0.010375025988464086,0.10191178323660685,19.5
1861,0.46346473404058874,-62.602082921185136,-1.9278719952931078,-6.093374659012371,0.28032252308190214,0.06556769743206693,-0.5760405131433496,0.0006729427707609085,0.05367733527178444,0.011793190809512504,0.1227510464560069,19.508333
1862,0.4476960859814994,-62.654527488483566,-1.853540298446292,-6.50047066278743,0.27439839808075134,0.04917435849791045,-0.5805083240342351,0.0006727192985907559,0.053385681508064324,0.013514657544946332,0.14791363764617077,19.516667
1863,0.4326124040037576,-62.710470445320645,-1.7631616258764067,-6.9325720832806885,0.26799572852195613,0.03269073562442062,-0.5846470028780788,0.0006696174927537854,0.053003842171572266,0.015591658163174737,0.1775930790838418,19.525
1864,0.4183525357996341,-62.770102514026014,-1.6555178227830367,-7.385005542423389,0.2611194224820984,0.016144795943964008,-0.5884373419851456,0.0006633242528197017,0.05252432507121144,0.018075929751786714,0.21146900795412837,19.533333
1865,0.40506483582873454,-62.833564664794324,-1.5295673046833989,-7.850396908034258,0.2537758398363288,-0.00043436137480315083,-0.5918615945654543,0.0006535525478955425,0.051942170547774086,0.021010366476022262,0.24841414882937501,19.541667
1866,0.39290513175958064,-62.900923569440465,-1.384586565931574,-8.318204509286241,0.24597286174452251,-0.017016537033469507,-0.5949036068377789,0.0006400771346989094,0.051256316800621586,0.024415432071192587,0.2862259574362224,19.55
1867,0.38203338061334735,-62.97214404853286,-1.2203418494903384,-8.774496556869993,0.2377199894221534,-0.03357049893533483,-0.5975489443605134,0.0006227802204699631,0.05047101929219823,0.02826986033726189,0.3215301235200241,19.558333
1868,0.37260881680035884,-63.04706135403542,-1.037275939373175,-9.202171957646193,0.2290284662282014,-0.05006411978666855,-0.5997850100187098,0.0006017028774095547,0.04959706429122138,0.03248743157456442,0.35005352039886306,19.566667
1869,0.36478357453633903,-63.12535781029131,-0.8366815181306363,-9.58181724679411,0.21991139897476436,-0.0664646213601784,-0.6016011497532316,0.0005770933130831442,0.04865243910825933,0.036895466869018304,0.3674198798968789,19.575
1870,0.3586950591234199,-63.206549627621015,-0.6208201720065673,-9.893299226593442,0.21038383468953614,-0.0827389460824113,-0.602988740838913,0.0005494386281277195,0.04766212748586314,0.04122507144622362,0.37041177522851426,19.583333
1871,0.3544577092035318,-63.289989788478664,-0.3929416523808436,-10.117997065803078,0.20046273949129426,-0.09885423969831549,-0.6039412571147244,0.000519465037711109,0.04665682962078782,0.04512514235796004,0.3582958635033772,19.591667
1872,0.3521551393253534,-63.3748910488511,-0.15716842684392268,-10.241319462358026,0.1901668400592619,-0.11477837975530546,-0.6044543069237095,0.0004880955056493986,0.045670651901550126,0.04820782735882575,0.333535343010188,19.6
1873,0.3518338397342304,-63.46036918532531,0.08176169164592136,-10.254940038270982,0.1795163292208626,-0.1304804477624933,-0.6045256429389627,0.0004563643025551668,0.044738092127664005,0.05012092745932314,0.3013212277677942,19.608333
1874,0.3534995140643887,-63.54550159012492,0.31886354509439113,-10.1581494174849,0.16853249007902124,-0.1459310455289198,-0.6041551476356061,0.0004253022980004981,0.04389084752606792,0.05062723860260084,0.267941857512682,19.616667
1875,0.35711672399535366,-63.62939200396117,0.5493176903930459,-9.957931204042072,0.15723732771341734,-0.1611024067226753,-0.6033448019148795,0.00039581845017138133,0.0431550156975832,0.049662068958562955,0.23872925419649235,19.625
1876,0.3626118866848302,-63.71123042260458,0.7688487172418988,-9.667752499798135,0.14565329020802892,-0.17596832965262263,-0.6020986453122459,0.0003686055736866865,0.042549142340886685,0.04734629239464536,0.21659286553868107,19.633333
1877,0.36987903975961167,-63.79033878351289,0.9740015583370607,-9.305440954023165,0.13380311515595283,-0.19050401517312598,-0.6004227337913516,0.000344090190131842,0.042083355574076955,0.04395131066543411,0.20173760495283174,19.641667
1878,0.3787873538648168,-63.86619715896381,1.1622811212721502,-8.890728354310856,0.12170978279022981,-0.20468590594698682,-0.5983250967123278,0.0003224313517172476,0.04175958912450643,0.039832403948424,0.1924263242889341,19.65
1879,0.38918924087755913,-63.93845006173801,1.332157942775546,-8.44301503216719,0.1093965231685088,-0.21849159340269933,-0.5958156904672716,0.0003035591481989381,0.04157269401013534,0.035356294811870546,0.18616288673422893,19.658333
1880,0.4009280537891588,-64.00689635930536,1.4829704361006582,-7.979714758945349,0.09688682326218544,-0.2318998127701464,-0.5929063441989242,0.0002872357810629573,0.041512110747160096,0.03084447079784957,0.18068522391533917,19.666667
1881,0.413844689542882,-64.07146828140792,1.6147661789894316,-7.515298215578384,0.08420440007649353,-0.2448905104035457,-0.5896106932528011,0.00027312178228146663,0.041563741358826053,0.026541964868158376,0.1744814465541852,19.675
1882,0.42778275803334354,-64.13220514751448,1.7281223109961985,-7.060963511896757,0.07137313050879446,-0.2574449518709025,-0.5859440977376283,0.0002608346939365226,0.04171171414315581,0.02261005421398923,0.16686261555684606,19.683333
1883,0.44259227407042684,-64.18922637393312,1.8239745658564006,-6.624764104491348,0.05841694567156714,-0.2695458404938504,-0.5819235456714816,0.0002499937778692716,0.04193983998760129,0.01913525057089072,0.15777749698159138,19.691667
1884,0.45813202296181443,-64.24270678947127,1.90347193502719,-6.2120072536179745,0.04535970412937753,-0.2811774252502839,-0.5775675418917829,0.00024024953586893456,0.04223267404883653,0.016146059062886794,0.1475515282254136,19.7
1885,0.47427084615491094,-64.29285583918752,1.9678634052031059,-5.825767457416125,0.03222505787880138,-0.2923255869378534,-0.5728959849240938,0.00023130000073516102,0.04257618851303194,0.013631046684820802,0.13666083383881214,19.708333
1886,0.4908881152638284,-64.33990115710996,2.018416132888596,-5.467407896947307,0.019036321086677525,-0.3029778988200074,-0.5679300344074949,0.00022289706031433605,0.042958117666718615,0.011554558105687774,0.12558134888606495,19.716667
1887,0.5078736398683428,-64.38407629346295,2.056360650735096,-5.1370488177583935,0.005816347513230575,-0.3131236621428258,-0.5626919716717761,0.00021484612815460098,0.043368058287476446,0.009868688404909724,0.11470983744747415,19.725
1888,0.5251272108775614,-64.42561202495327,2.0828573596182154,-4.833956328432469,-0.00741258052923593,-0.32275391872962383,-0.5572050558551752,0.00020700190743935042,0.04379740679524411,0.008521514768349161,0.104336623751915,19.733333
1889,0.5425579331473263,-64.46473055510674,2.0989786803250423,-4.556847168238285,-0.020628850695218994,-0.33186144333452905,-0.551493377678207,0.0001992622505287441,0.04423920085668229,0.007462233131965044,0.09464864913572468,19.741667
1890,0.5600834572751812,-64.50164192992621,2.1057020614156428,-4.304116937653135,-0.033811606549321076,-0.3404407183090943,-0.5455817127211485,0.00019156143180233378,0.04468791559901828,0.006644012277239193,0.08574663264790885,19.75
1891,0.5776291847302231,-64.53654208112907,2.103910077859336,-4.074004313369348,-0.04694082124350011,-0.3484878928305287,-0.5394953758166271,0.00018386361742931767,0.04513924816509596,0.006025303757726366,0.07766620613332735,19.758333
1892,0.5951274932816321,-64.56961201943012,2.09439484509696,-3.864704689644242,-0.05999735931958266,-0.3560007286474569,-0.5332600779667991,0.00017615694125358493,0.04558991114781104,0.005570185279848778,0.07039771083172615,19.766667
1893,0.6125170101224923,-64.60101780841237,2.0778648024522983,-3.674445510826158,-0.0729630270040814,-0.36297853407916525,-0.5269017870193098,0.00016844835486084928,0.046037445877822394,0.005248148861415133,0.06390247122257692,19.775
1894,0.6297419466537527,-64.63091104368074,2.054952561968546,-3.5015335463150956,-0.0858206113243499,-0.36942208785739555,-0.5204465931783948,0.00016075927693192136,0.04648006015522952,0.005033606619227868,0.05812511183662474,19.783333
1895,0.6467515000846125,-64.65942963847039,2.026222989528835,-3.344382210981108,-0.09855390835966356,-0.37533355430614546,-0.5139205802796292,0.00015312199035180432,0.04691649108408894,0.004905284081689527,0.05300231290384507,19.791667
1896,0.6634993215173388,-64.68669877615369,1.9921810159313396,-3.2015250895286576,-0.11114774095561973,-0.38071639129294804,-0.507349703614122,0.0001455767006982572,0.04734589146693199,0.004845599877924205,0.048468695761871156,19.8
1897,0.679943046989291,-64.71283193448406,1.9532788997124773,-3.0716202081476793,-0.12358796627006534,-0.3855752523375418,-0.5007596749480435,0.0001381691594664161,0.047767737154901894,0.004840084414354899,0.04446055031339901,19.808333
1898,0.6960438862782469,-64.73793191877914,1.9099228100903203,-2.953448324872276,-0.13586147357303144,-0.38991588421966933,-0.49417585524563823,0.00013094875843252046,0.048181752390873835,0.004876861621039449,0.040918020613376856,19.816667
1899,0.7117662635929124,-64.76209186432017,1.8624786906118522,-2.8459075442955815,-0.14795617278671808,-0.3937450213790589,-0.4876231554689659,0.0001239670109605874,0.048587850226378855,0.004946201205143649,0.037786234618910015,19.825
1900,0.7270775041913615,-64.78539618434415,1.8112774193064656,-2.7480058483410312,-0.15986097431227123,-0.3970702783453966,-0.4811259456968005,0.00011727634775837382,0.04898608534457738,0.005040139770128416,0.03501573983237726,19.833333
1901,0.7419475612425945,-64.80792145101361,1.7566193118798905,-2.6588526179333742,-0.1715657607476343,-0.39990004137182666,-0.47470797267993814,0.00011092916638695815,0.04937661695970643,0.005152164685494077,0.03256250305359055,19.841667
1902,0.7563487777047578,-64.82973720409424,1.6987780294587167,-2.577649852723595,-0.18306135114885688,-0.4022433603733386,-0.4683922858322065,0.00010497708463643461,0.04975967981900142,0.0052769528107763876,0.03038765249168294,19.85
1903,0.770255678532756,-64.85090668683299,1.6380039575615764,-2.503683538538093,-0.19433945852542878,-0.4041098421920483,-0.46220117154715334,9.947035726046802e-05,0.05013556166901917,0.005410155901033404,0.0284570815890837,19.858333
1904,0.7836447890838137,-64.87148751149466,1.5745271222896007,-2.4363154346774456,-0.20539264128754456,-0.405509546126456,-0.4561560956309164,9.445742343183694e-05,0.050504585847896105,0.005548225027789666,0.026740991979156945,19.866667
1905,0.7964944761247366,-64.89153225875168,1.5085597057778792,-2.374975432780623,-0.21621424937995776,-0.40645288257289364,-0.4502776535530572,8.998455873567749e-05,0.0508670979210983,0.005688267210126591,0.02521342394949455,19.875
1906,0.8087848083392705,-64.91108901603154,1.440298217375148,-2.3191545588859537,-0.22679836584386528,-0.40695051553622086,-0.4445855281398129,8.609561073128919e-05,0.051223455493533646,0.005827928418975719,0.023851803140813702,19.883333
1907,0.8204974336791065,-64.9302018602907,1.3699253708379933,-2.26839863836802,-0.2371397445447063,-0.40701326967577905,-0.43909845426863325,8.283180128239142e-05,0.051574020506690146,0.005965298060902598,0.022636519246129527,19.891667
1908,0.8316154712954006,-64.94891129070385,1.2976117116436623,-2.222302610878879,-0.2472337447938747,-0.40665204246170084,-0.4338341900691142,8.023158216793253e-05,0.05191915347325812,0.006098830901783176,0.02155054413959817,19.9
1909,0.8421234161307091,-64.9672546165618,1.2235170326817013,-2.18050546308616,-0.25707626357411284,-0.4058777219288491,-0.4288094940933808,7.833053310699026e-05,0.05225920921606377,0.006227283131695581,0.020579091675323805,19.908333
1910,0.8520070545476232,-64.98526630535436,1.1477916112504463,-2.1426857365369543,-0.26666366605497605,-0.4047011104311681,-0.42404010788827484,7.716129340477707e-05,0.052594533770838336,0.006349659897770825,0.019709318304891553,19.916667
1911,0.8612533896246555,-65.00297829563641,1.0705772955278268,-2.1085575633632745,-0.2759927150568231,-0.40313285471931626,-0.419540743381877,7.675352006779138e-05,0.0529254621843581,0.00646517215010262,0.018930061942717756,19.925
1912,0.8698505749670221,-65.02042027887747,0.9920084645133854,-2.0778671816984486,-0.28506050009144607,-0.4011833825892148,-0.415325074487311,7.713386654013442e-05,0.05325231699763931,0.006573201069941444,0.018231615667247403,19.933333
1913,0.8777878560645932,-65.03761995409661,0.9122128818217947,-2.05038988417238,-0.29386436657354037,-0.3988628462805722,-0.4114057323267294,7.83259772534069e-05,0.053575407248655504,0.006673268693070688,0.017605532553345415,19.941667
1914,0.8850555183859276,-65.05460325870898,0.8313124606017744,-2.02592735573769,-0.30240184576356127,-0.39618107274107495,-0.40779430348709195,8.035049401963435e-05,0.05389502786472085,0.006765013617596536,0.017044457968461563,19.95
1915,0.8916448415299919,-65.07139457865921,0.7494239542054844,-2.004305360711787,-0.31067058596782693,-0.3931475208152839,-0.4045013307360101,8.322507097511412e-05,0.05421145934217455,0.006848170906284523,0.01654198588870049,19.958333
1916,0.8975480588694892,-65.08801694059993,0.6666595849884698,-1.9853717428877016,-0.31866828548806847,-0.3897712453664925,-0.40153631564971615,8.69643953386798e-05,0.054524967632524235,0.006922555469667591,0.016092536107251643,19.966667
1917,0.9027583222148278,-65.10449218858777,0.5831276217281444,-1.9689947066078173,-0.32639262777954364,-0.386060868295488,-0.39890772263532115,9.158021170811458e-05,0.05483580417122833,0.006988048356725364,0.01569124955725694,19.975
1918,0.9072696711084055,-65.12084114752025,0.498932914563007,-1.9550613506523817,-0.33384121924656424,-0.38202455638068833,-0.39662298386516354,9.708134800385409e-05,0.05514420599821939,0.00704458549273538,0.01533389931903149,19.983333
1919,0.9110770064274197,-65.13708377531557,0.41417739503402035,-1.9434764305816628,-0.34101153007435825,-0.37767000583133925,-0.39468850468147826,0.00010347374149606515,0.05545039592919987,0.007092148495002151,0.015016815209852681,19.991667
1920,0.9141760680319418,-65.15323930565208,0.32896054771805483,-1.9341613287465163,-0.34790083847062214,-0.37300443341584577,-0.3931096690741173,0.00011076046363152136,0.05575458274452806,0.007130757271040702,0.014736820156884288,20.0
1921,0.91656341624524,-65.16932638292218,0.2433798590504755,-1.9270532145372012,-0.3545061786648167,-0.3680345740037722,-0.3918908448820041,0.00011894174261986974,0.05605696136771436,0.007160464163714498,0.014491176830011504,20.008333
1922,0.9182364169968961,-65.18536319092583,0.15753124821435593,-1.9221043805844158,-0.3608242929923967,-0.3627666843384728,-0.3910353884197797,0.00012801498295145794,0.05635771300965976,0.007181349456352121,0.014277543263627105,20.016667
1923,0.9191932304974532,-65.20136757672034,0.07150948440653081,-1.9192817435822918,-0.3668515883710813,-0.35720655284010056,-0.39054564828417604,0.00013797478120542448,0.05665700525683877,0.007193518090173965,0.014093936427694177,20.025
1924,0.9194328033473792,-65.21735717096192,-0.014591405640910696,-1.9185665012005986,-0.37258409745938265,-0.35135951522294256,-0.3904229681495136,0.00014881293767094792,0.05695499208280677,0.0071970974783889755,0.01393870292193082,20.033333
1925,0.9189548640140864,-65.23334950601227,-0.10067773631381982,-1.9199539392273592,-0.3780174447713936,-0.34523047569805,-0.39066768841792454,0.00016051846344744463,0.057251813762187964,0.007192236327783894,0.013810496166532253,20.041667
1926,0.9177599216396236,-65.24936213304841,-0.18665576456904992,-1.9234533856709015,-0.38314681800861233,-0.3388239335186731,-0.39127914664700586,0.0001730775828125535,0.05754759666597568,0.00717910440098667,0.013708259653205306,20.05
1927,0.9158492681693307,-65.26541273939452,-0.2724312908997353,-1.9290883110908763,-0.38796694485568994,-0.3321440146146347,-0.3922556767352327,0.00018647373074905083,0.05784245291407592,0.0071578931720628364,0.013631216007200235,20.058333
1928,0.9132249838191648,-65.28151926730055,-0.35790925650698374,-1.936896576960677,-0.39247207547460516,-0.3251945080492232,-0.39359460690319364,0.00020068754560254338,0.058136479859107054,0.007128817345726087,0.013578861801480884,20.066667
1929,0.9098899459273716,-65.29770003541726,-0.44299333324805984,-1.9469308364290272,-0.39665597091890425,-0.31797890701928827,-0.39529225656620215,0.0002156968568981842,0.05842975937122399,0.0070921172271073245,0.01355096826647189,20.075
1930,0.9058478412656716,-65.31397386426482,-0.5275855026971904,-1.9592590944865147,-0.4005118976759667,-0.3105004541052785,-0.3973439322506535,0.0002314766683742687,0.05872235688862371,0.007048061945569682,0.013547588262930262,20.083333
1931,0.9011031819170093,-65.33036020706213,-0.6115856203041539,-1.9739654372931754,-0.4040326285304254,-0.30276219046211345,-0.39974392276228327,0.0002479991362877145,0.059014320193127606,0.0069969535533205346,0.013569070143549923,20.091667
1932,0.8956613248622799,-65.34687928737624,-0.6948909601571277,-1.9911509433247616,-0.40721044992444805,-0.29476700862471233,-0.4024854938687448,0.0002652335430073338,0.05930567786185702,0.006939132038475743,0.013616079436063957,20.1
1933,0.8895284954583399,-65.36355224517045,-0.7773957352353297,-2.0109347920841842,-0.41003717597103406,-0.2865177085819726,-0.40556088281124336,0.00028314626582638235,0.05959643733772434,0.006874981313819002,0.013689629656024544,20.108333
1934,0.882711815035354,-65.38040129297393,-0.8589905872552203,-2.033455589432817,-0.4125041692530676,-0.27801705675120164,-0.4089612930097856,0.0003017007407890417,0.05988658255017818,0.006804936268027138,0.013791124025849285,20.116667
1935,0.8752193328945367,-65.3974498840686,-0.9395620392481967,-2.0588729321476515,-0.41460236851332066,-0.2692678474609703,-0.41267688937336955,0.0003208574211249527,0.060176071004681406,0.006729490997134507,0.013922410470315276,20.125
1936,0.867060063049222,-65.4147228947939,-1.0189919028296588,-2.0873692381154703,-0.4163223233087462,-0.2602729665234613,-0.41669679466955956,0.0003405737296081666,0.0604648302433746,0.006649208372409733,0.014085853019709016,20.133333
1937,0.8582440261249352,-65.43224682330627,-1.0971566306953975,-2.1191518726235046,-0.41765423566501914,-0.25103545644872566,-0.4210090874466354,0.0003608040037876535,0.06075275356113271,0.006564731149047907,0.014284423736067005,20.141667
1938,0.8487822969198471,-65.45005000740078,-1.1739266031719058,-2.154455605453311,-0.41858800872381746,-0.24155858282333695,-0.42560080203520584,0.0003814994325558667,0.06103969483766762,0.00647679488125742,0.014521820559065025,20.15
1939,0.8386870582283122,-65.46816286431122,-1.2491653356068149,-2.1935454378350716,-0.4191133023267803,-0.2318459013429237,-0.4304579311840219,0.00040260798190820923,0.061325462320464846,0.006386242987433329,0.014802618143697063,20.158333
1940,0.8279716616500524,-65.48661815574648,-1.3227285909626467,-2.2367198425996375,-0.41921959542370035,-0.2219013249563688,-0.43556543190592734,0.0004240743069734916,0.061609811160412496,0.0062940444093393345,0.015132460960863849,20.166667
1941,0.8166506962493594,-65.50545128180012,-1.3944633791146412,-2.284314464785411,-0.41889625513078527,-0.2117291905455311,-0.44090723512360086,0.000445839646432215,0.06189243446499881,0.006201314438259422,0.015518310824198923,20.175
1942,0.8047400660964227,-65.52470060777651,-1.4642068209915888,-2.33670633305472,-0.4181326121955221,-0.2013343245326005,-0.4464662597101271,0.0004678416942514272,0.06217295258859845,0.006109339447648128,0.015968764814376774,20.183333
1943,0.7922570779208635,-65.54440782840518,-1.531784851777978,-2.394318633835709,-0.41691804254951864,-0.19072210677582685,-0.4522244315156667,0.0004900144422118365,0.062450900328177794,0.0060196064872482516,0.016494464584463405,20.191667
1944,0.7792205403407227,-65.56461837434534,-1.5970107328643806,-2.457626099049972,-0.4152420545488828,-0.1798985320863558,-0.45816270795777025,0.0005122879849414005,0.06272571163246282,0.00593383897273298,0.017108624616162353,20.2
1945,0.7656508764037392,-65.58538186628749,-1.6596833370580555,-2.527161053001835,-0.413094381414068,-0.16887026867494168,-0.4642611087284628,0.0005345882770558804,0.06299670136523212,0.005854040066895858,0.01782771562032269,20.208333
1946,0.7515702514971039,-65.60675262229576,-1.7195851657525636,-2.6035201521184836,-0.4104650782884605,-0.15764471281838474,-0.47049875313549666,0.000556836829499327,0.06326304358800881,0.005782545818174776,0.01867235049799783,20.216667
1947,0.7370027190521123,-65.62879022423421,-1.7764800503782725,-2.6873718292786006,-0.4073446232380173,-0.1462300390233989,-0.4768539045476015,0.0005789503292459152,0.06352374574738848,0.005722090731959692,0.019668434747473377,20.225
1948,0.721974386895231,-65.65156014907468,-1.830110483706462,-2.779464417446273,-0.4037240214131082,-0.13463524496447468,-0.48330402235382236,0.0006008401631647609,0.0637776180716726,0.005675889240551321,0.020848661593016245,20.233333
1949,0.7065136075787446,-65.67513447044922,-1.8801945198418664,-2.8806348680641927,-0.3995949114913313,-0.12287019048037083,-0.48982582177499845,0.000622411823106225,0.06402323740771002,0.005647737559849872,0.0222544549857304,20.241667
1950,0.6906511965596578,-65.69959263475137,-1.9264221757017124,-2.9918178879721324,-0.39494967341607223,-0.11094562993849157,-0.4963953417812149,0.0006435641652726578,0.06425890467759159,0.005642141736598352,0.023938491139016208,20.25
1951,0.6744206826746485,-65.72502231408778,-1.968451262611425,-3.1140551801937866,-0.38978153634298884,-0.09887323731879138,-0.502988021273073,0.0006641884929706271,0.0644825951269529,0.005664479369967482,0.025967960570420324,20.258333
1952,0.6578585959587461,-65.75152033496636,-2.0059025762501745,-3.2485042689275905,-0.3840846856075501,-0.08666562343433293,-0.5095787835776602,0.0006841674284315154,0.06469190060953249,0.005721204608059256,0.02842876481049328,20.266667
1953,0.6410047984331296,-65.77919367611551,-2.038354379562281,-3.3964460904005667,-0.3778543674344535,-0.07433634480159348,-0.5161421291933528,0.0007033735374487392,0.06488396336081623,0.005820108630305407,0.03143086808306795,20.275
1954,0.6239028639685957,-65.80816052034214,-2.0653361310627876,-3.5592901027609125,-0.3710869900297154,-0.06189990380665241,-0.5226522365927588,0.0007216676716456683,0.06505540114032687,0.005970650932842333,0.03511503012573474,20.283333
1955,0.6066005135934962,-65.83855133258284,-2.0863214472376956,-3.7385750631930947,-0.3637802196358987,-0.04937173999520959,-0.5290830707625248,0.0007388969997169078,0.0652022243858734,0.0061843802045008795,0.03966110494127506,20.291667
1956,0.5891501124640898,-65.87050991758211,-2.1007203528674974,-3.9359627814367624,-0.3559330701025358,-0.036768212557626634,-0.5354084990254643,0.0007548927148174332,0.06531974729669614,0.006475467000520983,0.04529795353374961,20.3
1957,0.5716092338525559,-65.90419438372942,-2.1078709820740604,-4.153221020568756,-0.3475459845465279,-0.02410657439799259,-0.5416024135584873,0.0007694674362150818,0.06540249676913568,0.006861372811955595,0.052314705191670655,20.308333
1958,0.5540412934858516,-65.93977790173372,-2.1070310666363925,-4.3921902150073135,-0.3386209077797523,-0.011404938584591783,-0.5476388598942722,0.0007824123778469372,0.06544412614654711,0.007363679461819414,0.061072481687108306,20.316667
1959,0.5365162537367191,-65.97744909480818,-2.0973698146342716,-4.654726774055461,-0.3291613484068784,0.001317761517202096,-0.553492170581978,0.0007934944463658087,0.06543734514764066,0.008009095132162785,0.0720145792486561,20.325
1960,0.519111390612564,-66.01741182759861,-2.07796117686162,-4.942613470238419,-0.3191724299057199,0.014041816538342487,-0.5591371030904512,0.0008024535721482923,0.06537388343967108,0.008830631675844537,0.08567122945345716,20.333333
1961,0.5019121059807553,-66.05988407179046,-2.047780060166891,-5.257424964392625,-0.3086609306736352,0.026746787307424528,-0.564548980975448,0.0008090007869591958,0.06524451331247455,0.009868900152999767,0.10265216189554635,20.341667
1962,0.48501275146210826,-66.10509541742815,-2.0057038110983507,-5.600334378749168,-0.2976353140422687,0.03941154990135293,-0.569703837309644,0.0008128178594047201,0.0650391665772791,0.011173378669191252,0.12361613977141298,20.35
1963,0.46851740715687773,-66.15328267667637,-1.950522271237462,-5.971845982622906,-0.28610575069129357,0.052014336275198234,-0.5745785593974265,0.0008135596928311045,0.06474719111599361,0.01280334132357298,0.14920181972770902,20.358333
1964,0.4525405262045226,-66.20468290845322,-1.8809608473216535,-6.371441251128035,-0.2740841376972865,0.06453276774064881,-0.5791510338646271,0.0008108611626909324,0.06435780092017067,0.014827867054402928,0.179900311401404,20.366667
1965,0.43720731436052473,-66.25952311398825,-1.7957221712270413,-6.797133522522436,-0.2615841203789305,0.07694388047933057,-0.5834002913080896,0.0008043505487848761,0.06386077526208593,0.017323949189467832,0.21585058736604282,20.375
1966,0.4226536637896039,-66.3180058775636,-1.6935526638028648,-7.24494385271732,-0.248621124468266,0.0892241463373578,-0.587306649761864,0.0007936720314642157,0.06324745047052735,0.020371223463697775,0.25655161248118563,20.383333
1967,0.40902540799307974,-66.38029044777832,-1.5733399803048684,-7.708341166305727,-0.2352124056547037,0.10134949895636974,-0.5908518561902129,0.0007785195564515677,0.06251201234876529,0.024041365250726227,0.3005195985809563,20.391667
1968,0.3964766231290741,-66.44646929109479,-1.4342448985589071,-8.177734960229797,-0.22137711928184783,0.11329538462613875,-0.5940192249051253,0.0007586832613558208,0.06165303048414395,0.0283801382468965,0.34498242887535424,20.4
1969,0.38516669209125837,-66.5165411094506,-1.2758655591801957,-8.640163756686109,-0.20713640290003693,0.12503686696144706,-0.5967937710550429,0.0007341070621923695,0.06067507729651395,0.03338106393377726,0.38578732238495295,20.408333
1970,0.37525590224824545,-66.59038271987417,-1.0984223226209804,-9.07937058623523,-0.19251344792476452,0.13654881955668885,-0.5991623360340617,0.0007049516015757074,0.0595901613283412,0.038952549041944194,0.41775797739805,20.416667
1971,0.3668994977220699,-66.66772386932821,-0.9029385114343659,-9.47646673210217,-0.17753351728768743,0.147806233486319,-0.6011136999420744,0.0006716509832790448,0.058418615699439784,0.04488546481599165,0.4356865103243335,20.425
1972,0.3602403692950089,-66.74813052209694,-0.6913791512727716,-9.81131754721223,-0.16222385333464764,0.1587846400546156,-0.6026386746367884,0.0006349463128949692,0.05718907457028551,0.050834476696136464,0.4358952836801792,20.433333
1973,0.3554009173019673,-66.83100264193102,-0.4667026112585599,-10.0646147918479,-0.14661342850228237,0.1694606046176746,-0.6037301704747067,0.0005958772316671944,0.0559372872081209,0.05633016758969032,0.41787806011099077,20.441667
1974,0.3524749853249237,-66.91559120126125,-0.23278599939682035,-10.220352416548039,-0.13073253056170747,0.1798122004034693,-0.6043832316626553,0.0005557179054628393,0.05470375559912942,0.060834708528608394,0.38517512844186563,20.45
1975,0.3515210047916038,-67.00103576821034,0.005791711628553383,-10.26818869518943,-0.11461223727949371,0.1898193503894569,-0.6045950396418364,0.0005158576420314145,0.05353046591767463,0.0638383716549823,0.34474134671385254,20.458333
1976,0.352557479706074,-67.08641919879379,0.24408861343733662,-10.205087788338806,-0.09828389208732101,0.19946395415397417,-0.6043648899675007,0.00047764498407326265,0.0524572115060082,0.0649722818783493,0.3047946242801057,20.466667
1977,0.3555616160644148,-67.17083132679704,0.4772042581059583,-10.03577666152636,-0.08177870448640671,0.20872979106018108,-0.6036941531044492,0.0004422295675621849,0.051518101060414496,0.06409770300721815,0.2720844560706609,20.475
1978,0.3604713286164217,-67.25343099952894,0.7006725113689702,-9.771896421142305,-0.06512755043433484,0.21760227340016505,-0.6025862307267758,0.0004104396296049715,0.05073880175548376,0.061336756295725985,0.24993629664422287,20.483333
1979,0.3671902184396671,-67.33349645174346,0.9107708958801466,-9.430118181826298,-0.04836096364224955,0.2260681665005572,-0.6010465156430652,0.00038272186128627866,0.050134915621745976,0.057033996222858346,0.2379209050780794,20.491667
1980,0.3755946167183658,-67.41045747945289,1.1047018631692145,-9.029754553789129,-0.03150923782312231,0.23411537744797048,-0.5990823571515024,0.00035914970305729653,0.04971166438220502,0.05166786769862394,0.23298974800059502,20.5
1981,0.3855415692206205,-67.48390761914068,1.2806379789886397,-8.59043663743908,-0.01460253825407355,0.24173285940544817,-0.5967030276747423,0.0003394862807073071,0.049464802128488625,0.04574778034532238,0.23120482112917012,20.508333
1982,0.3968767050745837,-67.55359876120541,1.4376539013767364,-8.130275615963303,0.002329052233016471,0.24891062215099427,-0.5939196834354801,0.00032327711235413626,0.04938244721435074,0.039729510688536786,0.22917549901453446,20.516667
1983,0.4094412036365951,-67.61942317448982,1.5755845606681496,-7.664696336309779,0.0192555801465447,0.2556398078986715,-0.5907453122342575,0.0003099474489745385,0.04944739290314381,0.033965741449186904,0.22477477105355376,20.525
1984,0.4230774175495868,-67.68138858229297,1.6948506078986523,-7.205924115855039,0.03614734864516825,0.26191278798954437,-0.587194663931365,0.0002988862229428108,0.04963945463998623,0.02869167658389617,0.21718728404691998,20.533333
1985,0.4376330227044868,-67.73959119486894,1.7962839143223635,-6.762981379998512,0.052975093726899763,0.26772324900727257,-0.5832841623613796,0.0002895078981251913,0.04993751764345161,0.024035590650913062,0.20657608639537037,20.541667
1986,0.45296378989355884,-67.79419019100472,1.8809738681625003,-6.342010626033399,0.06971017701763982,0.2730662530716563,-0.5790317999294818,0.000281291210268705,0.050321101994800506,0.020041907885416262,0.19365071291865024,20.55
1987,0.46893519788372995,-67.84538565712225,1.950144029981269,-5.946758019729724,0.08632477161554274,0.2779382690377255,-0.5744570176138832,0.0002737983665748922,0.05077140452892636,0.01669700354740062,0.1793063251238078,20.558333
1988,0.4854231512611539,-67.89340078511002,2.0050605807886495,-5.579095948205968,0.10279202787470049,0.28233717752770754,-0.5695805736391424,0.00026667999938645524,0.05127187423239001,0.013951979794475645,0.1643913204750629,20.566667
1989,0.5023140564906773,-67.93846831395749,2.0469692422458605,-5.239509825836486,0.11908621408444531,0.2862622546487311,-0.5644244040209979,0.0002596710308586354,0.0518084250540742,0.011740118953724331,0.14959296484634224,20.575
1990,0.5195044718944646,-67.98082074334057,2.0770552890772307,-4.9275124834832065,0.13518283180057583,0.2897141389615755,-0.5590114778321911,0.00025258158730625976,0.05236939847588943,0.009988888742196628,0.13540526820931423,20.583333
1991,0.5369005002409184,-68.02068365691626,2.0964209645232694,-4.641975278628277,0.15105870775468946,0.2926947852541188,-0.5533656496138233,0.00024528587836522526,0.05294537408425273,0.008627404093071014,0.12214315004346765,20.591667
1992,0.5544170473743757,-68.05827147098485,2.106075228866618,-4.381380006381859,0.16669206483335813,0.2952074076940352,-0.5475115109658967,0.00023771087680425653,0.05352890333573519,0.007590535284582461,0.10997649115245246,20.6
1993,0.5719770320102373,-68.09378499178857,2.106931750189663,-4.144002752119333,0.18206257442079093,0.29725641423996996,-0.5414742430295918,0.00022982582116036997,0.054114218337156635,0.006820755623162687,0.09896814593976953,20.608333
1994,0.5895106019565146,-68.12741026886789,2.0998120552673623,-3.928042944084364,0.19715139195868372,0.29884733378035255,-0.5352794713204758,0.00022163301308876634,0.054696947919679516,0.00626858519918105,0.08910798162474215,20.616667
1995,0.6069543901004545,-68.15931834126697,2.0854516391854387,-3.7317102895258225,0.2119411771555636,0.29998673726157343,-0.5289531241698737,0.00021316004232090985,0.05527385877061858,0.0058922385360405515,0.0803400357277819,20.625
1996,0.6242508281819854,-68.18966557217097,2.0645075328705516,-3.553280495500222,0.22641609997026138,0.3006821539761501,-0.5225212958631633,0.00020445338330814619,0.055842629533172934,0.005656876504181656,0.07258257967664927,20.633333
1997,0.6413475261520418,-68.21859434965644,2.0375663515507787,-3.391128553363941,0.24056183330976674,0.30094198414414314,-0.5160101154144464,0.00019557321658041427,0.05640165962730657,0.005533709186448527,0.0657420698275376,20.641667
1998,0.6581967184127118,-68.24623399588731,2.0051522211007997,-3.243746350193187,0.2543655332968695,0.30077540889912785,-0.5094456217773999,0.00018658929569110295,0.0569499110409256,0.0054990910547028015,0.0597223180496776,20.65
1999,0.6747547743441176,-68.27270177609374,1.9677342361158936,-3.10974964926484,0.26781580794640125,0.3001922987633945,-0.5028536461567772,0.00017757768104268955,0.05748677960630219,0.0055336819125844285,0.05443015593111038,20.658333
2000,0.6909817683939387,-68.29810393474185,1.925733273891274,-2.9878781018595246,0.28090267511091466,0.29920312165859486,-0.4962597019517947,0.00016861817831326104,0.05801199164019727,0.005621705685896093,0.0497786496433954,20.666667
2001,0.7068411040260157,-68.32253671222458,1.879528097304873,-2.8769908915904367,0.2936175105973936,0.29781885144495474,-0.4896888827312679,0.0001597923418477824,0.0585255218255455,0.005750315407735178,0.04568867482886468,20.675
2002,0.7222991855652681,-68.3460873136362,1.8294607460878312,-2.776059820621144,0.30595298740038007,0.29605087791657003,-0.4831657685118132,0.00015118192687757257,0.059027528543076795,0.0059090601146198326,0.042089439123340344,20.683333
2003,0.7373251321455596,-68.36883481374807,1.7758412541284414,-2.6841610695803992,0.3179030070342786,0.293910919105319,-0.47671434048623934,0.000142867696129402,0.05951830333317884,0.0060894434018219055,0.038918362379939446,20.691667
2004,0.7518905283726428,-68.39085099076121,1.7189517501871892,-2.600466449513272,0.32946262397544074,0.2914109366625705,-0.47035790423108736,0.0001349285051918131,0.05999823167655941,0.0062845612444757965,0.03612059145354874,20.7
2005,0.7659692068322594,-68.41220108695101,1.6590500075057537,-2.524234673007836,0.3406279642378346,0.288563055001527,-0.4641190213117474,0.00012744060668050072,0.060467762764315175,0.0064888066364757226,0.033648330676948134,20.708333
2006,0.7795370581271873,-68.43294449782597,1.5963725088418348,-2.454802969711344,0.35139613910708684,0.2853794847932139,-0.4580194491021017,0.0001204771259754953,0.06092738635863611,0.006697629590606113,0.03146010252331889,20.716667
2007,0.7925718646710814,-68.45313539352343,1.5311370904592456,-2.391579233672604,0.36176515504440376,0.28187245132059346,-0.45208008854429566,0.00011410767145878636,0.06137761521462655,0.006907342472279015,0.02952000778041091,20.725
2008,0.8050531549761221,-68.47282327731969,1.4635452234800077,-2.3340347976513165,0.3717338207476351,0.2780541281075831,-0.4463209394938768,0.0001083980501839184,0.06181897184273641,0.007114962164547049,0.027797024693469334,20.733333
2009,0.8169620756335758,-68.49205348665629,1.3937839849708429,-2.281697869101505,0.3813016523221856,0.27393657615533185,-0.4407610632266254,0.00010341006616131368,0.06225197864333793,0.007318082006284235,0.026264367286867395,20.741667
2010,0.8282812785970397,-68.51086764220153,1.3220277649214065,-2.2341476241679046,0.39046877747152897,0.2695316890379306,-0.435418551626191,9.920138330091302e-05,0.06267715064984394,0.007514767728515132,0.024898911036460185,20.75
2011,0.8389948217377734,-68.52930405033186,1.24843974929604,-2.191008932762712,0.3992358395679556,0.2648511440341466,-0.43031050252611014,9.582543881672465e-05,0.06309499028036346,0.007703472710910413,0.023680686820898182,20.758333
2012,0.8490880809531973,-68.54739806413251,1.1731732138269861,-2.1519476747074084,0.40760390241012207,0.25990635940208945,-0.4254530006456549,9.333139581007503e-05,0.06350598362838493,0.007882968795596806,0.022592439960218022,20.766667
2013,0.8585476723776289,-68.56518240765374,1.0963726582639277,-2.1166666006045673,0.4155743564170647,0.25470845783981594,-0.4208611035358402,9.176412600513478e-05,0.06391059792509898,0.008052289646435173,0.021619249021382687,20.775
2014,0.8673613834734536,-68.58268746776257,1.018174806426913,-2.084901689177639,0.42314882695003797,0.2492682361169767,-0.4165488319392313,9.116421536451864e-05,0.06430927988769362,0.008210684251397619,0.020748198179110295,20.783333
2015,0.875518111976071,-68.59994155753034,0.9387094936093279,-2.0564189536593513,0.4303290853951652,0.24359614081081812,-0.4125291639642424,9.156798668368846e-05,0.06470245473024626,0.008357578656296296,0.019968096773722178,20.791667
2016,0.883007811831585,-68.61697115470868,0.8581004596036745,-2.0310116523218453,0.4371169635819148,0.23770225003521384,-0.4088140324806913,9.300753434229219e-05,0.0650905256634121,0.008492544410352923,0.01926923998970243,20.8
2017,0.8898214454066038,-68.63380111848949,0.7764660628246511,-2.008497861689661,0.44351427205783833,0.23159626101037092,-0.4054143251576368,9.55107672485861e-05,0.06547387374688857,0.008615272515521922,0.018643205089009535,20.808333
2018,0.8959509413683524,-68.65045488741129,0.6939199286277128,-1.9887183748791029,0.44952272268637017,0.22528748328846346,-0.4023398865861836,9.910145670242392e-05,0.06585285798807256,0.008725551917184314,0.018082678244985755,20.816667
2019,0.9013891577339108,-68.66695466098079,0.6105715429148165,-1.9715348915572128,0.45514385598593315,0.2187848374203626,-0.3995995219581748,0.00010379928646354317,0.06622781560332151,0.008823251767128806,0.017581307655014835,20.825
2020,0.9061298496726408,-68.68332156731506,0.5265268004342746,-1.9568284700227188,0.46037897358277324,0.21209685882496784,-0.3972010018057028,0.00010961990277467638,0.06659906237517607,0.008908306842465701,0.0171335792127306,20.833333
2021,0.9101676417182489,-68.69957581887924,0.4418885157754497,-1.9444982157720903,0.46522907610833725,0.20523170660296672,-0.39515106734541,0.00011657496247617009,0.06696689305337704,0.008980705626253294,0.016734711567238773,20.841667
2022,0.9134980041086466,-68.71573685819764,0.3567569038937281,-1.9344601845725575,0.46969480683481557,0.19819717702012132,-0.3934554360148808,0.00012467217767736578,0.06733158175714861,0.009040480654640201,0.016380567880124944,20.85
2023,0.9161172330246052,-68.73182349524707,0.2712300360444906,-1.9266464815020035,0.47377640130903004,0.19100072137201551,-0.3921188068354217,0.0001339153557322446,0.06769338234437125,0.009087700816212532,0.016067582016296798,20.858333
2024,0.9180224345439003,-68.74785403809834,0.1854042762295475,-1.9210045406375578,0.4774736432149098,0.18364946793241438,-0.391144865285513,0.0001443044335123201,0.06805252871839455,0.009122465355139083,0.015792697282587156,20.866667
2025,0.9192115121674861,-68.76384641826075,0.09937470264328119,-1.9174965730997389,0.480785826669425,0.1761502476770264,-0.390536287421694,0.00015583550518472308,0.06840923504665512,0.009144899382967813,0.015553316168937653,20.875
2026,0.9196831578095943,-68.77981831208938,0.013235518130547972,-1.9160991740150082,0.48371172513297495,0.1685096234692386,-0.390294743038049,0.00016850084289178038,0.06876369586675195,0.009155150746725967,0.015347259858885182,20.883333
2027,0.9194368461755535,-68.79578725955115,-0.07291954667979894,-1.9168030816806878,0.48624956709543526,0.16073392238654144,-0.3904208977113535,0.00018228890989301772,0.06911608605600696,0.009153388135517367,0.015172736565341892,20.891667
2028,0.9184728324806141,-68.81177078159892,-0.1589968341334358,-1.9196130848389692,0.48839701868012575,0.15282927086158302,-0.3909144136358773,0.00019718436587142497,0.06946656063933443,0.009139800336194943,0.01502831802049391,20.9
2029,0.9167921534910998,-68.82778649737936,-0.24490236089056872,-1.924548076530265,0.4901511732908404,0.1448016323059959,-0.3917739492094029,0.00021316806422312374,0.06981525440774614,0.009114596572756843,0.014912923712425452,20.908333
2030,0.9143966318966552,-68.84385224249942,-0.33054141655238745,-1.9316412555401024,0.4915085484105324,0.1366568468789015,-0.39299715738983126,0.00023021704124083194,0.07016228131674826,0.009078007885405482,0.014825812724878082,20.916667
2031,0.9112888840501038,-68.85998618959316,-0.4158181561886836,-1.9409404790186848,0.4924650896431223,0.12840067305669695,-0.3945806828994278,0.00024830449716451157,0.07050773362927959,0.009030289524991911,0.014766583311497043,20.925
2032,0.9074723311404062,-68.87620697247397,-0.5006351831823839,-1.9525087724788281,0.4930161820725439,0.12003883065244643,-0.39652015841090044,0.00026739976910246377,0.0708516807618808,0.008971724357959886,0.014735180635257816,20.933333
2033,0.9029512138952854,-68.89253381521736,-0.5848931184929275,-1.966425006106698,0.4931566689932746,0.11157704492685837,-0.3988101999057292,0.0002874682958176713,0.07119416778583271,0.008902627296977895,0.01473191344354408,20.941667
2034,0.8977306109442849,-68.90898666760782,-0.6684901520020868,-1.9827847491906283,0.4928808780449982,0.10302109142312844,-0.40144440145003785,0.0003084715743207891,0.07153521352636774,0.008823350794335612,0.014757480849157826,20.95
2035,0.8918164610114622,-68.92558634849337,-0.7513215710296174,-2.001701317524275,0.4921826547588405,0.09437684114880304,-0.4044153296863433,0.0003303671081034588,0.07187480819271039,0.008734291460184559,0.01481301087186347,20.958333
2036,0.8852155891507596,-68.942354698728,-0.8332792603745718,-2.023307031906012,0.49105540349354015,0.0856503057180247,-0.40771451839026474,0.0003531083466741171,0.07221291045832166,0.008635897897377337,0.014900112994985528,20.966667
2037,0.877935737287762,-68.95931474554904,-0.9142511673293413,-2.047754709364874,0.4894921357065778,0.07684768205593383,-0.41133246348913843,0.00037664461580918097,0.07254944389716081,0.008528679880936047,0.015020947747183832,20.975
2038,0.869985599390615,-68.97649088043046,-0.9941207240006723,-2.075219412511391,0.48748552546645413,0.0679753962569666,-0.41525861898388516,0.00040092103759154483,0.07288429266217504,0.008413219055511385,0.015178317282921011,20.983333
2039,0.8613748616621629,-68.99390905268224,-1.0727662179227622,-2.105900486437968,0.4850279720682179,0.05904014617739304,-0.4194813942557455,0.00042587843885653594,0.07321729627206945,0.008290181381705501,0.015375782174499916,20.991667
2040,0.8521142482270012,-69.0115969813289,-1.1500601003240487,-2.1400239168479587,0.4821116695641839,0.0500489423319899,-0.42398815327492867,0.00045145324608194664,0.0735482433462851,0.008160331635879986,0.015617811233313114,21.0
2041,0.8422155728836032,-69.02958438809777,-1.225868219467111,-2.1778450474998152,0.4787286829653264,0.04100914665624263,-0.4287652162580483,0.00047757736401822314,0.07387686409817322,0.008024550363327651,0.015909973265539612,21.008333
2042,0.8316917976057973,-69.0479032546854,-1.3000489641697377,-2.2196516994692677,0.47487103080632076,0.031928508686799105,-0.43379786434465,0.0005041780344286241,0.07420282136092304,0.007883853808342925,0.01625918239179569,21.016667
2043,0.8205570986129903,-69.06658810783946,-1.372452299878414,-2.2657677389117232,0.47053077369814955,0.022815198709238857,-0.43907034787933336,0.0005311776701637077,0.07452569987874752,0.007739417505829066,0.016674012122053522,21.025
2044,0.8088269409884127,-69.0856763362011,-1.44291867644285,-2.31655714354994,0.4657001084174622,0.013677837418607635,-0.4445658988940944,0.0005584936583931789,0.07484499354730646,0.007592604429533062,0.01716509803688012,21.033333
2045,0.7965181630136295,-69.1052085432789,-1.5112777829699868,-2.3724286203940124,0.46037146700129083,0.004525521641459292,-0.4502667483847237,0.000586038125121433,0.07516009023063835,0.007444998867489671,0.017745655017732325,21.041667
2046,0.7836490716104179,-69.12522894136701,-1.5773471207612777,-2.4338408272692447,0.4545376202303992,-0.0046321543253574635,-0.4561541489645705,0.0006137176510794631,0.07547025371837601,0.007298447556486315,0.01843214291434028,21.05
2047,0.7702395505430472,-69.14578579164645,-1.640930360315247,-2.5013082471522767,0.44819178479507277,-0.013785082191126832,-0.4622084034579975,0.0006414329266784604,0.07577460231374937,0.0071551100816135945,0.019245124855695458,21.058333
2048,0.7563111833405775,-69.16693189608254,-1.7018154426968892,-2.5754077549792362,0.44132773334477354,-0.022922628374101105,-0.46840889996368285,0.0006690783309007525,0.07607208346602654,0.0070175211701038,0.020210375718862833,21.066667
2049,0.7418873932552399,-69.18872514699481,-1.7597723792824467,-2.6567858983875996,0.43393990652915565,-0.032033628313340605,-0.4747341538740924,0.0006965414157853754,0.07636144377727981,0.006888668327570165,0.021360315251427033,21.075
2050,0.7269936029839699,-69.21122914023414,-1.8145506971284604,-2.7461668822796153,0.4260235260442733,-0.041106386732564996,-0.4811618572815152,0.0007237022745742232,0.07664119363461827,0.006772089340136151,0.022735861669666763,21.083333
2051,0.7116574173484339,-69.23451385762293,-1.8658764702998656,-2.844361195663097,0.4175747076064835,-0.05012868414793845,-0.4876689361328606,0.0007504327677264338,0.07690956564983029,0.006671995575156943,0.024388827695374333,21.091667
2052,0.6959088326535263,-69.25865642349078,-1.9134488710023925,-2.9522747386832098,0.40859057269040866,-0.05908778984491036,-0.4942316154150478,0.0007765955771146621,0.07716446604823866,0.006593428852384761,0.02638501183872171,21.1
2053,0.6797804770180345,-69.28374193848089,-1.9569361693003247,-3.070918185041138,0.39906935778990654,-0.06797048146475378,-0.5008254925606335,0.0008020430552160242,0.07740341816269193,0.0065424620408923535,0.028808171869618576,21.108333
2054,0.6633078865757849,-69.3098643908886,-1.9959711082131666,-3.2014161318716807,0.3890105198969191,-0.07676307123559054,-0.5074256191600975,0.0008266158337507976,0.07762349729615606,0.00652645659083343,0.03176510081944732,21.116667
2055,0.6465298230453811,-69.33712764101845,-2.0301455847150236,-3.3450153205693525,0.37841483684893024,-0.08545143874920462,-0.5140065909541321,0.0008501411562486253,0.07782125648167675,0.006554394050790822,0.0353920495886933,21.125
2056,0.6294886386981394,-69.36564646656592,-2.059004580726739,-3.5030908242764203,0.36728450118066497,-0.09402107001823559,-0.5205426459581349,0.000872430903436365,0.07799264317851355,0.0066373033135943395,0.03986273660764143,21.133333
2057,0.6122306951108896,-69.39554764567983,-2.0820393178734027,-3.677148546630333,0.35562320614224197,-0.10245710234255524,-0.5270077704443074,0.0008932792922770837,0.07813290783199059,0.006788810785996804,0.045398121299316606,21.141667
2058,0.5948068421023133,-69.42697103755164,-2.0986796649478707,-3.8688216065411596,0.3434362226330584,-0.11074437425919852,-0.5333758123776096,0.0009124602537163267,0.07823650667167781,0.00702584645669053,0.052277937029235215,21.15
2059,0.5772729626531224,-69.46007059603004,-2.108285921313903,-4.079857130381179,0.33073046597369915,-0.1188674795442747,-0.5396206017746277,0.0009297245377797266,0.07829700337267043,0.00736954380957449,0.06085358532938912,21.158333
2060,0.559690588000099,-69.49501521722455,-2.1101402521775077,-4.3120885691169795,0.31751455173288834,-0.12681082387632298,-0.5457160773347907,0.0009447966677314535,0.07830697756468252,0.007846373229565402,0.07156123604196918,21.166667
2061,0.5421275838819545,-69.53198927419203,-2.1034382889422867,-4.567386853330665,0.30379884028890175,-0.13455868237336757,-0.5516364185884228,0.0009573719814045915,0.07825795299762736,0.00848954210904497,0.08493263742306865,21.175
2062,0.5246589032620163,-69.57119262722215,-2.0872817633492025,-4.847581499248751,0.2895954704886464,-0.14209525582252616,-0.5573561827244679,0.0009671141753401854,0.0781403647969913,0.009340671320115682,0.10159892851627537,21.183333
2063,0.507367391613744,-69.61283981408428,-2.060673557079322,-5.154340318375604,0.27491838372552563,-0.14940472311860245,-0.5628504452122237,0.0009736540265216107,0.07794359385109398,0.010451701581003545,0.12227936374488536,21.191667
2064,0.4903446165543321,-69.65715802007523,-2.0225172572834187,-5.488994050704808,0.25978334101230244,-0.15647128738608168,-0.568094943325698,0.0009765903261629739,0.07765610672136843,0.011886869605550306,0.14774217584404414,21.2
2065,0.4736916725092893,-69.70438330694209,-1.9716242342338883,-5.852290871184913,0.2442079371178882,-0.1632792137577294,-0.5730662217224841,0.0009754945272171621,0.07726575043395553,0.013724386473865114,0.17871927970683088,21.208333
2066,0.4575198814461398,-69.75475445653016,-1.9067323716207567,-6.244066844508163,0.22821161732844017,-0.16981285823876047,-0.5777417793176466,0.000969921156878182,0.076760260434712,0.01605710448932797,0.2157520197687577,21.216667
2067,0.4419512714112626,-69.80850368966645,-1.8265417493851388,-6.662824503907137,0.2118157033190554,-0.17605669002425967,-0.5821002168021893,0.0009594265856395041,0.0761280419277233,0.01899093642254202,0.2589461757953453,21.225
2068,0.4271186663457141,-69.86584350854295,-1.7297734829345188,-7.105226271952884,0.19504343393080908,-0.18199531453553783,-0.586121384223088,0.0009435990679142154,0.07535927209695369,0.022639106384746994,0.3076292582446368,21.233333
2069,0.4131651679180993,-69.9269490682248,-1.6152579607828659,-7.565536291997754,0.17792002272921387,-0.1876135113370253,-0.589786527950434,0.0009221027003028898,0.07444733364859496,0.027109619006566492,0.35994331743951846,21.241667
2070,0.40024276373845297,-69.99193592443174,-1.4820569650460453,-8.035085795817153,0.16047272519240158,-0.19289630888719125,-0.5930784359281842,0.0008947365224836565,0.07339052022506179,0.03248306317854769,0.4124811928370208,21.25
2071,0.3885097759752889,-70.06083384665646,-1.3296194566418709,-8.501890571248751,0.1427308931171213,-0.19782912365152813,-0.595981579129135,0.0008615067684069284,0.07219385099744703,0.038778841583379395,0.46017487154460834,21.258333
2072,0.3781268988638605,-70.13355868099087,-1.1579622346052614,-8.95060108502438,0.12472597404774875,-0.20239798892493502,-0.5984822454784956,0.0008227048627858636,0.07087071190594961,0.045911255686737325,0.49672196876795155,21.266667
2073,0.3692516954784801,-70.20988587899195,-0.9678544329563228,-9.362988607546347,0.10649139637742186,-0.20658988217249094,-0.6005686603191538,0.0007789766159041766,0.06944394492633724,0.05364333920448965,0.515787587589424,21.275
2074,0.3620316557399979,-70.28943087853617,-0.7609713787788669,-9.719125930024738,0.0880622797229105,-0.2103931256145961,-0.6022310854316013,0.0007313612673301301,0.06794599109303498,0.061554917228883683,0.5129305777350724,21.283333
2075,0.35659624849027677,-70.37164232592,-0.5399740966677848,-9.99927869679112,0.06947494038984171,-0.21379779025718898,-0.603461887955628,0.0006812764736993865,0.06641780260457908,0.06904776504117106,0.4876823481186977,21.291667
2076,0.3530487663441135,-70.45581335165953,-0.30847282298024753,-10.186292855271722,0.05076622769220634,-0.2167959999778071,-0.604255572746769,0.0006304315645123693,0.06490646827872872,0.07540772280329247,0.44472862310299277,21.3
2077,0.3514590444751224,-70.54111328557192,-0.07085135977929215,-10.268020070800407,0.031972808292448494,-0.21938203781707397,-0.6046087773834601,0.0005806685084330818,0.06346177361564932,0.07992566621291797,0.393198142218067,21.308333
2078,0.3518581983752034,-70.62663770690996,0.1680378818768026,-10.239189854459548,0.013130567556534111,-0.2215522150742246,-0.6045202369378117,0.0005337542437448477,0.06213214387259019,0.08205010208356882,0.34392588126811996,21.316667
2079,0.35423628856100287,-70.71146996493763,0.4032614861393916,-10.102217210792745,-0.005725724426166871,-0.22330455418477818,-0.6039907324091431,0.0004911691230240311,0.060960538661663004,0.08151992337449032,0.30581601046364687,21.325
2080,0.35854331420312247,-70.79474413881954,0.6302035097931713,-9.866727255731261,-0.02456243238676089,-0.22463840812901667,-0.6030230386846818,0.0004539425203841782,0.059980885912443,0.07842560317404837,0.28310719050872063,21.333333
2081,0.3646933133539816,-70.8756991641078,0.8449010251545844,-9.54796013666445,-0.043346835234800936,-0.22555414827600365,-0.6016218835336807,0.0004225730544536171,0.05921558182731654,0.07317581698818026,0.2748042843831304,21.341667
2082,0.3725708068169401,-70.95371655863009,1.0442641849752345,-9.16451751724221,-0.06204681925610849,-0.22605299779854582,-0.5997939205114458,0.0003970433888653052,0.058674428655083176,0.06638760270334049,0.2762003288308385,21.35
2083,0.3820385217948253,-71.02833858856803,1.2261622736083022,-8.736011357327207,-0.0806306375460065,-0.22613700971208234,-0.5975477100645623,0.0003769116003666868,0.058355119079630445,0.05874627846804451,0.2813375209184319,21.358333
2084,0.3929453168113737,-71.09926809419623,1.389389648779173,-8.28107715203979,-0.09906682319373226,-0.22580913387392812,-0.5948936983002999,0.00036144455922392963,0.05824505574440111,0.05088274415826527,0.2851193181399046,21.366667
2085,0.4051334406662215,-71.16635422054478,1.5335460714373463,-7.816005293823214,-0.11732426455008688,-0.22507330538050224,-0.5918441828968808,0.000349757446546646,0.05832403263066247,0.0432963616477258,0.28439050169742564,21.375
2086,0.4184445799913931,-71.22956950460575,1.658871908615163,-7.3540316776673595,-0.13537239737602202,-0.22393450662031614,-0.5884132590700044,0.00034093326422930036,0.05856720224001697,0.03632744079834107,0.27801439324462796,21.383333
2087,0.4327244713710622,-71.28898344526414,1.7660734054770704,-6.905181094214368,-0.15318145223071883,-0.2223987840784026,-0.5846167430111253,0.0003341096399551829,0.05894782427083849,0.030167106480863938,0.2663597403003032,21.391667
2088,0.447826104323962,-71.34473647267029,1.8561623861029717,-6.47649220726276,-0.17072270553823365,-0.22047322255617577,-0.5804720739410301,0.00032853158862328403,0.05943947240545688,0.02488728030259666,0.2506285861105022,21.4
2089,0.4636116964106181,-71.39701677376503,1.9303233591509594,-6.072453358961038,-0.18796870282059167,-0.21816588913703455,-0.5759981981334589,0.00032357571965879343,0.060017575860054496,0.020476255101167035,0.23229254561917512,21.408333
2090,0.4799536903265296,-71.44604114171749,1.989811974313891,-5.695514357230763,-0.20489344086840142,-0.21548575992562102,-0.5712154390721461,0.00031875393102968376,0.06066032715812982,0.016870927081418796,0.21273075926167354,21.416667
2091,0.4967350295538687,-71.49204008298115,2.03588299273676,-5.346585291373321,-0.2214725075430809,-0.21244263914071543,-0.5661453577955999,0.0003137043564415881,0.06134907468738377,0.01398184234907419,0.19305430694844963,21.425
2092,0.5138489401247325,-71.53524684930952,2.0697430403073804,-5.025474073760337,-0.2376831836641062,-0.2090470760830092,-0.5608106069435914,0.00030817572777414466,0.062068346493034054,0.011710558376531352,0.17406039404583992,21.433333
2093,0.5311984019765296,-71.57588978995905,2.092522555457817,-4.731243912666003,-0.25350451306100136,-0.2053102824517553,-0.5552347813792694,0.00030200941835318245,0.06280564155691791,0.009960477809828009,0.1562588952210184,21.441667
2094,0.5486954475933052,-71.61418734541058,2.10526166894474,-4.462490192488063,-0.2689173463933575,-0.2012440507480416,-0.54944226768904,0.00029512178079625764,0.06355109689810268,0.00864282341281728,0.1399291432459604,21.45
2095,0.5662603851439754,-71.6503450439199,2.108905617153718,-4.217545730064484,-0.28390436314375606,-0.19686067377947528,-0.5434580944130185,0.00028748816668723706,0.06429710728473281,0.0076793287028254055,0.12518176850471327,21.458333
2096,0.5838210108067222,-71.68455395516183,2.104306288660056,-3.9946270249158675,-0.2984500749870668,-0.19217286515993165,-0.5373077845261847,0.00027912920269014844,0.0650379466165723,0.007002890699349861,0.11201327396284698,21.466667
2097,0.6013118505386661,-71.71699016312758,2.092227424218472,-3.7919343823567053,-0.3125408128154554,-0.18719368084603788,-0.5310172114460757,0.0002700994116643586,0.06576941881681334,0.006557072067569497,0.10034906032743224,21.475
2098,0.6186734541432671,-71.7478149226477,2.073351747574578,-3.607717380557329,-0.3261646990896206,-0.1819364419706938,-0.5246124596564798,0.0002604780091685962,0.06648855136175473,0.006295036379215832,0.09007485612181103,21.483333
2099,0.6358517526511989,-71.77717525132833,2.0482888841662854,-3.4403151345150715,-0.33931160683933037,-0.17641465942111967,-0.5181196908837206,0.00025036159248406533,0.06719333522044935,0.006178274488503154,0.08105832288709006,21.491667
2100,0.6527974823499145,-71.80520477887244,2.0175833462017927,-3.2881787588189386,-0.3519731064700416,-0.17064196073090468,-0.5115650166261774,0.000239858410582741,0.06788250955330313,0.006175325513979445,0.0731630827129912,21.5
2101,0.6694656740787158,-71.83202472971703,1.981722156629418,-3.1498816159198135,-0.3641424014777367,-0.16463201990966736,-0.504974377708899,0.00022908391932565024,0.06855538675056567,0.006260596759512193,0.06625725954466631,21.508333
2102,0.6858152037193392,-71.8577449550779,1.9411418823375501,-3.024121448322541,-0.37581425417848785,-0.1583984908329362,-0.4983734314087331,0.00021815736204179817,0.06921171229839032,0.006413326935327452,0.06021823797286256,21.516667
2103,0.7018083984697139,-71.88246495962285,1.8962349752864116,-2.909717330916664,-0.38698490258828777,-0.15195494477331498,-0.49178744656982887,0.000207199157502407,0.069851553842772,0.006616702994563592,0.054934924346315514,21.525
2104,0.7174106930027754,-71.90627488865022,1.8473554002052097,-2.805603502485695,-0.39765196962028243,-0.14531481258759088,-0.48524120700507634,0.00019632891786634202,0.07047521422165587,0.0068571230628787765,0.05030842999870624,21.533333
2105,0.732590329647691,-71.92925645599874,1.7948235746374472,-2.7108214900019743,-0.40781436579040886,-0.1384913319907626,-0.4787589233574566,0.00018566395511944767,0.07108316386845662,0.007123589742208751,0.04625180958510535,21.541667
2106,0.747318097063456,-71.95148380265474,1.7389306726869922,-2.6245114739084254,-0.4174721866303073,-0.13149750026119933,-0.47236415347818866,0.0001753181647815695,0.07167598868653802,0.0074072153477360994,0.042689275726454715,21.55
2107,0.7615671023589672,-71.97302428248267,1.6799423555952793,-2.5459035127248018,-0.42662660599940333,-0.1243460326297322,-0.46607973126781166,0.0001654012002792806,0.07225435016510919,0.007700820851239427,0.03955516116366759,21.558333
2108,0.7753125721578062,-71.99393917564522,1.6181019955471856,-2.4743090151955736,-0.4352797664640921,-0.11704932651899135,-0.459927703823564,0.00015601787097630802,0.0728189551082216,0.007998611947721727,0.03679279670848958,21.566667
2109,0.7885316786546324,-72.01428433281761,1.5536334573635775,-2.4091126901924333,-0.4434346678737472,-0.10961943171753813,-0.4539292766429849,0.00014726771219758606,0.07337053286574084,0.008295917866326502,0.03435340454996992,21.575
2110,0.8012033872317037,-72.03411075474928,1.4867434982657608,-2.3497650979772917,-0.4510950552129138,-0.10206802649752797,-0.4481047665505894,0.00013924468746197765,0.07390981838592134,0.00858898083319591,0.03219506174907144,21.583333
2111,0.813308322682259,-72.05346511244322,1.4176238401302563,-2.295775855998616,-0.4582653067485348,-0.09440639961684962,-0.44247356194246795,0.0001320369922617058,0.07443753976208729,0.008874786222137738,0.03028176044209255,21.591667
2112,0.824828651515469,-72.07239021346484,1.3464529624745667,-2.2467075071245444,-0.4649503234231745,-0.08664543808606694,-0.43705408988311617,0.00012572693569463207,0.07495440923171151,0.009150925296218419,0.0285825739365601,21.6
2113,0.8357479781943704,-72.09092541983215,1.2733976583452153,-2.202170030243679,-0.471155420372008,-0.07879562052798456,-0.43186378953981114,0.00012039088155999776,0.07546111681234774,0.009415484023801325,0.027070927730253408,21.608333
2114,0.8460512534857728,-72.10910702269808,1.1986143896033339,-2.1618159569273447,-0.4768862213651304,-0.07086701591229563,-0.42691909140231044,0.00011609923456076388,0.07595832593981884,0.009666952759370543,0.025723968932146186,21.616667
2115,0.8557246933835951,-72.12696857869499,1.1222504729585703,-2.1253360494496487,-0.48214855689937286,-0.06286928740927804,-0.42223540170916724,0.00011291646032272955,0.07644667061618063,0.009904152643468693,0.024522024887056914,21.625
2116,0.8647557073090204,-72.14454121242049,1.0444451235370786,-2.092455492199846,-0.4869483665867075,-0.05481170107573572,-0.41782709148608566,0.00011090113027914834,0.07692675368532408,0.010126175433498766,0.02344814087091801,21.633333
2117,0.873132834497184,-72.16185388914494,0.9653303787791611,-2.062930548535874,-0.49129160641138026,-0.046703139060049616,-0.41370748959580506,0.0001101059842608742,0.07739914594105762,0.010332334163371225,0.022487686802090776,21.641667
2118,0.8808456876554318,-72.1789336614259,0.8850319220129631,-2.0365456371537274,-0.49518416135569093,-0.03855211699421818,-0.40988887920230915,0.000110578005013817,0.07786438583930015,0.010522122576438305,0.02162802354850806,21.65
2119,0.8878849031268433,-72.1958058929474,0.8036698220945466,-2.0131107852351002,-0.498631763826301,-0.03036680522486031,-0.4063824970639206,0.00011235849994174703,0.07832297963715262,0.010695181708918991,0.02085822032100745,21.658333
2120,0.894242096918609,-72.21249446255906,0.7213592029887478,-1.9924594194248841,-0.5016399182493207,-0.022155053524998903,-0.4031985350892526,0.00011548318622020823,0.07877540182149438,0.01085127234116231,0.020168815662374804,21.666667
2121,0.8999098260613956,-72.22902195118336,0.6382108550366407,-1.9744464597189,-0.5042138321439791,-0.013924418920912856,-0.400346143616244,0.00011998227610495306,0.07922209571865975,0.010990252299116545,0.0195516155672205,21.675
2122,0.9048815548561063,-72.24540981398447,0.5543317978647582,-1.9589466853858883,-0.5063583539315029,-0.0056821962643319335,-0.397833435906778,0.00012588055980782063,0.07966347420116454,0.011112057794001802,0.01899952323449275,21.683333
2123,0.9091516256409887,-72.26167853995175,0.4698258033935063,-1.9458533459735172,-0.5080779176880548,0.0025645488217716913,-0.39566749338694873,0.00013319748376579039,0.08009992042409561,0.011216688149070439,0.018506395821452304,21.691667
2124,0.9127152337772322,-72.27784780084127,0.3847938861579851,-1.9350769941862673,-0.5093764950080838,0.010808944995238767,-0.3938543712051061,0.0001419472225081501,0.08053178853817518,0.011304193391097297,0.018066924317780467,21.7
2125,0.9155684066069109,-72.29393659124074,0.2993347671294662,-1.9265445209441254,-0.5102575541070089,0.01904427861488123,-0.39239910372574965,0.00015213874264912377,0.08095940433676418,0.011374664289875575,0.01767653329618987,21.708333
2126,0.9177079861851156,-72.30996336137233,0.2135453163912092,-1.9201983762330528,-0.5107240262593643,0.027263955896607562,-0.3913057096264916,0.0001637758578117613,0.08138306580185738,0.01142822451658343,0.017331297842126447,21.716667
2127,0.9191316156298749,-72.3259461441251,0.1275209793540857,-1.9159959624560075,-0.5107782796399457,0.03546146417084377,-0.3905771963170886,0.00017685727353097903,0.08180304351854539,0.01146502466385687,0.017027875444907623,21.725
2128,0.9198377289702375,-72.34190267770875,0.041356190676216036,-1.9139091899125034,-0.5104221006105107,0.0436303326031169,-0.3902155634534521,0.00019137662139652236,0.08221958093057884,0.011485237928400348,0.0167634510663698,21.733333
2129,0.9198255444059041,-72.35785052524767,-0.044855220338823984,-1.913924186807558,-0.509656682472483,0.0517640927378194,-0.39022180537506257,0.00020732248188186085,0.08263289440946726,0.011489057303030735,0.01653569400420884,21.741667
2130,0.9190950609220494,-72.37380719257916,-0.13101962936021155,-1.9160411588536919,-0.5084826216863809,0.059856239221138016,-0.3905959123509191,0.00022467839546450892,0.08304317310884672,0.011476694161729115,0.01634272554467278,21.75
2131,0.9176470582314592,-72.38979024549285,-0.21704321831689816,-1.920274396120936,-0.5068999215401995,0.06790019105888506,-0.3913368705766257,0.0002434228617756743,0.08345057857292384,0.011448378151240491,0.016183096761364153,21.758333
2132,0.9154831000437198,-72.40581742763558,-0.30283157505576525,-1.9266524273495127,-0.5049080032314816,0.07588925376120943,-0.39244266092305147,0.0002635293266202532,0.08385524406357904,0.0114043583283927,0.016055776173988786,21.766667
2133,0.9126055406888428,-72.42190678032182,-0.3882892880170585,-1.9352183245086936,-0.5025057243099134,0.0838165827265291,-0.3939102564948217,0.00028496615677816743,0.08425727356560231,0.01134490550555489,0.015960147346263595,21.775
2134,0.9090175351512517,-72.43807676552149,-0.4733195324091257,-1.9460301630045205,-0.49969140440870724,0.0916751482150773,-0.39573561911432414,0.00030769660252934927,0.08465674042249681,0.01127031578911325,0.015896016892683853,21.783333
2135,0.9047230526004478,-72.45434639335389,-0.5578236440872654,-1.9591616456497893,-0.4964628581727574,0.09945770226159519,-0.3979136949035312,0.00033167874783141666,0.0850536855471011,0.011180915318909383,0.015863633799819032,21.791667
2136,0.899726893537855,-72.47073535549606,-0.6417006769426029,-1.9747029013527801,-0.49281743526881117,0.10715674787603277,-0.40043840919135565,0.0003568654480111544,0.08544811514131712,0.01107706624166457,0.015863721474084876,21.8
2137,0.8940347107164084,-72.48726416601687,-0.7248469390740602,-1.9927614724964113,-0.48875206733721627,0.11476451087916731,-0.40330266102799617,0.000383204254699985,0.08583999784707472,0.010959173980060176,0.015897524535087193,21.808333
2138,0.8876530340315498,-72.50395431127855,-0.8071555023334381,-2.013463508203467,-0.48426332171528996,0.12227291471813999,-0.40649831763932803,0.0004106373275355241,0.08622926123602488,0.01082769589323491,0.01596687311993582,21.816667
2139,0.8805892996307931,-72.52082841070401,-0.8885156789797078,-2.0369551841480167,-0.4793474617287772,0.12967355860291066,-0.41001620920329007,0.00043910133185174575,0.08661578752912485,0.010683151466342774,0.016074268398204798,21.825
2140,0.872851883545418,-72.53791039039606,-0.9688124581283893,-2.0634043733003944,-0.47400051330951387,0.1369576992994805,-0.41384612437584883,0.00046852732117160303,0.08699940841612976,0.010526134219477064,0.016222994182381285,21.833333
2141,0.8644501402139144,-72.55522567181463,-1.0479258934044748,-2.0930025959899,-0.4682183376540091,0.14411623690842956,-0.4179768070358328,0.0004988406027768507,0.08737989882165594,0.010357325593592183,0.01641726103638646,21.841667
2142,0.8553944463445896,-72.57280137797142,-1.1257304316661794,-2.1259672819177053,-0.46199670958922723,0.1511397049465402,-0.42239595475501435,0.0005299605839356903,0.08775696943546911,0.010177511158088333,0.016662391241586742,21.85
2143,0.8456962506565944,-72.5906665598917,-1.2020941708189177,-2.1625443811949827,-0.45533140125807486,0.15801826503553593,-0.4270902195315613,0.0005618005954921596,0.08813025779184581,0.009987599598092952,0.01696505551454877,21.858333
2144,0.8353681301473298,-72.60885244642144,-1.2768780325350502,-2.2030113660006485,-0.4482182706780172,0.16474170648461114,-0.43204521135055524,0.0005942676884289779,0.08849931764322196,0.009788645087909257,0.017333575664612525,21.866667
2145,0.8244238536629124,-72.62739272082165,-1.3499348330797076,-2.247680668841289,-0.4406533546626516,0.1712994510302816,-0.4372455051538844,0.0006272623976724686,0.08886360632768617,0.009581873852143553,0.017778311666780986,21.875
2146,0.8128784537008014,-72.64632382799255,-1.4211082323558404,-2.2969036073086038,-0.43263296552777597,0.1776805629697042,-0.4426746518126052,0.0006606784657750992,0.08922246977710008,0.009368715972969144,0.018312157208505084,21.883333
2147,0.8007483075540183,-72.66568531659897,-1.4902315376595028,-2.351074848122493,-0.4241537909315551,0.1838737648900044,-0.44831519369698597,0.0006944025171476998,0.08957512475176932,0.00915084384115768,0.01895117503198468,21.891667
2148,0.7880512291193165,-72.6855202208135,-1.557126334418353,-2.4106374642812436,-0.4152129961239204,0.18986745915535075,-0.4541486854320825,0.0007283136711814425,0.08992063781905306,0.008930219096920376,0.019715412817157055,21.9
2149,0.7748065729423926,-72.70587548683766,-1.6216009113219034,-2.476088637045591,-0.4058083278039635,0.19564975526632364,-0.46015572040905744,0.0007622830798664764,0.09025790051802843,0.008709150500121275,0.02062995251974764,21.908333
2150,0.7610353523672747,-72.72680244976542,-1.683448441715673,-2.5479860473708023,-0.3959382187082528,0.20120850314950112,-0.46631596359386307,0.0007961733723671412,0.0905856000705571,0.008490365955624114,0.02172626167649571,21.916667
2151,0.7467603739999285,-72.74835736667258,-1.7424448769451408,-2.626954986487198,-0.38560189197831457,0.2065313323713135,-0.4726081911347647,0.0008298379854676943,0.09090218491624459,0.00827710296112229,0.023043934956598615,21.925
2152,0.7320063910929547,-72.77060201195995,-1.7983465006066266,-2.713696188554833,-0.3747994642859131,0.21160569719462038,-0.4790103372180722,0.000863120354935057,0.09120582427108341,0.008073223123855909,0.024632938866841585,21.933333
2153,0.7168002789125759,-72.79360434083455,-1.85088708564132,-2.8089943438141787,-0.3635320466318712,0.21641892731101148,-0.48549954855714766,0.0008958529388253942,0.09149436084773833,0.007883358215026249,0.02655650242074468,21.941667
2154,0.7011712356616461,-72.81743922619566,-1.8997745893795226,-2.913727180012982,-0.3518018416826398,0.22095828398334805,-0.49205224682327897,0.0009278560399206064,0.09176525584983232,0.007713097630235105,0.02889483143582108,21.95
2155,0.6851510130982287,-72.84218927283887,-1.944687315859362,-3.028874891179027,-0.33961223647338573,0.22521102122033698,-0.49864419923873393,0.0009589363914010029,0.09201552539135592,0.007569230263929966,0.031749862012767284,21.958333
2156,0.6687741815943408,-72.86794571041877,-1.9852694714403354,-3.1555295292901646,-0.32696788929355747,0.22916445147615186,-0.5052505974529377,0.0009888854685181348,0.09224166764130087,0.00746005787260449,0.0352513046372403,21.966667
2157,0.6520784349941745,-72.89480936247155,-2.0211260412237717,-3.2949037329125876,-0.3138748095898665,0.2328060152205331,-0.5118461447134891,0.0010174774910103467,0.09243958032214773,0.007395802185634673,0.0395642534133759,21.975
2158,0.6351049412015595,-72.9228916822192,-2.051816923726655,-3.448337815999647,-0.3003404297842996,0.23612335355666192,-0.5184051512264688,0.0010444670887964002,0.09260446879490492,0.007389134465763953,0.04489862416292268,21.983333
2159,0.6178987448607111,-72.95231583578227,-2.0768502852419926,-3.6173037381738222,-0.2863736680275553,0.2391043828741557,-0.52490163747774,0.0010695866209252595,0.09273074598879978,0.007455863903743089,0.051520602150127624,21.991667
2160,0.6005092286426479,-72.98321779834545,-2.095675141797788,-3.8034037719570417,-0.27198498111375974,0.2417373703131748,-0.5313094451622509,0.0010925431706152477,0.09281192707294669,0.007615829747513728,0.059766058481071284,22.0
2161,0.5829906392765287,-73.01574740679945,-2.1076732579993545,-4.008360708927094,-0.25718640709768664,0.24401100859129177,-0.5376023552463695,0.0011130152959051517,0.09284052428136806,0.007894050198086608,0.0700554237301439,22.008333
2162,0.5654026832106321,-73.05006928089644,-2.1121505860240384,-4.2339951368201385,-0.2419915976191454,0.24591448852086698,-0.54375421257518,0.0011306497078915117,0.09280795101505845,0.008322186057892273,0.08290861561946128,22.016667
2163,0.547811194117311,-73.08636348095823,-2.1083286790438978,-4.482183614172933,-0.22641584058592873,0.24743756736171305,-0.549739056340265,0.0011450581928960383,0.0927044496243609,0.008940373214019921,0.09895705296757534,22.025
2164,0.5302888696012337,-73.12482571023916,-2.0953368333225373,-4.754789451947053,-0.21047607473529112,0.2485706310734595,-0.5555312556533307,0.0011558153117142561,0.09251906446436352,0.009799454612859627,0.11894722193606262,22.033333
2165,0.5129160663664774,-73.16566679101936,-2.072206180723527,-5.053555372725437,-0.19419089869008183,0.2493047486727444,-0.5611056494379273,0.0011624577217072348,0.09223969108923814,0.010963580698986036,0.143726348007612,22.041667
2166,0.49578163034802475,-73.20911104376883,-2.0378676084991083,-5.379944865143167,-0.17758057839451905,0.2496317174407691,-0.56643768986592,0.0011644863970195786,0.09185324351697675,0.012513016692770454,0.1741953064729831,22.05
2167,0.47898371922035154,-73.2553930807201,-1.991156254384011,-5.734917285678335,-0.16066705806066714,0.2495440989266418,-0.5715035886335453,0.0011613735755608172,0.09134599313370541,0.014546749797718257,0.21120746827736156,22.058333
2168,0.4626305474645314,-73.30475239964356,-1.9308264010846798,-6.118622020618564,-0.1434739805402484,0.24903524786768402,-0.5762804654883051,0.001152576907910179,0.09070414216778924,0.017184070329789032,0.2553867836762715,22.066667
2169,0.44684094742852726,-73.35742505598886,-1.8555817749083747,-6.530001547257957,-0.12602672253401906,0.24809933958543037,-0.580746498552171,0.001137563914972784,0.08991469651105706,0.020563651803570015,0.306839081780808,22.075
2170,0.4317445936352298,-73.4136316502029,-1.7641272727872546,-6.96630528437311,-0.1083524469550853,0.24673140614226607,-0.5848810760641052,0.0011158502352581277,0.08896668890451805,0.024837772035730912,0.3647467629125613,22.083333
2171,0.4174816852831027,-73.47356097065573,-1.655248475707582,-7.422539584928078,-0.09048016737433758,0.2449273969011458,-0.5886649490458393,0.0010870548188349277,0.08785276396705868,0.030158352251167603,0.42688239817986906,22.091667
2172,0.4042018324508822,-73.53734899021279,-1.527924103704993,-7.890917095957731,-0.07244080628776832,0.24268428318191052,-0.5920803838642692,0.0010509735401235838,0.08657106234019331,0.03665092051578675,0.4891631093358764,22.1
2173,0.3920618622731358,-73.60505364571223,-1.3814727122428676,-8.360419791263466,-0.05426721007833499,0.24000022575625785,-0.5951113124645332,0.0010076688725084986,0.08512723186553228,0.04437340420928922,0.5454883780670117,22.108333
2174,0.3812222789258408,-73.67662700960531,-1.2157273947746183,-8.816643824939023,-0.035994063121724734,0.2368748129171612,-0.5977434760007417,0.0009575667568206069,0.08353626696984733,0.05326025829589502,0.5882062788025779,22.116667
2175,0.37184220789972505,-73.75188802473502,-1.0312208945569192,-9.242126702910879,-0.0176576319231867,0.23330935183130683,-0.5999645548354676,0.0009015430336996413,0.08182377590265556,0.06306007291888362,0.6095185949524926,22.125
2176,0.36407285670714473,-73.8305005919496,-0.8293502019485648,-9.617331663799416,0.0007047164526813994,0.22930715900622478,-0.6017642751769295,0.0008409731156769393,0.08002625856728145,0.07328585546633262,0.6038188432954805,22.133333
2177,0.3580498298560491,-73.91196284311472,-0.6124791042883724,-9.922347024260354,0.01905522491534103,0.22487376081804342,-0.6031344815005815,0.0007777145956036673,0.07819009058423448,0.08320704256775589,0.5703336332839997,22.141667
2178,0.35388499560600317,-73.99561309742988,-0.3839360488624034,-10.139148453602273,0.03735660039287017,0.2200169072653074,-0.6040691662388477,0.0007139990060830573,0.07636914058430694,0.09191202697331567,0.5147964375627858,22.15
2179,0.3516589105631662,-74.08065571303955,-0.14787878315649963,-10.254028757147534,0.055572834444256654,0.2147463443713472,-0.604564455064118,0.000652229330457993,0.07462121622079046,0.0984509998792764,0.44881946566782555,22.158333
2180,0.3514149335701277,-74.16620597401648,0.09097350717153833,-10.259636026100932,0.07366977648007134,0.2090733800532104,-0.6046185561678555,0.0005947105282512153,0.07300373936635192,0.10203258784263929,0.38658662535499194,22.166667
2181,0.35315600596234537,-74.2513484422593,0.3277039995080243,-10.156085989950792,0.09161530728529706,0.20301037275706615,-0.6042316912410816,0.0005433691567645798,0.071569155614742,0.10221187605794055,0.34010387370084716,22.175
2182,0.3568446437135057,-74.33519960835905,0.5575932917616544,-9.950852355446148,0.10937910745895836,0.19657031105878411,-0.6034060294177831,0.0004995296482019274,0.07036063304493763,0.09899800344773381,0.3153241951019935,22.183333
2183,0.362406097919167,-74.41696465473618,0.7764729108297931,-9.657495790330392,0.12693217094901402,0.1897666042767407,-0.602145640651367,0.000463800292195141,0.0694086398803712,0.09283927523734162,0.3110214348174493,22.191667
2184,0.36973408013014575,-74.495980040972,0.9809792509400742,-9.293608515832108,0.14424629025927335,0.18261309768604064,-0.6004564738396498,0.00043608700069195527,0.06872895667605071,0.08449713214240459,0.32060260471998087,22.2
2185,0.3786980834873032,-74.57173752199371,1.1686799290639065,-8.878501432801032,0.16129370446474078,0.17512422863995794,-0.5983463529756831,0.00041571436769133124,0.0683224769452555,0.07486419649587707,0.33545930339700875,22.208333
2186,0.38915123367338006,-74.64388954232074,1.3380768255200783,-8.431117413245307,0.17804699390294304,0.1673152036557926,-0.5958249770391856,0.0004016084376099301,0.0681767755448558,0.06479227098064813,0.34804387568030426,22.216667
2187,0.40093774546331257,-74.71223931951681,1.4885136659971294,-7.968481112589036,0.194479197288275,0.1592021039320539,-0.5929039084048239,0.0003924911718135836,0.06826901787789184,0.0549753051773207,0.35356503118855115,22.225
2188,0.4138993444779905,-74.77672065348088,1.6200262132594527,-7.504789236673416,0.21056406654316775,0.15080188334439876,-0.5895965387759555,0.00038704863030463745,0.06856952929476436,0.045899666801843896,0.35021568761958355,22.233333
2189,0.42788033076293647,-74.83737264069138,1.7331714338948803,-7.051081624257746,0.2262763678792828,0.1421322716349377,-0.5859180278633283,0.00038405348727271407,0.06904533151377316,0.037848913446101785,0.33847533793074763,22.241667
2190,0.4427312303091757,-74.89431355427868,1.8288631499793444,-6.615344648364755,0.24159216309781964,0.13321161901786932,-0.5818852154543495,0.00038243901682146966,0.06966313470775383,0.03094024165422557,0.3201228842370216,22.25
2191,0.4583111644149575,-74.94771678964422,1.9082306952519807,-6.202878267608948,0.25648903780777665,0.12405871928515964,-0.5775165108719983,0.00038133200372599175,0.07039153166609356,0.025171773973458288,0.2973813590197895,22.258333
2192,0.4744891628068359,-74.99779044751156,1.9725074437170538,-5.816781890314781,0.2709462684857385,0.11469263765244363,-0.572831765126533,0.00038005610989548977,0.0712023678598846,0.020467055644763008,0.27235632306086527,22.266667
2193,0.4911446734593879,-75.0447610876881,2.022949302024882,-5.458456102540563,0.28494493419684286,0.10513255679697439,-0.5678521309750346,0.00037811702093419234,0.07207140634460286,0.01671038841314474,0.24675729749960187,22.275
2194,0.5081675051173162,-75.0888615061045,2.0607794336583276,-5.128059104951377,0.29846798368564886,0.09539764488265957,-0.5625999153407911,0.0003751784046565145,0.07297846746962869,0.01377167401668373,0.22182051690494822,22.283333
2195,0.5254573997868648,-75.13032202153036,2.087153951132348,-4.824889528449872,0.31150026831433636,0.08550694395247078,-0.5570984276158079,0.00037103491811525685,0.0739072244817457,0.011522084947017274,0.1983456704280524,22.291667
2196,0.542923387546358,-75.16936461990348,2.1031432368165595,-4.547689099947282,0.32402854907518364,0.0754792750127471,-0.5513718265415649,0.00036558604319077576,0.07484480569126281,0.009842800891216774,0.17678111423778242,22.3
2197,0.5604830340007073,-75.20619930648185,2.1097242283261433,-4.294870951137873,0.33604148341728035,0.06533315606625782,-0.5454449677255586,0.00035881270696409205,0.07578131350764031,0.008629016303665495,0.15731786783028034,22.308333
2198,0.5780616556818824,-75.24102209105939,2.1077799499806167,-4.064684926490091,0.34752959564591673,0.055086730159535406,-0.5393432533985348,0.0003507574429105047,0.07670933282687671,0.007790998607880467,0.13997283350763173,22.316667
2199,0.5955915516657705,-75.27401413399244,2.0981035125038674,-3.855332633005682,0.35848523332845256,0.044757701510309056,-0.5330924857067103,0.00034150814159978504,0.07762347122473943,0.007253475665520068,0.12465436300066286,22.325
2200,0.6130112799849782,-75.30534168450592,2.08140461107235,-3.665044129752263,0.3689025113694105,0.03436327864371384,-0.5267187246170355,0.0003311850743263346,0.07851995206264088,0.0069541971395407414,0.11121002367240898,22.333333
2201,0.6302649937563403,-75.33515653478258,2.058317188428637,-3.49212634999757,0.3787772450317415,0.023920124084844126,-0.5202481513527268,0.0003199307230067558,0.07939626775256521,0.006842188167432015,0.09945929898316709,22.341667
2202,0.6473018428940449,-75.36359678902856,2.029407402649455,-3.334991317351432,0.38810687302975094,0.013444310537435486,-0.5137069381439595,0.0003079019228481371,0.08025089221615331,0.006875989574851948,0.08921471166595318,22.35
2203,0.6640754415833344,-75.39078780590559,1.9951813749286886,-3.1921703303593087,0.39689037179260805,0.0029512836714451064,-0.5071211249583437,0.0002952638603917494,0.08108304725574297,0.007022034983212964,0.08029460871364277,22.358333
2204,0.680543398331095,-75.41684321735694,1.9560924222397384,-3.062318697781473,0.40512816202488894,-0.007544168295288779,-0.5005165037589347,0.0002821855320691677,0.08189251572403754,0.007253228368787092,0.07253023440472794,22.366667
2205,0.6966669036221025,-75.44186595957403,1.9125476310542335,-2.9442143394796343,0.4128220087313533,-0.018027938057585083,-0.4939185107205464,0.0002688363370000931,0.08267949402256886,0.0075477365748992074,0.06576906008610413,22.375
2206,0.7124103694400767,-75.46594927527143,1.864913724263816,-2.8367525981526414,0.4199749159053817,-0.028486615630525052,-0.4873521267176191,0.00025538354215812203,0.08344447689819681,0.007887985747951971,0.05987577033069286,22.383333
2207,0.7277411147755122,-75.48917766284164,1.813522231474319,-2.738938886220305,0.42659101709472463,-0.0389074976984194,-0.48084178627999447,0.00024199041389692615,0.08418816831667936,0.008259839080649443,0.05473186113108527,22.391667
2208,0.7426290914765009,-75.51162775920982,1.7586740055768082,-2.6498802679495044,0.43267546305148114,-0.0492785899963739,-0.4744112950986261,0.00022881485605254093,0.08491141311844928,0.008651929534313775,0.05023448037127775,22.4
2209,0.7570466452329933,-75.53336915073635,1.700643144860024,-2.5687767027213737,0.4382343076463951,-0.059588602907574194,-0.46808375605355956,0.0002160084319133853,0.08561514506981299,0.009055121685427577,0.046294912207330736,22.408333
2210,0.7709683070095046,-75.5544651114106,1.6396803860232934,-2.494912412573408,0.44327439318308415,-0.06982694054234963,-0.4618815036334144,0.0002037156764527667,0.08630034774173004,0.009462079315649513,0.0428369515254914,22.416667
2211,0.7843706107888381,-75.57497327064146,1.5760160333710178,-2.427647655542379,0.44780323618863294,-0.07998368363763995,-0.455826046520755,0.00019207362771393217,0.08696802535459691,0.009866918590045633,0.03979531184650059,22.425
2212,0.7972319340203521,-75.59494621474892,1.509862485901768,-2.3664110629126918,0.45182891468676883,-0.09004956667306607,-0.44993801803245037,0.00018121152343113337,0.087619181318253,0.010264929968500818,0.03711414388244008,22.433333
2213,0.8095323576592705,-75.61443202721611,1.4414164186635916,-2.310692616220332,0.45535995788113687,-0.10001594964749325,-0.4442371340293373,0.00017125062200310518,0.08825480267852441,0.010652355037071444,0.034745700600670344,22.441667
2214,0.8212535431284901,-75.63347477315554,1.3708606687009808,-2.260037286383199,0.4584052390922029,-0.10987478499463679,-0.4387421578458158,0.0001623041167574558,0.08887584907138467,0.011026207093950698,0.03264915971229045,22.45
2215,0.8323786239283206,-75.65211493347783,1.2983658698084888,-2.21403932372622,0.4609738727044599,-0.11961858014049993,-0.4334708717376789,0.0001544771198166036,0.08948324509491076,0.011384126550543374,0.030789600188690383,22.458333
2216,0.8428921099637149,-75.6703897940686,1.2240918744945732,-2.1723371676250927,0.4630751157928543,-0.12924035622097874,-0.4284400543055109,0.0001478666973975768,0.09007787525496963,0.011724264037110988,0.02913712181445837,22.466667
2217,0.852779802956147,-75.68833379496674,1.1481889962338165,-2.1346089335630585,0.46471827501080315,-0.13873360348469943,-0.42366546332116073,0.0001425619425096915,0.09066058083201846,0.012045185582579762,0.027666093326117993,22.475
2218,0.8620287215628515,-75.70597884416364,1.0707991003243467,-2.1005684304848096,0.46591261923794597,-0.1480922339071895,-0.4191618233656485,0.00013864407411161452,0.09123215816732572,0.012345795423818338,0.026354513687379132,22.483333
2219,0.8706270350443855,-75.72335460024233,0.9920565674828534,-2.06996166030416,0.4666672984056048,-0.15731053153672553,-0.4149428176778665,0.0001361865541169579,0.09179335798256638,0.012625272943412329,0.025183471445405083,22.491667
2220,0.8785640045071884,-75.74048872767936,0.9120891506778667,-2.0425637528172134,0.4669912688423065,-0.1663831010828064,-0.41102108361387174,0.00013525521539887984,0.09234488543714489,0.012883020983134331,0.02413668823643847,22.5
2221,0.8858299309053839,-75.7574071282539,0.8310187425797338,-2.018176292105239,0.46689322541144085,-0.17530481524545863,-0.4074082111257174,0.000135908395287077,0.09288740069612718,0.013118623371582813,0.02320013396605678,22.508333
2222,0.8924161091195613,-75.77413415165758,0.748962068341592,-1.9966249941258785,0.46638154064864695,-0.18407076126841412,-0.4041147436858263,0.0001381970700874037,0.09342151983324666,0.01333180996926652,0.02236170275232402,22.516667
2223,0.898314787543298,-75.7906927880772,0.6660313161667863,-1.977757699161016,0.4654642110484966,-0.19267618718145413,-0.40115018110704853,0.00014216498696621542,0.09394781593344843,0.01352242789622807,0.021610940263350125,22.525
2224,0.9035191327038468,-75.80710484523885,0.5823347162140056,-1.9614426468450126,0.4641488105974155,-0.20111644818056884,-0.3985229837390024,0.00014784879018800494,0.0944668202880685,0.013690417885447335,0.020938814530693118,22.533333
2225,0.9080231985245464,-75.82339111214777,0.4979770767955011,-1.9475670054754346,0.46244245160381353,-0.2093869535757954,-0.39624057755724906,0.0001552781392190195,0.09497902359888959,0.013835794917958787,0.02033752362701394,22.541667
2226,0.9118218999054718,-75.83957151153946,0.41306028549481727,-1.9360356311199427,0.4603517528356343,-0.21748311471951798,-0.3943093597025769,0.00016447581664188516,0.09548487712450186,0.013958632460824396,0.019800334728055393,22.55
2227,0.9149109903576921,-75.85566524286803,0.3276837817323675,-1.9267700356356283,0.4578828149404187,-0.22540029431069802,-0.39273470407246797,0.00017545782418949046,0.09598479371638555,0.014059049762391593,0.019321450027389574,22.558333
2228,0.9172870434770687,-75.87169091749765,0.24194500640926908,-1.9197075461003523,0.45504120309257295,-0.23313375745459303,-0.39152096661502916,0.00018823346551636582,0.09647914870238981,0.014137201770923893,0.018895895757998528,22.566667
2229,0.91894743808733,-75.88766668763142,0.15593983353632426,-1.9148006413293468,0.4518319367860915,-0.24067862484324767,-0.39067149002671375,0.000202805414594363,0.09696828058209306,0.01419327133717344,0.01851943123768631,22.575
2230,0.9198903469206021,-75.90361037040402,0.06976298818492976,-1.9120164541367162,0.4482594866686086,-0.24802982840812263,-0.39018860760846513,0.0002191697688538395,0.09745249150301044,0.014227463439746428,0.01818847543771838,22.583333
2231,0.9201147287378162,-75.9195395684821,-0.016491545336650267,-1.911336430831098,0.4443277782927746,-0.2551820697843879,-0.3900736460900208,0.0002373160863965611,0.09793204748794525,0.014240001234794398,0.01790004910733596,22.591667
2232,0.9196203238225924,-75.93547178845718,-0.10273012148753445,-1.9127561421425157,0.4400402026433023,-0.2621297819156381,-0.3903269272885251,0.000257227406782834,0.09840717838172315,0.014231123780541392,0.01765173098919138,22.6
2233,0.9184076528112608,-75.95142455827798,-0.18885903427927536,-1.9162852424016201,0.4353996332819287,-0.26886709411779863,-0.390947768524918,0.0002788802550430283,0.09887807748370427,0.014201085325544295,0.01744162714327131,22.608333
2234,0.9164780188495866,-75.96741554495256,-0.2747841175271577,-1.9219475763729288,0.4304084499371596,-0.27538780091176807,-0.39193448177938117,0.00030224462867810644,0.09934490082654628,0.014150156080844929,0.017268352869821875,22.616667
2235,0.9138335130944049,-75.98346267375881,-0.3604103412315471,-1.9297814357210916,0.42506856834961027,-0.28168533492660236,-0.3932843716250376,0.00032728396749180904,0.09980776605532556,0.014078624423395655,0.017131027199218364,22.625
2236,0.9104770236066307,-75.99958425022533,-0.445641400623837,-1.9398399697053683,0.41938147616839755,-0.28775274416501045,-0.3949937320367526,0.0003539551061306249,0.10026675085359583,0.013986800503803144,0.017029280417865576,22.633333
2237,0.9064122477119012,-76.01579908619807,-0.5303792941705432,-1.9521917573940486,0.41334827467541896,-0.2935826739155711,-0.39705784222885954,0.00038220820918954447,0.10072189085303668,0.013875021257529378,0.0169632756487906,22.641667
2238,0.9016437079374086,-76.03212663137744,-0.6145238864688439,-1.9669215515093472,0.40696972609560267,-0.2991673535848427,-0.399470961731528,0.0004119866886610702,0.1011731769513843,0.013743656847004846,0.016933746134160117,22.65
2239,0.8961767716692993,-76.0485871118082,-0.697972451476168,-1.9841312069952142,0.4002463062288047,-0.3044985887117099,-0.4022263249698792,0.0004432271033493637,0.10162055195012028,0.013593118594509812,0.0169420506119498,22.658333
2240,0.8900176747155217,-76.06520167692749,-0.7806191908802373,-2.003940810584316,0.39317826211391976,-0.30956775841296236,-0.40531613566233915,0.00047585903962681775,0.10206390640690237,0.013423868504367106,0.016990250086868615,22.666667
2241,0.8831735490054818,-76.08199255692385,-0.8623547216148302,-2.0264900310609093,0.38576567440799575,-0.3143658184922639,-0.408731561404589,0.00050980497255878,0.10250307357836272,0.013236430520714184,0.017081210424879766,22.675
2242,0.8756524547117693,-76.09898323234144,-0.9430655255363312,-2.0519397136002344,0.37800852413097435,-0.31888331042571594,-0.41246272885226737,0.0005449801059424328,0.10293782330612929,0.013031403727434197,0.017218736625960185,22.683333
2243,0.8674634171422794,-76.1161986180731,-1.0226333530674463,-2.0804737455264903,0.36990676339159767,-0.32311037641332746,-0.4164987199586459,0.0005812921891748728,0.10336785467250033,0.012809477774363537,0.017407746447434033,22.691667
2244,0.8586164688251842,-76.13366526413226,-1.1009345711520853,-2.112301225062575,0.36146038967083327,-0.32703678065786473,-0.4208275697621879,0.0006186413080548105,0.1037927872202655,0.012571450914736623,0.01765449338512805,22.7
2245,0.8491226972967381,-76.15141157587401,-1.177839444107949,-2.147658969104296,0.3526695231969514,-0.3306519369990173,-0.42543626625245873,0.0006569196456001786,0.1042121504947127,0.012318251171018684,0.017966852033761273,22.708333
2246,0.8389942992054458,-76.16946805665629,-1.253211333862798,-2.186814400645091,0.3435344869003211,-0.33394494299232375,-0.4303107528705119,0.0006960112076942479,0.10462537162286464,0.012050961320453432,0.018354682751487203,22.716667
2247,0.8282446414687795,-76.18786757628777,-1.3269058035623198,-2.230068861029969,0.3340558883883049,-0.3369046204764006,-0.43543593422081384,0.0007357915068181509,0.10503176059515024,0.011770848621957344,0.018830297617469315,22.725
2248,0.8168883303639697,-76.20664566900533,-1.398769605581782,-2.277761396434222,0.3242347033295848,-0.3395195626209253,-0.4407956855851379,0.0007761271952435397,0.10543049285774855,0.011479400511275717,0.019409056243082562,22.733333
2249,0.8049412896064569,-76.22584086514928,-1.4686395314963006,-2.330273071368534,0.3140723595861539,-0.34177818738845217,-0.4463728668338274,0.0008168756368068584,0.10582058875899343,0.011178367896726077,0.020110128516360622,22.741667
2250,0.7924208486730276,-76.24549506115366,-1.5363410975017484,-2.3880318638688913,0.30357082137983077,-0.34366879727675864,-0.45214934132554163,0.0008578844037279879,0.10620088932046053,0.010869818226987994,0.02095747237197618,22.75
2251,0.7793458428665679,-76.26565393292397,-1.6016870340734286,-2.451518196211491,0.29273267272972253,-0.34517964513486077,-0.4581060003722771,0.0008989906818443962,0.10657002772475048,0.010556201220128982,0.021981088845845823,22.758333
2252,0.7657367269012855,-76.28636739810524,-1.6644755432652618,-2.521271149812685,0.2815611993504844,-0.34629900576379674,-0.4642227938213748,0.0009400205641065598,0.10692639582802856,0.010240431099159675,0.023218634758056928,22.766667
2253,0.7516157041168579,-76.30769013310496,-1.7244882809908404,-2.5978954009345947,0.27006046815963697,-0.3470152529237326,-0.47047876726976284,0.0009807882082609408,0.10726810492268007,0.00992599045327094,0.024717496187134907,22.775
2254,0.7370068738126715,-76.32968215095646,-1.7814880149632892,-2.6820688912582833,0.25823540350862517,-0.34731694127149215,-0.47685210637738873,0.0010210948304470674,0.10759293990077116,0.009617062540049895,0.026537454195994625,22.783333
2255,0.7219363996334248,-76.35240944607871,-1.8352159019015353,-2.7745512089948248,0.24609185923106597,-0.34719289264665165,-0.48332018868639026,0.0010607275021910184,0.10789830591620185,0.00931870109857798,0.02875410844466252,22.791667
2256,0.7064327024367821,-76.37594471155138,-1.8853883205375082,-2.8761925943328994,0.2336366855950104,-0.3466322860117595,-0.4898596432800319,0.0010994577144168758,0.10818116663472628,0.009037049730340354,0.031463263903971,22.8
2257,0.6905266816297837,-76.40036813343366,-1.9316931906103039,-2.987943386768624,0.22087779026309057,-0.3456247502308357,-0.4964464185311106,0.0011370396693568343,0.10843797322791802,0.008779626840101645,0.034786528543200905,22.808333
2258,0.6742519695625763,-76.4257682645732,-1.9737857036505324,-3.1108635858557476,0.20782419240948563,-0.3441604587434796,-0.5030558580941313,0.0011732082608269122,0.10866458346337805,0.008555697266753808,0.03887840968198416,22.816667
2259,0.6576452241916614,-76.45224297677295,-2.0112833909732486,-3.246131979758064,0.1944860692284585,-0.3422302250593013,-0.5096627851902896,0.001207676707171183,0.10885617063997928,0.008376758348058112,0.04393522115095599,22.825
2260,0.6407464658245237,-76.47990048440536,-2.0437604611415425,-3.395053978417697,0.18087479420725208,-0.3398255978635613,-0.5162415951210803,0.0012401338122609738,0.10900712282657761,0.008257176491151312,0.05020609837155142,22.833333
2261,0.623599464253749,-76.50886042359099,-2.0707413582475946,-3.5590668310755746,0.16700296674502224,-0.3369389543950373,-0.5227663558278594,0.0012702408528205361,0.10911093403604873,0.00821502044186985,0.05800632019785339,22.841667
2262,0.6062521828501931,-76.53925495752964,-2.0916935312883664,-3.7397402607983374,0.15288443300094756,-0.333563590642558,-0.5292109161946896,0.0012976281318260487,0.10916009081568506,0.008273149028790954,0.06773287927730787,22.85
2263,0.5887572860023703,-76.57122985865641,-2.1060194749618355,-3.9387696496674853,0.1385342982738774,-0.3296938068273508,-0.5355490216753775,0.0013218913076410185,0.10914596053645878,0.008460622976090756,0.07988170205471094,22.858333
2264,0.5711727153402876,-76.60494548960492,-2.113048219644717,-4.157957687890011,0.12396893178238101,-0.3253249866264399,-0.541754436719481,0.0013425877207705037,0.10905869176185881,0.0088145194300443,0.09506489994599931,22.866667
2265,0.5535623379825783,-76.64057756453991,-2.1120266358270423,-4.399178793253631,0.10920596545048193,-0.32045366870175834,-0.5478010733848666,0.0013592331133366491,0.1088871428536564,0.009382227819958214,0.11402464864289391,22.875
2266,0.5359966658923137,-76.67831751687774,-2.1021112060771086,-4.66431858108746,0.09426428921528607,-0.315077609412563,-0.553663125466742,0.00137129939428053,0.10861886278312671,0.010224284470744431,0.13763736615414826,22.883333
2267,0.5185536383330461,-76.71837222538424,-2.082361343117541,-4.955178273287671,0.07916404641581673,-0.3091958362241425,-0.5593152074570543,0.001378214472847953,0.108240158121278,0.011417739354533515,0.1668973867653869,22.891667
2268,0.5013194480653662,-76.76096275590169,-2.0517359367249397,-5.273331418144256,0.06392663385744796,-0.3028086924406805,-0.5647324976854273,0.0013793656886795969,0.10773629203906368,0.01305990542856922,0.20286308603708747,22.9
2269,0.48438937467695425,-76.80632166158173,-2.009095628458691,-5.619918237943081,0.048574711860338314,-0.2959178756589991,-0.5698908850904271,0.001374109017577481,0.10709187351880711,0.015272063958818766,0.24654087491606955,22.908333
2270,0.4678685634842478,-76.85468825866775,-1.9532143440350054,-5.995362494434853,0.03313222940210564,-0.2885264748903792,-0.5747671192214963,0.0013617869944371943,0.10629150478476272,0.018202213795022733,0.2986758248783214,22.916667
2271,0.4518726542230588,-76.90630117880684,-1.8828047854739698,-6.398998976908957,0.017624467379054366,-0.2806390145625455,-0.5793389632425633,0.0013417590482947335,0.10532075658501493,0.0220251808304089,0.3594173965759424,22.925
2272,0.4365281198544951,-76.96138743477604,-1.7965636801300187,-6.828609610330334,0.002078097666898983,-0.2722615170574793,-0.5835853498123876,0.0013134484146214494,0.10416752575074156,0.026937315535302406,0.42784541446407415,22.933333
2273,0.421972124587764,-77.02014729556103,-1.6932431450057648,-7.279886572783965,-0.013478754454957371,-0.2634015976662879,-0.5874865395914957,0.0012764094730333636,0.10282378656900378,0.033141734853172455,0.5013909335884087,22.941667
2274,0.4083516590758188,-77.08273455148071,-1.5717537797743397,-7.745875086720382,-0.02901647266885209,-0.25406860421432387,-0.5910242815167944,0.0012304174805340008,0.10128766748351747,0.04081910709556634,0.5752843968090009,22.95
2275,0.39582167481725433,-77.14923238020853,-1.4313019851288138,-8.216496762327257,-0.04450398471895926,-0.24427380433406198,-0.5941819725776768,0.0011755782830373588,0.09956566711560003,0.05007943191031287,0.6423064671760124,22.958333
2276,0.38454194349979537,-77.21962609058232,-1.2715574344388292,-8.67830850812606,-0.059908935812810885,-0.23403060283276594,-0.5969448123767462,0.001112447958456146,0.09767468804272879,0.06089387852329723,0.6932514469511811,22.966667
2277,0.3746724415791124,-77.29377549562454,-1.0928362040294428,-9.114691095571567,-0.07519806877119949,-0.2233547398484383,-0.5992999443653557,0.0010421417737579307,0.09564345980601822,0.07301429493785566,0.7185066721511081,22.975
2278,0.36636723394747883,-77.37139128961222,-0.896272137651401,-9.506651431036738,-0.09033785090142324,-0.21226438631763808,-0.6012365721342214,0.0009664007856596243,0.0935129091445615,0.08590149291886827,0.7108230419512434,22.983333
2279,0.35976710936746903,-77.45202101489527,-0.6839375991756256,-9.834328365748274,-0.10529531694534959,-0.20078003743096035,-0.6027460372948135,0.0008875782228005074,0.09133516324251628,0.09869733923138077,0.6686294013603854,22.991667
2280,0.3549915666932068,-77.53505023305298,-0.45887118572647084,-10.079104151454242,-0.12003899602219177,-0.1889241339316355,-0.6038218476737702,0.0008085136486489383,0.08917112189003558,0.11027968167148906,0.5984065678736304,23.0
2281,0.3521310730009113,-77.61972272648015,-0.22498022647222027,-10.225987796547683,-0.134539702683949,-0.176720428168517,-0.6044596523719765,0.000732285949071831,0.08708680519940862,0.11942118435202297,0.51438032398144,23.008333
2282,0.3512406872850299,-77.70517994118927,0.013188758387458354,-10.265754127287325,-0.14877096150832245,-0.1641932313153576,-0.6046571726839192,0.0006618737528883482,0.08514885517405121,0.12503076127987736,0.4347652373467654,23.016667
2283,0.352336062199239,-77.79051535904927,0.2507846340241681,-10.196302927749034,-0.16270893856487842,-0.15136676381630046,-0.6044141103571881,0.0005997904117798132,0.0834196172210296,0.1264070903584458,0.3757669009192428,23.025
2284,0.35539248131939194,-77.87483565814291,0.48303476943785617,-10.022887547420376,-0.17633193788511156,-0.13826481519775743,-0.6037320607985062,0.0005477803815458199,0.0819522538633782,0.12341043286985824,0.3461755516341931,23.033333
2285,0.36034705103117576,-77.9573188777498,0.7056074030951764,-9.7571835323841,-0.189619687687879,-0.12491079233101349,-0.6026144544203945,0.0005066510535035721,0.08078644827485586,0.11648480121257607,0.3452278296131851,23.041667
2286,0.3671036101012829,-78.03726092281227,0.9148925956289493,-9.415484154559737,-0.20255269403673973,-0.11132806651705796,-0.6010665357679068,0.0004762721141806078,0.07994537800228119,0.10652685171386887,0.36445451583881855,23.05
2287,0.3755395101904487,-78.11410501857937,1.1081661419960536,-9.016494840148933,-0.21511186020025952,-0.09754041884379815,-0.5990953738504083,0.0004557231274131292,0.07943458090554542,0.09466129163120601,0.39199810552067366,23.058333
2288,0.38551325000082115,-78.18745281209186,1.283631235513267,-8.579206837689973,-0.2272784236242244,-0.08357238334339416,-0.5967098856003581,0.00044353262140485,0.0792429785629678,0.08200873195962864,0.4169702995338267,23.066667
2289,0.3968720127637984,-78.25705935315244,1.4403577771663185,-8.121200797592124,-0.23903413830326078,-0.06944937450543712,-0.593920851446067,0.0004379412063165635,0.07934578629037724,0.06951392641518561,0.4321118884774305,23.075
2290,0.40945838838367415,-78.32281634658447,1.5781530532224466,-7.657544017655158,-0.25036157796771424,-0.05519759257940099,-0.5907409065969231,0.00043713430617320814,0.07970859104885462,0.05786113653453301,0.4343886565243139,23.083333
2291,0.4231158588492338,-78.38472869991418,1.697399686171943,-7.200275879368328,-0.26124444908888317,-0.04084377183960539,-0.5871844997938555,0.00043941455557801795,0.08029171776450986,0.04746635966832708,0.424158256757035,23.091667
2292,0.43769290363574115,-78.44288884467299,1.7988906543635683,-6.7583666897298915,-0.2716678474209545,-0.026414857794889994,-0.5832678189659882,0.00044330730683593295,0.08105414119648598,0.03851805535946616,0.40380183366231476,23.1
2293,0.4530457904015478,-78.49745213421723,1.8836813134862094,-6.337992560817474,-0.28161843560907895,-0.011937683764587778,-0.5790086882832,0.00044760819800531776,0.08195650238681945,0.03103754972454152,0.3764699928548583,23.108333
2294,0.4690402407149764,-78.54861531491622,1.9529685258221177,-5.942976708780709,-0.2910845472503526,0.0025613118049686535,-0.5744264432543954,0.0004513884455203484,0.08296309991772259,0.02493886698311399,0.3452255123821096,23.116667
2295,0.4855522112905947,-78.59659895193815,2.0079993784986976,-5.5752817965894605,-0.30005623415001725,0.01705631207843941,-0.5695417906018776,0.00045397384358301435,0.08404294981377118,0.020077656470560454,0.31259797608936973,23.125
2296,0.5024680301085686,-78.64163389857754,2.050007173446834,-5.235478648261275,-0.3085252741836622,0.03152229421332967,-0.5643766586539741,0.0004549104623773599,0.08517012047750441,0.016286296439048113,0.28044345084350414,23.133333
2297,0.5196840963673485,-78.68395142785617,2.080170043061087,-4.923151919577867,-0.3164851532089092,0.0459351566743268,-0.5589540427044413,0.00045392610577600943,0.08632357312394595,0.013396406152805254,0.2499827220292533,23.141667
2298,0.5371063110886651,-78.72377642865169,2.099586944661583,-4.637228609878478,-0.32393102975446997,0.06027181233925025,-0.5532978486091835,0.00045089303932791875,0.08748671032237865,0.01125162140881482,0.22191903180289185,23.15
2299,0.5546493626261138,-78.76132302128285,2.1092661800418124,-4.376230793966433,-0.33085968747368266,0.07451025673386928,-0.5474327369844354,0.00044579483048062,0.08864678666811578,0.009713633753830562,0.19657357553655727,23.158333
2300,0.5722359541738287,-78.79679199600689,2.110122421094896,-4.138461846861057,-0.3372694779535278,0.08862961821663684,-0.5413839697402649,0.00043869837855712007,0.08979428601064396,0.008663984017394672,0.1740074654298697,23.166667
2301,0.5897960307453132,-78.83036956966914,2.1029791531921105,-3.9221382938391174,-0.3431602551890691,0.10261019454160512,-0.535177260270564,0.00042973117374703286,0.09092232845698874,0.0080034275523181,0.15411857620618866,23.175
2302,0.6072660409542562,-78.8622270581048,2.08857429468244,-3.7254793799967603,-0.34853330249099496,0.11643347838932504,-0.528838628355459,0.0004190632931345195,0.09202614016754793,0.007650082578167201,0.13671235636114085,23.183333
2303,0.6245882532284199,-78.89252115729363,2.067567442679368,-3.5467650102959545,-0.35339125246630976,0.13008217322429186,-0.5223942606552433,0.0004068934293205374,0.0931025988728023,0.007537109337006913,0.12155037390857196,23.191667
2304,0.6417101354646816,-78.92139460716147,2.0405477226418247,-3.384370779960131,-0.35773800077571655,0.14354020011472826,-0.5158703775446087,0.00039343821618488507,0.09414985585205676,0.007610346215788692,0.10838168536681923,23.2
2305,0.6585838002853176,-78.94897707651988,2.008041601378113,-3.236786893445347,-0.36157861449660667,0.15679269578795124,-0.5092931069259248,0.0003789241766598045,0.0951670285041769,0.007826121741207939,0.09696182673641787,23.208333
2306,0.6751655138896655,-78.97538615711339,1.970520288882549,-3.1026260862161696,-0.36491923604028437,0.1698260020677461,-0.502688365556098,0.0003635817147848801,0.09615395465558182,0.0081493360991966,0.08706333719647318,23.216667
2307,0.6914152641628113,-79.00072839145889,1.9284065325924422,-2.9806242904600815,-0.36776698365858357,0.18262764684965804,-0.4960817483165691,0.00034764067881230864,0.09711099895167678,0.008551834966658648,0.07848074926865649,23.225
2308,0.7072963825789473,-79.02510028571739,1.8820807227277265,-2.869636717472027,-0.3701298496206393,0.1951863168505207,-0.48949842574836866,0.0003313271189229398,0.09803890208764308,0.009011061521512913,0.07103212761676406,23.233333
2309,0.7227752140787538,-79.04858927761273,1.8318862985477784,-2.768631225159002,-0.37201659714921725,0.207491822474439,-0.48296305006465345,0.00031486094618658327,0.09893866462297808,0.00950895571273443,0.06455857346307471,23.241667
2310,0.73782082920391,-79.07127464241171,1.7781344868869247,-2.6766802485856944,-0.37343665718178015,0.21953505524864148,-0.4764996697437193,0.0002984542674746538,0.09981145832240888,0.010031064462208828,0.058922624742078496,23.25
2311,0.7524047731352522,-79.09322832876627,1.721108426401062,-2.592952146513803,-0.37440002597436506,0.23130793837943928,-0.4701316526985269,0.0002823102251313466,0.10065855916317065,0.010565827085722573,0.054006141225727736,23.258333
2312,0.7665008467731448,-79.11451572201203,1.6610667406436008,-2.516702516308588,-0.37491716450011325,0.24280337106033748,-0.46388161791660926,0.00026662221228828737,0.10148129724153242,0.011104003694420632,0.0497080331562608,23.266667
2313,0.7800849155372663,-79.13519633619875,1.598246625178057,-2.4472658203914013,-0.374998900516586,0.2540151672247693,-0.4577713753688888,0.000251573366930849,0.1022810197594632,0.011638218867417989,0.04594204029634175,23.275
2314,0.793134742098984,-79.15532443835794,1.5328665115979292,-2.3840475241981838,-0.37465633409010524,0.2649379894776991,-0.4518218738990823,0.00023733627221900723,0.10305906406593537,0.012162597504688694,0.042634671421090446,23.283333
2315,0.8056298397650345,-79.17494960975306,1.4651283666142527,-2.326516849337703,-0.3739007472753727,0.27556727896411454,-0.4460531567282444,0.0002240728088732298,0.1038167383760873,0.012672474008447999,0.03972335423452386,23.291667
2316,0.8175513436923553,-79.19411724944142,1.3952196785817765,-2.2742001823714824,-0.3727435185571217,0.285899181940808,-0.440484324142453,0.00021193411908701333,0.10455530831495229,0.013164159615578026,0.03715480985405157,23.3
2317,0.8288818975252029,-79.21286902563291,1.3233151777559145,-2.2266751392752826,-0.37119604257020067,0.2959304738126568,-0.43513350287611535,0.00020106065155731586,0.10527598784778994,0.01363475577904015,0.03488364570756717,23.308333
2318,0.8396055534067528,-79.23124328022143,1.2495783306646258,-2.1835652609924883,-0.36926965552613716,0.3056584813794257,-0.4300178216590928,0.00019158226471638,0.1059799334876453,0.014082004012403932,0.032871150128987746,23.316667
2319,0.8497076836308854,-79.24927539159414,1.1741626434909729,-2.1445353014700963,-0.3669755666906996,0.31508100401421807,-0.4251533923626063,0.00018361837077838383,0.10666824092661112,0.014504164638990114,0.03108426731451311,23.325
2320,0.8591749024697408,-79.2669981004716,1.0972128044094882,-2.109287062623011,-0.36432479617708347,0.32419623446497253,-0.4205552961564736,0.00017727810729634786,0.10734194343773999,0.014899918503767883,0.029494730162349426,23.333333
2321,0.8679949969436382,-79.28444180313757,1.0188656904384625,-2.077555728337586,-0.3613281192465553,0.3330026799342126,-0.41623757407804934,0.00017266052594110262,0.10800201154958187,0.015268286986651626,0.028078329315042803,23.341667
2322,0.8761568654967766,-79.30163481602098,0.939251260549687,-2.049106650210223,-0.3579960172402624,0.3414990840548445,-0.4122132214107306,0.00016985479045290822,0.10864935361300113,0.015608566666216477,0.026814298501554406,23.35
2323,0.8836504637093174,-79.31860361520624,0.8584933534805818,-2.0237325400736736,-0.3543386352050558,0.3496843503396557,-0.40849418527630404,0.0001689403773896027,0.1092848169725849,0.015920275778534523,0.02568479846831949,23.358333
2324,0.8904667563181768,-79.33537305408677,0.7767104058725682,-2.0012510277247673,-0.3503657462214635,0.357557467641992,-0.4050913648599818,0.00016998727455842238,0.10990918952160195,0.016203110240893416,0.024674484076166656,23.366667
2325,0.89659767493885,-79.35196656204671,0.6940161039617654,-1.9815025461279057,-0.34608672239310967,0.3651174381259709,-0.40201461370890795,0.00017305617298703224,0.1105232014717054,0.016456907497907354,0.023770141358236886,23.375
2326,0.9020360809821756,-79.36840632675698,0.6105199800223654,-1.9643485104053622,-0.3415105124148354,0.37236320820607516,-0.3992727435734072,0.0001781986490439626,0.11112752720576236,0.016681616822984306,0.02296038340218027,23.383333
2327,0.9067757333460505,-79.38471346240907,0.5263279630616132,-1.9496697609393587,-0.3366456255995504,0.3792936028804308,-0.3968735292944963,0.00018545733391941868,0.11172278711012129,0.016877274992485626,0.02223539579176505,23.391667
2328,0.9108112605351817,-79.40090816597704,0.44154289184515866,-1.937365244787143,-0.33150012221300523,0.3859072638478691,-0.3948237142804542,0.0001948660681649722,0.11230954930481717,0.017043986464626647,0.021586723982543722,23.4
2329,0.9141381369242774,-79.41700986340082,0.3562649971548675,-1.9273509132911206,-0.32608160993820434,0.3922025917687473,-0.39312901615880014,0.00020645003939408292,0.11288833120669821,0.017181907362013683,0.02100709636996032,23.408333
2330,0.9167526629334491,-79.43303734741203,0.270592359215297,-1.9195588172305906,-0.3203972462692697,0.3981776930009357,-0.3917941322372269,0.00022022590158613667,0.11345960087388986,0.0172912326939005,0.020490277941767873,23.416667
2331,0.9186519489307142,-79.44900890858268,0.18462134544246406,-1.913936384113311,-0.3144537466154017,0.4038303311174738,-0.39082274445723897,0.0002362018747283109,0.11402377809038068,0.017372186372333846,0.02003095033094593,23.425
2332,0.9198339027167554,-79.46494246106225,0.09844703304654602,-1.9104458652623642,-0.3082573978792014,0.40915788349028603,-0.3902175235769061,0.00025437782378321544,0.11458123515513886,0.017425013678161475,0.019624614863045384,23.433333
2333,0.9202972204827743,-79.48085566437562,0.012163620540630917,-1.9090639432444814,-0.30181407726070353,0.4141573032037765,-0.38998013237374723,0.0002747453161913255,0.11513229734360972,0.01744997591744081,0.019267515882727057,23.441667
2334,0.9200413811645158,-79.49676604258997,-0.07413516814346587,-1.9097814929438455,-0.2951292760254811,0.41882508654509737,-0.390111227714824,0.00029728765730806364,0.11567724300839095,0.017447347075699882,0.018956582289285914,23.45
2335,0.919066644145323,-79.5126911021108,-0.1603556834642213,-1.9126034922476143,-0.2882081279652375,0.4231572463009801,-0.39061046139823874,0.000321979903335645,0.11621630328252455,0.01741741232881718,0.018689385832277267,23.458333
2336,0.9173740502894218,-79.52864844934821,-0.246403950657671,-1.9175490809156475,-0.2810554422674909,0.42714929107705674,-0.3914764797279564,0.00034878885143523844,0.1167496613430597,0.01736046830897301,0.018464115328768557,23.466667
2337,0.9149654263143793,-79.5446559094893,-0.3321852673698966,-1.9246517687979552,-0.27367574050196086,0.43079621084012343,-0.39270692184184297,0.0003776730067899942,0.11727745118513258,0.01727682505663501,0.01827956657651802,23.475
2338,0.9118433925397731,-79.56073164763617,-0.41760379510753154,-1.9339597971811309,-0.26607329741887814,0.4340924688703525,-0.3942984168706328,0.00040858252642600484,0.11779975584667284,0.01716680961878719,0.0181351483720861,23.483333
2339,0.9080113740784437,-79.5768942936107,-0.5025621408741012,-1.9455366597317731,-0.2582521852429718,0.43703200029489675,-0.3962465800628079,0.00044145913957525966,0.11831660501275885,0.017030771282687897,0.018030905727138405,23.491667
2340,0.9034736155682119,-79.5931630717913,-0.5869609250377521,-1.9594617923030995,-0.2502163211338198,0.439608217357617,-0.3985460080667167,0.0004762360442720232,0.1188279719157733,0.01686908846584668,0.01796756214593427,23.5
2341,0.8982351995766691,-79.60955793743848,-0.6706983310263287,-1.9758314438226823,-0.24196951746763887,0.44181402156136546,-0.40119027361621257,0.0005128377796944492,0.11933376943082172,0.016682177318978923,0.017946583727055973,23.508333
2342,0.8923020688506874,-79.62609972107873,-0.7536696318548726,-1.9947597436249869,-0.23351553457969554,0.44364182279713993,-0.40417191991922224,0.0005511800734814919,0.11983384524856137,0.016470502141988634,0.01797026893824798,23.516667
2343,0.8856810526269178,-79.64281028265962,-0.8357666877403048,-2.0163799839694314,-0.22485813558716908,0.4450835655496705,-0.40748245509942443,0.0005911696628500665,0.12032797598514293,0.01623458776671391,0.018041869254034493,23.525
2344,0.8783798972711311,-79.65971267735846,-0.9168774081254301,-2.0408461401239557,-0.21600114289288566,0.44613076223889087,-0.4111123470891059,0.0006327040877849426,0.12081586006374966,0.015975034128338006,0.018165747529118086,23.533333
2345,0.8704073015744896,-79.676831335131,-0.9968851702914887,-2.0683346543155303,-0.20694849594725,0.44677453372279474,-0.41505101941562617,0.000675671453847258,0.12129710917350191,0.015692533335402742,0.018347583118539935,23.541667
2346,0.8617729571055699,-79.69419225632234,-1.0756681853515173,-2.099046514054187,-0.19770430982260365,0.4470056569468167,-0.4192868483641155,0.0007199501612137979,0.12177123807523903,0.015387889663404729,0.018594635492607193,23.55
2347,0.8524875941003778,-79.71182322593366,-1.1530988007458105,-2.133209659798068,-0.1882729341296922,0.44681461967866765,-0.4238071620343434,0.0007654085953849977,0.12223765248500346,0.015062043048457473,0.018916081617363592,23.558333
2348,0.8425630334713102,-79.72975404945153,-1.2290427263592583,-2.1710817615694054,-0.17865901177946336,0.4461916822154119,-0.42859824183933193,0.0008119047735415712,0.12269563471815016,0.014716096858089778,0.019323446920957565,23.566667
2349,0.8320122456329209,-79.7480168134933,-1.303358168994964,-2.2129534088101526,-0.16886753706902566,0.4451269458896124,-0.4336453270164771,0.0008592859387488333,0.1231443267241298,0.0143513509827119,0.019831155552818915,23.575
2350,0.8208494169809533,-79.76664617491133,-1.3758948571097913,-2.259151762228619,-0.15890391254513897,0.4436104281352615,-0.4389326227378148,0.0009073880920559603,0.12358271007999917,0.013969341646111456,0.020457233262026368,23.583333
2351,0.8090900250253148,-79.78567968242177,-1.446492934381081,-2.3100447202220944,-0.1487740040755786,0.44163214380066573,-0.4444433124137969,0.0009560354499738134,0.12400958244199337,0.013571889806646842,0.021224206073246148,23.591667
2352,0.7967509233720259,-79.80515813527217,-1.514981696763854,-2.366045655014983,-0.13848419353900399,0.4391821923148039,-0.45015957478366975,0.0010050398118014241,0.12442352987861134,0.013161160652938564,0.02216025064200227,23.6
2353,0.7838504379786926,-79.82512598392701,-1.5811781431526977,-2.4276187739285433,-0.1280414285273588,0.4362508502267819,-0.4560626063744793,0.0010541998177874164,0.12482289442525095,0.012739737542921842,0.023300668471372386,23.608333
2354,0.7704084763782676,-79.84563177819862,-1.6448853045357779,-2.495285157690183,-0.11745326844611427,0.4328286685442731,-0.46213264988909497,0.001103300075167156,0.12520573611629207,0.01231071486548932,0.024689776928195867,23.616667
2355,0.7564466518824804,-79.86672866865054,-1.7058903106053083,-2.5696295181539806,-0.10672792639562889,0.4289065741981806,-0.4683490290508456,0.0011521101247719406,0.12556978866810425,0.01187781581612063,0.02638333612261081,23.625
2356,0.7419884251451072,-79.88847496738298,-1.7639621462160773,-2.6513076989368844,-0.09587430622686545,0.4244759748573258,-0.4746901903878363,0.0012003832163131956,0.12591240791533606,0.011445543099699695,0.028451663035769775,23.633333
2357,0.7270592658909576,-79.91093477438113,-1.818849043013965,-2.7410549094597063,-0.08490203418890241,0.41952886621057794,-0.4811337523835275,0.0012478548558997782,0.1262305120614423,0.011019373272749596,0.030983623229405264,23.641667
2358,0.711686838102137,-79.93417867532172,-1.8702754443204812,-2.8396946287563014,-0.07382148462868707,0.41405794072646446,-0.4876565623515962,0.0012942410853759238,0.12652051281401092,0.010606009029683004,0.034091735494881543,23.65
2359,0.6959012124977733,-79.95828451587575,-1.9179384745757808,-2.9481480302081735,-0.0626437992714719,0.40805669679460654,-0.49423476131278954,0.0013392364505560718,0.12677823657438558,0.010213708494953967,0.03791867326780831,23.658333
2360,0.6797351107392147,-79.98333825580217,-1.9615038393862363,-3.0674436479463427,-0.05138089971060398,0.40151954705355253,-0.500843857060101,0.0013825116158149903,0.12699883509705856,0.009852716832243511,0.04264549189626535,23.666667
2361,0.6632241864201632,-80.00943490304729,-2.000601080276465,-3.1987268102647604,-0.04004549287586102,0.3944419246219527,-0.507458805497411,0.0014237105880324078,0.1271766855076598,0.009535833588356723,0.04850193889654472,23.675
2362,0.6464073485218239,-80.03667952299053,-2.0348181124737996,-3.343268077779181,-0.028651069446767926,0.38682038588300727,-0.5140541002276685,0.0014624475270826485,0.1273052803892645,0.009279159502533116,0.05577918823444417,23.683333
2363,0.6293271335581999,-80.06518831000908,-2.0636949889383267,-3.5024695075448866,-0.017211895440250806,0.378652708440534,-0.5206038702526152,0.0014983031481886344,0.12737710998198676,0.009103079235043703,0.06484523067709995,23.691667
2364,0.6120301329910214,-80.09508969639491,-2.086716866251489,-3.6778669709568073,-0.005742997553773585,0.3699379828888472,-0.5270819855309309,0.001530820771353062,0.1273835406162624,0.009033551388796825,0.07616286615075164,23.7
2365,0.5945674824717182,-80.1265254556429,-2.1033062081418272,-3.8711259231597954,0.005739856700510572,0.3606766971497012,-0.5334621700310532,0.0015595021560588728,0.12731469661452044,0.009103793152970937,0.0903096416781245,23.708333
2366,0.5769954187800003,-80.15965173097788,-2.112814365290431,-4.084026885733921,0.01722018246055237,0.35087081237308426,-0.5397181218160803,0.0015838033913923586,0.1271593574117273,0.009356460798877426,0.10799794115522163,23.716667
2367,0.5593759085366113,-80.1946398828654,-2.1145128366873664,-4.318435393614815,0.028680802275180953,0.3405238298388296,-0.5458236396206635,0.0016031313141112228,0.12690488796860128,0.009846432365689387,0.13009143872159729,23.725
2368,0.5417773492279955,-80.23167699781322,-2.1075847766626548,-4.576249225923972,0.04010386907590137,0.3296408490173696,-0.5517527553354407,0.0016168412271685077,0.12653722904937034,0.010644281943142602,0.15761084531548694,23.733333
2369,0.5242753368800066,-80.27096583154267,-2.0911176988386098,-4.859313413972316,0.05147088349709543,0.3182286180515583,-0.5574798718169329,0.0016242371200584364,0.12604098475718503,0.01184047185640546,0.19171682945800683,23.741667
2370,0.5069534846193318,-80.31272386991333,-2.0640988846122656,-5.169290982447828,0.06276270111696622,0.3062955795044161,-0.562979905503346,0.0016245761792669227,0.12539965747795098,0.01355013879356119,0.2336508698959135,23.75
2371,0.4899042607935075,-80.35718108080883,-2.025415766422232,-5.507475121844887,0.07395952522808633,0.29385191632092167,-0.5682284334478152,0.0016170801347087016,0.12459609360015655,0.015918048299806257,0.2846060036365099,23.758333
2372,0.47322979248409386,-80.40457580560646,-1.9738645377095227,-5.874527525573284,0.08504088203941107,0.28090960545112414,-0.5732018445741891,0.0016009568834385024,0.12361321371943809,0.0191227494807197,0.34549118019267017,23.766667
2373,0.45704254846548215,-80.45514811747358,-1.9081713913154488,-6.270129760659506,0.09598557872893713,0.26748248899330485,-0.5778774951787079,0.0015754367363545012,0.12243510242140315,0.02337807635188901,0.41655105205918924,23.775
2374,0.44146577415724364,-80.5091298923032,-1.8270319268951056,-6.692542589253031,0.1067716517036154,0.2535863739123603,-0.5822338688486461,0.0015398282466085086,0.12104851580844311,0.02892885112344426,0.49681915864721904,23.783333
2375,0.4266335014393691,-80.56673086078268,-1.729174999642014,-7.138085818835082,0.1173763238101372,0.23923916929259278,-0.5862507408617988,0.0014935983369663553,0.11944481792279371,0.03603604780891688,0.5834348010218176,23.791667
2376,0.4126899044024561,-80.62812013263182,-1.613456908675294,-7.600582144120688,0.1277760049649522,0.22446106159949247,-0.5899093464735284,0.0014364794612524035,0.11762226981070013,0.04494526242983236,0.6709619834269762,23.8
2377,0.39978773138895096,-80.69340322393955,-1.4789893374250245,-8.07085355640174,0.137946387811715,0.20927471015313118,-0.5931925509107671,0.0013686016811539933,0.11558846673960205,0.055832289453411094,0.7510148011397617,23.808333
2378,0.38808553627234915,-80.76259557618134,-1.3252987628554909,-8.536412224578514,0.14786270086581144,0.19370541555311718,-0.5960850160455821,0.001290638835853888,0.11336257153854738,0.06872295044231422,0.8126660151617557,23.816667
2379,0.3777434876384779,-80.83559493432142,-1.1525055604824568,-8.981531230261941,0.15750017312014813,0.17778117800470514,-0.5985733546445103,0.0012039455008242372,0.11097687739185029,0.08339342448591937,0.8441507929786513,23.825
2380,0.36891768257451957,-80.91215654700028,-0.9614986797867779,-9.387882730699319,0.16683472182608658,0.16153253624451835,-0.600646258627843,0.0011106476331183893,0.10847722535287695,0.09927301678300822,0.8360585686234262,23.833333
2381,0.36175314374823375,-80.99187646979104,-0.7540699730984111,-9.73585667226302,0.17584379446000645,0.14499208801032712,-0.6022945849335793,0.001013640602633152,0.1059219548951331,0.1153895898162653,0.7854003876907018,23.841667
2382,0.35637600680714193,-81.07418856667068,-0.5329668658276302,-10.00650696375853,0.18450719720271064,0.12819366575147814,-0.6035113842485479,0.0009164523692742025,0.10337935477514337,0.1304074961488548,0.6988897216133279,23.85
2383,0.3528857304681154,-81.15837945045611,-0.3018290944910244,-10.183848195783872,0.19280767712289343,0.11117127576557169,-0.6042918663718132,0.0008229541973733417,0.10092387648800324,0.14279333496241586,0.5932516896787615,23.858333
2384,0.35134836724805146,-81.24362244191384,-0.0649968753474015,-10.2570347507054,0.200731054499652,0.09395805407714446,-0.604633310783895,0.0007369455914952304,0.09863151539626495,0.15109862900188176,0.4912554706608087,23.866667
2385,0.3517919122964503,-81.32902738471634,0.17279093040026214,-10.22190207089634,0.20826584623618768,0.07658555721194515,-0.6045349472065784,0.0006616899114482678,0.09657472216385368,0.15428568050713737,0.4144530575431425,23.875
2386,0.35420446539221934,-81.41369926405665,0.40676063355397185,-10.08148859970077,0.2154025232192396,0.05908361955388568,-0.603997840697462,0.0005995083920544471,0.09481714204368231,0.15198143121335067,0.37588321944045755,23.883333
2387,0.35853546266179126,-81.49679649950654,0.6324656274222461,-9.845437942244947,0.22213268939817163,0.04148079025590553,-0.6030248129359861,0.0005515329377704327,0.09340859618958924,0.14455955744576438,0.376361924342807,23.891667
2388,0.36469970284600756,-81.57758022428688,0.8460859275189714,-9.528481883311171,0.22844847042348843,0.023805128056950276,-0.6016204159728631,0.0005176710214776463,0.0923810026233709,0.13302236020703803,0.40591928055963244,23.9
2389,0.372583462114752,-81.65544846929669,1.044624608399291,-9.14840709186622,0.23434226443638606,0.006085015046641598,-0.5997909538886937,0.0004967704764925985,0.09174609973386309,0.1187389025109079,0.44900539702090203,23.908333
2390,0.3820517628166064,-81.72995283951238,1.2259875412888868,-8.723957866463536,0.23980683181817855,-0.01165029872322685,-0.5975445310844937,0.0004869182051015513,0.09149559991869834,0.10314429338802444,0.4904206417583444,23.916667
2391,0.3929558556050387,-81.80079876820841,1.3889577258684014,-8.273043715839162,0.24483558428840707,-0.029370546534390023,-0.594891099562286,0.00048578528005484485,0.09160378974883279,0.08749675562164001,0.5193760212096473,23.925
2392,0.40514014309193613,-81.86783289011198,1.5330918140731955,-7.811465159282252,0.24942291424716417,-0.04704465309975311,-0.591842481695236,0.0004909424129638916,0.09203192841197844,0.07274154792692528,0.5307954340772268,23.933333
2393,0.4184480346382638,-81.93102216780517,1.658572344342074,-7.35220924072446,0.25356445499841807,-0.06464116509571155,-0.588412355081387,0.0005001000880258705,0.09273341696091758,0.05947929591429888,0.5244831659754606,23.941667
2394,0.4327264947744019,-81.99042929100824,1.7660464563426699,-6.905243876501871,0.25725723044185383,-0.08212875708804168,-0.5846161965944499,0.0005112596629442754,0.09365873505533831,0.04800612542046017,0.5033402043590695,23.95
2395,0.4478292736514188,-82.04618797068596,1.8564739477668182,-6.477675830533111,0.2604997029521346,-0.09947670481940564,-0.5804711901861475,0.0005227845744772287,0.09475945513561874,0.03838740627527902,0.47159427990734637,23.958333
2396,0.4636189595149226,-82.09848054386858,1.93099815405004,-6.074125428656552,0.26329175035431435,-0.11665527045003747,-0.5759961065385687,0.0005334117751342663,0.09599104079221421,0.030535948170654283,0.43352229907674905,23.966667
2397,0.4799680702370504,-82.14751915754442,1.9908449534277737,-5.6971935724468565,0.2656346039859615,-0.13363598652295913,-0.5712111631850842,0.0005422252094609452,0.09731445832669688,0.02427839455914492,0.3927456923632672,23.975
2398,0.49675941954592373,-82.19353091037462,2.0372494616439596,-5.347933153786179,0.2675307710552907,-0.15039184972469605,-0.5661378725636946,0.0005486096241138181,0.09869681722651583,0.019404109738198092,0.35197497279797274,23.983333
2399,0.5138859750182714,-82.23674675169578,2.0714067564876606,-5.026273097721562,0.2689839542440988,-0.16689744463749745,-0.5607988837441477,0.0005521977317683893,0.10011131912782015,0.015697210198685932,0.31302973239129483,23.991667
2400,0.5312503880750166,-82.27739362986927,2.0944417132765465,-4.731371648112272,0.2699989737164928,-0.183129017566101,-0.5552178219341625,0.000552818767349876,0.10153677856457138,0.012955163462851516,0.2769890309420229,24.0
2401,0.5487643345784577,-82.31568927168328,2.107393029728906,-4.461894385812285,0.2705816921660307,-0.19906451637398243,-0.5494191285906962,0.0005504526402438676,0.10295692477433009,0.010997907993853065,0.24437788283154127,24.008333
2402,0.5663477660109127,-82.35183898592382,2.111207164855785,-4.2162231104027255,0.2707389415851732,-0.21468360733526204,-0.5434279040745509,0.0005451913143971187,0.10435963154403438,0.009670907427120722,0.21534005107917345,24.016667
2403,0.583928139157502,-82.38603395819526,2.10673879281168,-3.992606452803713,0.2704784500673793,-0.22996767582833622,-0.5372697542196672,0.0005372075209332141,0.10573616723130501,0.008844684355627913,0.1897773434704401,24.025
2404,0.6014396675299881,-82.4184506009482,2.0947552375247205,-3.7892641594530225,0.2698087673339011,-0.24489981470955502,-0.530970641844713,0.0005267301212041791,0.10708051538305356,0.008412553678104161,0.16745237559941523,24.033333
2405,0.6188226198216829,-82.44925061942462,2.0759430947127653,-3.604456106535132,0.2687391882970036,-0.25946480232264246,-0.5245567440278885,0.0005140251209926878,0.10838878783198434,0.00828762770707154,0.14805943323559065,24.041667
2406,0.6360226782618298,-82.47858153958661,2.050915830895563,-3.436525386899552,0.2672796745610849,-0.27364907105445474,-0.5180543158333445,0.0004993812876660735,0.10965873437830576,0.008399709641811493,0.13127046950706653,24.05
2407,0.6529903615391539,-82.5065775140736,2.0202215817102207,-3.2839229138857817,0.26544077421883705,-0.28744066686108993,-0.5114895610787734,0.0004830994083236266,0.11088934321059232,0.008692395923256118,0.11676308784066951,24.058333
2408,0.6696805118313092,-82.53336027684696,1.9843506787751315,-3.145219233913718,0.2632335406028584,-0.3008292000385817,-0.5048885106454992,0.0004654843679527696,0.1120805214642889,0.009120527991347993,0.10423617019605916,24.066667
2409,0.6860518424791968,-82.55904015830392,1.943742643824792,-3.019107765512706,0.26066945082219417,-0.31380578754568816,-0.49827690874340763,0.0004468393779257297,0.11323284375916162,0.009648031543634845,0.09341742313195636,24.075
2410,0.7020665412798959,-82.58371710273443,1.898792526619456,-2.904402511104856,0.2577603249817692,-0.32636298730093455,-0.49168010744924673,0.0004274618249826865,0.11434735680264595,0.010246127640069137,0.08406588184711081,24.083333
2411,0.7176899237322202,-82.60748165149928,1.8498565501935131,-2.800032392650923,0.2545182469794615,-0.3384947250150583,-0.48512296973806757,0.0004076403303795309,0.11542542929424493,0.010891875265405722,0.07597144165883331,24.091667
2412,0.7328901305013714,-82.63041587033875,1.797257079315729,-2.7050336973519276,0.25095548772561277,-0.35019621425114983,-0.4786297811258329,0.0003876527063601926,0.11646863786758617,0.011566996684614647,0.0689527735415117,24.1
2413,0.7476378636350476,-82.65259420949701,1.741286957215702,-2.6185416366171417,0.24708443155167015,-0.3614638705127581,-0.4722241699391552,0.00036776457415608154,0.11747868135315377,0.01225693738380567,0.06285448104478693,24.108333
2414,0.7619061565058867,-82.67408429219873,1.6822132698660255,-2.5397816771396644,0.2429175064816761,-0.37229522023935063,-0.4659290361285271,0.00034822846727710304,0.11845731707683411,0.01295011699211566,0.05754401855948707,24.116667
2415,0.7756701729744652,-82.69494763144482,1.6202806020065372,-2.4680610614510425,0.23846711894031947,-0.3826888056392872,-0.45976648844677603,0.00032928328917232664,0.1194063141595593,0.013637333723698061,0.052908669859325276,24.125
2416,0.7889070318019842,-82.71524027783923,1.555713848410592,-2.4027607687535517,0.23374559337070783,-0.39264408631469555,-0.45375778972693537,0.00031115402839852725,0.12032741983467589,0.014311291175894804,0.048852745193348354,24.133333
2417,0.8015956528567225,-82.73501340274993,1.4887206400814497,-2.3433280539160335,0.22876511713732148,-0.4021613386342397,-0.44792330991483814,0.00029405165980041974,0.1212223356600651,0.01496622210210733,0.04529506847737,24.141667
2418,0.8137166221341811,-82.75431382192431,1.419493439699682,-2.289269627537279,0.22353769099692564,-0.41124155379265914,-0.44228248644272866,0.00027817317896080217,0.12209270119649665,0.015597588783246902,0.042166774676461516,24.15
2419,0.8252520730390742,-82.77318446498677,1.3482113546938146,-2.240145491482504,0.21807508533435527,-0.41988633546377385,-0.43685379147171977,0.0002637017309665843,0.1229400832741386,0.0162018438018732,0.03940940854254583,24.158333
2420,0.8361855817556569,-82.7916647962316,1.2750417103571068,-2.195563414066793,0.21238880228077922,-0.4280977979104409,-0.43165470548340773,0.00025080680462794317,0.1237659694032509,0.016776238434046433,0.036973300979661394,24.166667
2421,0.8465020748628238,-82.80979119191215,1.2001414198096345,-2.1551740112632616,0.20649004376051866,-0.43587846536332225,-0.4267016966644195,0.00023964447065020006,0.12457176422339201,0.017318668613798466,0.034816192912044124,24.175
2422,0.856187747635465,-82.82759727890107,1.1236581824717935,-2.1186663908558523,0.20038968544948457,-0.4432311734227319,-0.42201020550191065,0.00023035764761865975,0.125358788149122,0.01782755060255597,0.032902075077731886,24.183333
2423,0.8652299917181058,-82.84511423922088,1.0457315381385115,-2.085764312485505,0.19409825657074253,-0.45015897317808096,-0.4175946339926485,0.00022307638355850815,0.1261282775730748,0.018301720213993306,0.031200213434982697,24.191667
2424,0.8736173310656009,-82.86237108454556,0.966493799729118,-2.0562228160880927,0.18762592540472972,-0.4566650386772526,-0.4134683388627505,0.00021791814367666217,0.12688138614333533,0.01874035079480775,0.02968433248464553,24.2
2425,0.8813393652231946,-82.87939490438649,0.8860708843092014,-2.0298252729524884,0.1809824903480091,-0.46275257831763755,-0.4096436281987206,0.00021498809697632372,0.12761918675049158,0.019142886220628177,0.028331931969577166,24.208333
2426,0.8883867191688699,-82.89621109130385,0.804583058993876,-2.006380816634412,0.17417737631964372,-0.4684247506704989,-0.40613176090240255,0.00021437939597427434,0.12834267394944068,0.01950898599563746,0.02712371565888708,24.216667
2427,0.8947509990685033,-82.91284354614585,0.7221456157962631,-1.9857221146481905,0.16721963628275052,-0.4736845851941127,-0.40294294840206113,0.0002161734449023642,0.1290527666069261,0.019838480191997212,0.02604311402993453,24.225
2428,0.9004247534023515,-82.92931486600631,0.6388694873291226,-1.9677034458361424,0.160117957624834,-0.47853490823738687,-0.4000863580782126,0.00022044015265153797,0.12975031061442013,0.020131332465622646,0.02507588552422085,24.233333
2429,0.9054014390129171,-82.94564651731734,0.5548618134527037,-1.9521990523406985,0.1528806731193371,-0.48297827468668697,-0.39757011789525826,0.0002272381673989244,0.1304360815409664,0.020387609764872534,0.024209783635405595,24.241667
2430,0.9096753917018499,-82.96185899625002,0.47022646744348123,-1.9391017390327634,0.14551577617495307,-0.48701690556342403,-0.39540132176767945,0.0002366150904017482,0.13111078712737947,0.02060745763250939,0.0234342793647503,24.25
2431,0.9132418010696303,-82.9779719783862,0.38506454899692705,-1.9283216970030583,0.13803094006603,-0.4906526318394976,-0.39358603523176805,0.0002486076668838287,0.13177506954304494,0.02079108021455264,0.02274033052776965,24.258333
2432,0.9160966893482648,-82.99400445944362,0.29947485033841836,-1.9197855312677077,0.1304335408279176,-0.49388684470130384,-0.39212930103995325,0.00026324195230892437,0.13242950734305506,0.020938724257775345,0.022120191006629618,24.266667
2433,0.9182368940258945,-83.00997488868612,0.21355430087043006,-1.913435476170255,0.12273068349271399,-0.49672045246116797,-0.39103514434406517,0.00028053345264666886,0.13307461707630036,0.021050666519894415,0.02156725434319329,24.275
2434,0.9196600541045201,-83.02590129652489,0.12739839510682957,-1.9092287850933372,0.11492923133567468,-0.4991538442865939,-0.3903065771858141,0.0003004872375052647,0.13371085450414538,0.021127204142028254,0.021075927124619788,24.283333
2435,0.9203645998693749,-83.04180141771869,0.04110160811661251,-1.907137284049049,0.10703583779728056,-0.5011868608930247,-0.38994560206678863,0.0003230980252380353,0.13433861539435715,0.021168647642112837,0.02064152851201333,24.291667
2436,0.920349746081926,-83.05769281150506,-0.04524219769568168,-1.907147081529732,0.0990569807423172,-0.5028187723236812,-0.38995321442593894,0.0003483502393319585,0.13495823585548036,0.02117531627795997,0.020260213076642167,24.3
2437,0.9196154885391652,-83.07359297994257,-0.13153937091882556,-1.9092584297063488,0.09099899871391312,-0.5040482629201674,-0.3903294039093484,0.0003762180355554978,0.13556999217399696,0.021147535598731976,0.01992891488525,24.308333
2438,0.918162603970737,-83.08951948571399,-0.21769607117815154,-1.9134857346989864,0.0828681288368925,-0.5048734235692165,-0.39107315437469076,0.00040666529947637074,0.13617410010981312,0.021085637056530666,0.019645311541064976,24.316667
2439,0.9159926532734642,-83.10549007063227,-0.3036178675479482,-1.919857716253889,0.07467054602132424,-0.5052917512933219,-0.392182442630729,0.00043964561405042396,0.13677071359692966,0.020989959590622994,0.019407807656102487,24.325
2440,0.9131079881108628,-83.12152277610494,-0.3892093319291131,-1.9284177197857992,0.06641240311291931,-0.5053001562354007,-0.3936542359701555,0.0004751021970206327,0.13735992278436412,0.020860853131060522,0.019215538022084172,24.333333
2441,0.9095117609342402,-83.13763606684775,-0.47437362381918213,-1.9392241864258768,0.05809987163263035,-0.5048949760691833,-0.39548448861158986,0.0005129678078380977,0.13794175133997086,0.02069868400084904,0.01906839158990877,24.341667
2442,0.9052079385128321,-83.1538489591976,-0.5590120626171323,-1.952351289497266,0.049739182742244176,-0.5040719978470403,-0.39766813722327204,0.0005531646237113069,0.13851615292306388,0.020503842230169975,0.018967058300861917,24.35
2443,0.900201319094183,-83.17018115545604,-0.6430236831959408,-1.967889748765435,0.0413366680675035,-0.5028264872744703,-0.4001990957564673,0.0005956040841865393,0.13908300671516363,0.02027675083561489,0.018913101888245108,24.358333
2444,0.8944975533537031,-83.1866531858029,-0.726304769928949,-1.9859478369206514,0.032898800003499366,-0.5011532253749799,-0.40307024987039725,0.000640186703343371,0.13964211187631703,0.020017877165094126,0.018909063050699393,24.366667
2445,0.8881031693352331,-83.20328655945278,-0.8087483636547433,-2.006652596084992,0.024432231121268837,-0.4990465524795709,-0.40627345128212833,0.0006868018482291899,0.14019318077113188,0.01972774646865995,0.01895859896896807,24.375
2446,0.8810256016339146,-83.22010392689069,-0.89024373518791,-2.030151285730314,0.015943832287469355,-0.4965004194411594,-0.40979951242374835,0.000735327481529858,0.1407358307799128,0.01940695793157248,0.019066667097784394,24.383333
2447,0.8732732251302481,-83.2371292552173,-0.9706758179030337,-2.0566130872719173,0.007440729103008111,-0.49350844593515397,-0.41363820183474936,0.000785629865647404,0.1412695744780878,0.01905620350466469,0.019239763642983347,24.391667
2448,0.8648553936517669,-83.25438801886105,-1.0499245906044223,-2.086231094774519,-0.0010696637385628,-0.49006398566275766,-0.4177782407591603,0.000837563224295195,0.14179380792876697,0.018676289996582395,0.01948623029623078,24.4
2449,0.8557824840183497,-83.27190740817915,-1.127864400305766,-2.1192246256565777,-0.00957961057676172,-0.4861601982229517,-0.4222073014539398,0.0008909693563859437,0.14230779678986796,0.0182681650636968,0.01981664685866671,24.408333
2450,0.8460659460213134,-83.28971655876971,-1.2043632126371542,-2.1558418899490452,-0.01808102579936747,-0.4817901273622488,-0.426912007746691,0.0009456771953333938,0.14281065988588398,0.017832947960973098,0.020244332614271346,24.416667
2451,0.8357183589979328,-83.3078468046593,-1.2792817753196202,-2.1963630614359446,-0.02656544815241092,-0.47694678524816636,-0.4318779384060976,0.0010015023048677504,0.14330134983734585,0.017371966220352746,0.020785986065344035,24.425
2452,0.8247534957952438,-83.32633195891074,-1.3524726774409643,-2.2411037986616362,-0.03502401874649618,-0.47162324234295694,-0.4370896339067785,0.001058246300029626,0.1437786302749912,0.016886799828421194,0.02146250136402292,24.433333
2453,0.8131863950737613,-83.34520862561233,-1.4237792840668233,-2.2904192679746953,-0.043447463151908644,-0.4658127223788368,-0.4425306071806563,0.001115696179110106,0.14424104909249713,0.016379335017405027,0.022300011029297993,24.441667
2454,0.8010334430874291,-83.36451654766097,-1.4930345219606531,-2.3447087239188984,-0.05182607796238221,-0.45950870185512505,-0.44818335894860595,0.0011736235489105927,0.14468690711155796,0.015851830510103426,0.023331219026292656,24.45
2455,0.7883124662957175,-83.38429899521607,-1.5600594878001042,-2.404420703491166,-0.060149722185272946,-0.4527050133923979,-0.4540293982182469,0.0012317837217858934,0.14511422144803246,0.015307000033608303,0.024597106843636394,24.458333
2456,0.7750428364227053,-83.40460320016899,-1.6246618452110644,-2.470058888716578,-0.06840781378811445,-0.44539595218980826,-0.4600492685155197,0.0012899146585273276,0.1455206827810366,0.014748116223769477,0.02614911880289827,24.466667
2457,0.761245589882033,-83.42548084240028,-1.686633971166147,-2.5421886846245565,-0.07658933169222865,-0.43757638474082206,-0.466222580388477,0.0013477357263204067,0.1459036056459873,0.014179142796184619,0.028051962503125232,24.475
2458,0.7469435638416982,-83.44698859392952,-1.7457508058348268,-2.6214445440619776,-0.0846828234515272,-0.42924185887204064,-0.4725280506809651,0.0014049462359621632,0.14625987080701214,0.013604904211575833,0.03038719698206766,24.483333
2459,0.7321615516140348,-83.46918872722124,-1.8017673529423552,-2.708538042475309,-0.09267641878905879,-0.42038871408180845,-0.4789435490212584,0.0014612237175969163,0.1465858587338921,0.01303130521345884,0.03325782537589281,24.491667
2460,0.7169264805276777,-83.49214979375412,-1.8544157703640145,-2.8042666584857927,-0.10055784907695371,-0.41101419107439235,-0.4854461519061404,0.001516221890050342,0.1468773732392142,0.012465616823473188,0.036794160019550264,24.5
2461,0.7012676159704404,-83.51594737830487,-1.9034019835743734,-2.9095231406384365,-0.10831447273634276,-0.4011165393164553,-0.4920122046846385,0.001569568276435961,0.1471295544646496,0.011916850974115,0.04116128322029726,24.508333
2462,0.6852167958794136,-83.54066493295309,-1.9484017486183542,-3.025305224126866,-0.11593330639533836,-0.3906951213927406,-0.49861739165832997,0.0016208614197341337,0.14733678070507084,0.011396253343246886,0.04656847913617914,24.516667
2463,0.6688087005817192,-83.56639469216519,-1.9890560880378974,-3.1527252852926426,-0.12340106146776042,-0.37975051291776596,-0.5052368144180744,0.0016696676590947069,0.14749255911417597,0.010917953593553006,0.053281046036267724,24.525
2464,0.6520811635238157,-83.59323866587091,-2.0249660252170933,-3.2930192609251674,-0.13070418559574912,-0.36828459678413444,-0.5118450784322337,0.0017155174446794913,0.14758940627552297,0.010499824585332744,0.061634884318659024,24.533333
2465,0.6350755290098733,-83.62130970036257,-2.055686553914944,-3.4475537794247115,-0.1378289081256929,-0.356300650616474,-0.5184163877918567,0.0017579012019444556,0.1476187211308268,0.010164617572107449,0.07205414070326152,24.541667
2466,0.6178370634993127,-83.65073258595096,-2.0807198065310915,-3.6178299062845003,-0.14476128845047964,-0.3438034264817333,-0.5249246479082275,0.0017962648142354693,0.14757065507562742,0.009941458847967925,0.0850718807052161,24.55
2467,0.6004154271252214,-83.68164517400282,-2.099507436228132,-3.8054811395400505,-0.15148726564737508,-0.3307992222208489,-0.5313435758534802,0.001830004888249338,0.1474339874815571,0.009867813763817497,0.1013531068498177,24.558333
2468,0.5828652116290444,-83.71419944213307,-2.1114223181285885,-4.0122622336825735,-0.15799270737406224,-0.31729594426602314,-0.5376468179436634,0.001858464118273046,0.14719601987270622,0.00999204340520101,0.12171819737013467,24.566667
2469,0.5652465494653826,-83.7485624122144,-2.115759822961837,-4.240024011765434,-0.16426345548153465,-0.3033031625570145,-0.5438080740961642,0.001880927296460894,0.14684250890303135,0.010376690547613135,0.14716264997198938,24.575
2470,0.5476257958246826,-83.78491677823608,-2.1117291495118997,-4.49066749004893,-0.17028536532744618,-0.2888321592412556,-0.5498012284629167,0.0018966188587635903,0.14635766753390247,0.01110262070269148,0.17886538977681543,24.583333
2471,0.5300762799064495,-83.82346103636458,-2.098445554541403,-4.766068390143968,-0.17604433546024306,-0.2738959742996294,-0.555600485862655,0.0019047033455881325,0.14572427554771733,0.012274084992548043,0.2181722773940311,24.591667
2472,0.512679112791854,-83.8644088248314,-2.074924831030815,-5.0679605886931425,-0.18152632444118816,-0.25850945309276446,-0.561180513625119,0.001904290827723693,0.14492395431626565,0.014024618995337038,0.2665334137885583,24.6
2473,0.4955240252124128,-83.90798707562989,-2.040082096857146,-5.397764662351109,-0.18671735248059854,-0.2426893029527636,-0.566516588628204,0.001894450219842947,0.1439376749618204,0.0165233731668043,0.32536267163089927,24.608333
2474,0.47871018762421796,-83.9544324577939,-1.9927378870204167,-5.756346308569577,-0.19160348789404305,-0.22645416795422552,-0.5715847495507528,0.00187423444662967,0.14274658008187735,0.019980881495167274,0.39577775343489446,24.616667
2475,0.4623469355268687,-84.00398546780836,-1.9316356602161462,-6.143690681090412,-0.1961708229120454,-0.20982473199686122,-0.5763619546400129,0.001842722508095937,0.14133320044513598,0.024652289077151415,0.4781750318674737,24.625
2476,0.44655428385728774,-84.05688142845274,-1.8554759889218264,-6.558485170390418,-0.2004054508738609,-0.19282385867243726,-0.5808262455009385,0.0017990842908296477,0.13968312929969587,0.030834576391172312,0.5716079944146855,24.633333
2477,0.43146306645611665,-84.11333765086499,-1.7629735573953842,-6.997618430163745,-0.20429346755808492,-0.1754767694964482,-0.5849569173504867,0.0017426738757544496,0.13778716520727918,0.03885239262232396,0.6729917653923151,24.641667
2478,0.41721448496332403,-84.17353618483136,-1.6529430133547012,-7.455631225225486,-0.20782103210726896,-0.15781124673084912,-0.5887346955081929,0.0016731551060278399,0.1356438380772182,0.04902520033955014,0.7762728829237908,24.65
2479,0.40395880754438795,-84.2376020430943,-1.5244177622261539,-7.9241966582100565,-0.21097453352465975,-0.13985782066503966,-0.5921419161644258,0.001590657978317345,0.13326209142242498,0.06160775956118085,0.8718919723511084,24.658333
2480,0.39185294176532254,-84.30557764308405,-1.3768008666562515,-8.391759132013439,-0.21374090878213545,-0.12164986509372258,-0.5951627062507076,0.0014959547447945484,0.13066373032744566,0.07669879711805318,0.9470807172802925,24.666667
2481,0.38105664593990807,-84.37739549068795,-1.2100386074489422,-8.843507488985907,-0.21610813661904907,-0.10322348860417384,-0.5977831524586709,0.0013906302155327374,0.12788511809654673,0.09412195149403996,0.9876235769356112,24.675
2482,0.37172726880980367,-84.45285267663854,-1.024795580819725,-9.261869245668379,-0.2180658778099012,-0.0846170953360914,-0.5999914439288948,0.0012772039359139047,0.12497760071248568,0.11330053145464812,0.9814276966822983,24.683333
2483,0.3640131338711527,-84.53159213244149,-0.8225983705460612,-9.62765484345359,-0.2196061523230852,-0.06587052841167187,-0.6017779690422516,0.0011591489954780438,0.12200632381469502,0.13317022616777144,0.9233812399300211,24.691667
2484,0.358045992561793,-84.61309612019305,-0.6059081962229731,-9.921834274193778,-0.22072386631047833,-0.0470238250096967,-0.6031353474954122,0.00104075325833781,0.11904745513386386,0.1521901158383591,0.8197201065405886,24.7
2485,0.35393329132189666,-84.69669643729748,-0.3780874331498428,-10.127718668146013,-0.2214169811351715,-0.02811578791284261,-0.6040583875843686,0.0009267935721814408,0.1161841748981712,0.168503681774064,0.6892748774353585,24.708333
2486,0.351751223503156,-84.78160307589329,-0.14324325781964128,-10.2331267253632,-0.2216862006829198,-0.009182738445041288,-0.6045439755860794,0.0008220436713557165,0.11350193220419083,0.18025456336889165,0.5596351468129274,24.716667
2487,0.35153956340111825,-84.86694915906276,0.09403995060446353,-10.232042276071128,-0.22153423503449277,0.009742151235386154,-0.6045909244050799,0.0007306983592731215,0.11108331611150969,0.1859866769534634,0.45876285095103553,24.725
2488,0.3532990610850211,-84.95184616330684,0.3290394299016577,-10.125371514375288,-0.22096489176626105,0.02862871110326424,-0.6041998230579768,0.0006558425075327659,0.10900266505073876,0.1849955931537313,0.4055528686050081,24.733333
2489,0.35699176046405917,-85.03544111350993,0.557246697709946,-9.920651084352201,-0.21998232928077185,0.04744888326956344,-0.6033729285911636,0.0005990960198222746,0.1073205764463592,0.1774959171276219,0.40395091270102784,24.741667
2490,0.3625441109330282,-85.11696735710885,0.7746762693186177,-9.630834228076518,-0.21859071759701343,0.06617545080739792,-0.6021141258655708,0.0005605173393750935,0.10607888306891475,0.16454117727082543,0.4433422622446108,24.75
2491,0.3698523141952192,-85.19578249648157,0.9780874515562487,-9.272483754577612,-0.216794345936008,0.08478085840436725,-0.6004289552431638,0.0005387685516235505,0.10529711025996669,0.14773814130757193,0.5043473157555809,24.758333
2492,0.378789082190083,-85.27139019963916,1.1650992002988936,-8.863775430335625,-0.21459802314006066,0.1032364872617848,-0.5983246851319318,0.0005314713412934088,0.10497143900864143,0.12887414196454894,0.5665116589611052,24.766667
2493,0.38921091286085646,-85.34344586660096,1.3342010134940676,-8.422673078313085,-0.21200753869400168,0.12151250819422489,-0.5958103948113526,0.0005356452510916795,0.10507661411656263,0.10958661685055054,0.6142546479881458,24.775
2494,0.4009650915556174,-85.41174869276304,1.4846800040715196,-7.96552069245565,-0.20902999827374508,0.13957821494559772,-0.5928970352517196,0.0005481254129126503,0.10557036889391289,0.09115551395311748,0.6393495618070847,24.783333
2495,0.41389583666665214,-85.47622413394068,1.6164932378644592,-7.506156319749526,-0.20567395486569715,0.15740262745286152,-0.5895974472780889,0.0005658918988218435,0.10639927570957601,0.07443176518184762,0.6403508570562287,24.791667
2496,0.427849259393618,-85.53690111393162,1.7301153355853298,-7.055528193070235,-0.2019493528611366,0.1749551573518293,-0.5859263302420918,0.0005862848397675515,0.10750475754476971,0.059868228027900885,0.6204264718209141,24.8
2497,0.44267703945475584,-85.59388777959136,1.8263862030583025,-6.621711626187071,-0.1978673522026224,0.1922061954746085,-0.5819001650021247,0.0006071121068572387,0.10882826377858351,0.04760492941917245,0.5849623998785939,24.808333
2498,0.458238892994907,-85.64734859435484,1.906375601471565,-6.210192316705808,-0.19344010462078123,0.20912755907872302,-0.5775371006559462,0.0006266738567531316,0.11031508217342013,0.03756811195423775,0.5397141929832634,24.816667
2499,0.47440401328540405,-85.69748444658437,1.9712730110197747,-5.824288170413546,-0.1886805341782755,0.2256927938843314,-0.572856815868403,0.0006437326560733015,0.1119166949557358,0.029558375295140018,0.48971588242389996,24.825
2500,0.49105170671389803,-85.74451649212646,2.022304721352108,-5.4656102643510875,-0.18360214909513506,0.24187735562541565,-0.5678803644776812,0.0006574543443498009,0.11359187292107813,0.023317664984644333,0.4388290907578463,24.833333
2501,0.5546956261932527,-85.07323608644337,2.250706689255075,-3.8155610072324926,-0.32860748907379256,0.08398933396032017,-0.5474170463015554,0.0005137108116182744,0.004440175957885095,0.012301955659007283,0.26415215542908027,24.841667
2502,0.6213875345301951,-85.2179216608008,2.214851837127746,-2.9884842959504523,-0.34604147862495205,0.1442362985000389,-0.5235968849621477,0.0003367669717578293,0.0019376788599418057,0.010564749553441078,0.1889458681270888,24.85
2503,0.6591263108819907,-85.2600964785914,2.1682185029377443,-2.5904184518080706,-0.35730852722190815,0.16694751829871424,-0.5090792228960159,0.00024949639342966475,0.0011794214875847408,0.00955790913321973,0.1504022119790385,24.858333
2504,0.683819895074816,-85.28725751217715,2.112910914115071,-2.39405860640461,-0.3637745898482439,0.1821639643118932,-0.4991861882733909,0.00019750080175566146,0.0008488484870965527,0.008874845768275078,0.1254156789336876,24.866667
2505,0.701836424001242,-85.30981102581589,2.053553826015822,-2.2943900767110077,-0.36746401437869747,0.19449750251420528,-0.49177579477687716,0.00016301274032763083,0.0006751807460171212,0.008373120241712034,0.10714249580391985,24.875
2506,0.7158927390379508,-85.33055129395015,1.9917523202520993,-2.245998577719931,-0.36935639388186675,0.20541611345779234,-0.4858833062644556,0.0001385430690607403,0.0005735800326152126,0.007992030246375672,0.09282661536240677,24.883333
2507,0.7272974573875638,-85.3508998346154,1.9277184110204215,-2.2277509654381102,-0.36986345490264794,0.215666315077505,-0.48103178475477826,0.00012039594749563824,0.0005099290727699376,0.007700119646305352,0.08113901192364958,24.891667
2508,0.7368054529911426,-85.3710254112087,1.8613820584689666,-2.225770716895219,-0.36933572353392774,0.22543861126482406,-0.47693927134244,0.00010654285108523484,0.0004680569436783554,0.007477728755311027,0.07135607062703506,24.9
2509,0.7447760939712232,-85.391085738249,1.7922348407619264,-2.232885218728338,-0.36793214447086836,0.23483961637948889,-0.4734752415066733,9.578105424072892e-05,0.0004393802901082348,0.007310588649835099,0.06304401847119705,24.908333
2510,0.7514591635636616,-85.41121462195245,1.719606508328846,-2.24439741671005,-0.3657552008787822,0.24394795817933873,-0.47054759526136486,8.73532911095366e-05,0.0004189976594293602,0.007186787294571694,0.05591988416037911,24.916667
2511,0.7569892239965424,-85.43134407161955,1.6427963224385367,-2.256888521925623,-0.36290068899930944,0.25274379425937316,-0.4681091508005395,8.075746668580423e-05,0.0004039624416409032,0.007095672085578293,0.04978433468136015,24.925
2512,0.7614389048098347,-85.45139804901856,1.5611182888646313,-2.2681519978357256,-0.3594410286053214,0.2611919611821226,-0.466136695664464,7.564419399610134e-05,0.00039245254137743664,0.007027484879926779,0.044486952796131914,24.933333
2513,0.7645779301201252,-85.4715727729766,1.4735003857138544,-2.279785703697862,-0.355263122375864,0.269272468196357,-0.46473967382524367,7.1758224393806e-05,0.0003833248187612723,0.006973310187465874,0.03990792103159245,24.941667
2514,0.766494245164679,-85.4917695866556,1.3796280201070048,-2.289851090312137,-0.35045069088932623,0.27694391985095035,-0.4638845666637169,6.890354522165458e-05,0.0003758915669358115,0.006925209201409536,0.03594813697828699,24.95
2515,0.767111228773928,-85.51188246282157,1.2790184335485892,-2.2979039894537383,-0.34503092233062277,0.28411788368437224,-0.46360889064209443,6.692158929370246e-05,0.00036971230327251107,0.006876368541544821,0.032523455538631285,24.958333
2516,0.76634803912426,-85.53191988037828,1.1714292582225356,-2.304202827332241,-0.3390003794389637,0.29074348811381484,-0.46394986748101424,6.567819203509002e-05,0.0003645222570543038,0.006821156396869549,0.02956188341195162,24.966667
2517,0.7641379458303957,-85.5520375649365,1.0569978212312439,-2.3096834184499406,-0.33231753712073697,0.29682031889932015,-0.4649357649036194,6.505537467154396e-05,0.00036016865292909584,0.006755174266681956,0.027001476320320607,24.975
2518,0.7604152934107027,-85.57211081396068,0.9359060865361643,-2.3142515524409464,-0.32502312872674294,0.3022500183280707,-0.4665912610512118,6.494644702535813e-05,0.00035656828620829494,0.006675275841025337,0.024788771815895318,24.983333
2519,0.7551216656401706,-85.59236315884604,0.8087664369643246,-2.319313440073011,-0.3170568550734874,0.3070474537208501,-0.46893424324786953,6.525335931163212e-05,0.0003536825036139365,0.006579482869239529,0.022878043050156966,24.991667
2520,0.7482209332420872,-85.61257565880649,0.6761001327614602,-2.3245946318848056,-0.3085003202431193,0.31108764073004097,-0.4719687965013258,6.588551096416945e-05,0.0003515007397299762,0.006466943049173477,0.021230083114012636,25.0
2521,0.7397097899166054,-85.63322039872475,0.5391833677734021,-2.3324182596444767,-0.2992327331656054,0.3144682822798773,-0.475680547760979,6.675949489635511e-05,0.00035002951992923093,0.0063377423970990224,0.019811849996287368,25.008333
2522,0.7296433706945729,-85.65407609571679,0.3991028823971101,-2.3425144523328445,-0.28936713123968294,0.31708698262699886,-0.48002606333679576,6.779936450435027e-05,0.00034928406261260406,0.006192860283807328,0.018595069155956937,25.016667
2523,0.718006247999735,-85.6752684037142,0.2567803056753771,-2.3561130750247936,-0.2788865773702432,0.318920803650425,-0.4849889799136456,6.893713247998706e-05,0.0003492813663440096,0.006033900004103388,0.017556164624769097,25.025
2524,0.7048393782063653,-85.69721593369364,0.11361155334871673,-2.3752880699818832,-0.2676998864848603,0.3200381972301078,-0.4905250613023718,7.01132755226063e-05,0.00035004881408628877,0.005862985973554051,0.016675749388024623,25.033333
2525,0.6903991218274662,-85.71956866320038,-0.02847875335079083,-2.399406620447034,-0.2560307999958792,0.32037438561507714,-0.4964987363239024,7.127705945147978e-05,0.00035161772853760213,0.005682637665958725,0.0159377675479306,25.041667
2526,0.6746086536151427,-85.7427020292126,-0.16907312809675873,-2.4306564922266607,-0.243769362794038,0.3199345306392091,-0.5029124243281903,7.23866317027672e-05,0.0003540022298430409,0.00549548915792978,0.015328993143070504,25.05
2527,0.6577852177304317,-85.76650163153393,-0.3059833450568424,-2.4692962014313387,-0.23108747354377288,0.31874929116838513,-0.509607674222836,7.340882832468646e-05,0.0003572407249554133,0.005304299970450044,0.014839567785466037,25.058333
2528,0.6399626239496802,-85.79124276698839,-0.4385362133351685,-2.5171188714643775,-0.217948650476349,0.3168343954513192,-0.5165431872462701,7.43187016907317e-05,0.0003613503071320371,0.00511174067860114,0.01446154443793264,25.066667
2529,0.6212900351201461,-85.81711838102252,-0.5655761420315952,-2.575592245632668,-0.20438309217463624,0.31422617685303655,-0.5236334348468005,7.509882615461383e-05,0.00036636370181419403,0.004920393973479059,0.014189707238120505,25.075
2530,0.6018344027555507,-85.84436802158233,-0.6864861278985943,-2.64649124958375,-0.1903890274969472,0.3109300153015302,-0.5308267669111618,7.5738442238459e-05,0.0003723151754743983,0.004732672244508407,0.01402109216017931,25.083333
2531,0.5819008206620073,-85.8727453099302,-0.7997969741543953,-2.7301065015197423,-0.17618721075992072,0.3069675221551486,-0.5379884011598834,7.623250689451483e-05,0.00037925146698798343,0.004550795103124033,0.013955422328077983,25.091667
2532,0.5615492255717061,-85.9026234695059,-0.9050682423544653,-2.8287999739499328,-0.16173991173848812,0.3023753840913799,-0.5450796645651135,7.658069274580831e-05,0.00038720302015754894,0.004376692045752595,0.01399450879254003,25.1
2533,0.540859215980128,-85.93434389908927,-1.0018016013209303,-2.9449972624665812,-0.14703529156866918,0.29717966519197647,-0.5520574085235169,7.678640855502616e-05,0.0003962162632993914,0.0042121101437399625,0.014143303015767788,25.108333
2534,0.5200893036221003,-85.96770426946071,-1.0889955436955367,-3.07956884362732,-0.1322729100452299,0.2914132248437467,-0.5588244110007494,7.685588699794772e-05,0.0004063501702317249,0.004058618594090063,0.014410428430387114,25.116667
2535,0.4992044971725408,-86.00326874392651,-1.1666600485022163,-3.2361149255323953,-0.117358380454095,0.2850762145294288,-0.5653857754867583,7.679732203352772e-05,0.00041765235139187623,0.003917541926237474,0.014808366582471014,25.125
2536,0.4785634388182542,-86.04093485557352,-1.2332962088978305,-3.415803336485043,-0.10248451423288145,0.2782814273729927,-0.5716282744911243,7.662011127845155e-05,0.00043019954347295753,0.003790121565543586,0.015355939710794233,25.133333
2537,0.4581353829980393,-86.08101874379038,-1.2890611648046497,-3.621933182767385,-0.08763864916147489,0.27099597754804067,-0.5775665849076916,7.633414764709394e-05,0.00044404040726822884,0.0036773978503533613,0.016077707943613635,25.141667
2538,0.4379690819584068,-86.12402447051673,-1.333490264710321,-3.8584388572666004,-0.07278742710045463,0.2632320482818961,-0.5831924141219719,7.594919052580557e-05,0.00045925280605112277,0.0035803505162593985,0.017008834505638303,25.15
2539,0.418364775627962,-86.16975191507267,-1.3654090095589804,-4.126439377012765,-0.05812694872616502,0.25508632587422275,-0.5884341397809747,7.547432375615001e-05,0.00047593056252268247,0.003499920175126566,0.01819797800725734,25.158333
2540,0.3993433715201816,-86.21871362600267,-1.3843997592720232,-4.42982370996903,-0.043614995334671586,0.24655782622430805,-0.5933038708667764,7.491735423598026e-05,0.0004941426877675725,0.003436849059236335,0.01970913108639671,25.166667
2541,0.3809630396300345,-86.27149066534754,-1.3896825639384913,-4.772446244768262,-0.029212176178657272,0.237650298163663,-0.5978055680751303,7.428422569248366e-05,0.0005139776868431598,0.003391830010963179,0.021628526532549656,25.175
2542,0.36343310979200405,-86.32812426975036,-1.3801311485197472,-5.155045304575765,-0.015023430792221607,0.22842971858884675,-0.6019108512634173,7.357848122166404e-05,0.0005355357417933149,0.0033654514636575323,0.02406942420562115,25.183333
2543,0.3469552529148962,-86.38860029743907,-1.3546936888867693,-5.57649624441384,-0.0011381528589614602,0.21897143034554192,-0.6056011310891825,7.280061583205784e-05,0.0005588992393858946,0.003357964472760316,0.027172011640134483,25.191667
2544,0.3316067005771117,-86.45347961760939,-1.3123427000892207,-6.036178961391339,0.012505060315120001,0.20928058816463718,-0.6088906072193747,7.194735400823068e-05,0.0005841285287245182,0.0033691497422111572,0.031096594379420764,25.2
2545,0.31744173002302356,-86.5231840050946,-1.252180024429792,-6.530904877320518,0.025935149192164157,0.19932803074810473,-0.6117991638360278,7.101111475763527e-05,0.0006112766357999883,0.00339833321200626,0.03600559654168475,25.208333
2546,0.3047057757878025,-86.59758332072829,-1.1730839662739863,-7.049629372332798,0.039099441947755324,0.18920246940885374,-0.614309508216311,6.997986417221823e-05,0.0006403793146904983,0.003444219288764845,0.04202415593964006,25.216667
2547,0.2935136894934218,-86.6767236002854,-1.074515746173706,-7.5785419447437095,0.05201225494992856,0.17890562232309878,-0.6164333024036002,6.883729380100098e-05,0.0006713843496556893,0.0035044837905474986,0.04915594706015897,25.225
2548,0.28402646916832097,-86.76031674922436,-0.9564103409081124,-8.096959835205084,0.06466971509050261,0.16847055261052044,-0.6181731258549009,6.75638884869556e-05,0.0007041308033915185,0.0035758509014816894,0.0571855271541208,25.233333
2549,0.2764010384166228,-86.84766322428497,-0.8196775714949768,-8.57825383658682,0.07705075312284318,0.15794552645447021,-0.6195311975939735,6.613926448858386e-05,0.0007382628731224124,0.003653954956592857,0.06557539598797141,25.241667
2550,0.2707162784674042,-86.93825038908109,-0.6659845190899782,-8.995194742707842,0.0891974846931591,0.14731257610256657,-0.6205202062160742,6.454580660778543e-05,0.00077313449443366,0.0037333301506910733,0.07343463265901212,25.25
2551,0.26705251508992983,-87.03106845879199,-0.4982368699710033,-9.319655521434413,0.10111378822366333,0.13658307274496476,-0.6211469864264044,6.277353812982373e-05,0.0008077361675999991,0.0038075834991811814,0.07963269654869343,25.258333
2552,0.26546438567193525,-87.12486404065736,-0.3204044559444572,-9.527836083859725,0.11280267964812356,0.1257780405172062,-0.6214160865827782,6.082512342877836e-05,0.0008406484337219353,0.003869372391289175,0.08307924868954203,25.266667
2553,0.26589891535709004,-87.218296289507,-0.13739233007085008,-9.607115566638155,0.12424355378992273,0.1148886792387097,-0.6213426135397728,5.871941579156235e-05,0.0008701045974726957,0.003910717561911494,0.08308621872106875,25.275
2554,0.2683507104390552,-87.3099730893284,0.04579768150370392,-9.553414155166882,0.13544776703178468,0.10395914337767145,-0.6209258503157074,5.6492352084571744e-05,0.000894215008099664,0.003923866315140062,0.07963506871097739,25.283333
2555,0.27267974699883957,-87.39860514767203,0.22408304403621207,-9.377420317665067,0.14638563543937874,0.0930023609278957,-0.6201808762569568,5.419384447047448e-05,0.0009112358244017762,0.0039024444843091563,0.07337273441591997,25.291667
2556,0.27875178271808226,-87.48314793691695,0.39323256998709094,-9.097783946683224,0.15705095598744945,0.08205136783542329,-0.6191163726923754,5.188186821290469e-05,0.0009199234907602853,0.003843029913113967,0.06536376133516117,25.3
2557,0.2864136294693909,-87.56274824749971,0.5499278965447887,-8.738301247566524,0.16743895883125223,0.0711566956635205,-0.6177405866573407,4.961492442389756e-05,0.0009197376599828852,0.003745997243185743,0.05672848687878799,25.308333
2558,0.29545843462505306,-87.63699391664574,0.6920522797441164,-8.325381824387092,0.1775389725665859,0.06033589499093008,-0.6160698058431727,4.744505259003134e-05,0.0009108961379382598,0.0036155255653938386,0.04836401864450021,25.316667
2559,0.3057218275025259,-87.70557916058601,0.8184599044604398,-7.8819593745818555,0.18735887444884525,0.04964396787711679,-0.6141128896991804,4.5413106871011735e-05,0.0008942876183555481,0.003458678247360212,0.0408250788699974,25.325
2560,0.31700386975939565,-87.76858216178924,0.9289620769492312,-7.4282722895850775,0.19689633034079546,0.03909605808214509,-0.6118871186883786,4.3546571223055015e-05,0.0008712422320388572,0.003283919967743563,0.03435178351372737,25.333333
2561,0.3291086838783081,-87.82632480174017,1.0240736959829364,-6.979887681729085,0.20614577371842246,0.028686721499102886,-0.609412425754239,4.1859923787439204e-05,0.0008433131345686256,0.003099722829840238,0.028961266448605572,25.341667
2562,0.3418740369878103,-87.87898832140542,1.1045098737832844,-6.5473809966140655,0.21510378909168265,0.01845928476107579,-0.6067059645334884,4.0356565479708257e-05,0.0008120692431250283,0.0029135144334609428,0.02454815298977583,25.35
2563,0.3551879356151582,-87.92698530253095,1.1714351754311867,-6.136798291494827,0.22379426843705963,0.008420648723013407,-0.6037778819779713,3.903144670565096e-05,0.0007789386518057304,0.0027311260900333414,0.020961067132346335,25.358333
2564,0.36890677486566764,-87.97082718416956,1.2260621855672316,-5.75229516335475,0.23220992010775587,-0.0014473561584012254,-0.6006487915909766,3.7873736797817814e-05,0.0007451136392466907,0.002556682300772143,0.018045935152127296,25.366667
2565,0.38291830071864036,-88.01094397886514,1.2695499697563493,-5.395512128503836,0.24034896603700648,-0.011148081525357055,-0.5973362599735981,3.686924499482938e-05,0.0007115422006672837,0.0023927791633019117,0.015666190238014226,25.375
2566,0.3971325507016945,-88.047766688127,1.3030191194116496,-5.066469625829791,0.2482124574567536,-0.02069215841690115,-0.5938559785161123,3.600225230618795e-05,0.0006789277288948422,0.0022407662137604923,0.01370967844177844,25.383333
2567,0.4114411673457652,-88.08162518797003,1.3273903676612857,-4.764756992017961,0.255783247720422,-0.030071956796973207,-0.5902314124781858,3.5256816904989755e-05,0.0006477548903494773,0.002101066828011603,0.012087803551071152,25.391667
2568,0.42582874053662734,-88.11278850487854,1.3436199030252578,-4.488151168099936,0.2630943315329011,-0.03927700458913705,-0.5864650051808384,3.461763823451022e-05,0.0006183363649857083,0.0019734691669747273,0.010731912512056284,25.4
2569,0.44018562669783823,-88.14176200924072,1.3525285802734512,-4.235626252393384,0.2701068211751096,-0.04836126278944219,-0.5825856212541535,3.40705012374307e-05,0.0005908279590732948,0.0018573602431101342,0.009589294612954151,25.408333
2570,0.4544645017442047,-88.16873184688006,1.3547730694557836,-4.005272507113702,0.2768227268760559,-0.05730818411709409,-0.5786082116545753,3.3602557457922916e-05,0.0005652949255541238,0.0017519090226201448,0.008619120797640017,25.416667
2571,0.4686077751406206,-88.19396487044608,1.350958084485762,-3.795368267362611,0.2832299884882405,-0.0661284025304734,-0.5745522784531611,3.320236226742368e-05,0.0005417244629345442,0.0016561849074720621,0.007789821579861065,25.425
2572,0.48259928597206964,-88.21768040971482,1.3416701728614888,-3.603847971415635,0.2893371763872045,-0.07483180808499036,-0.5704267801699101,3.2859842247282895e-05,0.0005200543215557012,0.0015692412096430647,0.007076704782389536,25.433333
2573,0.49637680247664256,-88.23997799801602,1.327292958458468,-3.429344902086158,0.29513222963601987,-0.08339341961099313,-0.5662552580521054,3.256619093930587e-05,0.0005001840006370517,0.0014901675703634172,0.006460286887957972,25.441667
2574,0.5098915444870862,-88.26120946813393,1.3082887914152876,-3.2704424313329046,0.30058687995759065,-0.09186878633344614,-0.5620588637954042,3.23137635092996e-05,0.00048200034982694444,0.001418117367422415,0.005925035421022334,25.45
2575,0.5230893712156214,-88.2816185930774,1.2850118537457529,-3.1259243813087485,0.305671533197106,-0.10028781993279288,-0.5578617925992587,3.209594402951059e-05,0.0004653835770615841,0.0013523210920369612,0.005458401483772349,25.458333
2576,0.5359627325978471,-88.30102655262537,1.2577360502562163,-2.9942715765602452,0.310421304792293,-0.10856294178950832,-0.553674285006138,3.190702276482883e-05,0.0004502148519634627,0.0012920896784871883,0.005050178024801858,25.466667
2577,0.5484805463814445,-88.31972334438787,1.2268077074694104,-2.874358695451351,0.31481138343795895,-0.11674840479544261,-0.5495144361266571,3.174207399920136e-05,0.0004363733987410214,0.0012368145961743529,0.004692041133863853,25.475
2578,0.560604492788982,-88.33770848109074,1.1924438210062684,-2.7652298867835485,0.31884161242590037,-0.1248106056422446,-0.5454033842770579,3.159686044817469e-05,0.0004237448534367279,0.00118596187480612,0.004377089515550166,25.483333
2579,0.5723114502456083,-88.35512018066402,1.15490907939442,-2.66592838972618,0.32250267613980027,-0.13276460709458252,-0.5413576411778892,3.146774339221243e-05,0.0004122242085013091,0.0011390650131292766,0.004099587710940121,25.491667
2580,0.5835631782163777,-88.37211995684865,1.114419332914395,-2.575729153584576,0.32577119549683253,-0.1406330147384234,-0.5373992891939353,3.135160001362507e-05,0.0004017142225893052,0.0010957179400929776,0.0038547265964790365,25.5
2581,0.5943478215412779,-88.38872675939908,1.0711947439228924,-2.4937843592540903,0.3286541504278165,-0.14839994344801186,-0.5335413937710899,3.124575584086577e-05,0.00039212797180975987,0.0010555671473349414,0.003638450816550588,25.508333
2582,0.6046331362746501,-88.40499776675003,1.0254072968470622,-2.419492229085898,0.3311428043345396,-0.15605883142449387,-0.5298043006128568,3.1147920222589296e-05,0.0003833851235519005,0.0010183058918886586,0.003447328672531688,25.516667
2583,0.6144119566103878,-88.42097356318887,0.9772641405285178,-2.352155124538127,0.33324232429922884,-0.16360442160388292,-0.5261992580793958,3.105613733361677e-05,0.0003754146780863883,0.0009836673191992013,0.0032784418935086226,25.525
2584,0.6236593735486466,-88.43675956017672,0.9269340755030715,-2.291287364643782,0.33493762901660734,-0.171050256000891,-0.5227438256610624,3.0968737458964e-05,0.0003681513533205176,0.0009514197023614683,0.003129297272200995,25.533333
2585,0.6323504441442991,-88.45233835655124,0.8745561439882515,-2.2364368640411114,0.3362331691038143,-0.17836963100173484,-0.5194555259179662,3.0884300693846095e-05,0.00036153761934461465,0.000921361103956525,0.002997757056265925,25.541667
2586,0.6404742764481073,-88.46781416494592,0.8203082989118601,-2.1871528626807617,0.33711839673535865,-0.18558053979592048,-0.5163463590533356,3.080162227090475e-05,0.00035552295786425307,0.0008933154652144379,0.002881986728857653,25.55
2587,0.6480237327650625,-88.48322326868373,0.7643548542935242,-2.143007737750819,0.3375948298016047,-0.1926798062493318,-0.5134264658458362,3.0719681753558814e-05,0.0003500617035351409,0.0008671292692808572,0.002780404228061912,25.558333
2588,0.654986289011958,-88.49850109020792,0.7068266404274983,-2.1036321136543834,0.33768092777337144,-0.19962921999124156,-0.5107076249869427,3.063761869892514e-05,0.0003451124914083008,0.0008426687006800595,0.002691644396149652,25.566667
2589,0.661355022631533,-88.51370707515557,0.6478755610764801,-2.068705531730633,0.33737403740054434,-0.2064341618077602,-0.508198985046983,3.055471300323082e-05,0.0003406386346550814,0.0008198170937498834,0.0026145309674273807,25.575
2590,0.6671125669390321,-88.52876622424964,0.5876086730627329,-2.037968441378656,0.33669416919295625,-0.21305218284028574,-0.505913348800419,3.047036688964411e-05,0.0003366072092190988,0.0007984727480096096,0.0025480477674256897,25.583333
2591,0.6722584956546552,-88.54381604706182,0.5261877299908548,-2.011171835608202,0.3356240901944983,-0.21951718487512767,-0.5038563171198852,3.0384090946064697e-05,0.00033298981877163703,0.0007785471268607774,0.002491321645970438,25.591667
2592,0.6767792778928624,-88.55892773906756,0.46373397948450534,-1.9881527005224937,0.3341524449062756,-0.22583695928151062,-0.5020381699249966,3.0295489877952646e-05,0.00032976054688739536,0.0007599634103334233,0.0024435990083628402,25.6
2593,0.680672399534096,-88.57402428130648,0.4003668970906298,-1.968682533781186,0.332305266604411,-0.23197258122731584,-0.5004642285135948,3.020425304694488e-05,0.00032689712919436813,0.0007426552386438252,0.002404234664952894,25.608333
2594,0.683932457729209,-88.58922052152852,0.33621878283713263,-1.952637024833537,0.3300636512794105,-0.23794824920318638,-0.49914039055284043,3.011014486818748e-05,0.0003243796408458771,0.0007265658289140756,0.0023726805027977356,25.616667
2595,0.6865568081751081,-88.60444370667368,0.27140004089288466,-1.9398509054129625,0.32745288961576996,-0.24372638613548053,-0.4980708448199122,3.0012998147283065e-05,0.00032219067204943236,0.0007116470466449931,0.002348472935157454,25.625
2596,0.6885262917697248,-88.61986326647354,0.20601700934640502,-1.9303356400436475,0.3244331030064891,-0.24934366801098867,-0.497265934458019,2.9912708144362757e-05,0.00032031497302529113,0.0006978587710607263,0.00233122706202624,25.633333
2597,0.6898589214810167,-88.6353929465169,0.14021095314867824,-1.9238839540463364,0.3210407127196051,-0.2547634395120651,-0.49672020629371466,2.9809228288827094e-05,0.0003187407333750715,0.0006851683702408751,0.002320628873989348,25.641667
2598,0.6905521971350346,-88.65103563042636,0.07409032308526188,-1.920434146273346,0.3172827053462086,-0.25997219578411335,-0.49643595254914574,2.9702564086528306e-05,0.000317456110959441,0.0006735502755699867,0.002316427422829757,25.65
2599,0.690609223063277,-88.66670005360052,0.00775920416576174,-1.9198927548397149,0.3131932452121675,-0.26492843126532606,-0.4964125604139813,2.959277288332789e-05,0.0003164513401167626,0.0006629856235820641,0.002318432607942157,25.658333
2600,0.6900265627331854,-88.68265447775278,-0.05864828824664314,-1.9223408229111376,0.3087089099338712,-0.2697009759635617,-0.49665149266638015,2.9479961669801853e-05,0.0003157181752469107,0.0006534619448799913,0.0023265121812607995,25.666667
2601,0.6888090782475634,-88.69867708164374,-0.12504515470871894,-1.9276783603102114,0.3038990006702243,-0.2742071935781695,-0.4971502037187789,2.9364285549208325e-05,0.00031525040497965966,0.0006449733243111495,0.0023405849459305094,25.675
2602,0.6869688394421388,-88.71487307135962,-0.19129466296543762,-1.9359161352057352,0.29874854425899516,-0.278468687489746,-0.4979026110263627,2.9245946367330298e-05,0.0003150431092952934,0.0006375199955201529,0.0023606248549870893,25.683333
2603,0.6845002471958486,-88.73131510530374,-0.25729601685287995,-1.9471461459168948,0.2932436842908869,-0.2824892630052968,-0.49890928091811537,2.9125192788570142e-05,0.0003150921043633354,0.00063110854394896,0.0023866534918882366,25.691667
2604,0.6814096811640351,-88.747966743669,-0.32294169315778887,-1.961396923408015,0.2874054597282083,-0.2862434060191708,-0.50016529958101,2.9002321056925306e-05,0.0003153955417374124,0.000625752226247542,0.0024187437384894897,25.7
2605,0.6777096022995703,-88.76482149075339,-0.38811184795156306,-1.9787091502661134,0.28124931498901035,-0.28971680762336294,-0.5016627421632384,2.887767488795483e-05,0.00031595277393535974,0.0006214709763752243,0.0024570192977208583,25.708333
2606,0.6733967450848222,-88.7820016290537,-0.4526959125572975,-1.999257434698381,0.2747479651554191,-0.2929249082831567,-0.503399509759655,2.8751646907974122e-05,0.00031676393223364067,0.0006182916546435435,0.002501653650161133,25.716667
2607,0.6684894242424587,-88.79943748913344,-0.5165729164674808,-2.0230871306719136,0.2679374985992646,-0.29583603440932177,-0.5053642748209808,2.86246808342206e-05,0.0003178313599963229,0.0006162489188136515,0.0025528728399819203,25.725
2608,0.6630007045498371,-88.81708000688192,-0.5796303057564537,-2.0502953491288465,0.2608473540076062,-0.29842387775766377,-0.5075473965722901,2.849727287242177e-05,0.0003191577460212928,0.0006153851082006207,0.0026109555419551243,25.733333
2609,0.6569372602322745,-88.83517386302528,-0.6417220505949992,-2.0811576408688706,0.2534175484328546,-0.30073558782663906,-0.5099413348973073,2.8369975433074217e-05,0.0003207468118210596,0.0006157508744721034,0.002676236688490524,25.741667
2610,0.6503126965039548,-88.85363481916693,-0.7027371203930213,-2.1158141597708773,0.2456886340953636,-0.3027327112570351,-0.5125353775958488,2.8243400284047184e-05,0.00032260393854369825,0.0006174068264624363,0.002749105174812853,25.75
2611,0.643130933583095,-88.87242975847772,-0.762572124518529,-2.154490620926566,0.23768413758030982,-0.30438758047061965,-0.5153221946257958,2.811822190979063e-05,0.0003247356406298616,0.0006204234782234775,0.0028300124435596285,25.758333
2612,0.6354024742079724,-88.89188904313906,-0.821049848997272,-2.1976010165351534,0.2293198612649493,-0.3057595122053091,-0.5182914571950766,2.7995182462705398e-05,0.0003271505244727765,0.0006248824852111189,0.0029194791442972764,25.766667
2613,0.6271534316924796,-88.91174905224833,-0.878062254850205,-2.245259315935179,0.22069826783467658,-0.3067721007165984,-0.5214265676705576,2.787509580620613e-05,0.00032985867532299684,0.0006308791141174416,0.0030180858739200537,25.775
2614,0.6184019707088995,-88.93217519507195,-0.9334415967005311,-2.297856256829886,0.21178961894575926,-0.3074460336294125,-0.5247138328540161,2.775885276495142e-05,0.0003328704801208837,0.0006385210046829012,0.003126489329658408,25.783333
2615,0.6091617644775519,-88.95326331883058,-0.9870329662596234,-2.3558131127021986,0.20258512841532006,-0.3077804362547232,-0.5281410621034882,2.7647427753342063e-05,0.0003361975831744322,0.0006479314356139512,0.0032454160703705697,25.791667
2616,0.5994507896059136,-88.97495546169874,-1.0386975207199456,-2.4195037837977487,0.19312616164599658,-0.3077433533565566,-0.5316942982849694,2.754188484144894e-05,0.00033985345889862514,0.0006592509067871475,0.003375670448013918,25.8
2617,0.5893052048791847,-88.99724111051617,-1.0882550791757561,-2.4893138879964956,0.18344611361635735,-0.3073226405805588,-0.5353529963133178,2.744338435254493e-05,0.00034385313583829133,0.0006726379712784651,0.003518144434253163,25.808333
2618,0.5787185814332175,-89.02036748955162,-1.1355348063107855,-2.5659886963630543,0.17348901140372192,-0.3065327756544794,-0.5391119856279583,2.7353189383070895e-05,0.00034821162562951875,0.0006882707314647207,0.0036738113344019657,25.816667
2619,0.5677263392095031,-89.04426372893893,-1.1803510708484193,-2.650011405317558,0.16331037431240136,-0.30534633962443597,-0.5429510541438354,2.7272673114969486e-05,0.0003529482948927684,0.0007063516435327983,0.003843743076894847,25.825
2620,0.5563580759780429,-89.06943282381293,-1.2223897334086844,-2.742324248842517,0.15279104450725547,-0.30382531770621446,-0.5468524350454149,2.7203323897329066e-05,0.000358082666696663,0.0007271061844107283,0.004029109878600751,25.833333
2621,0.5446341520285342,-89.09524356754153,-1.2615999260189448,-2.8432350688391086,0.14215751069121066,-0.30184612799933463,-0.5508018426275348,2.714675002463683e-05,0.0003636351932921995,0.0007507896839998277,0.004231148418310997,25.841667
2622,0.5326027671152673,-89.12224372272647,-1.2975972459890182,-2.953816152933184,0.1312865031300356,-0.2994826157129828,-0.5547761076845299,2.7104683830454363e-05,0.00036962861461542197,0.0007776785863521175,0.004451271363874182,25.85
2623,0.5202657761957458,-89.15018349545659,-1.3302558235627464,-3.074848038637491,0.12028784951053764,-0.2966677444872365,-0.5587679261705937,2.7078981285512012e-05,0.0003760848112456893,0.0008080811297771285,0.0046909699474713545,25.858333
2624,0.5076807428649792,-89.17964349887494,-1.3591127019573197,-3.2076127464431816,0.10903910106552886,-0.29346678628944545,-0.5627523722382398,2.7071618888219527e-05,0.0003830301965090012,0.0008423297726784053,0.0049519703374761945,25.866667
2625,0.49485642368152355,-89.21036298388842,-1.3839980039184248,-3.353045561229256,0.09766115354983135,-0.2898141645567099,-0.5667208852562368,2.7084682096207997e-05,0.0003904890919864037,0.0008807870720316,0.005236139944392439,25.875
2626,0.48184864741803457,-89.24259212822611,-1.4044886960739806,-3.512386602222707,0.08613644670951368,-0.2857280430909094,-0.5706509533994476,2.712034721113058e-05,0.00039848960702163535,0.0009238311007775157,0.005545746807273188,25.883333
2627,0.4687210147558607,-89.27651710455997,-1.4201321600789265,-3.686863608134264,0.07447118842693211,-0.2812189245259351,-0.5745193393252805,2.7180848985292885e-05,0.0004070576410273247,0.0009718511478622766,0.005883497670069922,25.891667
2628,0.45549882143576903,-89.31222250016545,-1.4305520352228802,-3.8778608266036114,0.06269800541263315,-0.27626553576221136,-0.5783155077838531,2.7268429104088525e-05,0.00041621572761122865,0.0010252315880638554,0.0062527633443852475,25.9
2629,0.44223602478588814,-89.3498380045491,-1.43526541622594,-4.0867186185730375,0.05084463103389638,-0.2708652856825106,-0.5820217634961419,2.738526428366741e-05,0.000425987390199954,0.0010843282315534182,0.006658052561145336,25.908333
2630,0.42895889735471027,-89.38952758169253,-1.4337995389938414,-4.314986351673132,0.038930210233413295,-0.2650001187626188,-0.5856294805275604,2.753336337074494e-05,0.0004363926917762275,0.001149433885558578,0.007105545365975332,25.916667
2631,0.4157908269766673,-89.4315098743812,-1.4254038050526932,-4.563613469366827,0.02697183033028784,-0.25870760592878894,-0.5891055997690301,2.7714426866589506e-05,0.00044745109443803933,0.0012207328326992405,0.007604031132169596,25.925
2632,0.40275815116513747,-89.47592498917831,-1.4095408701899395,-4.833875411874419,0.01500089495288904,-0.25196414918883514,-0.5924454011553798,2.7929647259324107e-05,0.0004591671861912293,0.001298233050089773,0.008165760650871243,25.933333
2633,0.38994132381045543,-89.52299251941841,-1.38547557475081,-5.1265093982502465,0.0030349357330166104,-0.2447776914890614,-0.5956317516640482,2.817945420796967e-05,0.0004715434353880369,0.0013816882308093754,0.00880827306129821,25.941667
2634,0.3774165692430948,-89.57291527294161,-1.35245849697819,-5.441780466668128,-0.008903160022628283,-0.23715029513620361,-0.5986509700438337,2.846319342259723e-05,0.00048457133481393736,0.0014704953889951356,0.009555984229335492,25.95
2635,0.36527729007881327,-89.6258487348925,-1.3097014883279483,-5.7790284613677025,-0.0207799708816111,-0.22909236053657447,-0.6014876522672262,2.8778727834608546e-05,0.0004982314958341589,0.0015635805504378131,0.010441954207916144,25.958333
2636,0.35361090126766787,-89.68199558539277,-1.2564150696440948,-6.136690832335339,-0.03257594573295054,-0.22060799291357133,-0.604130312017407,2.91219691893702e-05,0.000512491073493359,0.0016592790051762228,0.011508857398504173,25.966667
2637,0.34249313652093294,-89.74153505804125,-1.1918885255337992,-6.512056996381303,-0.04426775498171811,-0.21169095185422931,-0.6065721881589436,2.9486366101992995e-05,0.0005273056000395733,0.0017552411658792082,0.01280815398432229,25.975
2638,0.3320636078575533,-89.8045147128875,-1.1153809379018933,-6.899763412817982,-0.05581823387888672,-0.20237536471625073,-0.6087947512902903,2.9862408721206385e-05,0.0005426227645933119,0.0018483903949925154,0.014395918042731586,25.983333
2639,0.32242637119196577,-89.87097519149889,-1.026406489303908,-7.292809499810079,-0.06719972860865481,-0.1926726679378487,-0.6107896136810405,3.0237205403460847e-05,0.0005583738423070269,0.0019349571722889673,0.016321843729816984,25.991667
2640,0.3137165871762578,-89.94088109376094,-0.9246473748742422,-7.681305482066435,-0.07839204431129959,-0.1826127427977367,-0.6125437014879698,3.059427687749003e-05,0.0005744813479788874,0.002010687627241723,0.0186118405556433,26.0
2641,0.30604292827180496,-90.01408831885239,-0.8102307567435443,-8.053379034872615,-0.08937089636371012,-0.17221263174506526,-0.6140506208991124,3.0913728022187735e-05,0.0005908516823542952,0.00207120119703501,0.021242656400775266,26.008333
2642,0.29952789298293003,-90.09029217729237,-0.6837188597873256,-8.394759162100057,-0.10011221292471054,-0.16150527195531444,-0.6153016371097654,3.1172974316953864e-05,0.0006073724769804186,0.0021125275408200705,0.02411603471102125,26.016667
2643,0.2942663161498499,-90.16910838022204,-0.5462466494171057,-8.690495826215644,-0.11059889140718351,-0.1505106463113688,-0.6162929037742007,3.1348134727764466e-05,0.0006238938208779758,0.0021316970412046804,0.027041043813420852,26.025
2644,0.29035944282692117,-90.24995329766858,-0.3995207440517168,-8.925284352128687,-0.12081371061741218,-0.13926757193758088,-0.6170179117411932,3.1416095157841946e-05,0.0006402093634508178,0.002127276764013195,0.02974069537368205,26.033333
2645,0.28786546105783284,-90.332153580475,-0.24586229592245656,-9.086345490272246,-0.1307399016149504,-0.12780150635960538,-0.6174758017719633,3.1357023197830746e-05,0.000656026903616121,0.002099637282875533,0.03189113480649128,26.041667
2646,0.2868481268732613,-90.41486986100682,-0.08802796518145846,-9.163629369198224,-0.1403680846422971,-0.11616199955924718,-0.6176614795729538,3.115695394191162e-05,0.0006709561137453257,0.0020508842946936542,0.03319257911240862,26.05
2647,0.28731514543653636,-90.49732008853783,0.07092454856382541,-9.152944520171216,-0.14969458240186148,-0.10437208356983331,-0.6175763214751875,3.080985773924484e-05,0.0006845043662675842,0.0019844145123221425,0.03344756048702351,26.058333
2648,0.2892776377354673,-90.57851464969855,0.2278108935167378,-9.054757491717412,-0.15871338716657057,-0.09249728515193488,-0.6172170004541644,3.031872672334182e-05,0.0006961148126026207,0.0019043081891175634,0.032617046291916536,26.066667
2649,0.2926686534712321,-90.65767057633283,0.37961555118391777,-8.876606441651438,-0.16741551177687503,-0.0805647909592035,-0.616590523402839,2.9695326802639254e-05,0.0007052177066118223,0.0018147084928932427,0.030828235371393155,26.075
2650,0.2974330610403568,-90.73415396197849,0.5238089110955877,-8.629263034576846,-0.17581669393655824,-0.06860434939385948,-0.6156983401418782,2.8958761157401976e-05,0.0007113176137776194,0.0017194020547803292,0.028331780051687076,26.083333
2651,0.3034771772883012,-90.8073741260604,0.6583011909868799,-8.326847656226246,-0.18391747603558556,-0.05665319543793522,-0.6145464100711767,2.8133097893253318e-05,0.0007140529043761389,0.0016215958783053557,0.025430106846955642,26.091667
2652,0.31069692324513964,-90.87693251157953,0.7816242551205628,-7.984384247717575,-0.19172611417867563,-0.04474064390383089,-0.6131409989562076,2.724467730553203e-05,0.0007132478808320531,0.0015238956060432203,0.02240854661455614,26.1
2653,0.31897218030885766,-90.9425771411293,0.8928821444036922,-7.616588184775188,-0.19924747493670825,-0.032892861111119,-0.6114908143997508,2.631960120669801e-05,0.0007089259622512357,0.0014283596053988076,0.019489583934937927,26.108333
2654,0.3281856964939205,-91.00419050188601,0.9916982228845649,-7.236400098787928,-0.2064908538991136,-0.021134675349441738,-0.6096042695305609,2.538178684557167e-05,0.0007012950133497877,0.001336570210865603,0.016816687683252035,26.116667
2655,0.338221438603833,-91.06169905117608,1.078081303891491,-6.8545895781157276,-0.21346547911465544,-0.009502901637727245,-0.6074904910883909,2.445171782574872e-05,0.0006907064995486301,0.001249691361081591,0.0144610213964349,26.125
2656,0.34894199877434134,-91.11538149929886,1.1524528107471328,-6.4799510878875815,-0.22016782402770213,0.0020244000561630377,-0.6051648897146292,2.3545877827380233e-05,0.0006776065015470996,0.0011685139514037075,0.012439559956671026,26.133333
2657,0.36025379162958865,-91.16524214865659,1.215323524833397,-6.118306138741393,-0.2266126656056858,0.013398234196678668,-0.6026356277083994,2.2676749200575996e-05,0.0006624935555098841,0.0010934964669343803,0.01073473523313474,26.141667
2658,0.3720448857180241,-91.21152374780267,1.2673995132458167,-5.773951555874877,-0.2328006291608712,0.02461357535842463,-0.5999171206478255,2.1853125403584126e-05,0.0006458660688197625,0.0010248124891948948,0.009311731541332165,26.15
2659,0.38422518783053233,-91.25445443360285,1.309436721627647,-5.449315880677711,-0.23873942590457417,0.035658976700302485,-0.597021303284432,2.10806616860216e-05,0.0006281987326146566,0.0009624049347439463,0.008129605188085491,26.158333
2660,0.3966940621876933,-91.29439390439603,1.3422401100592154,-5.145816820866506,-0.2444193216404127,0.04655237467746921,-0.5939651372738379,2.036247041337706e-05,0.0006099180295142471,0.0009060421090648561,0.007148260392986708,26.166667
2661,0.4093785080075393,-91.33153398302098,1.3665470438965228,-4.86368095726169,-0.2498461290519196,0.05727487825274839,-0.5907613839740241,1.9699717191893854e-05,0.0005913958389471877,0.0008553705522437335,0.006331737083433821,26.175
2662,0.4222044319454119,-91.36612146332837,1.3830744247105613,-4.602595414761985,-0.2550180477815768,0.06782241130996133,-0.5874252535478671,1.9092131931717175e-05,0.0005729402267699524,0.0008099618323135127,0.0056495474210400964,26.183333
2663,0.4351035515356698,-91.39845749549463,1.3925050907368424,-4.361807390702454,-0.25992671759839814,0.07820862250194252,-0.5839726239481362,1.8538446119964637e-05,0.0005547991786200193,0.0007693506638948929,0.005076599106271024,26.191667
2664,0.4480172954334399,-91.4288062449244,1.395459776920678,-4.140261311584888,-0.26456439621653177,0.0884435802503991,-0.5804187505956999,1.803673654615248e-05,0.0005371652507982877,0.0007330637243979306,0.004592613799760673,26.2
2665,0.46089267077099566,-91.45734415809846,1.3924885541735268,-3.9367665770654443,-0.2689281789115435,0.09851926904998609,-0.5767790745937108,1.7584685298183763e-05,0.0005201811238885111,0.0007006400100951571,0.004181375501585302,26.208333
2666,0.4736823638792767,-91.48424793896717,1.3840931923677562,-3.7500648409108335,-0.27301457112454885,0.10843213554992501,-0.5730689562432791,1.7179770509237674e-05,0.000503946866485269,0.0006716440598048059,0.003829971987415164,26.216667
2667,0.48634152115215246,-91.50974866384314,1.3707382777578474,-3.578912170281588,-0.276810980593469,0.11819772076904224,-0.569304393539946,1.6819399704503463e-05,0.0004885270188111752,0.0006456737492436109,0.0035281175995935613,26.225
2668,0.4988390773104186,-91.53387575827023,1.3528142843919786,-3.422027973901304,-0.28033141930890243,0.12778253547594845,-0.5654983922626079,1.6500999264360403e-05,0.00047395770384381846,0.0006223639418294643,0.0032675890820642916,26.233333
2669,0.5111292366211417,-91.5569259809779,1.3307115530232019,-3.278336395604733,-0.28354662513835527,0.13722717105504478,-0.5616694112846795,1.6222068889573616e-05,0.0004602510563096509,0.0006013874618658926,0.0030417933867055336,26.241667
2670,0.5231880316718575,-91.57890262562509,1.3047481707476773,-3.1466870446201423,-0.2864723574845492,0.1464982450262451,-0.5578300505328437,1.5980215915902294e-05,0.0004474037055553098,0.0005824537975095052,0.002845392758302404,26.25
2671,0.5349792425765355,-91.60001668073788,1.2752355702922165,-3.0261276416200915,-0.2890873729848804,0.1556208020754951,-0.5539974453172869,1.5773167834008203e-05,0.00043539786393113314,0.0005653071973363032,0.0026740551888275467,26.258333
2672,0.5464783926420879,-91.62030960118334,1.2424405060043326,-2.9157117816266274,-0.291397995650753,0.16457686924973836,-0.5501855822490065,1.5598777636404233e-05,0.00042420755932929193,0.000549723687491362,0.002524229462987986,26.266667
2673,0.5576595323785256,-91.63991273032914,1.2066157763951555,-2.814606804643654,-0.293393981164288,0.17337613143224428,-0.5464093717554254,1.5455019255602525e-05,0.0004137999836999966,0.0005355082018785132,0.002392991893201405,26.275
2674,0.5685010743501064,-91.65886307725393,1.1679845030211646,-2.7220324120632133,-0.29508079818474076,0.18200387281564898,-0.5426826194920576,1.5339980105386522e-05,0.00040413846085575374,0.0005224914865919068,0.002277917090809915,26.283333
2675,0.5789830906425885,-91.67723211338145,1.1267561561381847,-2.637287231331256,-0.29645772222577044,0.19045751275436842,-0.5390188006406897,1.525185093361819e-05,0.00039518394202515684,0.0005105272626547471,0.0021769828865687802,26.291667
2676,0.5890832040141529,-91.6950716518667,1.0831192851561813,-2.5597554208011224,-0.2975251754122251,0.19872942766162552,-0.5354324394853262,1.5188915148840515e-05,0.0003868964784831406,0.0004994895175613,0.0020884933082139915,26.3
2677,0.5988002045963144,-91.7124786949205,1.0372713460400076,-2.488797021153475,-0.29828252147931467,0.20683309982599082,-0.5319305583178259,1.5149538460736577e-05,0.0003792367777609925,0.0004892700465584376,0.002011018541770136,26.308333
2678,0.6080968576770139,-91.7294816437494,0.9893545074445205,-2.423998601547311,-0.2987252906598688,0.21475200807747027,-0.5285331478941232,1.513215829930345e-05,0.00037216463290653406,0.00047977636114416076,0.0019433495275389876,26.316667
2679,0.616952099799596,-91.74625410088329,0.9395285373134704,-2.3649467984099073,-0.29882375749371365,0.22251857215886184,-0.5252545665462792,1.5135276717429976e-05,0.0003656441417768957,0.0004709296119225755,0.0018844570885413238,26.325
2680,0.6253539952686585,-91.76270277002324,0.8879300444373639,-2.31118724728166,-0.2986086544302466,0.2300890474326619,-0.5221057502335018,1.5157451880249823e-05,0.0003596416065173965,0.00046266291948700143,0.001833462962672069,26.333333
2681,0.6332907082381908,-91.77890206078133,0.834700898128189,-2.2623488490543253,-0.29807404303135887,0.2374705230992477,-0.5190974168746261,1.5197291665729798e-05,0.0003541248334618773,0.0004549200410270678,0.0017896185730114547,26.341667
2682,0.6407500677808557,-91.79485776140449,0.7799687463717174,-2.2180922816444597,-0.297228681210762,0.24465009886534267,-0.5162402084949305,1.5253448982147062e-05,0.00034906350251993185,0.00044765403457537524,0.001752283609451955,26.35
2683,0.6477234791969251,-91.81057296868204,0.7238585068065537,-2.178103919185134,-0.29608345497066674,0.25161583605137217,-0.5135431543860771,1.532461820432401e-05,0.0003444294422409202,0.00044082618704788734,0.0017209105068611062,26.358333
2684,0.6542001543448932,-91.82612385764632,0.6664911361221775,-2.142132694879704,-0.29462950137925864,0.258377189375925,-0.5110158486810432,1.5409532657922792e-05,0.0003401964016446722,0.00043440507662373867,0.0016950313681936607,26.366667
2685,0.6601676976862676,-91.84151313373297,0.6079738449252953,-2.1099494540267205,-0.2928748970687568,0.2649215566164194,-0.5086682378357219,1.5506963210895508e-05,0.0003363403798471221,0.0004283657593313519,0.0016742466875946638,26.375
2686,0.6656159153770466,-91.8567359107211,0.5484113520483443,-2.0813448154957754,-0.29083069882170115,0.27123521425904545,-0.5065091073660282,1.5615717676128556e-05,0.0003328397645884092,0.00042268910330626655,0.0016582171170495142,26.383333
2687,0.6705405945901756,-91.8718290621717,0.4879158866119576,-2.056127385217975,-0.28849875359175553,0.2773189727498427,-0.5045445165740835,1.5734640952249753e-05,0.0003296750412587813,0.000417361211869447,0.0016466562760601388,26.391667
2688,0.6749349245637088,-91.88688149280861,0.4265952699786571,-2.0341551101212465,-0.28586426191976216,0.28318763562363775,-0.5027811645865062,1.5862615829038048e-05,0.00032682821577256364,0.00041237294069498175,0.0016393243384029256,26.4
2689,0.6787856911862669,-91.90177082195582,0.3645276971124523,-2.015276310142367,-0.28296917532992316,0.28879317910239605,-0.5012279503310192,1.5998564502458255e-05,0.00032428311016035683,0.0004077195176219818,0.00163602285076875,26.408333
2690,0.6820898956992614,-91.91660185297015,0.30182171398781565,-1.999387348739706,-0.2797950099259798,0.2941563965205678,-0.49988926722080707,1.614145062043885e-05,0.000322025880414316,0.00040340019624981414,0.0016365924398141917,26.416667
2691,0.684840022385804,-91.93143793021203,0.23857261581832773,-1.9864100739465989,-0.2763318069099665,0.29928386285264424,-0.49877090392471035,1.629028145491603e-05,0.0003200439464755814,0.0003994180195988156,0.001640907603459601,26.425
2692,0.6870347956778681,-91.9462498680781,0.17487664336551548,-1.9762433187780275,-0.2725986404547576,0.3041583602590664,-0.4978756730176057,1.6444110578346834e-05,0.00031832642661923626,0.00039577964877369137,0.0016488746216084048,26.433333
2693,0.6886663614398951,-91.96110554939236,0.1108240621298603,-1.9688511575063654,-0.2685829977353296,0.30878678476747795,-0.4972086157303262,1.6602040729827247e-05,0.00031686355827054076,0.0003924951840532554,0.0016604296786687002,26.441667
2694,0.6897404936143403,-91.97594266800657,0.046516289912831896,-1.9641419932426776,-0.26431642571560154,0.3131455876249302,-0.49676873968071505,1.676322703986144e-05,0.0003156472880192331,0.00038957814145794135,0.001675537145799406,26.45
2695,0.6902484189735776,-91.99083680670105,-0.017961555565267396,-1.9621217769066839,-0.2597830749054951,0.3172426533127948,-0.4965605356728461,1.6926880219879444e-05,0.00031467007856364135,0.000387045312672015,0.0016941881448879078,26.458333
2696,0.6901972547368774,-92.00562053044662,-0.08251804542285318,-1.9627003879816936,-0.2550490253024324,0.3210285144383554,-0.49658151424089675,1.709227018383726e-05,0.00031392625198979596,0.0003849169081246992,0.0017164001281187464,26.466667
2697,0.6895765993772022,-92.02065678435994,-0.14704947184528674,-1.9660096512063305,-0.25000519084012757,0.32458282662314336,-0.49683589432560316,1.7258729450315533e-05,0.00031341058410816057,0.00038321638333318537,0.0017422167057236275,26.475
2698,0.6883753633183075,-92.03581744947961,-0.21149290487922548,-1.9720517862885474,-0.24469860596996462,0.3278570996614445,-0.497327685851031,1.7425656760889816e-05,0.000313119848637642,0.00038197106126323753,0.0017717051531989938,26.483333
2699,0.6866004709570745,-92.0511353329328,-0.2757404137164145,-1.980851764658371,-0.2391305671455317,0.3308508314123958,-0.4980530211597786,1.7592520419967314e-05,0.0003130527212116554,0.000381211959738825,0.001804960722476165,26.491667
2700,0.6842522333405503,-92.06675924939677,-0.33968538058640857,-1.9925078814841917,-0.2332615511635786,0.3335870666495007,-0.49901025078543504,1.775886185533486e-05,0.00031320819035851556,0.00038097406313417797,0.0018421034560125267,26.5
2701,0.6813394059139327,-92.08251700236714,-0.403235894348103,-2.0070129968708588,-0.22716118638108923,0.33601557448020336,-0.5001938042245975,1.7924299385972607e-05,0.00031358628400327053,0.0003812968142232269,0.0018832783630847651,26.508333
2702,0.6778709261094757,-92.09843238291293,-0.4662831796693591,-2.0244430719024344,-0.22083482550946776,0.3381336180263999,-0.5015975965637991,1.8088532060233288e-05,0.00031418746467767574,0.00038222402694172984,0.0019286580213593522,26.516667
2703,0.6738416129012537,-92.11457693569312,-0.5287378016043217,-2.0449424824912064,-0.21426782749782575,0.3399421143845893,-0.5032207961154793,1.8251343738199487e-05,0.00031501277932687694,0.00038380451060291294,0.001978441433278334,26.525
2704,0.6692633457540567,-92.13086655575104,-0.5904947483184914,-2.0685848340827686,-0.20750336189708082,0.34141483350823043,-0.5050552236517869,1.8412607142869176e-05,0.00031606513972378384,0.00038609274714450684,0.0020328569276566607,26.533333
2705,0.664139673146913,-92.14733917695638,-0.6514511653548475,-2.095526905109573,-0.20054143019105716,0.34254878362798136,-0.5070956303183018,1.8572287894966707e-05,0.0003173478510399565,0.00038914909062726593,0.002092162026660323,26.541667
2706,0.6584745156998757,-92.16426170884216,-0.7114752319433025,-2.126039140470335,-0.19330384054505576,0.3433843323140184,-0.509336174081311,1.8730448945054514e-05,0.0003188654802538677,0.0003930406771125432,0.0021566447149684656,26.55
2707,0.6522721016285354,-92.18149884176498,-0.7704757427943413,-2.160264574356488,-0.18585083612928605,0.3438793153301453,-0.5117704523261535,1.8887254953022108e-05,0.0003206238472032515,0.00039784277131167726,0.0022266204823796726,26.558333
2708,0.6455520396779748,-92.19905561738297,-0.8283178395855566,-2.1983970946923383,-0.1781992509475039,0.34402750297331103,-0.5143856693529641,1.904297708501775e-05,0.0003226300889643779,0.0004036387839724381,0.0023024392101321386,26.566667
2709,0.6383260758777174,-92.21697375827505,-0.8848744775734516,-2.240690999323726,-0.17035200900000474,0.343825520982853,-0.517171844580244,1.919799814949757e-05,0.0003248914152989401,0.00041052141508637094,0.0023844796021608382,26.575
2710,0.6306017763630445,-92.23519408290802,-0.9400359565078827,-2.2873972327258976,-0.16234658698801935,0.3432505930985717,-0.5201203021482821,1.935281806392766e-05,0.0003274160472358146,0.00041859391357238184,0.002473150224893384,26.583333
2711,0.6223816919437447,-92.25399815870078,-0.9936510820762606,-2.33896672183285,-0.15410351156238888,0.34233222427292104,-0.5232239182458073,1.950805961404073e-05,0.00033021370792915024,0.0004279709777439875,0.002568892698022163,26.591667
2712,0.6136929445477183,-92.27321672601362,-1.0455805139449152,-2.3956418435165308,-0.14570466082193279,0.3410368998234634,-0.5264660458657962,1.966447448180449e-05,0.0003332960902740551,0.0004387814045601906,0.0026721739574850113,26.6
2713,0.6045448144360166,-92.29289018313848,-1.0956852826627275,-2.457833660078547,-0.13715702126975424,0.3393576414466628,-0.5298366308440429,1.982294948096459e-05,0.000336674723521334,0.0004511677389291887,0.0027834861699118207,26.608333
2714,0.5949494431041146,-92.31338809057367,-1.14376164201855,-2.5261678625256456,-0.12835855937814242,0.3373302999618129,-0.5333243493766633,1.998451312849342e-05,0.00034036288660839253,0.00046528865394941036,0.00290334509524905,26.616667
2715,0.5849351257380107,-92.33449766647297,-1.1896581821329208,-2.601000563235592,-0.11940991850258,0.33491687781733054,-0.5369119750874426,2.0150342196459267e-05,0.0003443753538599451,0.00048132236692462557,0.003032271642585036,26.625
2716,0.5745505809473738,-92.35592762630299,-1.2332010553120398,-2.6826408485413906,-0.11044029699255509,0.3320899437490302,-0.5405753626803225,2.0321768047386992e-05,0.0003487270367554411,0.0004994652809191087,0.003170797870361209,26.633333
2717,0.5637426237685507,-92.37858401142844,-1.2741840263061517,-2.7723244083357956,-0.10116501869537836,0.3289029253547429,-0.5443262049189403,2.050028175847457e-05,0.00035343126524423925,0.000519932311321525,0.0033194556498523753,26.641667
2718,0.5525699705837334,-92.40208552823479,-1.312398981692131,-2.8704432743707313,-0.09175144784099849,0.32531564010840447,-0.5481367701549857,2.0687539518990153e-05,0.00035850997407173247,0.0005429666431516194,0.0034787702847874436,26.65
2719,0.5410800914173357,-92.42631517626798,-1.3476097754053842,-2.977603321549132,-0.08227527149949852,0.32132036795004193,-0.5519841605663459,2.0885365844737826e-05,0.0003639820143999209,0.000568831664763893,0.0036492530357155805,26.658333
2720,0.5292680162738855,-92.45172868845897,-1.379551182782113,-3.0949525124776214,-0.07262228080728453,0.31692952013106857,-0.5558634690963588,2.109575199997355e-05,0.0003698647633422964,0.0005978122148335424,0.003831396403201113,26.666667
2721,0.5171749722928518,-92.47826533478973,-1.407950564162396,-3.2233157349770045,-0.06285576761536817,0.3121319223956715,-0.5597547035756515,2.132085133531553e-05,0.00037617971413347976,0.0006302185611957982,0.004025684568812342,26.675
2722,0.5048257470349946,-92.5059892577639,-1.4325257957106503,-3.363713065336426,-0.05299884818025958,0.3069188844369496,-0.5636438885888361,2.1562968188483675e-05,0.0003829472620331011,0.0006663786824335695,0.004232626606904179,26.683333
2723,0.49226135346181177,-92.53507962417419,-1.452910187276656,-3.5172976566383203,-0.04304428033208304,0.3012957538048405,-0.5675126177856014,2.182453647168486e-05,0.00039018850159467175,0.0007066333233101807,0.00445283344766462,26.691667
2724,0.4795140902403424,-92.5655835325923,-1.468762733529509,-3.685230571680562,-0.033028029891270676,0.2952546332597009,-0.5713460977867801,2.2108085142184456e-05,0.0003979231056322214,0.0007513275631550935,0.004687118763470285,26.7
2725,0.46663018540614326,-92.5976395789717,-1.479660441497461,-3.868775756640205,-0.02296259836886576,0.288799125235994,-0.5751263313525776,2.241618544719772e-05,0.00040617010830063405,0.0008007938770081115,0.0049367467248526255,26.708333
2726,0.45366972817722184,-92.63116684214135,-1.4851820464208803,-4.069012273557142,-0.012926366808560649,0.28193637732495064,-0.5788327054149701,2.2751373383224858e-05,0.00041494575757298064,0.0008553307419777507,0.005203771647014446,26.716667
2727,0.44064237609307516,-92.66679724350062,-1.4847802516826953,-4.287810574530233,-0.00279773173111373,0.2746539072232696,-0.5824602275006873,2.3116037924071693e-05,0.00042426137040905087,0.000915166881315847,0.005491625712016541,26.725
2728,0.42762621379120813,-92.70447510256929,-1.4779028163894676,-4.526226040795466,0.007341142974923127,0.2669627895331057,-0.5859859122031216,2.3512271634720747e-05,0.0004341289208072977,0.0009804299232474146,0.005805939195430828,26.733333
2729,0.41469515684153785,-92.74415082455918,-1.4639810240860212,-4.785167002979082,0.017414470084158945,0.25887910914144735,-0.5893902406367266,2.3941667559761464e-05,0.00044455157748598753,0.0010510759820102336,0.006155785271739967,26.741667
2730,0.40188489921918275,-92.78623114968106,-1.4423581225425133,-5.0659402927725115,0.027464049765221172,0.2503911609739475,-0.5926655930224162,2.4405044553900524e-05,0.0004555239137128084,0.0011268151848246805,0.006555367407345895,26.75
2731,0.3892673137861989,-92.8309216303825,-1.4123094136313197,-5.369193575333463,0.03747334980466268,0.24150498601524786,-0.5957966116555149,2.4902103633925734e-05,0.00046703688577659123,0.0012070338115253653,0.007026144828034771,26.758333
2732,0.3769129006890614,-92.87867930026233,-1.372985208914676,-5.69530865489262,0.04748167433450886,0.23221107498207996,-0.5987704233961949,2.543100415042651e-05,0.00047907317973129153,0.0012906899299016295,0.007599231406600363,26.766667
2733,0.36492860620935474,-92.9291944622662,-1.3237297184080683,-6.042881008970568,0.05735139224636477,0.22255220302489892,-0.6015678244488878,2.5987856985369462e-05,0.0004916087709917901,0.0013762194342093177,0.008317558780664031,26.775
2734,0.3533780551162582,-92.98291137434444,-1.2637315467211738,-6.410539485805002,0.06712044678353948,0.2125116535278379,-0.604182220372664,2.6566146326662416e-05,0.0005046106734667308,0.0014614343976106438,0.009237090418445582,26.783333
2735,0.34238007118744956,-93.04001148134401,-1.192158978674037,-6.7947449367468495,0.07677455467808762,0.20211061454519752,-0.6065966369162823,2.715613602201543e-05,0.00051804766283645,0.0015435159171644142,0.010425116552419204,26.791667
2736,0.33201016757132845,-93.10084998340783,-1.108329769288642,-7.190882915254986,0.0863291580916567,0.19132454349957367,-0.6088059692495349,2.7744333389040855e-05,0.0005318870526222046,0.0016190550766863093,0.011953072271365028,26.8
2737,0.32241203910622457,-93.16501150955496,-1.0118693227849251,-7.590664070477843,0.0956744030914636,0.18022595984433062,-0.6107925381561908,2.8313142360797218e-05,0.0005461071843461736,0.001684252191460796,0.013882430325109019,26.808333
2738,0.3136795721348578,-93.23276703170535,-0.9024792644374353,-7.984809564434154,0.10483864647804983,0.16879743323657226,-0.612551056984963,2.8840856370706968e-05,0.0005606894294287289,0.0017352257082636352,0.016240863971033546,26.816667
2739,0.30591654554421643,-93.30436299452052,-0.7801371566422237,-8.361598740282036,0.11385001367432315,0.15701086977045073,-0.6140751369631269,2.9302201421170123e-05,0.0005756232064924157,0.0017685357606353842,0.018991723385886315,26.825
2740,0.2992611714350029,-93.37892902059426,-0.6456892282361747,-8.705782731531508,0.12258879816590117,0.14496913480252246,-0.6153522968144737,2.966963251372421e-05,0.0005908901519353852,0.0017817349919017436,0.022003671833515544,26.833333
2741,0.2938068402890952,-93.45644847110074,-0.5001574362199626,-9.00238622799229,0.13108618570167968,0.1326509494150397,-0.6163786581424388,2.991540351775235e-05,0.0006064310931407395,0.0017738346974620204,0.025036375017084174,26.841667
2742,0.28962752801367,-93.5363013128569,-0.34540772617684573,-9.236575742849709,0.13929746224295378,0.12008867385699662,-0.6171526878333601,3.0014344002240963e-05,0.0006221142932098656,0.001745588719241258,0.027756286026500918,26.85
2743,0.2868339385667399,-93.6180738125462,-0.18357352696594684,-9.393928583698644,0.14724703546391785,0.10729364613702524,-0.6176640646190376,2.9947023791985214e-05,0.0006376963035999873,0.0016993539744857233,0.029795517103468575,26.858333
2744,0.2854624290065778,-93.70091505992448,-0.017592901420916414,-9.464868165244035,0.15489651508557378,0.09430090761814179,-0.6179133605229291,2.970260334474137e-05,0.0006527818713738834,0.0016385585395611586,0.03083756796758359,26.866667
2745,0.285534192518678,-93.78407247562815,0.14940788680321013,-9.444628578007764,0.16223370242786203,0.08112892238218795,-0.6179003450603122,2.9280799642062473e-05,0.0006668367246964604,0.001567020367858415,0.030710406633590613,26.875
2746,0.2870669724620541,-93.8666209277286,0.31417825595927573,-9.333488195586128,0.1692496670167458,0.06782796661595235,-0.6176215911344631,2.8692401418719617e-05,0.0006792267147722633,0.001488268349456618,0.02943733310715462,26.883333
2747,0.2900095851242221,-93.94789182331999,0.4736660318766896,-9.13868554906072,0.1759329567206034,0.054400810207125984,-0.6170823764007157,2.7958063420948888e-05,0.0006892902304398103,0.0014051624477218695,0.02722644738221884,26.891667
2748,0.29432283047245505,-94.02707830156022,0.6251468713357852,-8.871043809716626,0.18228034739841936,0.04089567367863117,-0.616282347226239,2.710575558290408e-05,0.0006964434704748056,0.0013198650367395683,0.024402909967607092,26.9
2749,0.2999289586686112,-94.10356016363427,0.7664329247174754,-8.54505860158351,0.18828838065803552,0.027344691992612993,-0.6152253783817796,2.6167380204790044e-05,0.0007002569139429906,0.0012340241613956438,0.02131852910354302,26.908333
2750,0.3067285389501766,-94.17687191303462,0.8959524741348869,-8.176679005372437,0.19395385341903557,0.013775916340780656,-0.6139174533672089,2.517536765277393e-05,0.0007005138595352407,0.001149019960531406,0.01827400219341266,26.916667
2751,0.31461157742564183,-94.2467289237305,1.012758269433872,-7.781469890205102,0.1992758006653522,0.00020937596507802843,-0.6123655967695182,2.415986010285234e-05,0.0006972241079195738,0.001066113813232069,0.015477100843744668,26.925
2752,0.32346290940358813,-94.31301505327028,1.1164566559698454,-7.373386844730377,0.20425289710169742,-0.013343462553320801,-0.6105777744961338,2.3146806193719023e-05,0.0006905986658378144,0.0009864754581333638,0.013037729243966123,26.933333
2753,0.33317424455336164,-94.37537597228672,1.2069899208943529,-6.964081082908087,0.20889595256560242,-0.02679996413861806,-0.6085612176271821,2.2157017284922772e-05,0.0006810005080520277,0.0009111287353745914,0.010986915562734498,26.941667
2754,0.343623442255975,-94.43404292043797,1.2847921212487283,-6.5628052508324615,0.21320276849801353,-0.04017757271947779,-0.6063273495655244,2.120602302112461e-05,0.0006688852134713431,0.0008408760652953708,0.009304476789087877,26.95
2755,0.3547051494865752,-94.48906174712164,1.350447495857495,-6.17619877661711,0.21718218782931586,-0.05344333533248442,-0.6038859328335207,2.0304503782595258e-05,0.0006547513910485843,0.0007762497337159019,0.007943609710199494,26.958333
2756,0.36632640341534417,-94.54056262422905,1.40468537693091,-5.808669068620994,0.22084771739027428,-0.0665736959696697,-0.6012459907595589,1.945901380405529e-05,0.0006390942192965167,0.0007175031449158064,0.006849222069732492,26.966667
2757,0.3783648369660512,-94.58878574123594,1.448343542014789,-5.463275576842523,0.22418719909937487,-0.07955715716453413,-0.5984256605292548,1.867281591401412e-05,0.000622374130002976,0.0006646402322856116,0.005968518965437993,26.975
2758,0.39075191304267964,-94.63384653305158,1.4822231422835295,-5.141109902790599,0.22722600186038866,-0.09235934446623793,-0.595433126592995,1.794671620689975e-05,0.000605008010470665,0.0006174649210467697,0.005255799999781443,26.983333
2759,0.40339615686066355,-94.67602720431914,1.5071532176401208,-4.842565779366637,0.22996015996160574,-0.10497721143012007,-0.5922842413797522,1.7279756571133608e-05,0.0005873483249002086,0.0005756397661496881,0.004674066318694518,26.991667
2760,0.4162228875154348,-94.71553787329712,1.5239032071515246,-4.5672033201099,0.23239630402606812,-0.117394744896,-0.5889931616087121,1.6669814178000263e-05,0.0005696897602503631,0.0005387403495645613,0.004194360292987388,27.0
2761,0.42917185695582233,-94.75251879861179,1.5331757203622394,-4.314054559068911,0.23455353178537441,-0.12958428104176511,-0.5855724272110976,1.6114053105583318e-05,0.0005522693107631336,0.0005063000522846522,0.003794544203398536,27.008333
2762,0.4421697292899661,-94.78729388280722,1.535651427861283,-4.08197548641127,0.23641681066350428,-0.1415591901099883,-0.5820400329935227,1.5609260487239603e-05,0.0005352701573000148,0.0004778438790087486,0.0034578856971070452,27.016667
2763,0.45515726663520345,-94.82001618240677,1.5319248906241099,-3.8695978335455794,0.23799423334188594,-0.15329887749224957,-0.5784122333869023,1.5152091544658223e-05,0.0005188324070481152,0.00045291178460149224,0.0031717386042898533,27.025
2764,0.4680879790795765,-94.85089979250941,1.5225382612689065,-3.675446024956419,0.2392871212609404,-0.16480354615812204,-0.5747033821445283,1.473922986727832e-05,0.0005030575188189762,0.0004310729914612615,0.0029265259662947176,27.033333
2765,0.4809122622368251,-94.88004945595864,1.5079725677978317,-3.498096206936653,0.24030816307680086,-0.17604904337141009,-0.5709301478838416,1.4367490058258911e-05,0.0004880133638531294,0.00041193390417076166,0.0027149375190483826,27.041667
2766,0.49358457660436966,-94.90776122466434,1.4886790689373774,-3.3361718337121933,0.24103452306092402,-0.18706097773897357,-0.567109391542877,1.4033879804894046e-05,0.0004737419047736527,0.0003951412598779466,0.002531325521728681,27.05
2767,0.5060688190289299,-94.93408352341787,1.465041065114417,-3.1883401645785368,0.24148617253143068,-0.19781127143812047,-0.5632562845136789,1.3735629869428477e-05,0.00046026430330585005,0.0003803821088228767,0.0023712661928845234,27.058333
2768,0.5183290262141601,-94.95910094477428,1.4374085707213162,-3.0533718458426913,0.2416755134399107,-0.20828291917866326,-0.5593868826295179,1.3470202797781125e-05,0.0004475845258592312,0.000367381929852859,0.002231252532511584,27.066667
2769,0.5303302111802951,-94.983058099752,1.4061099272002666,-2.9301546910555327,0.24157849705683587,-0.21850017774528863,-0.5555177897790833,1.3235288842155825e-05,0.0004356938918548733,0.00035590167241294026,0.002108464084822675,27.075
2770,0.5420455516615831,-95.00599900775708,1.3714284539202322,-2.8176381383973736,0.24121170633717406,-0.22844390371272574,-0.5516636731364499,1.3028793191988848e-05,0.000424574561426697,0.00034573424855633827,0.0020006014398322026,27.083333
2771,0.553447301720462,-95.02796716795218,1.3336221242793431,-2.7148760798129095,0.24059073772788042,-0.2380964661074284,-0.5478400153536692,1.2848818074136451e-05,0.00041420137021859146,0.0003367010484438749,0.001905771524991007,27.091667
2772,0.5645061197920902,-95.04925484247671,1.292941083792453,-2.6210570320182223,0.23966816031285784,-0.24750109000354903,-0.5440633198951254,1.2693643195533049e-05,0.0004045445882396183,0.00032864851957252315,0.0018223987782194327,27.1
2773,0.5752049946616905,-95.06978445257546,1.2495952444026397,-2.5353744406392993,0.23848599096235773,-0.256618212935701,-0.5403462201037308,1.2561705633947202e-05,0.00039557206585412013,0.00032144489582549147,0.0017491582822205289,27.108333
2774,0.5855186177333653,-95.08963579931859,1.2037841687066868,-2.4571481213991184,0.23704465536531474,-0.2654443765136314,-0.5367044130767221,1.2451579905378376e-05,0.0003872492021901993,0.0003149774728512229,0.0016849315799348486,27.116667
2775,0.5954264850605381,-95.10889973611654,1.155693920977844,-2.3857630868805866,0.23534093020519697,-0.27398172370366697,-0.5331521118053647,1.2361959974488328e-05,0.0003795414337998648,0.0003091500084850516,0.0016287662101354499,27.125
2776,0.6049134400213384,-95.12763131236592,1.1054974690411012,-2.3206560814930057,0.23338071085983847,-0.2822270352176089,-0.5297016679857022,1.2291642488055903e-05,0.00037241449704119347,0.0003038804917124686,0.0015798476731530068,27.133333
2777,0.6139585665777306,-95.14593058785985,1.053354831378627,-2.2613457374930546,0.2311532035449231,-0.2901860506497582,-0.5263675191111391,1.2239511858351822e-05,0.00036583459263891835,0.00029909923242360975,0.0015374774388941794,27.141667
2778,0.6225502087700815,-95.16378728582823,0.9994154843704255,-2.2073677129080735,0.22868056979568596,-0.29784332742443215,-0.5231606464391821,1.2204527369133054e-05,0.00035976968047240766,0.0002947472011355009,0.0015010539085582946,27.15
2779,0.630668107697557,-95.18112078097442,0.9438099715110502,-2.1583075439285304,0.22600400934688752,-0.3051651557321805,-0.5200951145339533,1.2185711811302027e-05,0.0003541888196935921,0.00029077463604640374,0.001470059248246201,27.158333
2780,0.6383013119998598,-95.19810994158026,0.886679653961915,-2.1138350238287718,0.22308889969482,-0.3121815340288693,-0.5171813466477079,1.2182142040734593e-05,0.00034906347709440607,0.0002871398359593548,0.0014440470037408247,27.166667
2781,0.6454370174896674,-95.21490466233655,0.8281557400921195,-2.07365947977316,0.2199040746348658,-0.3189141717207847,-0.5144302301679299,1.2192940842748462e-05,0.0003443666426150641,0.0002838080885355724,0.0014226323911074048,27.175
2782,0.6520642379703282,-95.23149842424851,0.7683572239123804,-2.037490861203718,0.21646581323124925,-0.32535044038031313,-0.5118516927025545,1.2217270333105322e-05,0.000340073256890448,0.00028075083984138895,0.001405484270829075,27.183333
2783,0.6581723732242823,-95.24782233007994,0.7073944579607442,-2.0050581169843187,0.2128113908065214,-0.3314652501766885,-0.5094552115194224,1.22543265901834e-05,0.0003361601401516026,0.00027794498723302614,0.0013923191450331788,27.191667
2784,0.6637544416962988,-95.26382765358271,0.645376860778638,-1.976120645001736,0.20897383132835626,-0.33724087173447587,-0.5072485041158018,1.23033354430428e-05,0.000332606034480063,0.0002753722557029179,0.0013828959168466894,27.2
2785,0.6687997446624229,-95.28006436060183,0.5824334647912527,-1.9506115119161158,0.20478076977931692,-0.34278199608608406,-0.5052403904715361,1.2363549256711295e-05,0.00032939131077854895,0.0002730186702850149,0.001377011402187497,27.208333
2786,0.6732957985522917,-95.29580773080112,0.5186273762010304,-1.928189072512287,0.20049121241310242,-0.3479280156136761,-0.5034400484389913,1.2434244625719842e-05,0.00032649834708006363,0.0002708742122427743,0.0013744945506819174,27.216667
2787,0.6772449129925134,-95.31190414579248,0.4541092165436549,-1.9088968897700944,0.19582835156239872,-0.3528456124352403,-0.5018503195032895,1.2514720881400185e-05,0.0003239116650142072,0.0002689323294034788,0.0013752075535743268,27.225
2788,0.6806400999518839,-95.32768147549271,0.38894325309767924,-1.892441655775726,0.19103938265085912,-0.35739183124817975,-0.5004773180769047,1.2604299239705975e-05,0.0003216165044503698,0.0002671898890355788,0.0013790380932517613,27.233333
2789,0.6834721289570995,-95.34342670541865,0.3232326631133225,-1.8787886701246375,0.18603637845904525,-0.3616142759677334,-0.49932764191678286,1.2702322718656551e-05,0.0003195998832972482,0.00026564669489273236,0.0013859023512449193,27.241667
2790,0.6857365808101807,-95.35929836341253,0.2570792861590993,-1.867886966757908,0.1807745485698806,-0.36553390822249476,-0.49840549475797785,1.2808156564289414e-05,0.0003178506831332723,0.00026430549840212355,0.0013957402791581214,27.25
2791,0.6874290283966478,-95.37485876625269,0.19055183964906758,-1.859550462235561,0.17542691269932223,-0.36906377989627553,-0.49771461435792486,1.292118913005809e-05,0.00031635915205463884,0.00026317189704642806,0.0014085145843521396,27.258333
2792,0.688547504825719,-95.39046173633417,0.12376039817159262,-1.8538134013119412,0.16987830529172285,-0.37226213485560117,-0.4972572543663516,1.3040833273980502e-05,0.0003151169309469749,0.00026225402220600175,0.0014242122221701217,27.266667
2793,0.6890928705026649,-95.40617806383935,0.056803875347425904,-1.8506522423776208,0.16411564207684684,-0.37513430965095246,-0.4970340213953243,1.3166528140211043e-05,0.00031411681440734145,0.00026156281352683245,0.0014428405907313925,27.275
2794,0.6890651975617804,-95.42191925805915,-0.010230305570537722,-1.8500179075469358,0.15818517772988272,-0.3776584171409048,-0.49704535224181684,1.3297741325579316e-05,0.00031335256827867057,0.0002611119620608664,0.0014644279820554638,27.283333
2795,0.6884578724685847,-95.43745604479072,-0.07727508391919079,-1.8518415157525943,0.15218641257741441,-0.37979014799005695,-0.497293929173188,1.3433971428368535e-05,0.00031281906749261955,0.0002609178798115374,0.0014890242072770395,27.291667
2796,0.6872706924330898,-95.45304884822525,-0.14422667729770805,-1.856202000190471,0.14603503037248808,-0.3815652517696421,-0.49777930975692036,1.3574750896099295e-05,0.000312512863383048,0.00026099965628379406,0.001516702166122586,27.3
2797,0.6855101101495663,-95.46890196738629,-0.21097328999438097,-1.863177907930383,0.13966747623959036,-0.38300837760165224,-0.4984978349439581,1.371964912832605e-05,0.00031243155800648613,0.00026137951990920635,0.0015475553680824679,27.308333
2798,0.6831776304287004,-95.48457140567315,-0.2774521608303369,-1.8726771056581673,0.13326750800296064,-0.38405025298693746,-0.4994473817804536,1.3868275933154293e-05,0.00031257332022446686,0.00026208306539581553,0.0015816977823597297,27.316667
2799,0.6802709467857715,-95.50096423107642,-0.343519590160933,-1.885031209410078,0.1265003048298147,-0.38480243042633366,-0.5006268821107699,1.4020285287708919e-05,0.000312937451838361,0.00026313890758721166,0.0016192689754825087,27.325
2800,0.6767968926476979,-95.51744462193531,-0.4091162105260551,-1.9001195356657299,0.11962514535495287,-0.38517158051166955,-0.5020310656134229,1.417537938810919e-05,0.0003135246570413664,0.0002645802727140212,0.0016604266237772467,27.333333
2801,0.6727582053295632,-95.53409120002918,-0.47414407490424165,-1.918057777984876,0.11262709971194515,-0.3851602680552857,-0.5036558517460669,1.4333313036740048e-05,0.00031433635787409854,0.0002664438690410849,0.0017053564877182936,27.341667
2802,0.6681618965150884,-95.55094916620904,-0.5384995684006614,-1.938969788014867,0.10550509087443657,-0.3847674855440537,-0.5054949757848077,1.4493898270729536e-05,0.00031537511607634543,0.0002687709490899288,0.0017542695597543272,27.35
2803,0.6630111528217528,-95.56818990896228,-0.6020740822741263,-1.9630455025324387,0.09820962053224157,-0.38400159778563514,-0.5075432553083455,1.4657009332888404e-05,0.00031664433546515683,0.0002716077794991014,0.0018074027582980633,27.358333
2804,0.6573185103765036,-95.58542509901723,-0.6647866436986553,-1.9903023969560756,0.09090799370749517,-0.38281982116912244,-0.5097913630850558,1.4822588024250816e-05,0.0003181486773076756,0.0002750064174621606,0.0018650193254914121,27.366667
2805,0.6510897361941922,-95.60294428107491,-0.7265136268900223,-2.0210162621146086,0.08350664985340413,-0.38124435295588643,-0.5122322670874108,1.4990649342464068e-05,0.00031989336901929924,0.0002790244742377235,0.0019274140259557227,27.375
2806,0.6443349439244402,-95.62085804175992,-0.7871343009846479,-2.0554300006516266,0.07598269296642474,-0.37927770471762096,-0.5148568400533329,1.5161287499741564e-05,0.00032188490484380414,0.0002837269142549971,0.001994908602099351,27.383333
2807,0.6370590010749355,-95.63910423085045,-0.8465491228150218,-2.093753346264525,0.06837952458134777,-0.37690494700267685,-0.5176576225836322,1.533468248975392e-05,0.0003241307531237683,0.0002891867364814301,0.0020678527653547846,27.391667
2808,0.62927886284495,-95.65780630327848,-0.9046182982228873,-2.1362958970040413,0.060672518786425086,-0.374130883567901,-0.520622166355614,1.5511107054696767e-05,0.0003266399394293547,0.0002954855957130174,0.002146627941696802,27.4
2809,0.6210046012033241,-95.67697067085413,-0.9612209053173906,-2.1833589848105204,0.052882044907133004,-0.3709474186236918,-0.5237404076628608,1.569093413250122e-05,0.0003294220435695596,0.0003027154092203792,0.0022316410798718152,27.408333
2810,0.6122507749646101,-95.69667486606332,-1.0162168167094865,-2.235311402299776,0.045003792719244116,-0.36735243838828857,-0.5270003390198739,1.5874644850868833e-05,0.0003324880208521037,0.0003109793591752934,0.0023233265538244764,27.416667
2811,0.6030329187798827,-95.71688601344283,-1.0694710758996724,-2.292517715213094,0.03707576353849147,-0.3633386356176073,-0.5303894194849417,1.6062837014145727e-05,0.00033584989720590835,0.00032039357295207297,0.0024221408672503706,27.425
2812,0.5933640622042984,-95.73771278490673,-1.1208319423780757,-2.3554518940458262,0.029085491322561843,-0.3589035130138282,-0.5338958842479103,1.6256234045660024e-05,0.0003395208413491855,0.0003310883996939367,0.0025285603119553275,27.433333
2813,0.5832633127638075,-95.75918076618758,-1.1701389516816052,-2.424604242520126,0.02105324729772308,-0.3540436866765385,-0.5375056663689286,1.645569437016453e-05,0.00034351552917787184,0.0003432106290765791,0.002643072813966176,27.441667
2814,0.5727513250309693,-95.78140448315297,-1.2172096211703898,-2.500566146643937,0.012969825347536658,-0.3487582752229216,-0.5412041775245156,1.6662221141950893e-05,0.00034784968795616123,0.000356925197023457,0.0027661689963640974,27.45
2815,0.5618468258972203,-95.8043735429587,-1.26187160990516,-2.5839330970966135,0.004872352403460183,-0.343042563740135,-0.5449775888242121,1.687697209342233e-05,0.0003525400960230229,0.0003724176489420137,0.002898327395866026,27.458333
2816,0.5505760324065648,-95.82821469202456,-1.303909194305593,-2.6754405711115123,-0.0032473741070232084,-0.3368975231354552,-0.548809644724475,1.71012691526724e-05,0.00035760492452171545,0.00038989561117569704,0.003040005877123043,27.466667
2817,0.538959113127222,-95.85298336017433,-1.3431148032513012,-2.7758671189402415,-0.011369930223076983,-0.3303194818879299,-0.5526864185485401,1.733660733729391e-05,0.0003630630585614854,0.0004095915955080071,0.0031916168791052994,27.475
2818,0.5270226311895041,-95.87876059485357,-1.3792497928480947,-2.8860907593803486,-0.019481719579371688,-0.3233081584962708,-0.5565921396570211,1.7584662324913243e-05,0.00036893483217839294,0.0004317642671328412,0.003353517178171315,27.483333
2819,0.5147968562783924,-95.90565664751271,-1.4120455826789757,-3.0070985465973568,-0.02757543229409703,-0.3158643758254803,-0.5605103070365196,1.784729546728898e-05,0.00037524135391569846,0.000456699857285904,0.0035259896966452105,27.491667
2820,0.5023101782723164,-95.9337251252265,-1.4412272119508007,-3.1399420056852647,-0.035622280350572584,-0.3079891241857903,-0.5644256064371062,1.812655479787534e-05,0.0003820040895738311,0.00048471265640542995,0.003709233732108887,27.5
2821,0.4895984701657573,-95.96312057338594,-1.4664625648226481,-3.2858356263379287,-0.04362201195459454,-0.29968449769820765,-0.5683210664654322,1.8424669830527933e-05,0.0003892449924449016,0.0005161430182333435,0.003903384962591102,27.508333
2822,0.4766986950530203,-95.99394013513361,-1.4874005343606007,-3.446059381486085,-0.05155256560554227,-0.2909545977892253,-0.5721802755083369,1.8744037202842043e-05,0.0003969854267522001,0.0005513544288808935,0.004108553432647875,27.516667
2823,0.46365003389341053,-96.02631736567164,-1.503647602035677,-3.622014743688852,-0.059399156641736034,-0.28180320653633173,-0.5759871575409404,1.9087193092421266e-05,0.0004052457430595317,0.0005907252437393367,0.00432494327478224,27.525
2824,0.45049419325353135,-96.06038901814588,-1.5147694285974662,-3.815192506381184,-0.06714385376772525,-0.2722351039239873,-0.5797260247467887,1.9456766804523535e-05,0.0004140445375874326,0.0006346358068983291,0.00455307470774253,27.533333
2825,0.43728948436978654,-96.09635121450737,-1.5202382337551241,-4.027165946898711,-0.07478269915063293,-0.26225999425581203,-0.5833778843911444,1.985540837467244e-05,0.000423397711699578,0.0006834475504120853,0.004794184526879229,27.541667
2826,0.42408293580141077,-96.13433919138373,-1.5195262676407633,-4.259495473571665,-0.08228921848296382,-0.25188473190970284,-0.5869285127068204,2.028568020656498e-05,0.0004333155799586695,0.0007374729879475811,0.005050862360520669,27.55
2827,0.4109333980574418,-96.17453305932786,-1.512020080549549,-4.513716092968356,-0.08964677475914679,-0.2411193641649851,-0.5903621097902169,2.0749901536682297e-05,0.00044380347601460587,0.0007969293690006133,0.005328129554576481,27.558333
2828,0.3979068456799756,-96.2169759972923,-1.4970822740128409,-4.791087489683709,-0.09680496153950148,-0.22999047979671663,-0.5936629441865239,2.1249931324266367e-05,0.0004548592392864945,0.0008618777163617238,0.005634999794930186,27.566667
2829,0.3850749418498019,-96.2620834259747,-1.4739062903878772,-5.092884882010954,-0.10379964329982092,-0.21849221420605056,-0.596815967495984,2.1786872418739292e-05,0.0004664715827350905,0.0009321392158896584,0.005986737303366481,27.575
2830,0.3724919764828167,-96.31004487131132,-1.4417606901973998,-5.41985081963968,-0.11060252718745962,-0.20662691352971854,-0.5998123975552102,2.2360682835500067e-05,0.00047861894726127223,0.0010072014365196226,0.0064076924021835,27.583333
2831,0.3602591325281986,-96.36100443953451,-1.3997631143707068,-5.771772767097564,-0.11718735195132517,-0.19442581811492485,-0.6026344152709655,2.2969685624657105e-05,0.0004912728436988629,0.0010860988565458594,0.006934888843360303,27.591667
2832,0.34847823141845263,-96.41515064739033,-1.3470091990360915,-6.147379487894496,-0.1235404992803699,-0.18191260095508283,-0.6052669355972733,2.3609966244668668e-05,0.000504393176477199,0.00116729269248711,0.007621247323317586,27.6
2833,0.33724651056478183,-96.47263121476765,-1.282652727911727,-6.543966765079273,-0.12964271162444382,-0.16910880054421948,-0.6076985219474841,2.4274673310861877e-05,0.0005179325730523918,0.0012485751571569555,0.008537288455478183,27.608333
2834,0.32666826839288904,-96.5335864987511,-1.2059038801828346,-6.956951306206395,-0.13548128395384626,-0.15603432150174168,-0.6099185395507407,2.4953282283545297e-05,0.0005318439554292059,0.0013270353948615483,0.009768882435620019,27.616667
2835,0.31685934274945743,-96.59810037861061,-1.116096861505319,-7.379331729921578,-0.14104647157328817,-0.14271321548469987,-0.6119161246925459,2.5630922938195494e-05,0.0005460881589294803,0.0013991396988656249,0.011407442757137853,27.625
2836,0.3079322500844251,-96.66617017396936,-1.0128341248458024,-7.801520295915317,-0.14632556498236113,-0.12916876982646422,-0.6136829561020175,2.6287929025272626e-05,0.0005606408247611146,0.0014609770613202907,0.01352893210906647,27.633333
2837,0.3000144146905486,-96.737646359304,-0.8960479648710691,-8.210881032038909,-0.1513086321603423,-0.11543809126705423,-0.615209116962993,2.6899837746270935e-05,0.0005754979109515999,0.001508705157872332,0.016160652271682414,27.641667
2838,0.2932311471236435,-96.81227214647431,-0.7661448554282478,-8.592195758104065,-0.15599324738848067,-0.10155654097087752,-0.6164859190859324,2.7438088398002365e-05,0.0005906682500331303,0.0015391553196186134,0.019239648980263896,27.65
2839,0.2876825028186596,-96.88960967764204,-0.6241926021064358,-8.928916800521186,-0.16036847855720762,-0.08756026835984108,-0.6175092413608068,2.7871633144347187e-05,0.0006061529707088352,0.0015504899578326113,0.02257682153471725,27.658333
2840,0.28346012392256215,-96.96924681432151,-0.4718063612792303,-9.204264058252095,-0.1644437973171103,-0.07346082962511825,-0.6182752273144368,2.816955374320512e-05,0.0006219099419495755,0.0015427011714010382,0.025849591204912096,27.666667
2841,0.2806768813259918,-97.05072587868372,-0.31110625134929254,-9.401817687560081,-0.16825340763207297,-0.05926130847850796,-0.6187741112987927,2.8304480118675264e-05,0.0006377998567601312,0.001517695980618569,0.028641348317547104,27.675
2842,0.27935221478906025,-97.13302988271658,-0.1451733980314233,-9.510520685394049,-0.17176276063067372,-0.04502054297989661,-0.6190098686178801,2.8256222426531476e-05,0.0006535257029043895,0.0014788586603279304,0.03053039667476463,27.683333
2843,0.2795308126805726,-97.21518728446135,0.022723230152750126,-9.523255896557709,-0.17498689056352074,-0.03079213448931014,-0.6189781460281959,2.801495475043204e-05,0.0006686191940371902,0.0014302499098683534,0.031210921504137824,27.691667
2844,0.2811896979919812,-97.29643186142903,0.1891995048360465,-9.440468138384315,-0.17793077280778333,-0.016584737225647458,-0.6186825512774554,2.758305036214411e-05,0.0006824450025353406,0.0013756297451522047,0.030584111190894072,27.7
2845,0.2842934753315081,-97.37592714894812,0.35099936505475227,-9.268348489857804,-0.18060508783807225,-0.0024284020243612614,-0.6181249208587293,2.697506724928237e-05,0.0006942766480192002,0.0013178029405654709,0.02878361931890741,27.708333
2846,0.28879972039717516,-97.452779206309,0.50519159624235,-9.017779779103487,-0.18303643129316408,0.011621359441371883,-0.6173047233742808,2.621585223956415e-05,0.0007033972356293195,0.0012584192216851288,0.026122774475614535,27.716667
2847,0.29460401965116456,-97.52650986012517,0.6494753510617943,-8.704398010909273,-0.1852293714655933,0.0255623605755935,-0.6162297934571686,2.5337218816150205e-05,0.0007092068954193922,0.0011982331089367725,0.022994116357962013,27.725
2848,0.3016026483608393,-97.59667676354678,0.7821668908471602,-8.344792819115273,-0.18719732800102876,0.03937248434557813,-0.6149060745688991,2.4374120547850172e-05,0.0007113207642149438,0.001137561557276097,0.019766203111515262,27.733333
2849,0.30968887349528135,-97.66286548202555,0.9021755789063983,-7.955114697016745,-0.18896470726580117,0.053008866223880916,-0.6133391493990977,2.3361058356157535e-05,0.000709606527060777,0.001076681285772951,0.016717195992525035,27.741667
2850,0.31873761721447896,-97.72501157156091,1.0090579613294812,-7.550189578665257,-0.19054035061267127,0.06646772658880605,-0.6115381662549902,2.2329299297917897e-05,0.0007041764932643231,0.0010160481120024007,0.014013553798119837,27.75
2851,0.3286143541024929,-97.78321121374161,1.102858358540849,-7.142550200710516,-0.19191994386679884,0.07975226270778948,-0.6095152372296795,2.130517803332749e-05,0.000695348423804184,0.0009563213512408425,0.011722425052648122,27.758333
2852,0.3392178832681341,-97.83743097736155,1.1838879293471525,-6.741465676892095,-0.19313028886678596,0.09283059144449222,-0.6072772723314266,2.0309411703070807e-05,0.0006835855317630188,0.0008982673725168301,0.009840792088418062,27.766667
2853,0.3504266873790991,-97.88780818483002,1.2527426417908416,-6.354151160849228,-0.19417742670039884,0.10568559901912508,-0.6048373283751425,1.9357160374110155e-05,0.000669423041889005,0.0008426356286782863,0.008326216328220584,27.775
2854,0.36213144035006617,-97.93469908866585,1.3102061771581013,-5.985355874437807,-0.19504967805032453,0.11833541624176946,-0.6022083236151357,1.8458626801184047e-05,0.0006534195528647139,0.0007900541731866206,0.007119917158021646,27.783333
2855,0.37423385574336965,-97.97835654567304,1.3570931677922087,-5.637952996595555,-0.1957453619523677,0.13077465351048445,-0.599403249865522,1.761988731683947e-05,0.0006361124906344299,0.0007409729869298034,0.0061618014202410865,27.791667
2856,0.38665430938705037,-98.0188924890182,1.3941927268715681,-5.313298106669965,-0.19628786451923022,0.14297218674643247,-0.5964331821213703,1.684378464437767e-05,0.0006179892607434645,0.0006956504163036965,0.005398267945001212,27.8
2857,0.3993019128253526,-98.05672026425252,1.4223543224029414,-5.011863614935711,-0.1966501217437498,0.1549498042150876,-0.5933142510237508,1.613075975596887e-05,0.0005994696902562981,0.0006541706662760038,0.004785081557631781,27.808333
2858,0.41209172250899134,-98.09226108183614,1.4423835342520286,-4.7333561193233376,-0.19679403500389522,0.1667315288792989,-0.5900637404047611,1.547957779740766e-05,0.0005809056184283243,0.0006164770219264218,0.00428733932470161,27.816667
2859,0.42499436863829204,-98.1252689363518,1.454878077698087,-4.476658937657066,-0.19681158016771516,0.17823122426315016,-0.5866867522669535,1.488790680450525e-05,0.0005625817848613107,0.0005824093840015636,0.003878329875573168,27.825
2860,0.43791497624594355,-98.15651442157336,1.4606037248975887,-4.24086852825745,-0.19658846654044515,0.18953854735452028,-0.5832071900842912,1.4352747656181246e-05,0.0005447107629972255,0.0005517398706784162,0.003538073942044094,27.833333
2861,0.4508168753241191,-98.18589033948113,1.4600921971941283,-4.024559312700848,-0.19618166340231188,0.20059395635394786,-0.5796355167646066,1.3870777210853233e-05,0.0005274573073396711,0.000524202423016055,0.0032515985532301545,27.841667
2862,0.4636462050286774,-98.21362910071582,1.453887963243195,-3.8263851586727506,-0.19557689484354873,0.21139942042122623,-0.5759882602318602,1.3438563438751136e-05,0.0005109344251037353,0.0004995149618944132,0.0030077982148557065,27.85
2863,0.47636768768154125,-98.23990553871262,1.4424672266110299,-3.6449082843271747,-0.19477273548286508,0.22195478138722438,-0.5722780523555585,1.3052721383692005e-05,0.0004952169705079618,0.000477395712151013,0.0027983652491464315,27.858333
2864,0.4889541940566561,-98.26463544994807,1.426231725074602,-3.478729863206801,-0.19382534051027395,0.23221484965495576,-0.5685160627913715,1.2710005333515144e-05,0.0004803465915108372,0.0004575740068184526,0.002617043272174715,27.866667
2865,0.5013433077600439,-98.28844683456956,1.4056315941537805,-3.326732252177242,-0.19261036012717195,0.24225876288325388,-0.564725113355123,1.2407361949448567e-05,0.00046633851107767216,0.0004397968470596319,0.0024590707851671976,27.875
2866,0.5135062918551729,-98.31119389123933,1.3809890761654984,-3.187690051504276,-0.19118765549573577,0.2520310108043977,-0.5609190339567356,1.2141958565665661e-05,0.0004531939493789636,0.0004238320886095316,0.00232074396044724,27.883333
2867,0.5254188234173411,-98.33300903416564,1.3526215207313952,-3.0604708319458394,-0.18955253589665635,0.2615335676316345,-0.557110888255665,1.1911185486002107e-05,0.00044089885615295464,0.00040946989220324534,0.002199164955820645,27.891667
2868,0.5370521769263481,-98.35399525593591,1.3208163538381121,-2.944069537029377,-0.18770249963186203,0.2707619574521607,-0.5533156844917965,1.1712649381445754e-05,0.0004294279817782488,0.000396522660493228,0.0020920283311574423,27.9
2869,0.5483824913732003,-98.37424976657658,1.2858352234557453,-2.837558547531388,-0.1856351269272915,0.2797138092813515,-0.549547356670928,1.1544159833568074e-05,0.0004187493746018743,0.0003848240606520467,0.0019974710349541613,27.908333
2870,0.5593845341183511,-98.39379224188498,1.2479123770618366,-2.740101408886737,-0.18336698660484663,0.28837273293621984,-0.5458206919844224,1.140371141068961e-05,0.00040882648361614875,0.00037422758253376085,0.0019139678022141488,27.916667
2871,0.5700347925875231,-98.41277963784009,1.2072716009682438,-2.65095653699514,-0.1808741705899298,0.2967493154340461,-0.54215024751339,1.1289464611211247e-05,0.0003996206045742922,0.00036460486553420966,0.0018402544112493056,27.925
2872,0.5803096378444824,-98.43118051286832,1.1641071230578206,-2.569437561547328,-0.17818531747391267,0.30482033429007105,-0.5385508974238279,1.1199726668949105e-05,0.0003910922586482787,0.00035584388806259487,0.0017752710968751504,27.933333
2873,0.5901944976459526,-98.44909621486663,1.11860947553669,-2.4949170900387747,-0.17529125682907157,0.31259170522073076,-0.535034497749893,1.1132933408508293e-05,0.0003832024330354755,0.0003478473238038392,0.001718122312061995,27.941667
2874,0.5996722726696785,-98.46661635974476,1.07095392057128,-2.4268454740004444,-0.17218271316210362,0.3200662077080594,-0.5316138153279297,1.1087632345807174e-05,0.0003759123892991473,0.00034053089713648215,0.0016680460758900094,27.95
2875,0.6087285234555395,-98.48371736852931,1.0212993769974423,-2.3647069854898484,-0.1688855171014109,0.32722869615947,-0.5283006484939825,1.106246787606181e-05,0.0003691848486906267,0.0003338219098554487,0.0016243897272147417,27.958333
2876,0.61734909979321,-98.50038152289036,0.9697948847306087,-2.308041067291871,-0.1654242188003426,0.3340664372666956,-0.5251066139387632,1.1056168153742045e-05,0.00036298423012380804,0.00032765795625863784,0.0015865923159713306,27.966667
2877,0.6255049097876716,-98.51688030075212,0.9165818674259504,-2.256536676499719,-0.16172181780959985,0.340607634489826,-0.5220488536981992,1.106753385055665e-05,0.0003572770245366484,0.0003219857264752405,0.001554170148500679,27.975
2878,0.6331975815870529,-98.53307541803795,0.8617998689289607,-2.2097563221223737,-0.1578435472639882,0.3468269793557423,-0.5191329055782273,1.1095428762370543e-05,0.00035203352148581023,0.00031675986273468014,0.0015267035500485487,27.983333
2879,0.6404009594194789,-98.5491048984055,0.8055676123032464,-2.1674418259790045,-0.15375433864932783,0.35273136755569523,-0.5163745717643317,1.1138771324761226e-05,0.0003472244725620919,0.00031194222534891217,0.0015038312412003563,27.991667
2880,0.6471204916648566,-98.56486917578937,0.74801862652423,-2.1292337604613216,-0.14950771864805965,0.3583054334539928,-0.5137773555714567,1.119652851872072e-05,0.00034282434601569183,0.0003075009980553877,0.0014852405602532098,28.0
2881,0.6533326398499939,-98.5804796265852,0.6892580375890969,-2.0949331917943717,-0.1450765666769255,0.3635529393632534,-0.5113556128151663,1.1267710244869676e-05,0.0003388079826536667,0.00030341009097505236,0.0014706633875860367,28.008333
2882,0.6590329627054196,-98.59596586344682,0.6294042175815858,-2.064302838514692,-0.14046535530434565,0.3684736877550558,-0.509116035955865,1.1351365655757826e-05,0.0003351537743653436,0.0002996485036319104,0.0014598697412965772,28.016667
2883,0.6642114610532177,-98.61126488344314,0.5685590839667182,-2.0371286187939517,-0.1357113584419638,0.3730520895620907,-0.507067133956831,1.1446579873221347e-05,0.00033184152837319604,0.0002961998655633297,0.001452664369923525,28.025
2884,0.6688637001163491,-98.62642719959268,0.5068328404691218,-2.013235267883488,-0.1308109930092879,0.37729159758076103,-0.5052148524923641,1.1552472006139615e-05,0.0003288531019515913,0.0002930520192412966,0.0014488836835139856,28.033333
2885,0.672978659402875,-98.64153206083495,0.4443243092970317,-1.9924954698140451,-0.12574756235453982,0.381195440016621,-0.5035673735940662,1.1668193860057424e-05,0.00032617184658148324,0.00029019666975863587,0.0014483925615185792,28.041667
2886,0.6765468446744981,-98.65662344381907,0.38112942804550304,-1.974792526525763,-0.12051700943786584,0.38476189878680017,-0.5021318993592516,1.1792929434090192e-05,0.000323783222978254,0.0002876291205417285,0.001451082089055029,28.05
2887,0.6795688785338684,-98.67160307913298,0.3173482284416801,-1.9599738090252035,-0.11517142095174154,0.3879769147848069,-0.5009111398901201,1.1925894960772617e-05,0.00032167453330152115,0.00028534805935786605,0.001456867874093918,28.058333
2888,0.6820375177428459,-98.68659402589404,0.2530775509403508,-1.9479796661555713,-0.1096763128249124,0.39084917878840797,-0.4999105305167707,1.206633954556879e-05,0.00031983399154196615,0.0002833553454501351,0.001465688818153407,28.066667
2889,0.6839471871476445,-98.7014870952075,0.1884017886531343,-1.9387069058301454,-0.104087440396799,0.3933613744998581,-0.49913439721103703,1.2213546417931188e-05,0.0003182514971117019,0.0002816559401399158,0.0014775053760950772,28.075
2890,0.6852934853550943,-98.71646285273071,0.12342128518716718,-1.9321432154169922,-0.09834716521448698,0.3955277639645159,-0.4985861366940568,1.2366834529124141e-05,0.0003169184251887863,0.00028025776032631255,0.0014922996667992654,28.083333
2891,0.6860759557297212,-98.73143972806884,0.05822613173907183,-1.928217983975729,-0.09250101628859499,0.39733612975164695,-0.49826707161477113,1.2525560536622528e-05,0.000315827478686757,0.00027917174833605126,0.0015100735223590456,28.091667
2892,0.6862934478361693,-98.74646514954716,-0.007089135515205629,-1.9269138273624402,-0.08654363757967835,0.3987869876640248,-0.4981783314640755,1.2689121143388694e-05,0.0003149723654951441,0.0002784117766557709,0.0015308490555369827,28.1
2893,0.6859466310966937,-98.76157618924563,-0.07242880813826186,-1.928224914976132,-0.08047380839713872,0.39987976813111736,-0.4983198268958044,1.2856955822291422e-05,0.0003143479050523735,0.0002779947493584205,0.0015546679173421881,28.108333
2894,0.6850280696506642,-98.77673512158394,-0.13771651638775,-1.9321548717225883,-0.07431951855953121,0.4006034473297546,-0.49869429495894174,1.3028549786080553e-05,0.0003139499068366208,0.0002779406934491708,0.0015815911564394719,28.116667
2895,0.6835478955004837,-98.79196277852819,-0.20284351274302945,-1.9387113877078141,-0.06808723407599647,0.4009604939562576,-0.49929682906887607,1.3203437265392056e-05,0.00031377587048728384,0.0002782728547933469,0.001611700662639278,28.125
2896,0.6815000092604011,-98.80737387897834,-0.2677226404020569,-1.947974145491424,-0.061744395397618716,0.4009507054129186,-0.5001286575890903,1.3381204953893092e-05,0.0003138234708851723,0.00027901787461051444,0.001645097400628485,28.133333
2897,0.6788854286612594,-98.82289346057877,-0.33226760867221883,-1.9599720494164667,-0.05533549142966747,0.4005639317727876,-0.5011876221805192,1.356149580679688e-05,0.00031409207612618617,0.0002802061503398182,0.0016819028970586332,28.141667
2898,0.6757137910642821,-98.83857995195129,-0.3963681863190335,-1.974780339265301,-0.04885245248558581,0.39980276822554034,-0.5024676079921356,1.374401297876181e-05,0.0003145820863956271,0.00028187192435971095,0.001722260391238423,28.15
2899,0.6719831449929765,-98.85445596382243,-0.4599366499173475,-1.992498794667337,-0.04230120140528138,0.3986610867542947,-0.5039667240439141,1.3928524052785595e-05,0.00031529428140846075,0.00028405372700404446,0.0017663332817411215,28.158333
2900,0.6677014153739617,-98.87052722295303,-0.5228687605198816,-2.0132280829437765,-0.03569552681382611,0.39713656917398205,-0.5056786405081813,1.4114865552917823e-05,0.0003162309391716385,0.0002867947660331165,0.001814307632926308,28.166667
2901,0.6628789697046891,-98.88681089756187,-0.5850548804851508,-2.0370906431934013,-0.029045168200386093,0.3952284831918536,-0.5075956431590779,1.430294765103387e-05,0.0003173949996112448,0.00029014334345130324,0.0018663914717197065,28.175
2902,0.6575108825835255,-98.90336392524071,-0.6464073631188014,-2.0642638233474817,-0.022344237253581565,0.39292899087687033,-0.5097156617821744,1.4492759191257641e-05,0.000318789997871556,0.0002941533986032731,0.0019228146332563507,28.183333
2903,0.6516072621952171,-98.92029095822753,-0.7068048222696705,-2.0949501606211447,-0.015569992465367376,0.3902372930083208,-0.5120302170342746,1.4684373019611563e-05,0.00032042147290168205,0.00029888521998935636,0.001983831597714534,28.191667
2904,0.6451809411918878,-98.93741039186222,-0.7661470904396118,-2.1292694429057395,-0.008812334102460084,0.3871489884048914,-0.5145294123961582,1.4877951565110033e-05,0.00032229562349449887,0.0003044062531904102,0.002049717986856375,28.2
2905,0.638241301515589,-98.95491920965884,-0.824302010473913,-2.167514389061017,-0.0020140162222090515,0.3836640382496407,-0.5172043717609461,1.5073752808970109e-05,0.00032441926116626174,0.00031079128705972504,0.002120773487074846,28.208333
2906,0.6307910341815314,-98.97277030349493,-0.8811702144840606,-2.2099226143714943,0.004786072903497953,0.3797752444579933,-0.5200484303207096,1.527213657423805e-05,0.0003268002491217491,0.00031812416563615863,0.002197316422103666,28.216667
2907,0.6228497939704142,-98.99115212874725,-0.9365927110262098,-2.256845425773146,0.011637527472086828,0.3754833389673604,-0.5230481266463525,1.5473571187443463e-05,0.00032944820416057504,0.00032649824614731254,0.0022796877533672022,28.225
2908,0.6144256446648924,-99.00996544965149,-0.9904595314899776,-2.3085634087715796,0.01847915294414382,0.37078392923657033,-0.526194176518856,1.567864046877068e-05,0.0003323730089692115,0.0003360182033196744,0.0023682393663121736,28.233333
2909,0.605532038587493,-99.02926371703617,-1.0426296681954967,-2.3654562057441995,0.025306654254372438,0.3656751110403403,-0.5294750221607102,1.5888051083333907e-05,0.0003355861089324999,0.0003468004184778357,0.002463339161776171,28.241667
2910,0.5961889954515565,-99.04905218876256,-1.0929508986478984,-2.427921154590054,0.03209684492816439,0.3601595264820655,-0.5328765529706405,1.610264008008036e-05,0.00033910007627195577,0.0003589747372966578,0.0025653617167362987,28.25
2911,0.5864033174122764,-99.06949269869692,-1.1412686559495417,-2.496489791925613,0.03888064974472211,0.35422770468485026,-0.5363893557716548,1.632338252512098e-05,0.0003429281423132416,0.0003726857179528758,0.002674680240267164,28.258333
2912,0.5762039537776575,-99.09065313642695,-1.187389665108319,-2.5716914126553316,0.045652765165664674,0.3478831263756253,-0.539995988959038,1.6551399191617636e-05,0.0003470856024948201,0.00038809471065330494,0.0027916588329123383,28.266667
2913,0.5655984760242014,-99.11249818903791,-1.2311690319193223,-2.6540785455349667,0.05236880681916255,0.34112291940975625,-0.5436866511159735,1.6787963940515652e-05,0.00035158772757337773,0.0004053811356694847,0.00291663419015121,28.275
2914,0.5546156827926516,-99.1350907067697,-1.2723969617776387,-2.7443036845576567,0.05901883462469961,0.33395236570163617,-0.5474441590498734,1.703451029922942e-05,0.00035645209603621885,0.0004247430834886758,0.003049918285358394,28.283333
2915,0.5432722257471524,-99.1585141675839,-1.3108731615144613,-2.843112455678884,0.06559632882920083,0.32636904084035867,-0.5512557333044943,1.729263659091814e-05,0.00036169644476720993,0.0004463989993819351,0.003191772997537023,28.291667
2916,0.5316011410853573,-99.18292243328375,-1.346337265626291,-2.951360059848543,0.07211580421876579,0.31837413076124965,-0.555103356430043,1.756410888908958e-05,0.0003673400574493832,0.0004705882855084327,0.0033424060606994832,28.3
2917,0.5196238148050459,-99.20835869837259,-1.3785562016625186,-3.069933382687833,0.0785508972843396,0.3099695097093237,-0.5589733198126604,1.7850860619130702e-05,0.0003734020251790805,0.0004975719058373377,0.0035019518143792005,28.308333
2918,0.5073629972835335,-99.23492843956674,-1.4072653417858745,-3.1998500820855913,0.08489208395478402,0.3011539063324631,-0.5628518201609656,1.815498708467945e-05,0.0003799025561855441,0.0005276300095258241,0.003670493417011509,28.316667
2919,0.4948542765681045,-99.26270470284442,-1.4321576587740057,-3.342193504374401,0.09111827615482067,0.2919360655582955,-0.5667215418994733,1.8478732754655104e-05,0.00038686268474661414,0.0005610590422967997,0.0038480937654971634,28.325
2920,0.48213170937480826,-99.29181184638452,-1.4528956870763057,-3.498177984711625,0.09722030425640722,0.2823201086414371,-0.5705664565788799,1.8824467898350972e-05,0.00039430264599318204,0.0005981656036715125,0.00403486522754715,28.333333
2921,0.4692316470735879,-99.32238747746834,-1.469106153396214,-3.669122461722162,0.10318876544569405,0.2723102512739147,-0.5743707151421727,1.91946505149738e-05,0.00040224182334317214,0.0006392569533861247,0.004231115661907227,28.341667
2922,0.45619382520312923,-99.35456647285449,-1.4803773807038108,-3.8564301114266417,0.10900958371854222,0.261913051375891,-0.5781184799437569,1.9591768481181674e-05,0.0004106981071804558,0.0006846259090450967,0.004437608415453105,28.35
2923,0.443081125449061,-99.38827899983444,-1.4862591147303157,-4.061365946288083,0.11461854234956237,0.25117139564039465,-0.5817886492857333,2.0018254757595262e-05,0.00041968700425908204,0.0007345283183433154,0.0046559993735329945,28.358333
2924,0.4299133854397691,-99.4242068586031,-1.4861777568274808,-4.285898259247009,0.12012736156687068,0.24002026062217505,-0.5853735595069575,2.0476365020460908e-05,0.00042921824394821795,0.000789148569395789,0.004889534994897272,28.366667
2925,0.4167428244143353,-99.46223797703048,-1.4796395155628475,-4.5313478682361366,0.1254452216475444,0.22850078248834327,-0.5888577089959962,2.0968012275791908e-05,0.00043930050265054277,0.0008485658952473425,0.005144064448300402,28.375
2926,0.4036380448092813,-99.50254531405692,-1.4659897549348904,-4.799114049202146,0.1305564256143264,0.21663185069052396,-0.5922230776263362,2.1494543639537512e-05,0.00044993672238467135,0.0009126852856753978,0.005429678943560783,28.383333
2927,0.390670051155739,-99.54532225905854,-1.4445179742883663,-5.090387425764432,0.1354475437597227,0.2044308143730394,-0.595453203619087,2.2056440143530465e-05,0.0004611215743394782,0.0009811684332644986,0.005762797716928619,28.391667
2928,0.3779036213976286,-99.5907650179236,-1.4144932644890618,-5.406042341813164,0.140100527059305,0.1919110052917595,-0.5985353131116086,2.2652930920944514e-05,0.00047284142063899287,0.0010533462740052895,0.006168923502524611,28.4
2929,0.3654116959707606,-99.63913645955746,-1.375106496424008,-5.746442345298938,0.14450913446767666,0.17907938406385931,-0.6014567290626249,2.328151485771268e-05,0.0004850764280529995,0.0011281226047196063,0.006685886439076674,28.408333
2930,0.35327920879440594,-99.69068799280177,-1.3254963158756352,-6.111061080025046,0.14866462119130555,0.1659474973592778,-0.6042042462629985,2.3937391171166508e-05,0.0004978019863587646,0.0012038820809976794,0.007366925437531083,28.416667
2931,0.34160490753352984,-99.74559968284026,-1.2647914126882505,-6.498028906690367,0.1525499431057968,0.15253989608114574,-0.6067640460986227,2.4612816479601296e-05,0.0005109914748725598,0.0012784213096955518,0.008282386836066271,28.425
2932,0.3304817407110236,-99.80408210543662,-1.1921759393890776,-6.9040059665282,0.15615180213660793,0.13886883474400796,-0.6091260740621198,2.5296436145417457e-05,0.0005246208691635761,0.0013489369433955993,0.00951780054141395,28.433333
2933,0.320018884358597,-99.86627020206792,-1.106908999875445,-7.3234470271337075,0.15945508639353337,0.12495777546893609,-0.6112791035599744,2.5972689870895555e-05,0.000538678020041769,0.0014121211835821188,0.011165339337748756,28.441667
2934,0.3103348251276347,-99.9322591529825,-1.0084070162182173,-7.748230776280652,0.16245008363385505,0.11082969987256398,-0.6132122476186455,2.6621440529266486e-05,0.0005531682717566998,0.0014643962779864264,0.013304863469174416,28.45
2935,0.30154360707034195,-100.00205273386604,-0.8963987687475157,-8.167549338567955,0.1651227542504203,0.09650709623154057,-0.6149173676858636,2.7218026028492678e-05,0.0005681174290831945,0.0015023186774424187,0.015972539675333255,28.458333
2936,0.2937696416032197,-100.07555866268676,-0.7709765912253334,-8.567612729364255,0.1674660311999516,0.08201487246964115,-0.616385595032789,2.773398113641083e-05,0.0005835677925756912,0.0015231267206595237,0.01912021390365208,28.466667
2937,0.2871289333490705,-100.15263085279,-0.6327371433637295,-8.93236905744916,0.16947614143872322,0.06736376620651567,-0.6176102923053629,2.8138633978887258e-05,0.0005995559049868563,0.0015253137620570162,0.02257589489270606,28.475
2938,0.28172480739873457,-100.23266117565548,-0.48305088109192523,-9.244378655790255,0.17112631574781695,0.05261768827226903,-0.6185868375704908,2.8401660407153054e-05,0.0006160738139895449,0.0015090572720891442,0.026026408540173317,28.483333
2939,0.2776626876504448,-100.31521579747067,-0.32376711840896244,-9.486171791917233,0.17242645767870848,0.03778901398366738,-0.6193089857175615,2.8496444905658728e-05,0.0006330143155497522,0.001476284878742047,0.029046355703524252,28.491667
2940,0.2750186871233198,-100.3996372367063,-0.15744912504282935,-9.642708214288612,0.17337483467383932,0.022900722055557637,-0.6197735363075395,2.8403733972445127e-05,0.000650108673265178,0.0014302605875494319,0.031180451205234185,28.5
2941,0.27384378084749256,-100.48504299071928,0.01276398699558159,-9.703312533427804,0.17396885655006297,0.007994605161957274,-0.6199785769806632,2.8114839428873666e-05,0.0006668895419474077,0.0013747999809132516,0.03206633893120088,28.508333
2942,0.2741684194346358,-100.57055518486341,0.18345918648446413,-9.66312514466003,0.17421709018949547,-0.006900907484206163,-0.6199220077056465,2.7633563559026202e-05,0.0006826963865259945,0.001313383379090824,0.03154855041598883,28.516667
2943,0.2759815195535587,-100.65528736078151,0.3511524925852677,-9.52449627630175,0.17412305607720882,-0.021759626010444077,-0.6196048681976433,2.6976213480464406e-05,0.0006967358437832363,0.001248543222680354,0.029728714082456104,28.525
2944,0.2792505475861674,-100.73831463765579,0.5125651004879281,-9.296046753635766,0.173699870298743,-0.03654181902669477,-0.6190279179458873,2.6169636223801872e-05,0.0007081942957439619,0.0011817471304792374,0.026927325620563197,28.533333
2945,0.2839113612917215,-100.81896584043179,0.6649371137986942,-8.991675134648037,0.1729557885598122,-0.05123590207437588,-0.6181938937083401,2.524772955080758e-05,0.0007163631853661373,0.0011137103299954467,0.02357748247541348,28.541667
2946,0.28987178591358514,-100.89653479370803,0.8060693099297154,-8.628597058659752,0.1719035870219674,-0.0658004456787172,-0.6171077465025562,2.4247305971638014e-05,0.0007207470183307397,0.0010448874772586928,0.0201026325994736,28.55
2947,0.2970233911027407,-100.97055668796833,0.9344886281698015,-8.224910077659992,0.1705560484241636,-0.08020942576424668,-0.6157756044538499,2.32042346867547e-05,0.0007211236596994178,0.0009758585898492633,0.016828783896568715,28.558333
2948,0.3052539396894701,-101.04071510723172,1.049378635820464,-7.797619342996843,0.16893192781384656,-0.09443814964650393,-0.6142035105178428,2.215050570073585e-05,0.000717546592780358,0.0009074770122681143,0.01395063795230512,28.566667
2949,0.3144435158990692,-101.10682644973392,1.1504895460544386,-7.361635100096672,0.16705106129917272,-0.10846116336848058,-0.6123990787350809,2.1112483273479066e-05,0.0007103002649496554,0.0008408042492888906,0.011543598870854193,28.575
2950,0.32447093505352054,-101.1688049811132,1.2380176415966013,-6.92906277956158,0.16493763122486788,-0.12225044024198317,-0.6103711332808678,2.0110296593673397e-05,0.0006998335289283076,0.0007769359886516837,0.00959866619797485,28.583333
2951,0.33521028895932653,-101.22679133031502,1.3125224504881328,-6.509106020737509,0.1625974609076324,-0.13579795212070314,-0.6081311491629204,1.9158086604277916e-05,0.0006866878805939825,0.000716827317750705,0.008060239426737231,28.591667
2952,0.3465521396964109,-101.28091398102887,1.3747414990844975,-6.1080462384939365,0.16005007904990473,-0.14908686095067694,-0.6056893533520239,1.8264780583248504e-05,0.000671436657134763,0.0006611792713556086,0.006855487872267012,28.6
2953,0.3583904434498747,-101.33137235945277,1.4255326123124317,-5.729897759029684,0.15730961875322969,-0.16210414986009727,-0.6030575769541816,1.74350828735946e-05,0.0006546347716809955,0.0006104002970592443,0.005912714040434378,28.608333
2954,0.370623455406721,-101.3784324684144,1.4658055370237415,-5.376847989807714,0.15438118052057614,-0.1748421549730183,-0.6002492687388001,1.667049578505426e-05,0.0006367894609740128,0.0005646252569080389,0.005170077146486962,28.616667
2955,0.38316841135300383,-101.42225761343305,1.4964325410393702,-5.049611763683728,0.15129322875933562,-0.18728100912334064,-0.5972760628296756,1.5970239183146956e-05,0.0006183447981182593,0.000523767002873461,0.00457820156752912,28.625
2956,0.39593972201855626,-101.463164792013,1.5182809203736285,-4.7479977385428,0.14804264522583332,-0.19942042759005918,-0.5941526579342519,1.533200729121372e-05,0.0005996730775519729,0.00048757872160822203,0.004099555945745165,28.633333
2957,0.4088625278157176,-101.50134530347765,1.5321401003216846,-4.4711361608847175,0.14464881979795202,-0.21124399756423906,-0.5908935649506935,1.4752567073886447e-05,0.000581078864934468,0.00045571313205062516,0.0037064029822755466,28.641667
2958,0.4218678297381737,-101.53708861347629,1.5387485934468685,-4.217732320536377,0.14110818598493538,-0.22275152277005628,-0.5875140437705826,1.422819756018497e-05,0.0005628032552991106,0.00042777076436491924,0.003378582839411514,28.65
2959,0.4348979297733344,-101.57063681183796,1.5387671924381252,-3.9862425946364426,0.1374232957130516,-0.23394048199967696,-0.5840284251242589,1.3755001596152224e-05,0.0005450313164406796,0.0004033362386907167,0.003101516958306839,28.658333
2960,0.44789742827107343,-101.60211627433907,1.5327832724336539,-3.775054653300011,0.13361849062976547,-0.24479353257159525,-0.5804521841193663,1.3329114328809966e-05,0.0005278990086212385,0.0003820028541235487,0.0028646361490306726,28.666667
2961,0.460812379619427,-101.63190598955757,1.5213497584618974,-3.58254882576207,0.1296514307408041,-0.25532801028636565,-0.5768020686041859,1.2946836415017977e-05,0.000511501967073927,0.0003633879013003971,0.002660200192775987,28.675
2962,0.47360658628322694,-101.65995101377547,1.5049179081378548,-3.4071108359972495,0.12558599580273105,-0.2655129557347445,-0.5730912149660262,1.2604710724388355e-05,0.0004959033678279931,0.00034714108373094587,0.0024824476660901076,28.683333
2963,0.486230994492041,-101.68659534321618,1.4839324367477182,-3.2472734826926746,0.12137647719822611,-0.2753632060089596,-0.5693376574893109,1.2299557839800911e-05,0.0004811379762450966,0.00033294788267233263,0.002327023452525458,28.691667
2964,0.4986550366135415,-101.71206099085965,1.458775985217479,-3.1016266355650743,0.11700397816130285,-0.2848859961286216,-0.5655550821805356,1.2028488318187307e-05,0.00046722108408345816,0.0003205299912304355,0.0021905543683313454,28.7
2965,0.5108424859137737,-101.73627332860165,1.4297767527512735,-2.9688793725641407,0.11252784239695696,-0.29405104623594003,-0.5617597169333476,1.1788894700071628e-05,0.0004541504594547429,0.0003096435927101217,0.002070382239585805,28.708333
2966,0.5227602323630274,-101.75938911522906,1.397245162340411,-2.8478634712840063,0.10794123592641179,-0.30285855913005527,-0.5579676472917992,1.157843524023994e-05,0.0004419121168216141,0.0003000768419435686,0.0019643702629633343,28.716667
2967,0.5343824494859377,-101.78152373937587,1.3614587854780285,-2.73750796944924,0.10324616985668097,-0.31130780237849853,-0.554193281504021,1.139501115156682e-05,0.0004304833818944633,0.00029164665646169295,0.0018707693736045169,28.725
2968,0.5456811625745058,-101.80275848647001,1.3226684000177,-2.6368520731603464,0.09845112528172262,-0.31939357154119785,-0.5504522096103533,1.1236741331330826e-05,0.000419834812859571,0.0002841954727617525,0.0017881281793043899,28.733333
2969,0.5566307953968092,-101.8232296756173,1.2811053479392502,-2.5450384215193997,0.09354420248784967,-0.3271175021551473,-0.546759668081589,1.1101937142105634e-05,0.0004099330747227914,0.0002775881584596137,0.0017152264268661824,28.741667
2970,0.5672126554989803,-101.84299637087621,1.2369785334735137,-2.4612816938306037,0.08853590804958071,-0.33447712728857903,-0.5431288585433626,1.0989077939257498e-05,0.0004007424891951575,0.00027170910099964113,0.001651027960477311,28.75
2971,0.5774026529303027,-101.86210979430642,1.1904787056581994,-2.384887541129148,0.08343652313197746,-0.34146692180273086,-0.5395750185082837,1.0896788251312552e-05,0.000392225692327155,0.0002664596274954883,0.0015946473219556956,28.758333
2972,0.5871838306869083,-101.88069294616488,1.1417869616780032,-2.315240501551144,0.07823049243482356,-0.34809114051080586,-0.536111052513648,1.08238173415697e-05,0.00038434564450843747,0.0002617557295012505,0.0015453221844070623,28.766667
2973,0.5965370758030802,-101.89875340453064,1.091065488013966,-2.2517769432451944,0.07293920965976056,-0.3543432224354945,-0.5327506593935283,1.0769020785302017e-05,0.0003770655927738563,0.0002575260285971304,0.0015023940711809515,28.775
2974,0.6054467576074728,-101.91636902521356,1.0384695991434,-2.19400402778272,0.06755853930971031,-0.36022417454820854,-0.5295062799565272,1.0731344474793899e-05,0.000370350118608734,0.00025371008954334657,0.0014652924094725396,28.783333
2975,0.613897053135717,-101.93355673226941,0.9841418127464894,-2.1414734098117414,0.06210432274110188,-0.3657304694110308,-0.5263903394984146,1.0709810699341197e-05,0.0003641652356528593,0.0002502569145365478,0.0014335220804137904,28.791667
2976,0.6218747720634986,-101.95041595558585,0.9282207632434859,-2.0938010026201863,0.05656120581795586,-0.37086515288222704,-0.5234141582437958,1.0703506287658747e-05,0.0003584788331604332,0.00024712369376058416,0.0014066532769917274,28.8
2977,0.6293684824618409,-101.96696546625179,0.8708352789675433,-2.0506304362449144,0.050941794906222686,-0.37562664388366107,-0.5205881967663402,1.0711572564544221e-05,0.0003532606624451504,0.0002442747190347092,0.0013843131119161032,28.808333
2978,0.6363653984116598,-101.98320123658654,0.8121050979901508,-2.0116422105356504,0.045266505087260385,-0.38001187842122025,-0.5179231877913565,1.0733196981531176e-05,0.00034848239002348557,0.00024168049169210525,0.0013661789478948676,28.816667
2979,0.6428524748136031,-101.99926306119328,0.7521491055381704,-1.9765845165907026,0.03950018967315314,-0.38402403306219624,-0.5154297136588365,1.0767606238127275e-05,0.0003441178972908719,0.00023931695455135218,0.0013519725818275272,28.825
2980,0.6488218121821251,-102.01508989919938,0.6910773858795554,-1.9451913094911957,0.03368334759020968,-0.38765942862502134,-0.5131160805989607,1.0814060713806395e-05,0.00034014333898937926,0.0002371648458847965,0.0013414550933929217,28.833333
2981,0.6542632278327996,-102.03073918252889,0.6289973890996338,-1.9172546262068046,0.02781060121076117,-0.3909183385084327,-0.5109911307978862,1.0871850046501307e-05,0.00033653665695040664,0.00023520916592616466,0.0013344235069390976,28.841667
2982,0.6591703167607825,-102.04625425240215,0.5660156481551801,-1.8925887870304885,0.02188122083569034,-0.39380165101927156,-0.5090618670704334,1.0940289769475877e-05,0.00033327786512242366,0.0002334387292512544,0.0013307070358242034,28.85
2983,0.6635338713941231,-102.06162306817122,0.5022292311527806,-1.871022099284145,0.015915594742935857,-0.3963071903223498,-0.5073360005152241,1.1018718845729209e-05,0.0003303486823369803,0.00023184580339356083,0.0013301643534930833,28.858333
2984,0.6673492062106442,-102.07692305618724,0.4377406874436281,-1.8524248470631381,0.009898474687738548,-0.3984364734786534,-0.5058190481553166,1.1106498023506312e-05,0.0003277328161288883,0.00023042580201295665,0.0013326814009936559,28.866667
2985,0.6706100534093561,-102.0921297643298,0.3726431875306192,-1.8366654484957936,0.003854522037829298,-0.4001881240990122,-0.5045167199072529,1.1203008890019432e-05,0.00032541550187057923,0.0002291770665646406,0.001338169228429021,28.875
2986,0.6733111569981627,-102.10731265146164,0.30703235667485534,-1.82365468524724,-0.002229256949546079,-0.401561789158453,-0.5034338810383298,1.1307653580537039e-05,0.0003233836696216746,0.0002281006634585994,0.0013465627698545665,28.883333
2987,0.6754498363311039,-102.12248019338142,0.24100216679331027,-1.8133064689865137,-0.008341759387172612,-0.40255732202797373,-0.5025739052199117,1.1419855044827266e-05,0.00032162581958239454,0.00022720027410212825,0.001357819363057507,28.891667
2988,0.677021429993632,-102.13761651365122,0.17464041728277474,-1.8055470371334268,-0.014462103804230488,-0.4031737866547157,-0.5019404924730156,1.1539057832298235e-05,0.00032013178627055537,0.00022648209473441635,0.001371917968292552,28.9
2989,0.6780192488766036,-102.15276843272206,0.10803299885244584,-1.8003360260974561,-0.020594591982300667,-0.4034083804977954,-0.5015376895121926,1.1664729338108767e-05,0.0003188929238438475,0.0002259547726965913,0.0013888587400074392,28.908333
2990,0.6784480871615588,-102.16796730974416,0.041280061871304806,-1.7976429714808664,-0.02673755824483504,-0.4032633542211907,-0.5013644211522977,1.1796361456771317e-05,0.0003179022332222738,0.0002256294170641462,0.0014086626219880223,28.916667
2991,0.6783063935277245,-102.18321708373226,-0.02553040388201043,-1.7974479973623776,-0.032878105407900635,-0.40273792999351277,-0.5014216814272469,1.1933472636067596e-05,0.0003171533486682587,0.00022551964584564168,0.0014313706369021176,28.925
2992,0.6775918587857073,-102.19858043750548,-0.09230960561966202,-1.7997631523429345,-0.03902674273411748,-0.4018285952888509,-0.5017102809747414,1.2075610322129488e-05,0.00031664121024482144,0.00022564163471955424,0.0014570444230854948,28.933333
2993,0.6763059148280014,-102.21400200769187,-0.15897019428152476,-1.8045833933143633,-0.04514638438441168,-0.40053754086443966,-0.5022290264523571,1.2222353721620504e-05,0.0003163621157154052,0.00022601426159185787,0.0014857663642691393,28.941667
2994,0.6744459929317241,-102.22955297394033,-0.22542492248367274,-1.811955167361479,-0.051250285025345524,-0.3988598879542452,-0.5029778431918724,1.2373316885144659e-05,0.0003163134012680476,0.00022665918334958366,0.0015176403895200805,28.95
2995,0.6720190733265246,-102.24524011768852,-0.29157542216735355,-1.8219227538408735,-0.05732598329572815,-0.39679755971719427,-0.5039523200836142,1.2528152108313667e-05,0.00031649381173665705,0.00022760110612830308,0.00155279246396234,28.958333
2996,0.6690274257088441,-102.26110517617026,-0.3573290561063486,-1.834557794215543,-0.06337421786265786,-0.3943478644410861,-0.505149465996997,1.2686553662911696e-05,0.00031690270161228697,0.00022886800767168934,0.0015913707721486134,28.966667
2997,0.665474580798784,-102.27715076419419,-0.4225933922313372,-1.8499379239116087,-0.06937972916523526,-0.3915106052774917,-0.5065653085360374,1.2848261863460159e-05,0.0003175405602673137,0.00023049145374166364,0.001633546947405059,28.975
2998,0.6613684649940533,-102.29343287031665,-0.4872652364939347,-1.8681760830827396,-0.07534798760761169,-0.38828390253245265,-0.5081936682738698,1.3013067445210269e-05,0.00031840894851485163,0.0002325069159213853,0.0016795172776944967,28.983333
2999,0.6567100661855924,-102.30994979852508,-0.551255757201962,-1.8893862266271944,-0.08126048402772769,-0.38466603881151745,-0.5100306706430856,1.318081629956409e-05,0.0003195101920122241,0.00023495426772791503,0.0017295028068798454,28.991667
3000,0.6515076589541241,-102.32674913337965,-0.6144597600259137,-1.9137202193342382,-0.08711770683444356,-0.380655014405827,-0.5120691143191587,1.3351414565658915e-05,0.00032084807937847253,0.0002378781796105182,0.0017837520327284551,29.0
3001,0.6457676770423323,-102.34382984049171,-0.67677732887693,-1.9413362000922598,-0.09290042532445458,-0.3762517275210067,-0.5143021108142505,1.352483409885443e-05,0.0003224272544253762,0.00024132878486733228,0.0018425405144088418,29.008333
3002,0.6394996189164865,-102.36122791179451,-0.7380992059474276,-1.9724299477211527,-0.09860305916059214,-0.37145547074200863,-0.5167211846402329,1.3701118367323443e-05,0.0003242534974462875,0.00024536226541033867,0.001906172671196315,29.016667
3003,0.6327108225301767,-102.37896448236266,-0.7983188753348954,-2.007218376411259,-0.10421313486714731,-0.3662657655551191,-0.5193183264429289,1.3880388789644099e-05,0.0003263335475823362,0.00025004169226903057,0.001974981627205768,29.025
3004,0.6254106073860441,-102.39707437192679,-0.8573228132105511,-2.0459534220665017,-0.10972240269672737,-0.3606818234108666,-0.5220844081980132,1.4062851563961285e-05,0.00032867541526811683,0.0002554378723432988,0.0020493303036095084,29.033333
3005,0.6176129001593836,-102.41562456733166,-0.9149836413053442,-2.0889338120153016,-0.1151334524162654,-0.3547014688430379,-0.5250082559458499,1.4248805012870019e-05,0.0003312882978804482,0.0002616304022349991,0.0021296107685549286,29.041667
3006,0.6093339693890547,-102.43465649785297,-0.9711684361596262,-2.1364858624820866,-0.12043833309669634,-0.3483262361452981,-0.5280776020716456,1.443864752239736e-05,0.000334182287488303,0.0002687089619356531,0.0022162414161915928,29.05
3007,0.6005808513576683,-102.45418176151065,-1.0257590385123052,-2.1889597134277943,-0.1256157617648916,-0.341556967146195,-0.5312833813193475,1.4632886094904086e-05,0.00033736832963725174,0.00027677464143856945,0.0023096640377146555,29.058333
3008,0.5913701643235464,-102.47423641624799,-1.0786131373424677,-2.246763564067458,-0.1306534103979242,-0.33439702244568914,-0.5346127854876359,1.4832145466559198e-05,0.00034085924158620785,0.00028594125621293103,0.0024103438199251192,29.066667
3009,0.5817199895915869,-102.49490352063499,-1.1295748195543793,-2.310376298611206,-0.13555324433425098,-0.3268446890958429,-0.5380523950660389,1.5037177793891687e-05,0.0003446688776827823,0.0002963371872035049,0.002518760399851303,29.075
3010,0.5716487843033518,-102.51623981601229,-1.1784828764221122,-2.380320987627135,-0.14030609293997753,-0.31890196601985726,-0.5415886345083215,1.524887295886775e-05,0.0003488121581198442,0.00030810745714227847,0.002635397785850873,29.083333
3011,0.561175329063421,-102.53831373336592,-1.2251656794957035,-2.4571876606686613,-0.1449043688752635,-0.31056987375615974,-0.545207841168801,1.5468269364700567e-05,0.0003533051957091645,0.00032141573387607853,0.0027607332046762833,29.091667
3012,0.5503204525127913,-102.56115469784808,-1.2694429975936643,-2.5416155858547644,-0.1493266285742481,-0.30185682489894666,-0.5488957350322329,1.5696565007554923e-05,0.0003581653994381942,0.0003364465946506983,0.0028952217690640524,29.1
3013,0.5391007645401047,-102.58481312482772,-1.3111293914780566,-2.6343263009219857,-0.15355534944743715,-0.2927673910985668,-0.5526395950720635,1.5935128480292478e-05,0.000363411384973961,0.00035340764457627113,0.0030392785233070772,29.108333
3014,0.5275439333324883,-102.60939806245695,-1.349996622893402,-2.7361612294018425,-0.1575905350934078,-0.2833036169965722,-0.556423217094356,1.618550943261158e-05,0.0003690635012129096,0.0003725316751320204,0.003193259687169384,29.116667
3015,0.5156815470374975,-102.63501093237926,-1.3857932741357661,-2.848049681304273,-0.16142749062682296,-0.2734711918502959,-0.5602295825587092,1.6449447845875816e-05,0.00037514268626119237,0.00039407925852666354,0.0033574300980367114,29.125
3016,0.5035493888921222,-102.66137175662782,-1.4183045866535657,-2.9707857366011305,-0.16495905978422246,-0.2633416233972571,-0.5640409654073032,1.6728881055507383e-05,0.0003816701021071841,0.0004183404071243899,0.003531936488521645,29.133333
3017,0.49116224671379305,-102.6892615184301,-1.4471645416187768,-3.105899454792662,-0.16835268669600661,-0.2528040835251762,-0.5678467935202522,1.7025945926537105e-05,0.00038866671765609375,0.0004456322000834093,0.003716814048043799,29.141667
3018,0.47855941071982444,-102.71845930183359,-1.4720929618451128,-3.254438257499246,-0.17150844848825444,-0.2419237791303688,-0.5716294690307983,1.734297659477865e-05,0.0003961553758636356,0.00047630537433942133,0.003911937990482193,29.15
3019,0.46576700305174806,-102.74907374568255,-1.4927592307524196,-3.417756285486402,-0.1744089999055222,-0.23070815606460002,-0.5753761901167165,1.7682493205039978e-05,0.00040415775172652905,0.0005107336454777099,0.004117108913770356,29.158333
3020,0.45283977918477347,-102.78127399504697,-1.50872269531723,-3.597353506343072,-0.17705695546799757,-0.21916900427022473,-0.5790667446534999,1.804717547448038e-05,0.0004126955081441301,0.0005493079954522434,0.004332162111325684,29.166667
3021,0.4398256720259534,-102.81515976766278,-1.5195358864252995,-3.7947601488186806,-0.1794334905237007,-0.20732842697632187,-0.5826843558239787,1.843981709637279e-05,0.00042178618809728916,0.0005924252987745971,0.0045571649277600015,29.175
3022,0.42674992343463286,-102.85103308138964,-1.5247227025419468,-4.011750873652672,-0.18154882414852533,-0.19516399708181972,-0.5862197125390235,1.8863252409047543e-05,0.00043144339196774325,0.0006404657760964881,0.004792861988996902,29.183333
3023,0.41367882238322945,-102.88894107076987,-1.5237160346885388,-4.249912117625596,-0.18337104657868786,-0.18271879617107106,-0.5896536385696532,1.932024686545101e-05,0.00044167870204461454,0.0006937618354210478,0.005041427858840275,29.191667
3024,0.40067891054157756,-102.92903695770319,-1.5158773780008734,-4.510836634078085,-0.1848895744243361,-0.1700182105131608,-0.5929689418840505,1.9813335224474917e-05,0.00045249519730959295,0.000752549128106245,0.00530764794013784,29.2
3025,0.3878092361834326,-102.97153336172703,-1.500525469727868,-4.7960252821262745,-0.18609818779368265,-0.1570744489177981,-0.5961523250588538,2.034459059838067e-05,0.00046388639048089767,0.0008169019988582811,0.0056007327926386385,29.208333
3026,0.37514060585209813,-103.0166144823799,-1.4769068274387358,-5.106639166491735,-0.18698738275211207,-0.1439101139666792,-0.5991895446898357,2.0915309288408455e-05,0.00047583644527219026,0.0008866470443986897,0.005936957141280734,29.216667
3027,0.36275278695397367,-103.06448689717145,-1.4441946608570595,-5.443325003912484,-0.1875529937989478,-0.13054643840896282,-0.6020664536509128,2.1525591578380793e-05,0.0004883182961420368,0.000961254472341485,0.006343160720072045,29.225
3028,0.35077870769741654,-103.11553049784092,-1.4013076656572618,-5.805730923698831,-0.18783624298687346,-0.1169873690038628,-0.6047594678796937,2.217380222817287e-05,0.0005012933535293501,0.0010397136009586403,0.006860920142857661,29.233333
3029,0.3392035090986492,-103.16948816911692,-1.3478552865115696,-6.1928448827482505,-0.1877263928125221,-0.10330482907945877,-0.6072803523962079,2.2855898871675355e-05,0.000514706273577765,0.001120407707410022,0.007550227486169387,29.241667
3030,0.32818130517850075,-103.2268176949531,-1.28268046449523,-6.601776419427059,-0.1872859786779313,-0.08948741883657942,-0.6096051810283573,2.3564678133099577e-05,0.0005285141149870399,0.0012010095162110737,0.008492996125415951,29.25
3031,0.3178463779524742,-103.28791247658847,-1.2047783067521014,-7.027465195943304,-0.1865503226037578,-0.07551723044831299,-0.6117177761990005,2.428896509126175e-05,0.0005426675808778307,0.0012784544998463117,0.0097896892408357,29.258333
3032,0.3082903716437705,-103.35252091511323,-1.1136892639011504,-7.4623083078350545,-0.18547935968751056,-0.06147343981719156,-0.6136130181172441,2.5012837632012627e-05,0.0005571256229725111,0.0013490393918654262,0.011547416393593041,29.266667
3033,0.2996332332936322,-103.42068068313368,-1.008986962245983,-7.895942457052202,-0.18408390995931007,-0.047372547232362554,-0.6152816172605925,2.571511798152583e-05,0.0005718744905727845,0.001408714388792065,0.013855805287631938,29.275
3034,0.29197390985997784,-103.49195005783784,-0.8908516686369965,-8.315251777076188,-0.18234852315122127,-0.03329633441565407,-0.6167194523404054,2.636937578786639e-05,0.0005869293042721268,0.0014535975257375987,0.01674660010436381,29.283333
3035,0.28546508794894715,-103.5666560087699,-0.7593878283841357,-8.704041535632479,-0.18032953444619174,-0.019168893202002327,-0.6179128783379013,2.6944733758369055e-05,0.0006023327626846732,0.0014806656473170992,0.020146047315582685,29.291667
3036,0.2801755101201543,-103.64385587523199,-0.6160440825116759,-9.045315651883262,-0.17800112927290004,-0.005110337161038726,-0.6188634704906025,2.740768176790973e-05,0.0006181191926478022,0.001488445323457615,0.02383012334905308,29.3
3037,0.27624077181520157,-103.72351658917496,-0.4622172472597091,-9.320639449117378,-0.17541003297483132,0.008946468972955826,-0.6195593544614467,2.7725031747976684e-05,0.0006342822151506356,0.0014775196218935445,0.027422734338598296,29.308333
3038,0.2736487486277264,-103.80490219319343,-0.3005588301246362,-9.516713084778646,-0.17250966695243836,0.022964961821184657,-0.620012530528626,2.7867703114353082e-05,0.000650693244123277,0.0014504745253828791,0.030441501567891625,29.316667
3039,0.2725858901515764,-103.88665046760272,-0.13394424136700422,-9.617409224881122,-0.16941427351426705,0.03683490564182812,-0.6201971511801636,2.7814848286087036e-05,0.0006670655083452378,0.0014113450951148924,0.03241588926949369,29.325
3040,0.2730040634159668,-103.9681385213934,0.034198620484143315,-9.618934586044412,-0.16610190785713574,0.050578184917671784,-0.6201245972324058,2.7557117442528014e-05,0.0006828725331959712,0.0013644736042225357,0.03301645144695005,29.333333
3041,0.27488912310001407,-104.04849520818642,0.2004280435139934,-9.52225767977644,-0.16259304490806364,0.06417708375826803,-0.6197961893588961,2.7098472951581467e-05,0.0006974139758273519,0.0013135990846320034,0.03216275490632462,29.341667
3042,0.2781892906014363,-104.12699658028193,0.3615197109743553,-9.335109339577567,-0.15889647533907492,0.07762755214159357,-0.6192159445212332,2.6455992877951547e-05,0.0007098819213276527,0.0012611296051110853,0.03003921744850841,29.35
3043,0.282855449839932,-104.20272420417386,0.5145757978879306,-9.069553656194786,-0.1550591972710053,0.09088653372005472,-0.6183840198501452,2.5657565315241225e-05,0.0007194856379822761,0.001208084664778642,0.02702254183267735,29.358333
3044,0.28878758676027416,-104.27524345191907,0.6573910183936152,-8.741931258818195,-0.15108581048026773,0.10396019255544785,-0.617306948698421,2.47381033425711e-05,0.0007255724454360802,0.0011545327467369182,0.02356112872845281,29.366667
3045,0.29587542093049163,-104.34408068591983,0.788355451107192,-8.369638278046116,-0.14699903696018043,0.11682547064143285,-0.6159915626193165,2.3735302388231678e-05,0.0007277318539212106,0.0011002078350203046,0.02005928833418373,29.375
3046,0.3040069977097423,-104.40896859070025,0.9065249943992322,-7.969234833934798,-0.14282087261261286,0.12947137375218246,-0.6144443623314437,2.2685797222192064e-05,0.0007258367679909138,0.0010449914755585156,0.016808824873947192,29.383333
3047,0.31305854009735623,-104.46996185270206,1.0115783688445132,-7.555533855004264,-0.13854293516439287,0.14191025181531836,-0.6126743410832118,2.1622290675381494e-05,0.0007200290051366483,0.0009891398644764737,0.01397277403653955,29.391667
3048,0.322912215536423,-104.52692835015459,1.103546855800045,-7.140713519534056,-0.13419657076121183,0.1541136768033758,-0.6106904024905547,2.0571887866701598e-05,0.0007106693845711823,0.0009332705920358144,0.011605679684574176,29.4
3049,0.3334516313675645,-104.57997905158143,1.182846462904263,-6.734178823531666,-0.12979206247034203,0.16607500367682962,-0.6085027743153156,1.9555510980620025e-05,0.00069826513487358,0.0008782134526125526,0.009689513311394811,29.408333
3050,0.3445653542746627,-104.6293476229875,1.250130489309336,-6.3427002187953985,-0.12532711540278776,0.17779444811737732,-0.6061227277040959,1.8588129679591537e-05,0.0006833986658013628,0.0008248335945243712,0.008167673437288483,29.416667
3051,0.35615063743828734,-104.67523833018328,1.3061604783246294,-5.970774068747551,-0.12080918821077821,0.18926320751934508,-0.6035620026139338,1.7679489168415553e-05,0.000666667058068604,0.0007738918558736228,0.006970254231517796,29.425
3052,0.36811000775422814,-104.71797567061894,1.3517808746393172,-5.621068334779817,-0.11622482227572134,0.20048257369504618,-0.6008336217353248,1.6835062763019514e-05,0.0006486371611882806,0.0007259653378276136,0.006029312396962516,29.433333
3053,0.38034743520013586,-104.75803530328284,1.3878755470092687,-5.294875203015043,-0.11152422988058865,0.21146451865588833,-0.5979528544753132,1.6057037469600653e-05,0.0006298180883290235,0.0006814234394499341,0.005286100537902625,29.441667
3054,0.39281944846918315,-104.79523244844376,1.415122135642114,-4.992132941717916,-0.10680609360712275,0.22217006039708104,-0.5949247307916724,1.534521457908597e-05,0.0006106482188682505,0.0006404416753467863,0.004693219512995217,29.45
3055,0.40541955975967225,-104.8302185707372,1.434387944951888,-4.712683430663941,-0.10197107688481626,0.23261741195906813,-0.5917715368353028,1.4697747650657845e-05,0.0005914804733868978,0.0006030357775205766,0.004214241836257071,29.458333
3056,0.41811845073433523,-104.8627837824254,1.446265738381734,-4.45533822757561,-0.09712682058193246,0.2427721778578298,-0.5884985667423596,1.4111764506435804e-05,0.0005726031896248079,0.0005691018224674808,0.00382170142131145,29.466667
3057,0.4308261934890108,-104.89369424018884,1.4515091569467413,-4.2190877708501295,-0.09213208437236205,0.25266390061222055,-0.5851283150152811,1.3583796229340667e-05,0.000554229455310236,0.000538454502671653,0.0034954050570025247,29.475
3058,0.4435262606532358,-104.92257580457661,1.4505864284124277,-4.002365900185252,-0.08713353072573456,0.2622504136768719,-0.5816656952456257,1.3110117647953387e-05,0.0005365218137370537,0.0005108598645712011,0.0032204738556623536,29.483333
3059,0.45613658293433673,-104.95011880596824,1.4441143694293976,-3.803966227193842,-0.08199200956091772,0.2715512302409784,-0.5781347182091503,1.268695502730909e-05,0.0005195862965514147,0.0004860598505676246,0.002986066239105896,29.491667
3060,0.46862787760996766,-104.97628775347692,1.4325277711260462,-3.622393927107253,-0.07675846143727656,0.2805477663869582,-0.5745464315867526,1.2310642461439748e-05,0.0005034966850972713,0.0004637907132198361,0.002784143385579518,29.5
3061,0.48096970478937634,-105.00116826980582,1.4162375547383692,-3.4562446955161517,-0.07145048357057097,0.2892328601974527,-0.5709130351073904,1.1977700526936058e-05,0.0004882917327438618,0.00044379507381016493,0.0026087415087836193,29.508333
3062,0.49312490128629116,-105.02494369533566,1.3956301291186985,-3.3042489387277407,-0.06605314679807783,0.297602767384301,-0.567249581153902,1.1684883304833269e-05,0.00047398414307621195,0.00042582978654938803,0.0024553670368001146,29.516667
3063,0.505073149315211,-105.04747920452978,1.3710225931895077,-3.1651464124640447,-0.06064514142557699,0.3056421508614683,-0.5635668151286476,1.1429197262147496e-05,0.00046056868729905704,0.00040967023053651696,0.0023205725961246183,29.525
3064,0.5167527486625099,-105.06940095699161,1.342776562485504,-3.0380058873989473,-0.055066424099035075,0.31335987281452143,-0.5598890887690278,1.1207899686287123e-05,0.00044802490034389296,0.0003951123679566356,0.0022016771348945664,29.533333
3065,0.5281615832772518,-105.09034421278987,1.3111324751905062,-2.921663141362272,-0.04946244265497426,0.3207367909730865,-0.5562228783130824,1.1018489942989486e-05,0.00043632799590770767,0.0003819727659712162,0.0020965355666779646,29.541667
3066,0.539260844604966,-105.11070709436493,1.2763689095884672,-2.815277313626119,-0.043735371042152756,0.3277769148582475,-0.5525866665798357,1.0858687970889294e-05,0.0004254423140599863,0.0003700884222239943,0.002003430694552731,29.55
3067,0.5500339838638579,-105.13037894417586,1.238707013939444,-2.7179606314145945,-0.03794829090757284,0.33446975660405226,-0.5489921873855951,1.0726415615576648e-05,0.0004153303846753609,0.0003593152146505243,0.001920949163799302,29.558333
3068,0.5604570503154173,-105.14955173818245,1.198368127696852,-2.628976274249751,-0.032063233313020745,0.34081453238869003,-0.5454538626301894,1.0619773947019524e-05,0.0004059515102168977,0.00034952663966342446,0.0018479202867747384,29.566667
3069,0.5705118763636586,-105.16817220316443,1.1555436704208377,-2.5476160987474827,-0.026122551387099763,0.3468040518990625,-0.5419843859110894,1.053702255232894e-05,0.0003972646674301888,0.00034061205259007494,0.0017833591039054996,29.575
3070,0.5801818027624918,-105.18631363658083,1.1104185617359286,-2.4732572855094275,-0.020124926741386853,0.35243696956591747,-0.5385960290262511,1.0476559681538515e-05,0.0003892289541705925,0.00033247516823543247,0.0017264307808639793,29.583333
3071,0.5894393158694979,-105.20404217581411,1.063158486600655,-2.4053812446089133,-0.014069261635425684,0.3577053735868267,-0.5353049918132118,1.0436904392265206e-05,0.00038180440976422734,0.000325032470811784,0.0016764214790840602,29.591667
3072,0.5982795131592574,-105.2213559461156,1.013926950730471,-2.3434408439389327,-0.007978014984267024,0.36261235132854097,-0.53211948528211,1.0416680937172466e-05,0.0003749539663587919,0.00031821176275907015,0.0016327158157455634,29.6
3073,0.6066837249214536,-105.2383521491711,0.9628732950905211,-2.287010846122604,-0.0018364298760148356,0.36715469553756347,-0.5290525207822279,1.041460443656425e-05,0.00036864106468131083,0.0003119509589916146,0.0015947833874729474,29.608333
3074,0.6146360026222315,-105.254966257943,0.910131699230637,-2.23567710922293,0.00431220978933491,0.3713297694120795,-0.5261160707211905,1.0429469309176605e-05,0.00036283189046122617,0.00030619687172563044,0.0015621640117644883,29.616667
3075,0.6221199210423559,-105.27142046626311,0.8558405669547544,-2.189126601821733,0.010531489949025594,0.37513397949196836,-0.5233221740247332,1.0460139129063532e-05,0.00035749515231265315,0.0003009042508555229,0.001534458619245464,29.625
3076,0.629122422551545,-105.28759521214559,0.8001184757693464,-2.147010806831418,0.016759208576644983,0.37856632881717517,-0.5206814537601383,1.0505538173359601e-05,0.00035260217893978203,0.0002960348197285727,0.0015113203055595727,29.633333
3077,0.6356509503061076,-105.30333778597719,0.7430973649286069,-2.1089526791591466,0.022919788570319736,0.38164068252971195,-0.5181964737492407,1.056464442980376e-05,0.0003481265790233027,0.00029155660605550244,0.0014924491696749306,29.641667
3078,0.641667980864599,-105.31918371270044,0.6848844183333176,-2.074884470753196,0.02919979374739613,0.38433172363061646,-0.5158866260451312,1.063648389192374e-05,0.00034404230594904103,0.00028744327178508957,0.001477587521331598,29.65
3079,0.6471731494642115,-105.33483359328,0.6255876747341635,-2.044484772041194,0.03546962726712853,0.3866500419937152,-0.5137569106530726,1.0720126601847879e-05,0.0003403284131484325,0.0002836734213887323,0.001466512322759559,29.658333
3080,0.6521555664518729,-105.35035131917782,0.5653133324651393,-2.017570010488806,0.0417378940673826,0.3885934146731196,-0.511816001066306,1.0814682773664194e-05,0.00033696480055545215,0.0002802302782229662,0.001459034968104851,29.666667
3081,0.6566155651461508,-105.36576879276605,0.5041766913277235,-1.9939481972737274,0.048002088375337724,0.3901655151109016,-0.510067821966698,1.0919300598011225e-05,0.000333933456521704,0.0002771012099001127,0.0014549970186158636,29.675
3082,0.6605436588996833,-105.38109782059061,0.44227490949979864,-1.9734737045087472,0.054251766453866035,0.39136548669952925,-0.5085197285583676,1.1033164566134378e-05,0.00033121738458446846,0.00027427739901172114,0.001454267673995315,29.683333
3083,0.6639275398502137,-105.39636899764557,0.3796986191021771,-1.9560344372608078,0.06048375218585064,0.39218982234126776,-0.5071798218082473,1.1155494728718645e-05,0.00032880165854127217,0.0002717535675327048,0.0014567419218445847,29.691667
3084,0.6667732907186313,-105.41157606759718,0.3165602191255459,-1.94148804558676,0.06668197036993824,0.39264607771518967,-0.5060485007965738,1.12855464649517e-05,0.0003266735492333085,0.00026952776116150084,0.001462338989881528,29.7
3085,0.6690643177637287,-105.42677336321152,0.2529384979849437,-1.929780087314537,0.07285246897665905,0.39272628419708955,-0.5051347306815794,1.1422610719530362e-05,0.00032482077400864767,0.0002676011600197655,0.0014710005102175567,29.708333
3086,0.6708038752532124,-105.44192859391394,0.18893577026462496,-1.9208090440468042,0.07896895828657377,0.39243798069433106,-0.5044391416332492,1.156601501862473e-05,0.00032323367997939704,0.0002659779903875831,0.0014826902237669215,29.716667
3087,0.6719899273658374,-105.4570988420966,0.12464840512968298,-1.9145273575333484,0.0850398752776049,0.39177929241832693,-0.5039640049854399,1.17151246163094e-05,0.00032190326648161543,0.00026466540157904793,0.0014973926532717138,29.725
3088,0.6726160700342135,-105.47229022714855,0.06016132548339857,-1.9109011374586504,0.09105309835199488,0.390749505927591,-0.5037128840657598,1.1869344264300943e-05,0.00032082179364650236,0.00026367346341270347,0.0015151124351079853,29.733333
3089,0.6726810338215691,-105.48752507760918,-0.004432828596594522,-1.9099078112688566,0.09700322249907611,0.38934878516033516,-0.5036868183653073,1.2028120274037307e-05,0.00031998315755662424,0.00026301516388035423,0.0015358745658803899,29.741667
3090,0.6721772919180576,-105.50280901654658,-0.06905377209615594,-1.9115490412012468,0.1028773361609918,0.3875754916864259,-0.503888881227244,1.2190942854420356e-05,0.00031938237920104383,0.0002627064546663932,0.0015597238816343793,29.75
3091,0.6711107365865661,-105.51822333678523,-0.1335951566749872,-1.9158405898642494,0.10869316011808208,0.38542625679107895,-0.504316279923187,1.2357348800968606e-05,0.0003190161525897829,0.00026276634143808527,0.0015867258343534505,29.758333
3092,0.6694852743955089,-105.5337056964529,-0.1979644606379055,-1.9227788116320577,0.11441236667740849,0.382911362726233,-0.5049665447556041,1.2526924373881782e-05,0.0003188816422389173,0.0002632170466721055,0.0016169650300866477,29.766667
3093,0.6673027274331287,-105.54931593182427,-0.2620656512874346,-1.9324167731312116,0.12004326603352937,0.38002694318186225,-0.5058375721630937,1.2699308570751243e-05,0.00031897682545109317,0.0002640840837347872,0.001650546584051302,29.775
3094,0.6645611443429534,-105.56509005290009,-0.3258105690740964,-1.9448248396805456,0.12558367656782465,0.37676911045815403,-0.5069282890708304,1.2874196632687442e-05,0.00031930075223074764,0.0002653965737319107,0.0016875960299532965,29.783333
3095,0.6612647551063815,-105.58100429563662,-0.38910483967431625,-1.9600635480639053,0.1310092373536148,0.3731442036828939,-0.5082346856147101,1.305134376926293e-05,0.00031985389773860084,0.0002671875181881897,0.0017282605186094981,29.791667
3096,0.6574170336268288,-105.59706930485444,-0.45185308004111974,-1.9782242169162134,0.13630825406333394,0.3691542554958986,-0.509752595088514,1.3230569125186298e-05,0.00032063762785440033,0.0002694940464892767,0.0017727091834695387,29.8
3097,0.6530270857040876,-105.61341537727719,-0.51394011084786,-1.9994507803186738,0.14151328205421204,0.36478710427238203,-0.5114751921988155,1.3411760045934388e-05,0.0003216543502849897,0.0002723578291741018,0.0018211337093558197,29.808333
3098,0.6480959496170487,-105.62999517648593,-0.5752779938639063,-2.0238612620069034,0.14658880895806525,0.3600504461350886,-0.5133983930654435,1.3594876585797971e-05,0.0003229071011211081,0.0002758257020727623,0.001873746735723223,29.816667
3099,0.6426320857080534,-105.64682537847227,-0.6357598603652095,-2.051607992064642,0.1515238760373729,0.35494723101449965,-0.515514782389167,1.3779956363743596e-05,0.0003244003840518117,0.0002799499670652969,0.001930785446584924,29.825
3100,0.6366359989595688,-105.6639602383701,-0.6952876888788888,-2.082891377062465,0.15631835307090822,0.34947093759936537,-0.5178196104268545,1.396711968944537e-05,0.00032613954084775566,0.000284789058309529,0.001992510060855221,29.833333
3101,0.6301258429081775,-105.68139055057213,-0.753736635249437,-2.117895448559484,0.16095236796592774,0.34363317727129145,-0.5203009584851808,1.4156575044960383e-05,0.0003281315626244079,0.00029040831107906163,0.00205920518694432,29.841667
3102,0.6231063813021146,-105.6992234407055,-0.8109922205470158,-2.156892663927873,0.16544245109504382,0.3374208170114159,-0.5229517188986118,1.4348624861506713e-05,0.0003303835680280644,0.0002968806064917428,0.00213117635713979,29.85
3103,0.615589836225668,-105.71743218788603,-0.8669370187796411,-2.20012859142802,0.16975938752240446,0.3308458571133372,-0.5257616207512292,1.4543671720039142e-05,0.0003329042331747857,0.0003042875311593308,0.0022087503358457264,29.858333
3104,0.6075885464068267,-105.7360651470524,-0.9214429224140614,-2.247913041207563,0.173898719058196,0.3239086505980944,-0.5287200906468755,1.4742224881760285e-05,0.0003357031797700203,0.0003127200572969202,0.002292273651990766,29.866667
3105,0.5991204850942001,-105.75516847466845,-0.9743680822339577,-2.3005888629501756,0.17785514559436552,0.31661275262854227,-0.5318142765426522,1.4944907158808175e-05,0.0003387911066482654,0.00032227981653940344,0.002382108609475077,29.875
3106,0.5901865380354232,-105.77481341049094,-1.0255937529308659,-2.358568485517501,0.18162508122104992,0.3089496338909993,-0.5350373503467442,1.5152462083162078e-05,0.00034217940546373287,0.00033308032912161595,0.0024786272102678155,29.883333
3107,0.5808074113768139,-105.79502685181643,-1.0749641855763574,-2.4222766975448704,0.18519417139540192,0.3009284103756138,-0.5383750768618257,1.53657613898958e-05,0.00034588193706231216,0.00034524834591400007,0.002582211238309804,29.891667
3108,0.5710004084865314,-105.81584609712866,-1.1223229782490927,-2.492197288184159,0.18854928481969996,0.2925556666356109,-0.541814416372777,1.55858125753614e-05,0.0003499131289226377,0.0003589251367922596,0.002693239285885969,29.9
3109,0.5607872049735194,-105.83738871981392,-1.16748686081283,-2.568908235095975,0.1917001169427596,0.28382560460298395,-0.5453408145480063,1.5813766309749657e-05,0.0003542885178090308,0.0003742679146205925,0.002812078782058762,29.908333
3110,0.5501788851687378,-105.85964539560159,-1.210302009792845,-2.6529971832371495,0.19461416383298127,0.27475257484814813,-0.5489434055764787,1.6050923499365647e-05,0.0003590244422892232,0.00039145165675633813,0.0029390701136131118,29.916667
3111,0.5392026098221656,-105.88274360230432,-1.2505529894515663,-2.7451818333340525,0.1973005836274275,0.2653331611970668,-0.5526059228287803,1.6298741553987753e-05,0.00036413926833186343,0.00041066963034748965,0.0030745251460361643,29.925
3112,0.5278797874977518,-105.90670614303852,-1.2880400662136522,-2.8462057619578074,0.19973556342727056,0.2555828814262298,-0.5563143069347188,1.6558839118264412e-05,0.0003696517288806905,0.00043213524590233717,0.0032187019989332703,29.933333
3113,0.516228298351191,-105.93165671442314,-1.3225407820301311,-2.9569580430361704,0.20191830642965353,0.24549731330588903,-0.5600558716451162,1.6832998370156966e-05,0.00037558166898991175,0.0004560818447537604,0.003371804218776588,29.941667
3114,0.5042844857639469,-105.95766008166963,-1.3537876365407053,-3.0783725430648436,0.2038362811708843,0.23509333125860762,-0.5638123879023543,1.7123163751053243e-05,0.0003819504147681768,0.00048276286876905607,0.003533978666087283,29.95
3115,0.49207635424464785,-105.9848062074066,-1.3815083893845272,-3.2114994111262978,0.20547816102034128,0.22438085133246197,-0.5675689135030374,1.743143508433148e-05,0.00038877867154590883,0.0005124500708676257,0.00370532111606156,29.958333
3116,0.4796278689997256,-106.01315031252012,-1.4054265299163777,-3.357475434609725,0.20682094747101964,0.21337730592656556,-0.5713122908521316,1.776005264786189e-05,0.0003960874281710436,0.0005454298494624475,0.003885926479122392,29.966667
3117,0.4669737916776948,-106.04292389799672,-1.4251798445515238,-3.5176529873202655,0.20788052259668482,0.20207037535592814,-0.5750267510337616,1.8111371263798726e-05,0.00040389821685648413,0.0005819961326746391,0.004075996595333991,29.975
3118,0.45415388342254076,-106.07421387371146,-1.4403951837170168,-3.6933881693775876,0.20863891632231554,0.1904816597846162,-0.5786959932102067,1.8487819011624245e-05,0.00041223145117758747,0.0006224417625268642,0.0042759999072357795,29.983333
3119,0.4412100457060017,-106.10719701958175,-1.4506420309518135,-3.886190013056432,0.2090937534419685,0.17861724046905847,-0.5823042128945728,1.8891834462790404e-05,0.0004211054468050126,0.0006670409046054863,0.00448700001267902,29.991667
3120,0.42818298359649243,-106.14206529849515,-1.4554518941329098,-4.097663572298341,0.20923936877987712,0.1664820057643145,-0.5858371283772389,1.9325774939711528e-05,0.00043053561729607646,0.00071602625287007,0.00471117351356354,30.0
3121,0.41512593230792294,-106.17896328666166,-1.4542953684598041,-4.329397383599851,0.20906284315481058,0.15409798740158004,-0.5892784151543391,1.979178715667176e-05,0.0004405340034818999,0.0007695555212050581,0.004952647596734673,30.008333
3122,0.40209280055253055,-106.21804321706944,-1.4465977945341661,-4.582966272348096,0.2085502213350761,0.14148816058026742,-0.5926132113551834,2.0291627908011203e-05,0.0004511069819701632,0.0008276650077736846,0.005218759664276264,30.016667
3123,0.38914156378763337,-106.25953923575109,-1.4317058122455555,-4.859904946767374,0.2076977976141509,0.128662033679522,-0.5958273396141543,2.0826421498167813e-05,0.00046225467051767,0.0008902090787148313,0.00552189665792587,30.025
3124,0.37633206566499827,-106.30364643787863,-1.408927764579525,-5.1615081753309635,0.20649244843387954,0.1156399652731562,-0.5989079894670005,2.1396340765472107e-05,0.00047397016217940884,0.0009567856534280849,0.005881996309288684,30.033333
3125,0.363745479565369,-106.35062309431521,-1.377446935035966,-5.488628999457816,0.20493565328101526,0.10243696486655288,-0.6018393132051214,2.200019906652275e-05,0.000486239807493379,0.001026646129295254,0.006329774155413572,30.041667
3126,0.35145639395667144,-106.40069344168603,-1.336446062221507,-5.841495206485192,0.20301721133257392,0.0890732301681568,-0.6046093650003742,2.2634943025364856e-05,0.0004990417710767816,0.0010985995262105211,0.006910275478713647,30.05
3127,0.33955509700872605,-106.45405354715334,-1.2850549182161781,-6.21927372750183,0.20073029411260213,0.07557761086763808,-0.6072049789296924,2.3295051826766426e-05,0.0005123505381423672,0.0011709230828509751,0.0076861786486782735,30.058333
3128,0.3281367541842714,-106.51093220146277,-1.222391418840369,-6.619792069980268,0.19807193457458516,0.06196991935348906,-0.6096144277370766,2.3971868629191946e-05,0.0005261402296586421,0.0012413046571234008,0.008739017145301247,30.066667
3129,0.3172988081953126,-106.57152577993493,-1.147634888645804,-7.039089504133415,0.19503594733843668,0.04827141781266321,-0.6118278860465204,2.4652924090256285e-05,0.0005403919361176103,0.0013068574718978643,0.010165631785085815,30.075
3130,0.30714856248096795,-106.6358745673771,-1.0601104141133848,-7.470777343343923,0.19161449288014296,0.03452675538679282,-0.6138357288043327,2.5321367004112715e-05,0.0005551030322116266,0.0013642507720726474,0.012066124174737118,30.083333
3131,0.297810704250321,-106.70430402256572,-0.959162471518153,-7.905749394902657,0.18782112633524412,0.020714820311383834,-0.6156270245835764,2.5955671840688728e-05,0.0005702943815537559,0.0014099946749460193,0.014519414426481258,30.091667
3132,0.2894062003023771,-106.77654254338182,-0.8446877159469173,-8.331544372884531,0.18364939370008124,0.006909885330261321,-0.6171933784109445,2.652984288189008e-05,0.000586010257992033,0.0014408971369602316,0.01754403803210683,30.1
3133,0.28206017348561013,-106.85246627595059,-0.7169088262450833,-8.732852142681509,0.17910894714989234,-0.006866108491823239,-0.6185267611680482,2.7014371341293475e-05,0.0006023100013843487,0.0014546371638378289,0.021051582105752534,30.108333
3134,0.27588766985333724,-106.93182480058358,-0.5766290012663794,-9.09215454269541,0.17420611417009277,-0.020594779675686944,-0.6196213339708911,2.7378142999856715e-05,0.0006192382391811865,0.0014503257251289431,0.02480643384500192,30.116667
3135,0.2709955101809796,-107.01413722070954,-0.42533950671613197,-9.390830699318345,0.16895008651282292,-0.034245591203759605,-0.620472094800737,2.759132868541862e-05,0.0006367750563714911,0.0014288390723560316,0.028419087913992756,30.125
3136,0.26749118585617304,-107.09879702728256,-0.26517623333255824,-9.61063096615392,0.16336137465937997,-0.047798252808991935,-0.6210723798188142,2.7628996169036827e-05,0.0006547691341544129,0.0013927157560654534,0.03139719480893337,30.133333
3137,0.26542919954663313,-107.18498486493979,-0.09902317292483279,-9.737426294918304,0.15744654064153735,-0.06121894295408208,-0.6214220309416119,2.7474807807848562e-05,0.0006728708382467559,0.0013455610330891541,0.033257433053052246,30.141667
3138,0.26484860874066557,-107.27180826184264,0.06981359670109492,-9.762200135716814,0.1512212241598985,-0.07448179166974225,-0.6215200051078379,2.7124004869480144e-05,0.0006905070367808122,0.001291153758031765,0.03366924585494909,30.15
3139,0.26576286612238104,-107.35826077072085,0.2377818704354935,-9.682701487437345,0.14471144971387442,-0.08755491174911771,-0.6213656302261279,2.6584810586672083e-05,0.0007069038508640847,0.0012325695706604228,0.03256352137448027,30.158333
3140,0.2681575814772784,-107.44343241300521,0.40142445655703635,-9.50388902992848,0.1379412761923775,-0.10042344258997137,-0.6209588143965725,2.5877734567588583e-05,0.0007211749950752814,0.0011717311545760573,0.030153726007785875,30.166667
3141,0.2719739241163031,-107.5264309916383,0.5575906221497381,-9.237694416378229,0.1309336767972154,-0.11306152322126738,-0.6203031330915951,2.503290023268732e-05,0.0007324545681419832,0.0011095089043169153,0.026857847836018772,30.175
3142,0.2771373026312026,-107.60651193457271,0.7037126392849987,-8.9003260680114,0.1237169749542921,-0.12545210412234764,-0.6194016405818076,2.4086116593005795e-05,0.0007400393074456079,0.0010461948947258428,0.0231636975672028,30.183333
3143,0.283551251726484,-107.68309800921693,0.8379049217606485,-8.510339552058486,0.11631844119141838,-0.13758115504301113,-0.618258812061607,2.307462434992845e-05,0.0007434878521013593,0.0009820324901535864,0.019501540096796676,30.191667
3144,0.29109686493068015,-107.7557994299499,0.9589933707334026,-8.086552739471239,0.10875982338444605,-0.14943451425803492,-0.6168817872508876,2.2033420255038557e-05,0.0007426631383042659,0.0009175520396603226,0.016169553659347306,30.2
3145,0.299661015421835,-107.82431843345597,1.0664203995708343,-7.6457682122133725,0.10107898925002194,-0.1609986980770639,-0.6152763361496072,2.0992715754659075e-05,0.0007377167364166753,0.000853628742327357,0.01332019228146552,30.208333
3146,0.3091123885557792,-107.88865521118103,1.160208028392509,-7.202372233962567,0.0932838026980377,-0.17227030522595368,-0.6134521878415223,1.997662517628076e-05,0.0007290247274954077,0.0007913459354003302,0.010988647169202226,30.216667
3147,0.3193352468546361,-107.94875475245473,1.2407198878497596,-6.767364229619318,0.08541341879654146,-0.18323688610706668,-0.6114174548827278,1.900294837341211e-05,0.0007171141094713295,0.0007317874269488844,0.009135682096117424,30.225
3148,0.33021160651032394,-108.00472097782185,1.308613165610479,-6.348807876354733,0.07749348899947557,-0.1938915979982246,-0.6091825014430265,1.8083673711556838e-05,0.0007025824495601016,0.0006758639381893029,0.007687238042872016,30.233333
3149,0.3416250208587418,-108.05699927917553,1.364765775543678,-5.952027254248522,0.06949099776147531,-0.20424537199451137,-0.6067597069062335,1.722589806263462e-05,0.0006860380539100468,0.0006242160282844159,0.006561472451536681,30.241667
3150,0.3534814273324466,-108.1055448195033,1.4100074964459144,-5.580114620404733,0.06147755689155122,-0.21427717634473156,-0.6041591796640807,1.643288033837131e-05,0.0006680574049089471,0.0005771933614041083,0.0056836983851547155,30.25
3151,0.36568595555409095,-108.1506806627897,1.4452603090763143,-5.234502715011923,0.053454349261266985,-0.2239885899912777,-0.6013935955551687,1.5705041901088132e-05,0.0006491548303591474,0.0005348843377376484,0.004992568753543167,30.258333
3152,0.3781526147690953,-108.19265181631539,1.4714024249525974,-4.915407340918493,0.04543835352968244,-0.2333756386389352,-0.5984761315160203,1.5040842924116823e-05,0.0006297727236488098,0.0004971738431454484,0.004440643157681461,30.266667
3153,0.3908024562915606,-108.23171873791847,1.489264209466366,-4.622198833196501,0.0374412971440627,-0.24243518282286025,-0.5954207286228926,1.4437483971213231e-05,0.0006102785542179246,0.0004638052478338053,0.003992656832410294,30.275
3154,0.40357189871077565,-108.26823450959519,1.4996152360631525,-4.3536379472546045,0.029448614918749942,-0.2511718595739206,-0.5922398067620464,1.3891440303046765e-05,0.0005909683849636174,0.0004344363377201306,0.0036229921804903247,30.283333
3155,0.4163936116064717,-108.3022655789905,1.5031325148941077,-4.108286057976919,0.021510958240325118,-0.25957507025177273,-0.588948702567015,1.3398846609719044e-05,0.0005720717763382567,0.0004086838355812531,0.0033132492611939804,30.291667
3156,0.4292080993680047,-108.334261867078,1.5004678742753874,-3.884480260780371,0.013577189932293433,-0.267646183263239,-0.5855627149795,1.2955767023481334e-05,0.0005537628800297042,0.0003861552376343862,0.0030502245216054865,30.3
3157,0.4419660218254942,-108.36426917453736,1.4921622818694662,-3.6805248037388587,0.005694947117491939,-0.2753800060268017,-0.5820961540278442,1.2558368877828105e-05,0.0005361682476951608,0.00036647046272050284,0.0028243714066207002,30.308333
3158,0.45462303623361844,-108.39252085106348,1.4787181808341885,-3.4947426346998443,-0.0021418727150644937,-0.2827761150998438,-0.5785633878723336,1.2203028014436441e-05,0.0005193740663970546,0.00034927441920172954,0.00262870934554584,30.316667
3159,0.46713317279002964,-108.41920165994506,1.4605844177651872,-3.3255564390048744,-0.00993203328310577,-0.28982968876922993,-0.5749805378434949,1.1886386049870264e-05,0.0005034337551580254,0.00033424380583358624,0.0024580381609348887,30.325
3160,0.4794596310821009,-108.44448390295058,1.4381587775232858,-3.1714696287441804,-0.017676021836247346,-0.2965387324881292,-0.571362276548232,1.1605374498994974e-05,0.0004883757285861639,0.00032108958331604167,0.0023084007012166463,30.333333
3161,0.4915687553632623,-108.46849473092283,1.4117950483089112,-3.031101722402614,-0.02536592383738452,-0.3029015730790122,-0.5677232773192727,1.1357215469268524e-05,0.00047420787831325723,0.00030955668326627467,0.002176722669562246,30.341667
3162,0.5034288625670292,-108.4914539598404,1.3818177431366145,-2.9032012693475027,-0.03302651173465923,-0.30891310304336755,-0.5640784138457687,1.1139409154243497e-05,0.00046092248151731203,0.0002994221895486933,0.0020605647241048533,30.35
3163,0.5150095338769847,-108.51337552512646,1.3485074145159166,-2.786620382384595,-0.04062385202975126,-0.3145727487167024,-0.5604428615720637,1.0949713306465038e-05,0.0004485003586341054,0.00029049265301030544,0.001957952201503718,30.358333
3164,0.5262849777850607,-108.53436817340565,1.3121234454015034,-2.6803242486933594,-0.04815583138323666,-0.31987945554854746,-0.5568309101493506,1.0786118704353355e-05,0.00043691430987219263,0.0002826011369660959,0.0018672601604067796,30.366667
3165,0.5372286856490028,-108.55456103747397,1.2729030084934283,-2.5833909795383887,-0.055630214026945006,-0.32482903961362747,-0.5532575232086815,1.0646823153850876e-05,0.0004261313071422994,0.00027560412977797383,0.0017871322189183263,30.375
3166,0.5478221683846962,-108.57407954785451,1.2310629806717612,-2.49498612523776,-0.063057794056038,-0.329419556342463,-0.5497353755980428,1.0530206126943292e-05,0.0004161149919122664,0.0002693786488525039,0.001716422183040753,30.383333
3167,0.5580385282095625,-108.59287575130774,1.1867928318448098,-2.414353656759123,-0.07039388922287346,-0.3336542894352335,-0.5462801736998583,1.0434804598366496e-05,0.0004068264131057811,0.00026381956623814236,0.0016541538719194193,30.391667
3168,0.5678642252475141,-108.61114799033531,1.1402813418883597,-2.3408379090673717,-0.07767852619279264,-0.33752712994290307,-0.54290330243702,1.0359291292395761e-05,0.00039822675194847224,0.00025883730713818,0.0015994887752779669,30.4
3169,0.5772805413409765,-108.62896043839952,1.0916961577940727,-2.2738453978888393,-0.08490943494672194,-0.34103574771013684,-0.5396179382830192,1.0302454744069271e-05,0.00039027655689915955,0.0002543556455493468,0.0015517040305577583,30.408333
3170,0.5862680210308828,-108.64630031183617,1.0411890237443198,-2.2128353737051327,-0.09205934059375825,-0.3441835701542442,-0.5364375644204281,1.0263182088663878e-05,0.0003829374931083828,0.0002503099544753525,0.0015101735514303904,30.416667
3171,0.5948141410177651,-108.66323867496311,0.9889083066226245,-2.1573339730756995,-0.09913158736031599,-0.34697045042410174,-0.5333731785494281,1.0240443988388115e-05,0.00037617302602170507,0.00024664564697157314,0.0014743538795046296,30.425
3172,0.6029054070833534,-108.67982667779555,0.9349919479763861,-2.1069193010905103,-0.1061240259138956,-0.3493964351492894,-0.5304359856804544,1.0233281625451914e-05,0.0003699480232973853,0.00024331679817351758,0.001443773196207123,30.433333
3173,0.6105275904484024,-108.69611597917964,0.8795691686983836,-2.061218668383299,-0.11303573762148608,-0.35146025265943087,-0.52763730487612,1.0240795767251819e-05,0.00036422931976977434,0.00024028501258913744,0.0014180217620263546,30.441667
3174,0.6176698364677053,-108.71216065388744,0.8227645836149212,-2.0199003979019237,-0.1198681993513933,-0.3531610875026143,-0.5249870224436272,1.026213759443046e-05,0.00035898604854639373,0.00023751845400852192,0.0013967441334356422,30.45
3175,0.6243176259194704,-108.727957578584,0.7646907849523296,-1.982662885494274,-0.126602863036069,-0.35450246626528764,-0.5224961522909992,1.0296501096981957e-05,0.00035418941285399446,0.00023499102371602016,0.001379632976259437,30.458333
3176,0.6304643413953348,-108.7435569655686,0.7054639398319652,-1.9492449498768694,-0.1332419519579935,-0.3554851383995029,-0.5201724822513298,1.0343116924815105e-05,0.00034981318668270335,0.00023268167111709263,0.0013664236977703357,30.466667
3177,0.6361003417714883,-108.75899952082615,0.645191889501877,-1.9194181641183343,-0.13978445135032472,-0.35610858884189917,-0.5180246063554511,1.0401247436802263e-05,0.00034583289575822727,0.0002305738074648799,0.0013568901690324976,30.475
3178,0.6412170811023719,-108.77429871345271,0.5839778832483267,-1.8929763781409734,-0.14622028615431643,-0.3563759771024455,-0.5160603681132926,1.047018292165891e-05,0.0003422262449823375,0.000228654828502971,0.0013508408325019507,30.483333
3179,0.6458049138136756,-108.78946522795526,0.521919566064823,-1.8697399166123905,-0.15253847564542225,-0.35629020339835515,-0.5142876793061736,1.0549238768382926e-05,0.000338972999530236,0.00022691571250209257,0.001348115672506589,30.491667
3180,0.6498599483473243,-108.80453156978422,0.45911855841511906,-1.8495551931883136,-0.1587372252533437,-0.3558532990000977,-0.5127118445926682,1.063775350042443e-05,0.0003360550643146425,0.00022535068780769082,0.0013485836443970106,30.5
3181,0.6533728662820665,-108.81953379506123,0.3956667036146131,-1.832295175912454,-0.16481507380464094,-0.3550634380027998,-0.5113398665431855,1.0735087559385172e-05,0.0003334558890137336,0.00022395697399616167,0.0013521404633592997,30.508333
3182,0.6563443330048473,-108.83449483575204,0.3316652063559617,-1.8178457315759946,-0.17076807838504957,-0.35392489400172056,-0.5101744265313075,1.0840622792256078e-05,0.0003311610057261236,0.0002227345741270759,0.0013587068978356104,30.516667
3183,0.6587635761922213,-108.84941196382061,0.26719629872430567,-1.8061114619963992,-0.17658078026976667,-0.352440695351365,-0.5092222471333777,1.0953762510175757e-05,0.0003291570412653247,0.00022168612475072631,0.0013682272195877823,30.525
3184,0.6606280968597018,-108.8643085870135,0.20235231241096904,-1.7970180453400824,-0.18224875532358117,-0.3506130642571137,-0.508486364646332,1.1073932116914777e-05,0.00032743283436036547,0.00022081676526303792,0.0013806685501492806,30.533333
3185,0.6619368367934796,-108.87922721274307,0.13722653428549614,-1.790513355953214,-0.1877744860276486,-0.34844077529271933,-0.5079687797359805,1.120058016822613e-05,0.000325978544027135,0.00022013407989158462,0.0013960197981333301,30.541667
3186,0.6626891359506891,-108.89418743588323,0.07191005085300055,-1.786556496184553,-0.19315227737747706,-0.34592629882187503,-0.5076708640480494,1.1333179902774433e-05,0.00032478555446103266,0.0002196480825105737,0.0014142909885190489,30.55
3187,0.6628830499162404,-108.90922157237748,0.006491183182132041,-1.7851268769379636,-0.19838023257092802,-0.34306865286276483,-0.5075940261902541,1.1471231174889467e-05,0.000323846481110566,0.0002193712221692439,0.0014355130333823071,30.558333
3188,0.6625299090298699,-108.92427662285127,-0.05892771929827289,-1.7861938004335378,-0.203430402204161,-0.33988943389116805,-0.5077339429900217,1.161426275065996e-05,0.00032315530622594493,0.00021931843746267815,0.0014597377271211404,30.566667
3189,0.6616048616247029,-108.93948152909404,-0.12429100552489056,-1.789799938670196,-0.20832727784167532,-0.336357685675503,-0.5081001527947979,1.1761834952229678e-05,0.00032270625158435477,0.00021950721821141847,0.001487037241908938,30.575
3190,0.6601326980340637,-108.95473683291627,-0.189478777026095,-1.7959314233568695,-0.2130303291993631,-0.33251038163054764,-0.508682059468504,1.1913542618755803e-05,0.00032249704846745486,0.0002199577688656734,0.0015175067844219973,30.583333
3191,0.6580938773653086,-108.97019692307774,-0.254427611191698,-1.8046691171521823,-0.21757194495888096,-0.3283121156030234,-0.509486129537475,1.206901833049307e-05,0.00032252429312340937,0.0002206931271729849,0.001551261827548715,30.591667
3192,0.6555001813628651,-108.98581989983958,-0.31903488906516636,-1.816051006854718,-0.22192654881476898,-0.323781985489276,-0.5105059700726214,1.2227936025689747e-05,0.0003227876813128502,0.00022173946514963144,0.0015884419575960373,30.6
3193,0.6523554354036774,-109.00160963751057,-0.38320889383544926,-1.8301459450690492,-0.22608154834540192,-0.3189263113401757,-0.5117378763670861,1.2390014846508481e-05,0.00032328700988290223,0.00022312627737433396,0.0016292095404636983,30.608333
3194,0.6486645180504277,-109.01760708058835,-0.44685380319108464,-1.8470521457514186,-0.2300360130499165,-0.3137435642440172,-0.5131772805488947,1.2555023349834865e-05,0.00032402310178804284,0.00022488670820395738,0.001673751361321213,30.616667
3195,0.6444371565597177,-109.0338574501927,-0.5098651185523706,-1.8668889208754653,-0.23379076689438963,-0.30823292735631913,-0.5148173001019754,1.2722784028447648e-05,0.00032499778334353104,0.00022705797089596588,0.001722279319591231,30.625
3196,0.6396683092230578,-109.05031742331677,-0.572167827328989,-1.889766176821032,-0.23731401457163384,-0.302408318394587,-0.5166563462589543,1.2893178196478855e-05,0.0003262135475349027,0.0002296818304859525,0.0017750306216315849,30.633333
3197,0.6343717267548918,-109.06705132785778,-0.6336472835137984,-1.9158524949208864,-0.24061245806837106,-0.29626658690535446,-0.5186851329870064,1.306615119311642e-05,0.00032767497179265185,0.0002328049332514938,0.0018322723422306685,30.641667
3198,0.6285572902044003,-109.08404861206601,-0.6941996770684228,-1.945314259135678,-0.24366824606633727,-0.28982090253526077,-0.5208955202232035,1.324171796811968e-05,0.0003293869903530184,0.0002364796368791163,0.0018942982831450638,30.65
3199,0.6222430911826443,-109.10129435706492,-0.753706985747284,-1.978341955852424,-0.24646530329949434,-0.2830894747464766,-0.523275946545656,1.3419969134677594e-05,0.0003313554546709082,0.0002407645909103485,0.001961431067478098,30.658333
3200,0.615427867258439,-109.11890907045172,-0.8120708948608241,-2.0151987746243725,-0.24901879917268374,-0.27604988624024157,-0.5258218430622147,1.3601077444057656e-05,0.00033358653185783146,0.00024572558017411483,0.0020340206725993027,30.666667
3201,0.6081235978747414,-109.13693770500171,-0.869172830528438,-2.056156160177357,-0.2513245218477048,-0.2687035697194188,-0.5285233098114633,1.378530478923284e-05,0.0003360886440209144,0.00025143658809868445,0.00211244731669566,30.675
3202,0.6003395084679979,-109.15543852165573,-0.9248942641677826,-2.1015245211227285,-0.2533793251118286,-0.2610480455341384,-0.5313711962504938,1.3973009766595552e-05,0.0003388712090278208,0.00025798084350337966,0.0021971183248721293,30.683333
3203,0.5920849026769471,-109.17440094657229,-0.9791189366830972,-2.151624364252078,-0.25516070632659843,-0.25309907425088346,-0.5343560472533807,1.4164655811562989e-05,0.0003419450377391219,0.00026545206675266796,0.0022884668068651457,30.691667
3204,0.5833696717083504,-109.19401470396107,-1.0317048638849864,-2.2069030654101938,-0.2566956609541881,-0.24482251247721132,-0.5374679410975489,1.4360819886434059e-05,0.00034532243418353105,0.0002739556628538063,0.0023869500187287036,30.7
3205,0.5742154091227956,-109.21417531708441,-1.0825132290787602,-2.267734521347757,-0.2579398729042964,-0.23626470533462013,-0.5406926332541073,1.456220187496005e-05,0.00034901723023155466,0.00028361088283736637,0.0024930403709970002,30.708333
3206,0.5646506229691906,-109.23481107983177,-1.1313863649968918,-2.3345529934238467,-0.2588632849691463,-0.22746778318599675,-0.5440135292283005,1.4769634501010408e-05,0.0003530438012057197,0.000294551830325251,0.0026072197176591643,30.716667
3207,0.5546707022751387,-109.25646422941026,-1.1781472644573057,-2.4081266547097613,-0.25955953461283365,-0.21830410680606552,-0.5474254996062708,1.4984093467698685e-05,0.000357416618476669,0.00030692946090805093,0.002729965799382847,30.725
3208,0.544309329372405,-109.2788176298818,-1.2226377162398225,-2.488901822613193,-0.2599386104050995,-0.2088836869348381,-0.5509101894403248,1.5206708695373837e-05,0.0003621537383193986,0.00032091566255918917,0.0028617352773816977,30.733333
3209,0.5335867390630369,-109.30194592487372,-1.2646712156161473,-2.5775689402134536,-0.25999565070341857,-0.19921205297270558,-0.5544540848814318,1.5438775478058328e-05,0.00036727287365416814,0.00033670262734270977,0.0030029529680976647,30.741667
3210,0.5225241208690556,-109.32593192406947,-1.304046158719644,-2.6749011076769724,-0.25972571642643216,-0.18929465267530868,-0.5580435461245931,1.568176478261505e-05,0.0003727930191383653,0.00035450629521657453,0.0031539863895591203,30.75
3211,0.5111499607687097,-109.35083449826737,-1.3405360961772592,-2.7817454464460822,-0.2591206580311385,-0.17914743435831149,-0.5616628828935951,1.5937333150268318e-05,0.00037873440317849264,0.00037456846351480703,0.0033151208961882095,30.758333
3212,0.4994889404261618,-109.37675519246899,-1.3738998370906057,-2.899061565290521,-0.2581768216729636,-0.16877601222107771,-0.565298062198693,1.6207330808318532e-05,0.00038511770966162,0.00039715850564995056,0.0034865308996011785,30.766667
3213,0.48756591899376545,-109.40380694134603,-1.4038748578678177,-3.0279165228914295,-0.2568897215324529,-0.15818550533480505,-0.5689354353078663,1.64938068045267e-05,0.00039196448771088347,0.00042257445423547415,0.0036682593768334903,30.775
3214,0.4754198861750828,-109.43207175275275,-1.4301518703905927,-3.1694645427686066,-0.25525422551556093,-0.1473957194443176,-0.5725576782490505,1.6799009401190106e-05,0.0003992969919630095,0.0004511427299338225,0.003860209439955599,30.783333
3215,0.46307811173445895,-109.46170112440315,-1.4524097311121824,-3.325006308307248,-0.25326778253634197,-0.13640775654954967,-0.5761517742385621,1.712537874923065e-05,0.00040713629218954556,0.0004832160024469287,0.00406215340809012,30.791667
3216,0.45058538102168155,-109.49268354573616,-1.4702912572545879,-3.495834158329954,-0.250912166406455,-0.1252716294596186,-0.5797004539223266,1.747552860594726e-05,0.0004155033532210108,0.0005191677384014199,0.004273812745450885,30.8
3217,0.4379762904422251,-109.52520871892358,-1.4833932181231397,-3.68346875309158,-0.24819068717978457,-0.11398596348097613,-0.5831904453971618,1.7852211249654313e-05,0.0004244163590684313,0.0005593808478419281,0.004495026728581876,30.808333
3218,0.425296166688204,-109.55949393728368,-1.4912418624047954,-3.88953193018348,-0.24511009346344775,-0.10254882263617615,-0.5866065919628538,1.8258259492891385e-05,0.0004338912974962218,0.0006042321139857139,0.00472607639065112,30.816667
3219,0.4125904440846605,-109.59573737685349,-1.4933246989181648,-4.115681847928767,-0.2416696805484893,-0.09096667408369558,-0.5899350323431741,1.8696497395927426e-05,0.0004439396449457388,0.0006540667735129524,0.0049682477977850345,30.825
3220,0.3999245585934736,-109.63401344712669,-1.489063378330044,-4.363435564487133,-0.23786555019581437,-0.07928293330547218,-0.593158249704514,1.9169607632815848e-05,0.00045456732291877854,0.0007091593953846476,0.005224796500064434,30.833333
3221,0.3873433428370211,-109.67458991674064,-1.4778427719534881,-4.634405682316521,-0.23369738423536313,-0.06749251371491649,-0.5962657175035229,1.96799395021906e-05,0.00046577088656610233,0.0007696578245375111,0.005502442252197037,30.841667
3222,0.3749252958098558,-109.71757844398795,-1.4589486821200701,-4.929788371924301,-0.22916850130591615,-0.05563571381658468,-0.5992403341175554,2.0229243406618248e-05,0.000477539417403023,0.000835510840848048,0.005813608740446703,30.85
3223,0.3627328155014068,-109.76323844732823,-1.4316317367095202,-5.2505611214055055,-0.2242808042823139,-0.04371640032011131,-0.602071017280794,2.081831109232826e-05,0.0004898491320553755,0.000906371662966718,0.006179474550008059,30.858333
3224,0.3508508344372033,-109.81169960224004,-1.395080724447608,-5.596894883196085,-0.21903970825787225,-0.03177123591649893,-0.6047435055051392,2.144650600546878e-05,0.0005026661592780369,0.00098148623474694,0.0066338945181165605,30.866667
3225,0.33937947591679885,-109.86350367785704,-1.3482815444754632,-5.968276234750453,-0.21346891466553317,-0.019746234008413088,-0.6072426379874888,2.211117266005678e-05,0.0005159451515706103,0.0010595676325253782,0.007227681858584749,30.875
3226,0.32839886128682305,-109.91852166310494,-1.2905189353056445,-6.3624326229745,-0.20755570287522324,-0.007729044580735637,-0.6095600091458109,2.280692779961202e-05,0.0005296310915003741,0.0011386907961574658,0.00803182972939534,30.883333
3227,0.31800570196751327,-109.97680168627497,-1.2210286193538444,-6.775488674800428,-0.20130855817744547,0.0042399455916765265,-0.6116857035618029,2.352487287532506e-05,0.0005436702492187379,0.0012162140721839903,0.009138240042216557,30.891667
3228,0.30830220474601683,-110.03856072320207,-1.1390750226950692,-7.201584996653192,-0.19473857715819806,0.016164803736490308,-0.613610705873489,2.4251805919208666e-05,0.0005580178661132475,0.0012888149616403848,0.010653382309729488,30.9
3229,0.29940265409625433,-110.10384271186813,-1.0441251527931177,-7.632075378957058,-0.18786057776230075,0.02802733414428029,-0.6153254297845812,2.4969575665213944e-05,0.0005726493112313304,0.0013526829237143028,0.012680790155581404,30.908333
3230,0.2914289009860693,-110.17245685866371,-0.9359888312566524,-8.05524670258219,-0.18069943985052264,0.039784885919128266,-0.6168203854981686,2.5654788871646672e-05,0.0005875683606298398,0.0014039058922998315,0.015288966857966435,30.916667
3231,0.2844816993358343,-110.24438074463053,-0.8148432117136986,-8.4572681365848,-0.1732610851246906,0.051446406962782625,-0.6180909126237293,2.6279135587410115e-05,0.000602808247098387,0.0014390581926979884,0.01846604426101091,30.925
3232,0.27867856753516057,-110.31922591608138,-0.6814139478360056,-8.821582355494664,-0.16557376552110534,0.06298171096901359,-0.6191293442654594,2.6810623786634423e-05,0.0006184216522805494,0.0014559119136982645,0.022072335783704947,30.933333
3233,0.27407115498755963,-110.39671369504417,-0.5370864859487235,-9.132296941890834,-0.15762011089930497,0.07439149974372307,-0.6199389631907084,2.7215881880107056e-05,0.0006344411397109217,0.0014540270720820225,0.02581155570516381,30.941667
3234,0.27082214680068495,-110.47589890945038,-0.3837461024015379,-9.370512161407778,-0.14949306489657443,0.08562499847144331,-0.6205019708756726,2.746351157512624e-05,0.000650832756225718,0.0014350253813531272,0.029250788775210184,30.95
3235,0.26895531790266786,-110.5562182215288,-0.22401319257202165,-9.523484067950235,-0.1411851900340653,0.0966885403714008,-0.6208225035804461,2.752794235374524e-05,0.0006674026058270876,0.0014022217827831163,0.03189518027080734,30.958333
3236,0.2684795922287709,-110.63692773675632,-0.060925470976518646,-9.58301037055223,-0.1327009377675442,0.10757042387462568,-0.6209038393334734,2.7393181388458436e-05,0.0006837669036414923,0.0013598908032543516,0.033319412614181816,30.966667
3237,0.26945040355642275,-110.71706999492928,0.10231046775975698,-9.544422413324195,-0.12409960715720982,0.11826452247943285,-0.6207377086194603,2.7055621465001616e-05,0.0006993365523761299,0.0013121482979547056,0.033294405040680694,30.975
3238,0.2718212161904595,-110.79577252454268,0.262375879676492,-9.412002520068137,-0.11539927086542398,0.1287508397658451,-0.6203295432423949,2.6524911121801424e-05,0.0007133456435472197,0.0012620344450450507,0.03185483162264922,30.983333
3239,0.2755418450334003,-110.87244596960329,0.41636459245107077,-9.19511997141255,-0.10660168811682501,0.139042654130187,-0.6196819612503469,2.5822792644301897e-05,0.00072497083919879,0.00121118050444809,0.029278658867432417,30.991667
3240,0.2805408330205103,-110.94628504279402,0.5617044604095869,-8.907481151116343,-0.09775086930501424,0.14911690691151108,-0.6187983745124561,2.4980161514980062e-05,0.0007334549814867765,0.0011599919230246103,0.025987702401090957,31.0
3241,0.28671431478626885,-111.01681796072414,0.6964912626289846,-8.565636773438078,-0.08886119455743662,0.15896661854694405,-0.6176858545940451,2.4033079762291273e-05,0.0007382261002276776,0.0011082061081818338,0.022424903671323385,31.008333
3242,0.29396865844158254,-111.08375216336303,0.8194616682902077,-8.185898275585457,-0.07994766690398816,0.1685984705374655,-0.6163484720229591,2.3018708557080433e-05,0.0007389778802744045,0.0010554764499607027,0.018955405756671456,31.016667
3243,0.30219112706583195,-111.14684708677694,0.9298966070949682,-7.783917972519933,-0.07103391610670717,0.17800498703714387,-0.6147933962140871,2.1971869732641396e-05,0.0007356835336783622,0.0010017587978846355,0.015820201485181002,31.025
3244,0.31124021792413464,-111.20625061740405,1.027681340744403,-7.373730807833769,-0.062089778953492464,0.18718106983293784,-0.6130339461414053,2.0922714144913236e-05,0.0007285702483398273,0.0009474284010356517,0.013136589881305796,31.033333
3245,0.3210479910865579,-111.26162672099002,1.1128659935923353,-6.96532041918373,-0.053206254620022146,0.19612418690345332,-0.6110702991119505,1.9895567417044183e-05,0.0007180650892935515,0.0008931883415406441,0.010926171245757623,31.041667
3246,0.33147847383413787,-111.3132949803689,1.1859951929176107,-6.5675092067684115,-0.04435288891726759,0.20482878176600877,-0.6089174854452328,1.8908651518451787e-05,0.000704701130576725,0.0008399035357228162,0.009152530489076435,31.05
3247,0.3424334608198316,-111.3614740474063,1.2477270039246202,-6.186013023608061,-0.03553079584014105,0.21329463191382786,-0.6065850931400399,1.797458269990743e-05,0.000689071476470088,0.0007884237342761043,0.0077508384160917985,31.058333
3248,0.3537898198961035,-111.40672007461181,1.298919446569887,-5.824888162354052,-0.026668718343041607,0.22150863771602966,-0.6040904034622039,1.7101181983482155e-05,0.000671764261012321,0.000739463301666899,0.006649906112459636,31.066667
3249,0.36549081745468714,-111.44888573812797,1.3402413982045676,-5.485880568961167,-0.0178548645051773,0.2294676945847824,-0.6014385202424658,1.6292459408294856e-05,0.0006533330282866487,0.0006935400513045815,0.005783889392303412,31.075
3250,0.3774722709112058,-111.48795521917576,1.3724116147090957,-5.169817400647087,-0.009155663494154184,0.2371740512924049,-0.5986377501423792,1.554952728213429e-05,0.0006342575947306242,0.0006509669041824722,0.005097829404921835,31.083333
3251,0.3896401692368427,-111.52453467356209,1.3962807947425224,-4.876909241127633,-0.0004903417463819226,0.24461662568384077,-0.5957054462400219,1.4871439465710888e-05,0.000614940187296526,0.0006118739057498452,0.004548260129728697,31.091667
3252,0.40191247772348837,-111.55915923014014,1.4126236334013311,-4.606636790041053,0.008215827675932166,0.25177518187816805,-0.5926586459690054,1.4255888223051831e-05,0.0005957137995515715,0.0005762448455124325,0.004101924587602525,31.1
3253,0.41424956737931184,-111.59169969569628,1.4220157643608027,-4.357868499512332,0.01687774952378541,0.25865144499041176,-0.5895057966223779,1.3699732146997899e-05,0.0005768436365280428,0.0005439565366586502,0.0037340281111414558,31.108333
3254,0.4265966785827603,-111.6223798452834,1.4250590485590153,-4.129390727551952,0.02549864589172672,0.26523743255252274,-0.5862605530876475,1.3199380290554301e-05,0.0005585260405951631,0.0005148147287193798,0.00342641736106637,31.116667
3255,0.43890229295802885,-111.65134618135048,1.4222931648412653,-3.9198868562044273,0.03406535634289634,0.2715256508733529,-0.5829372908735841,1.2751076429857621e-05,0.0005409032902136308,0.0004885844032486687,0.003165811938865399,31.125
3256,0.4511268858163143,-111.67884174863612,1.4142126437640214,-3.727938845177907,0.04259530536016945,0.27750978660766634,-0.5795485061444309,1.2351086668246086e-05,0.0005240729977140724,0.000465012257338636,0.0029424810366472155,31.133333
3257,0.4632300967795837,-111.70495842485478,1.4012514546004402,-3.5521954246905003,0.05106878294276768,0.2831854703899035,-0.576108046675963,1.199581699600609e-05,0.0005080950811314972,0.0004438429070353105,0.002749246275909682,31.141667
3258,0.4751709822838059,-111.72989988178138,1.3838157806478752,-3.3913710236628942,0.05950039360132409,0.2885410262613039,-0.5726310260554881,1.1681882971534014e-05,0.0004930006599691119,0.00042482944744236045,0.00258075032425479,31.15
3259,0.4869200165202837,-111.75367606295977,1.3622511199096272,-3.2442072365809635,0.06785375935810262,0.29358000906940684,-0.5691301769294788,1.1406143894510342e-05,0.00047879928513964147,0.0004077400075633629,0.0024329310540374773,31.158333
3260,0.4984434153873292,-111.77651754742695,1.3368924095164623,-3.1095695609014666,0.07615870974715021,0.29828862389961464,-0.5656202440310315,1.116571223125492e-05,0.0004654828830854976,0.00039236131212992464,0.0023026628732559632,31.166667
3261,0.5097136619354417,-111.79848327272707,1.3080287134374895,-2.986389613453947,0.08439891673218076,0.30266536936288024,-0.5621147656118506,1.0957949279691419e-05,0.00045303161763182167,0.00037850012118409595,0.002187491473563866,31.175
3262,0.5207057371238968,-111.81961221357709,1.2759225687425697,-2.873684719998908,0.09255411142706228,0.3067117402744591,-0.5586270289842408,1.0780450811018193e-05,0.0004414168207392417,0.00036598333998964837,0.0020854585603560473,31.183333
3263,0.5313888599318601,-111.84011432281545,1.2408255303762106,-2.7706047735113333,0.10065764393264028,0.310409230221087,-0.5551726408852313,1.0631028086240187e-05,0.0004306039043456888,0.0003546572689280686,0.0019949751495572663,31.191667
3264,0.5417486059948138,-111.8599520717335,1.2029534282917007,-2.676299794280174,0.10867176578237414,0.3137695402560241,-0.5517622999129826,1.0507687104610878e-05,0.0004205557130872871,0.00034438626429813364,0.0019147289668278048,31.2
3265,0.5517569646395509,-111.87921007375928,1.1625107150414722,-2.5900703179772058,0.11659545016536164,0.31678535389234574,-0.5484113905053741,1.0408606649856542e-05,0.0004112320364162133,0.0003350513722510809,0.001843626672402311,31.208333
3266,0.5613980973543481,-111.89801592605811,1.1196910645404732,-2.511252731964967,0.12444542540680972,0.31944876834065405,-0.5451314824672643,1.03321184158615e-05,0.0004025932402728693,0.0003265486678055692,0.0017807432504113089,31.216667
3267,0.5706506688758106,-111.91635981912425,1.07466506430091,-2.4392566039765526,0.13219527275068813,0.3217641599690562,-0.5419361105312865,1.0276687699280557e-05,0.0003945995708561048,0.00031878771839793864,0.001725290596764993,31.225
3268,0.5794961050095222,-111.93424638688587,1.0275929678190774,-2.373545705285377,0.13982436868354423,0.3237364824363074,-0.538837961300069,1.0240896541073565e-05,0.00038721284426499695,0.00031169016069739137,0.0016765919853320966,31.233333
3269,0.5879246869732878,-111.95179737597017,0.9786351976652669,-2.313632993512303,0.14735292829807825,0.3253583593150095,-0.5358465873940289,1.0223428591350485e-05,0.0003803966151904113,0.00030518834515884505,0.0016340633794078411,31.241667
3270,0.5959171033192517,-111.96899851335438,0.9279297658651391,-2.259094796899768,0.1547561820406897,0.32663565394062133,-0.5329748459082958,1.022305583066824e-05,0.0003741155859304128,0.0002992240999450464,0.0015971991242073442,31.25
3271,0.6034621845852615,-111.9859269138417,0.8756163156993186,-2.20954574411693,0.1620416437115417,0.32756437063903493,-0.5302325918567387,1.0238627524245221e-05,0.00036833720450778044,0.00029374768146215116,0.0015655599992461348,31.258333
3272,0.6105438866344842,-112.00258313399138,0.8218191562970719,-2.1646457520983438,0.16919145247169334,0.3281493388274033,-0.5276312884142267,1.026906055425636e-05,0.00036303082225279545,0.0002887168049397848,0.0015387644681127144,31.266667
3273,0.6171525652398885,-112.01903218528103,0.7666644851141925,-2.1240882148850555,0.17621095346070162,0.32838745208200065,-0.5251798681133562,1.0313331553075003e-05,0.0003581684234667091,0.0002840958295893916,0.0015164813135269263,31.275
3274,0.6232758080521263,-112.03516826018031,0.7102618830378976,-2.087576420284213,0.18304928928622813,0.3283040766591581,-0.5228880411873889,1.0370470278406375e-05,0.0003537239390254093,0.00027985503090308236,0.001498423783977577,31.283333
3275,0.6289012974090828,-112.05124218291141,0.6527311930101366,-2.0549218111294794,0.18977312484059555,0.3278601001748296,-0.5207652335530729,1.043955440991506e-05,0.00034967364044482206,0.00027597000314952974,0.0014843451585089256,31.291667
3276,0.6340275440268169,-112.06715099693355,0.5941845079777553,-2.0258621488366666,0.1963361112466916,0.3270842704150024,-0.5188164647961863,1.0519705368513636e-05,0.00034599607712287926,0.0002724210834669272,0.0014740335981253368,31.3
3277,0.6386384923475055,-112.0828747083067,0.5347149765146608,-2.000220153600613,0.20271574874113485,0.32598485879848305,-0.517051941029578,1.0610085051649444e-05,0.00034267099781263785,0.0002691929612167692,0.0014673099941616518,31.308333
3278,0.6427302632772581,-112.09855930474599,0.4744349748436241,-1.977850634268245,0.2089470758323818,0.32454153582152884,-0.5154768895922496,1.0709893745309936e-05,0.00033968091057063677,0.0002662742722301073,0.0014640249607251017,31.316667
3279,0.6462977976833278,-112.11406492393282,0.4134383983022795,-1.9585701359212222,0.2149719641150052,0.32279136258047314,-0.514096589722183,1.08183684730365e-05,0.0003370097028572948,0.0002636572949094428,0.0014640559026552187,31.325
3280,0.6493282303332749,-112.12958739682915,0.3518210780304521,-1.9423160534530093,0.22083896547848547,0.3206973763228162,-0.5129189573627146,1.0934782223310092e-05,0.00033464284546505323,0.00026133768212344144,0.0014673061525085247,31.333333
3281,0.6518219609098214,-112.14507009247399,0.28968296843160923,-1.9289552190124664,0.22651851690144356,0.3182810136480506,-0.5119463551271167,1.105844377521453e-05,0.00033256808957342674,0.0002593142982113617,0.0014737024872092173,31.341667
3282,0.6537734708451478,-112.16049117033937,0.2271140470399046,-1.9183968343328979,0.2319909656739993,0.31555449049536144,-0.5111830083735747,1.1188697896157807e-05,0.000330774109877393,0.0002575890352574934,0.0014831944204599862,31.35
3283,0.6551833978070077,-112.1759071252545,0.16421514232440465,-1.9105759757252547,0.23726335896003173,0.312514501976186,-0.5106302940734907,1.132492623060474e-05,0.0003292511595939254,0.0002561667029158229,0.0014957534351475335,31.358333
3284,0.6560441336318861,-112.19133453763588,0.10107054576612523,-1.9054537726455139,0.24232727140549384,0.30916290319753836,-0.5102923725626689,1.146654849512139e-05,0.00032799049060692776,0.0002550549786536062,0.0015113716450952006,31.366667
3285,0.6563567039441942,-112.20677791188854,0.03777554476362729,-1.902988187583628,0.24717301478586162,0.3055078203348008,-0.5101695650976716,1.161302412779905e-05,0.00032698515666522833,0.0002542643885882631,0.001530062047052172,31.375
3286,0.656117279246693,-112.22242644406593,-0.025572538908732997,-1.9032154084622992,0.2518449940979015,0.30150892341851016,-0.5102636384486348,1.1763854187900124e-05,0.0003262291597817629,0.00025380830603257185,0.0015518577955352952,31.383333
3287,0.6553247080073101,-112.23795587132186,-0.08890414273256081,-1.9060413222590462,0.2562325699881438,0.297255299824707,-0.5105748421920088,1.1918583626693541e-05,0.0003257179401100072,0.00025370313314288044,0.0015768114750636872,31.391667
3288,0.6539808655499876,-112.25351100590812,-0.15211842727788247,-1.9115136836000362,0.260368985348111,0.29272083091864626,-0.5111017699940908,1.207680387308744e-05,0.0003254481367888165,0.00025396808066073024,0.0016049980308443972,31.4
3289,0.6520912185926903,-112.26920469519541,-0.21511063767958308,-1.9196847092773948,0.2642770039058879,0.28788681124919996,-0.5118411489820791,1.2238155693990729e-05,0.00032541732979014164,0.00025462555991963005,0.0016365122117843153,31.408333
3290,0.6496476118564575,-112.28502674640582,-0.2778064084685946,-1.9306115265263488,0.26793760514263676,0.2827608192671768,-0.5127945704800155,1.2402332251632022e-05,0.00032562380820235143,0.0002557013817365266,0.001671468538293407,31.416667
3291,0.6466594793910432,-112.30105903319306,-0.3400958320453386,-1.9443692258515632,0.2713634171251703,0.2773325498336079,-0.5139562873678464,1.2569082505220181e-05,0.00032606786417365086,0.000257224925801521,0.0017100042999445171,31.425
3292,0.6431309365665902,-112.31725129249494,-0.40188772341838175,-1.9610198632276339,0.27452742738592767,0.27162518514017325,-0.5153221934735888,1.2738214766001104e-05,0.0003267501442465393,0.0002592294847941191,0.0017522772586525865,31.433333
3293,0.6390647877519068,-112.33364663490622,-0.46308624356699196,-1.9806765015780534,0.2774279482584187,0.26563656222248355,-0.5168882500229086,1.2909600642482086e-05,0.0003276723144558727,0.0002617524748586995,0.0017984679993148537,31.441667
3294,0.6344675783899207,-112.35031767001426,-0.5235859688184841,-2.003478713907168,0.2800711632792074,0.25935755334124344,-0.5186485473808595,1.3083179225585165e-05,0.000328837241053514,0.0002648359304311886,0.0018487800748596115,31.45
3295,0.6293416819125786,-112.36726437841494,-0.5832932539150407,-2.0295702710410777,0.28244131692274904,0.252797878109013,-0.5205983557355169,1.3258961537362807e-05,0.0003302487089435239,0.00026852702171272543,0.0019034395812564163,31.458333
3296,0.6236947068728329,-112.3845149823631,-0.642101995131298,-2.059121951224152,0.2845314095648169,0.24596173565362692,-0.5227305369320926,1.343703531824979e-05,0.0003319118991792208,0.0002728784996096946,0.00196269714213911,31.466667
3297,0.6175384716074013,-112.40205043286781,-0.6999020723581829,-2.0923082937080353,0.2863239876370625,0.23886873932518934,-0.5250360103391063,1.3617570112194487e-05,0.0003338329594071517,0.00027794934258084145,0.00202682694245096,31.475
3298,0.6108828159024473,-112.4199396892504,-0.7565772005553194,-2.129366775359398,0.28782180551934344,0.23151330014576832,-0.5275061258404501,1.3800822686739697e-05,0.0003360187514960615,0.00028380535803243794,0.002096126326757269,31.483333
3299,0.6037321301010209,-112.43823395964918,-0.8120192220300485,-2.170566196544148,0.2890193818501607,0.22389358256549877,-0.5301339201342782,1.3987142802308967e-05,0.0003384771904655101,0.0002905201490805158,0.0021709143327014856,31.491667
3300,0.5960850820289818,-112.45698451599694,-0.8661260594420784,-2.2162164079730817,0.2899071055340668,0.21600675791013277,-0.5329141238267314,1.4176979353986806e-05,0.00034121786334662205,0.0002981759855097286,0.002251532117428171,31.5
3301,0.5879691541084655,-112.47617049625464,-0.9187493536505049,-2.266607004180777,0.2904709831922726,0.20788116006504864,-0.5358307045040664,1.4370886889224104e-05,0.0003442526066425204,0.00030686478455051994,0.0023383431905867995,31.508333
3302,0.579399910349299,-112.49589611692284,-0.9697449679721502,-2.322132246495672,0.29071809792244746,0.19950587967458924,-0.538871881054878,1.4569532344764501e-05,0.00034759279595335154,0.00031668905200786626,0.0024317230634184534,31.516667
3303,0.5703864533898018,-112.51614765606031,-1.0189890027079505,-2.383187090812471,0.29062697687609945,0.19090342576130534,-0.5420280020630456,1.4773702062647273e-05,0.0003512508358744064,0.0003277634430766962,0.0025320551773048558,31.525
3304,0.56095072363334,-112.53703299502465,-1.0663137790050174,-2.4502610382415395,0.29020493410691445,0.1820661785942102,-0.5452848021979915,1.498430900994949e-05,0.00035524094701867186,0.00034021562012789375,0.0026397302833700465,31.533333
3305,0.551107454621927,-112.55858158885627,-1.111567858156714,-2.523869674661563,0.2894392671177725,0.17300858753100942,-0.5486305240932661,1.5202399958269711e-05,0.0003595779425831442,0.0003541880888840129,0.0027551304570665206,31.541667
3306,0.5408730256934855,-112.5808698976719,-1.1545825790265474,-2.604612469384194,0.2883252906467126,0.16373366396766997,-0.5520528296578244,1.542916244296222e-05,0.00036427815590928786,0.0003698392025801489,0.002878624820884463,31.55
3307,0.5302653093073576,-112.60395169053409,-1.1951802335907462,-2.6931461216333274,0.2868534831475653,0.15425333016813103,-0.5555389293417259,1.5665931122694416e-05,0.0003693593440563959,0.00038734461638393984,0.0030105572368021587,31.558333
3308,0.5193099648775609,-112.6279288485524,-1.2331496988045247,-2.7902228929333925,0.28502408402917195,0.14456983291028846,-0.5590736513301471,1.5914192993244087e-05,0.00037484061142666855,0.0004068982313649819,0.0031512363627881944,31.566667
3309,0.5080292223973776,-112.65283989759547,-1.268284034942609,-2.8966456747365963,0.28282450438807355,0.13470485144759348,-0.5626432398866287,1.617559063828785e-05,0.0003807416289055827,0.000428713242112227,0.0033009203323449655,31.575
3310,0.49644639639535454,-112.67884296363488,-1.300339332279229,-3.013376233709279,0.28025757113873806,0.12464895583422855,-0.5662339130649556,1.6451922444210564e-05,0.0003870830949686616,0.0004530217139986334,0.003459819597923485,31.583333
3311,0.4845942300929376,-112.70598477126666,-1.3290533523918675,-3.141400588570893,0.2773136573175829,0.11442926098830707,-0.5698294414742153,1.6745138438329732e-05,0.00039388656692756623,0.00048007438000100396,0.003628100323028644,31.591667
3312,0.47249674229379945,-112.7343861408078,-1.3541500590471098,-3.281859853544197,0.2739865465338926,0.10405292806667606,-0.5734168406623426,1.705732946199099e-05,0.00040117330349032467,0.0005101374170024308,0.003805918710711677,31.6
3313,0.46018660199287215,-112.76417321471287,-1.375309870426886,-3.4360004907220487,0.27027246627063517,0.09353104058207957,-0.5769811531580749,1.739070698533333e-05,0.00040896514704423655,0.0005434878220764783,0.003993502647315967,31.608333
3314,0.4477042193674884,-112.79546234187708,-1.392170797779733,-3.605157712288466,0.26616868060825477,0.08288223154320701,-0.5805060566726924,1.7747569967017483e-05,0.0004172831745121265,0.000580405321162686,0.004191295130385598,31.616667
3315,0.43508610373341317,-112.82837896418165,-1.404348670601816,-3.7907764262759134,0.26166944635154654,0.07212528475997916,-0.5839773598525606,1.8130253289781836e-05,0.0004261463696631722,0.0006211594262817172,0.004400213432564113,31.625
3316,0.42237397766448476,-112.86310022398003,-1.4114010369128274,-3.9944185400777483,0.2567735013344071,0.06127009161673303,-0.5873805049214236,1.8541051612663278e-05,0.00043557163876009673,0.0006659899098043684,0.004622099816670492,31.633333
3317,0.4096162655567131,-112.89979673519099,-1.4128316202384121,-4.217686665244106,0.25147975985886545,0.05033341436534249,-0.5907004236122183,1.8982110603597602e-05,0.00044557249766357277,0.0007150796109854981,0.0048604247559211385,31.641667
3318,0.3968654479176584,-112.93863906376339,-1.4080925519539886,-4.462181419218833,0.2457869989205923,0.03933630638411009,-0.5939224855464426,1.945527499021086e-05,0.0004561575152077217,0.000768515868768618,0.005121375118404829,31.65
3319,0.3841765884162616,-112.97982955670433,-1.3965774129878634,-4.729459273743419,0.23969441458151977,0.028295878563516803,-0.5970330338856815,1.996188120544887e-05,0.0004673291591614169,0.0008262389212416086,0.0054154612646361115,31.658333
3320,0.3716117959769441,-113.02358588796287,-1.3776113968972097,-5.020897207593533,0.23320271050764252,0.01722986537676646,-0.6000184499054902,2.0502481641635603e-05,0.0004790830708316074,0.0008879763003179124,0.005759765667231639,31.666667
3321,0.35924512538284614,-113.07007611258555,-1.3504587956793508,-5.337441770766292,0.2263163135632933,0.00617077921338318,-0.6028642968156439,2.1076487229969806e-05,0.0004914072422400786,0.000953163028269344,0.006180882557674732,31.675
3322,0.3471438718579375,-113.11956903478914,-1.3143397897719544,-5.679628838667591,0.21903446350523884,-0.004870706564670707,-0.6055598175989992,2.1681716940951523e-05,0.0005042814702822453,0.0010208506885762243,0.006718398295149222,31.683333
3323,0.3353960677640233,-113.17225668249503,-1.2684144877863235,-6.046982794315394,0.21136505400841915,-0.015865409849723452,-0.608091782044716,2.2313855284248096e-05,0.0005176811270224614,0.0010896203275223436,0.007428399502664798,31.691667
3324,0.3240945134582533,-113.22842679223105,-1.2117982026281928,-6.437868746254099,0.20331432033072971,-0.026806462882198064,-0.6104483707670935,2.2965831222460374e-05,0.00053157880887044,0.001157511433998279,0.008385618317938477,31.7
3325,0.3133337819884281,-113.2881868606363,-1.14370583708877,-6.848888665424697,0.1948892473205938,-0.037653148635670916,-0.6126197306262936,2.3627160622666273e-05,0.0005459508363511631,0.0012220062668828813,0.009681894028511207,31.708333
3326,0.3032344558341243,-113.35178392803086,-1.0633095233166487,-7.274334481366185,0.1861047082234268,-0.04840318690419872,-0.6145931025895023,2.42833427410835e-05,0.0005607863864893431,0.0012801035079104761,0.011417702921856485,31.716667
3327,0.2938933031988192,-113.41921522011026,-0.9701221004527502,-7.7061132676048905,0.17696630150947584,-0.05901416026907313,-0.6163625310592732,2.4915444067761168e-05,0.0005760925381314776,0.001328528417664718,0.01368183818717659,31.725
3328,0.28543521835482777,-113.4905022015967,-0.8638060681868195,-8.132899177977583,0.1674918715819551,-0.06946917739554631,-0.6179182947784926,2.5500082872414687e-05,0.0005919044573269769,0.001364112359093597,0.01651844336656564,31.733333
3329,0.2779695400787791,-113.56550801314576,-0.7444899316705593,-8.540662371953477,0.1576939940472739,-0.07974095765165988,-0.6192547913340797,2.6010044656119196e-05,0.0006082763460065957,0.0013842984882642565,0.01988153745168627,31.741667
3330,0.2716225108472586,-113.64393013013222,-0.6127680383248912,-8.912384244786882,0.14760150316188447,-0.08980510518370573,-0.6203638867820207,2.6415747463792508e-05,0.0006252632598302262,0.0013877013459895947,0.023591286254417865,31.75
3331,0.26648966163087834,-113.72536877061496,-0.4698944164651689,-9.230182197492685,0.1372283204764993,-0.09964240773130756,-0.6212425382382529,2.6687650519046027e-05,0.0006428744096663771,0.001374512011814597,0.027312198586215485,31.758333
3332,0.26267705017093723,-113.80925536498566,-0.31772396416808574,-9.47574928367956,0.12660272159425448,-0.10924199135014068,-0.6218845961163402,2.6799487134031286e-05,0.0006610154409851422,0.0013465818655193599,0.03058252955573873,31.766667
3333,0.26024121060992256,-113.89492785580182,-0.15879980377127015,-9.634111965291275,0.11573246133661451,-0.11858996892226753,-0.6222900684889522,2.6731846491218922e-05,0.0006794161464798457,0.0013070158104615181,0.032904458539119566,31.775
3334,0.25924552908189546,-113.9813872931765,0.0038012188637847823,-9.693909298576937,0.10466682010186756,-0.12766149182978473,-0.6224547477122792,2.647539455303854e-05,0.0006975900733436136,0.0012594061616280365,0.03388051552736673,31.783333
3335,0.25970522443281674,-114.06772155743185,0.1667194467558451,-9.65086568499534,0.09343076897500287,-0.13644721009297892,-0.6223787937764125,2.603285212570115e-05,0.0007148293076446973,0.001206942916269617,0.03333950607804345,31.791667
3336,0.26160925905169075,-114.15303456390593,0.32658208963496255,-9.507742138172402,0.08204798134858052,-0.14494315833536278,-0.6220627960940864,2.5419134142678168e-05,0.0007302744085167228,0.0011518292862421787,0.03139282557270763,31.8
3337,0.26492889461414176,-114.23622485253387,0.48016646279010883,-9.273694145171739,0.07058431291412107,-0.1531341761759045,-0.6215064694219752,2.4659534588692e-05,0.0007430330779255587,0.0010951769941488039,0.028391036656889863,31.808333
3338,0.26957755217548246,-114.31679023536644,0.6248929719940721,-8.964026030533308,0.05902509172679834,-0.16102892332272484,-0.6207159068979682,2.3786375342430702e-05,0.000752317811527142,0.0010373500740922454,0.024806395370910526,31.816667
3339,0.27547296009418737,-114.3939495787975,0.7586709372569928,-8.596254279744551,0.04742691179892378,-0.1686194277898281,-0.6196940287634278,2.2835034952441827e-05,0.0007575732571365096,0.0009784794853468948,0.02109692824294974,31.825
3340,0.2825055590184089,-114.46730355765723,0.880157681916744,-8.188944771781792,0.03581003408984569,-0.17590800077222737,-0.6184468686951227,2.184017222010877e-05,0.0007585356364239931,0.0009188710271393095,0.017612643502209487,31.833333
3341,0.2905610644713694,-114.53651555587318,0.9886184741684387,-7.759401663770638,0.02421210823004013,-0.18289633503215266,-0.6169807267029201,2.0832844980103895e-05,0.0007552410577586051,0.0008591715781069659,0.014559825413386029,31.841667
3342,0.2995215002863095,-114.60147254588202,1.0838854497426673,-7.32251456730323,0.012656752607118099,-0.18959092761754545,-0.6153028518173477,1.9838780219617224e-05,0.0007479793565650196,0.0008003082797129261,0.01201581049314384,31.85
3343,0.3092638532507204,-114.66219712799915,1.1662193432916363,-6.890295107361249,0.001163189862462068,-0.19599486288962714,-0.6134225080531527,1.8877740493971695e-05,0.0007372217992112947,0.0007433119516486299,0.009967758743799616,31.858333
3344,0.31967481568835643,-114.7187496519894,1.2361602382093952,-6.4715914712979234,-0.010239346791111928,-0.20211469405188603,-0.6113487702626087,1.7963729893137166e-05,0.00072354498136275,0.0006891322573690418,0.008353772619446458,31.866667
3345,0.3306430516374305,-114.771317911625,1.2944526334612774,-6.07252939650228,-0.0215345378659742,-0.20795498734624324,-0.6090923571944756,1.710570380613788e-05,0.000707560821287806,0.0006385111227547892,0.007094617484377063,31.875
3346,0.3420776885363102,-114.82011948133388,1.3419198809969088,-5.696744684649599,-0.03270579442821346,-0.21352770306012683,-0.6066619847268211,1.6308515373079425e-05,0.000689866428190515,0.0005919289861195064,0.006112923645094334,31.883333
3347,0.3538739908021352,-114.86544199433233,1.379447326320976,-5.346342003709731,-0.043746409459032284,-0.21882924784349753,-0.6040716220976547,1.557388074810299e-05,0.0006710068579421941,0.0005496107072737177,0.005342398019702886,31.891667
3348,0.3659445480160554,-114.90748907125355,1.4078823490756391,-5.021943515165114,-0.054630918760078785,-0.22386460911082584,-0.6013340271255959,1.4901272366431704e-05,0.0006514632372528283,0.0005115653394602617,0.004730293032134133,31.9
3349,0.3782115840404726,-114.94657016558254,1.428045415943958,-4.723176074544942,-0.06535852258519508,-0.22863481585194445,-0.5984621100636431,1.428865025716732e-05,0.0006316425266367241,0.00047764047163425714,0.004236647908476322,31.908333
3350,0.39061053738177715,-114.98303656687736,1.4406966237872396,-4.449001309666396,-0.07594325168833872,-0.23313780849170998,-0.5954677971567266,1.3733038359667123e-05,0.000611877552704383,0.0004475765122038103,0.0038320559374418446,31.916667
3351,0.4030761423257522,-115.01705622051662,1.446515153293636,-4.198100108706719,-0.0863602517798956,-0.23737733599880467,-0.5923651069590643,1.3230953218145759e-05,0.0005924309327864478,0.00042105260260240097,0.0034952255395858285,31.925
3352,0.41555107078911513,-115.04885352682656,1.446123060290549,-3.9689175498696456,-0.09660185795152207,-0.24135394215628939,-0.5891679457692285,1.2778712465025175e-05,0.0005735048800186906,0.00039772149335969297,0.003210822702208878,31.933333
3353,0.42797907263656704,-115.0786418578214,1.4400832921893725,-3.759837447094356,-0.10666149598198336,-0.24506493875469085,-0.5858916399335674,1.2372641659740732e-05,0.0005552491160544863,0.00037723442999101876,0.002967773246683342,31.941667
3354,0.44031941768662525,-115.10668446428838,1.4288974341843965,-3.5691914339602926,-0.11655231559299581,-0.24850522212098577,-0.5825489035132676,1.2009207321735017e-05,0.0005377701904440079,0.00035925725430179347,0.0027579989017418047,31.95
3355,0.4525316134316365,-115.13314761273395,1.4130087883672053,-3.395403105353947,-0.1262679829454859,-0.25167455616912543,-0.5791535434890753,1.1685092849027328e-05,0.0005211369836069504,0.0003434797911733432,0.002575525276871226,31.958333
3356,0.464571953750581,-115.15818482943823,1.3928178110005354,-3.237008274147903,-0.1358013923322529,-0.25456896760940134,-0.5757214041938211,1.1397238169585429e-05,0.0005053890148019581,0.0003296205215252524,0.0024158497183954302,31.966667
3357,0.4764129885808086,-115.18198207381573,1.368679958293053,-3.092603936314641,-0.14516124290529922,-0.2571845028380795,-0.5722646745467683,1.1142852936475613e-05,0.000490543909220778,0.00031742806509795944,0.00227550514413314,31.975
3358,0.4880164039476687,-115.20462473673712,1.3409136070817922,-2.9609421845277115,-0.15433062300816405,-0.25952212223631016,-0.568799472176156,1.0919410927564408e-05,0.0004766000903512913,0.0003066805253680792,0.002151771400064487,31.983333
3359,0.49935910061668165,-115.22627514565873,1.3098072506894474,-2.8408548112503866,-0.16331932437666238,-0.2615762536280846,-0.5653381063567594,1.0724636181352757e-05,0.0004635438625086429,0.0002971838213844874,0.002042466850238033,31.991667
3360,0.5104110342434158,-115.24702667302874,1.2756201235203088,-2.7313048392869983,-0.1721198238137028,-0.26334524762145367,-0.561895505838528,1.0556481549076107e-05,0.00045135064366363145,0.0002887692367653442,0.001945814044266028,32.0
3361,0.5211509004236764,-115.26699480720458,1.2385885570806927,-2.631344570704276,-0.18073515391008932,-0.26482549211047146,-0.558484355685585,1.0413105938023094e-05,0.00043998961867070565,0.0002812908885940011,0.0018603397246591664,32.008333
3362,0.5315550808188432,-115.2862537819009,1.1989265506376452,-2.5401280121087093,-0.18915873123820076,-0.2660170262058868,-0.555118391733629,1.0292850261919724e-05,0.000429424923537961,0.0002746230972800818,0.0017848085902219958,32.016667
3363,0.5416045583871788,-115.30489040788716,1.1568315670672091,-2.4568931700578176,-0.19739042173432203,-0.26691781307094126,-0.5518101259935093,1.0194214636865021e-05,0.0004196182289149813,0.0002686579614780411,0.0017181731407431965,32.025
3364,0.5512775810442347,-115.322962857028,1.1124835619207722,-2.380962090402562,-0.2054230507405656,-0.26752828525722416,-0.5485731487119729,1.0115836912071314e-05,0.00041052971862055035,0.0002633030954215335,0.0016595383433065064,32.033333
3365,0.5605568254769584,-115.3405444008581,1.066050720168384,-2.3117261842713113,-0.21325617897552035,-0.2678463370477762,-0.5454197049381787,1.005647336027141e-05,0.00040211979844731243,0.0002584796333557876,0.0016081340324098524,32.041667
3366,0.5694388953923282,-115.35744621421465,1.0176835433405274,-2.2485799773484865,-0.2208250764153661,-0.267931745437419,-0.5423572421282912,1.001498135196111e-05,0.0003943494166656466,0.00025412044031426436,0.001563294944286679,32.05
3367,0.577893578150337,-115.3739704190625,0.9675315330261434,-2.191104496926204,-0.22818846126854178,-0.26772673338888714,-0.5394023869513472,9.990304073937424e-06,0.00038717920733643565,0.00025016861200718044,0.001524446951023433,32.058333
3368,0.585921194184206,-115.3902617128073,0.915744987860212,-2.138866303852446,-0.23537421844595166,-0.2672146616314025,-0.5365611005059653,9.981457856589678e-06,0.00038057360166099104,0.0002465760631569469,0.0014910891748474283,32.066667
3369,0.5934880887901345,-115.40610430270529,0.8624274755851226,-2.09145590957424,-0.24230258384430536,-0.26644857809166317,-0.5338512206329629,9.98752074010223e-06,0.00037449718384706334,0.0002433024037742961,0.0014627876672809832,32.075
3370,0.6005900269531351,-115.42170800343794,0.8077144007427691,-2.0485528226581757,-0.24901852030326177,-0.26539368136673985,-0.5312800420800535,1.000762344815571e-05,0.00036891922124757814,0.0002403140403974024,0.00143916512043337,32.083333
3371,0.6072237122276676,-115.43713578328874,0.7517303876453542,-2.0098492921117455,-0.2555284710170397,-0.2640472818163282,-0.5288541823046335,1.004094135596523e-05,0.0003638099541390622,0.00023758323887045912,0.0014198951599572866,32.091667
3372,0.6133702103591152,-115.4523640702888,0.6945764212339269,-1.9750731122873222,-0.26181059931602596,-0.2624218279386786,-0.5265857071580142,1.008668819863552e-05,0.00035914097160421254,0.00023508747111808333,0.0014046966461075362,32.1
3373,0.6190329422426588,-115.4675689831211,0.6363788032708574,-1.9440049409025728,-0.26790393489856174,-0.2604854087012739,-0.5244781656042485,1.0144111095124683e-05,0.0003548871248287702,0.0002328088312435882,0.001393328397297802,32.108333
3374,0.6241772621945766,-115.48246979570943,0.5771994330742029,-1.9163911718879931,-0.2737141284637867,-0.25831308031053785,-0.5225489843983924,1.0212486489392299e-05,0.0003510240411141992,0.0002307335388802246,0.0013855852506630835,32.116667
3375,0.6288094059150326,-115.49728527797427,0.5171619273285016,-1.89207741500919,-0.27929279387492584,-0.255862002557334,-0.5208000418710516,1.0291117339447566e-05,0.00034753224043005873,0.0002288514965329716,0.0013812954610773736,32.125
3376,0.632935358482681,-115.51221605266979,0.45638675791692795,-1.8709345570275069,-0.28468525598282024,-0.253089129312744,-0.5192328093694709,1.0379330826184081e-05,0.00034439242719716377,0.0002271559600342142,0.0013803170598196321,32.133333
3377,0.6365392685028793,-115.52703580587543,0.3949457805688388,-1.852775267320072,-0.2898194874793739,-0.2500633471794009,-0.5178566401530713,1.047647711329733e-05,0.00034158597577286853,0.00022564331850954554,0.0013825350830829004,32.141667
3378,0.6396171132968888,-115.54181547345328,0.33293533446735735,-1.8374936689839227,-0.2947041888180639,-0.24677487368822537,-0.5166760256536465,1.0581928801729388e-05,0.00033909728080057,0.00022431279799943905,0.0013878612340897667,32.15
3379,0.6421620355127771,-115.55657232096584,0.2704430946042831,-1.824993291140337,-0.29933310115266953,-0.24322767851086358,-0.515696134983133,1.0695080854299467e-05,0.0003369123288892145,0.00022316632784807414,0.0013962313407559312,32.158333
3380,0.6441707326155112,-115.57134074417034,0.20756010174861286,-1.8151983409362458,-0.3037052982783587,-0.23942145944327398,-0.5149203523184007,1.0815351132776908e-05,0.0003350189654081048,0.0002222084078415361,0.0014076044405597144,32.166667
3381,0.645645421720497,-115.58610917081116,0.14438093370817343,-1.8080360831373794,-0.3078108006292193,-0.23537125728485764,-0.5143494871545459,1.0942181402735931e-05,0.0003334064965425288,0.0002214460357109887,0.0014219617272180863,32.175
3382,0.6465817505233158,-115.60088559273629,0.08098960111089833,-1.8034600994905785,-0.3116417308140051,-0.23108413678904685,-0.5139864453618522,1.1075038790372559e-05,0.0003320652033342674,0.0002208886567049977,0.0014393058019947578,32.183333
3383,0.6469590926397167,-115.61552213748477,0.01743649031622085,-1.8014071539433876,-0.3151479462164501,-0.22661140145271397,-0.5138400114852778,1.1213417654679375e-05,0.00033098702852005994,0.00022054815994309616,0.0014596605848217873,32.191667
3384,0.6468033547059319,-115.63041435353709,-0.04613092829363509,-1.8019524815072474,-0.3184219578705405,-0.22184744684173496,-0.5139004570456183,1.135684176447761e-05,0.0003301669491510103,0.0002204387875334532,0.0014830733420812402,32.2
3385,0.6460932843759815,-115.64527479133046,-0.10967406622847374,-1.8050252660766661,-0.32138087625058426,-0.21688705588187282,-0.5141758940744889,1.1504866812377235e-05,0.0003295984972533397,0.00022057758623248515,0.0015096085789926587,32.208333
3386,0.644853058709927,-115.66040296990124,-0.1730529251027371,-1.810714014643914,-0.32409091033788423,-0.21165166837178406,-0.5146563569876523,1.1657083376932102e-05,0.0003292785244527137,0.00022098406345438785,0.0015393555477505596,32.216667
3387,0.6430708550640641,-115.67563995900038,-0.23621034849590586,-1.8190088830456612,-0.3265020645545245,-0.2061990245150606,-0.5153453956393427,1.1813120057034593e-05,0.00032920278103486765,0.0002216808026218487,0.001572421297482494,32.225
3388,0.6407379950658699,-115.6909147296117,-0.29907991484565094,-1.8299380323701655,-0.3285864244120104,-0.20056102059579303,-0.5162448560380085,1.1972647039843982e-05,0.00032936958372902924,0.00022269328022254403,0.001608937405699686,32.233333
3389,0.6378824634663325,-115.70647468194771,-0.3615169288376059,-1.8436320933225077,-0.3303958135374818,-0.19467501130277085,-0.5173420136110846,1.2135379781660513e-05,0.00032977927999850056,0.00022405012175362029,0.0016490605759701031,32.241667
3390,0.6344962499022572,-115.72223576816423,-0.42345568161379865,-1.8601497086746197,-0.33189788829089834,-0.18857714961825592,-0.518637602826768,1.2301083097719953e-05,0.0003304308925924544,0.00022578381497567762,0.0016929662806271632,32.25
3391,0.6305764308182458,-115.73856271089473,-0.4847906329856055,-1.879710122788461,-0.3331460966026559,-0.1821566666854822,-0.5201299258612679,1.246957563267683e-05,0.0003313258183784172,0.00022793066799967873,0.0017408567055313725,32.258333
3392,0.6261391668242453,-115.75506199877984,-0.5454352702930684,-1.9023060417773443,-0.33405976125661335,-0.17556004230669076,-0.5218096014165009,1.2640734608317818e-05,0.0003324671672234737,0.00023053178554954487,0.001792957448292774,32.266667
3393,0.6211932176170922,-115.77163436487673,-0.6052978136458868,-1.9280422019493548,-0.334614936100507,-0.16883535528566354,-0.523669724177384,1.2814500896250345e-05,0.00033385806421384445,0.00023363268835240367,0.0018495216740181083,32.275
3394,0.6157347215047468,-115.78863638475156,-0.6642715451826294,-1.9572046461889672,-0.3348584441343363,-0.16187559585452696,-0.5257077387053318,1.2990884311318817e-05,0.0003355025661602285,0.00023728411606567315,0.0019108301803767267,32.283333
3395,0.6097733742173682,-115.80596028194257,-0.7222587092313424,-1.9899452077181856,-0.33476164893788524,-0.15473288637764046,-0.5279156040027917,1.3169969449750227e-05,0.00033740687818831216,0.00024154335727770876,0.00197718973722422,32.291667
3396,0.6033264910303316,-115.82358297251301,-0.7791415615055919,-2.026470369072856,-0.3343153041867184,-0.1474333858000155,-0.530282176594769,1.3351921973653206e-05,0.0003395780672245406,0.0002464743670916871,0.002048935478088217,32.3
3397,0.5964011987121098,-115.84157463632638,-0.834809936776071,-2.0670501128880874,-0.33351933398397976,-0.1399704535864121,-0.5327998110526098,1.3536995230464521e-05,0.000342023505824935,0.0002521487881229105,0.0021264278555141055,32.308333
3398,0.5890072949979126,-115.85996654554079,-0.8891489995190138,-2.1119731963991826,-0.33236799140097456,-0.13235199425327765,-0.5354595975283869,1.3725537405183229e-05,0.00034475204728487153,0.00025864706451685657,0.0022100528592819114,32.316667
3399,0.5811561323889707,-115.87883117799926,-0.9420334992032495,-2.161581792377822,-0.3308608496155865,-0.12457361093311625,-0.5382518242669846,1.3917999193135753e-05,0.00034777383812981333,0.00026605951237093964,0.002300219910810332,32.325
3400,0.5728604027337977,-115.89817540725771,-0.993337794813226,-2.21623143098762,-0.3289887024944387,-0.11665415443008238,-0.5411661062568758,1.4114942005614972e-05,0.00035110027043249326,0.0002744877213676317,0.0023973572838161036,32.333333
3401,0.5641366167108338,-115.91807441151859,-1.0429176089526084,-2.27635154767023,-0.3267520830904469,-0.10859187408031554,-0.5441905858757377,1.4317046679590306e-05,0.00035474397845157093,0.0002840458128002859,0.0025019079155900975,32.341667
3402,0.5550060635952395,-115.93853094475163,-1.0906221138697907,-2.3423885882741544,-0.32414507695654804,-0.10041092371544692,-0.5473117285052864,1.452512266845717e-05,0.0003587185840765669,0.0002948622710210126,0.0026143191440631615,32.35
3403,0.5454786883046616,-115.95964232074327,-1.1363036988729216,-2.414883338022427,-0.3211653745365124,-0.09210422239179304,-0.5505198698434279,1.474011761972193e-05,0.0003630383792359547,0.0003070814978623177,0.002735032090697274,32.358333
3404,0.5355767606204378,-115.9814467906922,-1.1797903332975628,-2.4944125613597863,-0.31780989670849774,-0.08368776724573147,-0.5538011735664329,1.4963127244233773e-05,0.00036771965196082416,0.00032086581635338565,0.0028644714467380233,32.366667
3405,0.525342646750396,-116.00393693428542,-1.22086947122378,-2.581594672558051,-0.3140829786080475,-0.07519600376608028,-0.5571354918171239,1.5195405215287265e-05,0.000372779433303134,0.0003363973404778211,0.003003025043515108,32.375
3406,0.514749588084998,-116.02721813170177,-1.2594363154380521,-2.6771603921209426,-0.30996075096736864,-0.0666201233944883,-0.560525293536918,1.543837245247254e-05,0.0003782334962475949,0.00035388005810839146,0.003151012945378888,32.383333
3407,0.5038432662419176,-116.05144681609747,-1.2952224921949922,-2.78197642978096,-0.30545918640913783,-0.05794845050026407,-0.5639496211532428,1.5693625795589347e-05,0.0003841040866973517,0.0003735403841585339,0.003308707158424208,32.391667
3408,0.49265168060866177,-116.07665124696553,-1.327998176508352,-2.8969143595631075,-0.30057491642035616,-0.04920909085521517,-0.5673937765539019,1.5962944864906928e-05,0.00039041146655382727,0.00039563051403434184,0.003476262148638473,32.4
3409,0.48119834295300423,-116.10298625939508,-1.3575057900883678,-3.0230098628591664,-0.2953082160340749,-0.0403939032180086,-0.5708449025800146,1.6248295669071418e-05,0.0003971761558442364,0.0004204278361828406,0.0036537145235145787,32.408333
3410,0.4695178643114074,-116.13051390390646,-1.3834589201846894,-3.1613396724212346,-0.2896594865246466,-0.03152683979940169,-0.5742873435089276,1.655182952682644e-05,0.00040441934589455133,0.0004482349691667478,0.003840976270680806,32.416667
3411,0.45764379546298534,-116.15930939217934,-1.4055494123499512,-3.313079496938008,-0.28362926943287936,-0.02263005810200675,-0.5777065264191421,1.6875874660149826e-05,0.0004121613593016766,0.00047937679125661215,0.004037855800411278,32.425
3412,0.445609622552178,-116.18951701008793,-1.4234307233142425,-3.4795440164748594,-0.2772192243648423,-0.013708885380047114,-0.5810887030223458,1.7222916796745083e-05,0.00042042147892815856,0.0005141947823431729,0.004244135829531149,32.433333
3413,0.4334554115513823,-116.2212648280678,-1.4367141963092194,-3.6621213198735596,-0.2704327854675143,-0.0047772470616082065,-0.5844191981196322,1.7595564613615166e-05,0.0004292174619119795,0.0005530376580723022,0.004459735418437967,32.441667
3414,0.42122428592926064,-116.2546446690379,-1.4449794638549585,-3.862235387237259,-0.2632743011634952,0.004138087644255859,-0.5876836149268769,1.799649365755036e-05,0.0004385640415740312,0.0005962453825362572,0.004685018697003806,32.45
3415,0.408957882276387,-116.2898487998616,-1.4477522917988095,-4.081425749142085,-0.25574650499924295,0.013034037146460472,-0.5908691494166344,1.842836025262995e-05,0.0004484717346905309,0.0006441242306450898,0.0049213423150731945,32.458333
3416,0.3967070606614673,-116.32709112003741,-1.4444885155601555,-4.321235189680708,-0.247854380821906,0.021908362050608206,-0.5939619030338976,1.889367570879601e-05,0.000458946081529416,0.000696912268745813,0.0051719362772325705,32.466667
3417,0.3845283152734673,-116.36652580444648,-1.434601845588986,-4.583065619086381,-0.2396049326473342,0.030740028596320117,-0.5969481045861222,1.9394628134346217e-05,0.0004699853568767635,0.0007547305039697069,0.005443260409881631,32.475
3418,0.3724845664902685,-116.40831349608712,-1.41744674544182,-4.868112075325028,-0.2310078828089719,0.0395079128753284,-0.5998141341918777,1.9932836172961653e-05,0.00048157892635887354,0.000817515838767297,0.005747017931201417,32.483333
3419,0.36063900010985533,-116.45265997946142,-1.3923275691636214,-5.1772708596053,-0.22206993104597358,0.0481995899333804,-0.6025481374392344,2.050901843968019e-05,0.0004937058578137561,0.000884936996666973,0.006102909048790001,32.491667
3420,0.3490713899105738,-116.4996635106112,-1.3585028364926044,-5.510731576502151,-0.212810947765592,0.05677988914097531,-0.6051363956797253,2.1122565018336455e-05,0.0005063352682905388,0.0009562951402273143,0.006542118000973278,32.5
3421,0.33785236117235773,-116.54958220471686,-1.3151962105622337,-5.868082080879101,-0.20323551320098143,0.06524851502548674,-0.6075693130309517,2.1770999964319685e-05,0.000519425644574032,0.0010304137627007274,0.0071111499782155725,32.508333
3422,0.32709558637954905,-116.60284175372902,-1.261435675334624,-6.247594426840096,-0.19335496429945814,0.0736445569902681,-0.6098301810196528,2.2449341999851536e-05,0.0005329302184161027,0.0011055432241824147,0.007875092982987322,32.516667
3423,0.31687655420393407,-116.65935061308518,-1.1965964943872376,-6.645856355680401,-0.18318803051695304,0.08189957941846406,-0.6119126710915526,2.3149386145056002e-05,0.0005467964691866362,0.0011793005687026634,0.008917884460363066,32.525
3424,0.3072870257761157,-116.71916415235813,-1.1200478440539463,-7.0576490354450465,-0.1727523440359766,0.08998856289787967,-0.613808764073673,2.385898077851304e-05,0.0005609822176515845,0.0012486854141513719,0.010337783582473722,32.533333
3425,0.2984319815920571,-116.7823939943538,-1.0312461883539947,-7.475442118205854,-0.16206228441712456,0.09791002353735126,-0.6155095092168913,2.456142657890079e-05,0.0005754639017760628,0.0013102367251832685,0.012232979973169671,32.541667
3426,0.29042395644216773,-116.8489901485127,-0.9299151883075352,-7.888955524087888,-0.15114261220792732,0.10565036383285122,-0.6170060162372408,2.523516966549701e-05,0.0005902441133586681,0.001360358824534281,0.014674376758846589,32.55
3427,0.2833666636927811,-116.9188479546741,-0.8161462718821013,-8.285523162817721,-0.14000984543378595,0.11320197716082524,-0.6182920573842814,2.5854021589922494e-05,0.0006053537267725667,0.0013958208569735692,0.017665979885474813,32.558333
3428,0.27736594081483673,-116.9916597493605,-0.690505130841968,-8.650173480045101,-0.1286935733529871,0.1205487766568578,-0.6193613398495054,2.6388160379833338e-05,0.0006208434204930567,0.001414372530128572,0.021100972650336294,32.566667
3429,0.2725136621379115,-117.06711768282047,-0.5540620820749939,-8.966928113076758,-0.1172060102402178,0.12769192107868815,-0.620209671910076,2.6806085363682777e-05,0.0006367531615176689,0.0014153017037972146,0.024730631132828057,32.575
3430,0.2688975791325278,-117.14467337661091,-0.40849076445097554,-9.219692055625218,-0.10557570245380028,0.1346233123016079,-0.6208323827832521,2.70775148201346e-05,0.0006530630092484349,0.0013997290360263262,0.028169934444103394,32.583333
3431,0.2665805830101014,-117.22363434876624,-0.2560595971879927,-9.394514742581128,-0.09383192447870366,0.14133277185075535,-0.621227116460321,2.717692125789272e-05,0.0006696283536048607,0.0013704349108300097,0.030957205466191195,32.591667
3432,0.2656047188034897,-117.30329043116456,-0.09946162605949752,-9.481236644359754,-0.08199418272087927,0.14782079674270943,-0.6213923709913775,2.7087099745270352e-05,0.0006861250574626914,0.001331209755414064,0.03266342264160402,32.6
3433,0.2659894913909424,-117.38284386157599,0.05830815703098426,-9.474847476287444,-0.07008659587380085,0.15408695084250795,-0.6213272835912496,2.6801970348399295e-05,0.0007020249709824209,0.0012859097189620659,0.033014007232607556,32.608333
3434,0.2677267703647305,-117.46151048507946,0.21418588152624538,-9.376357085535068,-0.05812907406968967,0.16013260428585108,-0.6210322636292188,2.6327865640571736e-05,0.0007166236439639107,0.0012375905212842833,0.03197143497351468,32.616667
3435,0.2707724801686567,-117.53845058941174,0.3652197026806721,-9.192905314981479,-0.04615526393070603,0.16594845788276943,-0.6205105265938827,2.5682919920858048e-05,0.0007291239047257831,0.0011880549310267952,0.029739592313658723,32.625
3436,0.27507126222739825,-117.6130211143125,0.5088861954719494,-8.935916154860717,-0.03418460099152187,0.17154033712207506,-0.6197643410773932,2.4894710476753648e-05,0.000738757265610018,0.0011379224474719952,0.02669061064916141,32.633333
3437,0.28054489210631695,-117.68468581948441,0.6431546338666476,-8.619965327178392,-0.022236730800282184,0.17691101684367674,-0.6187976507701465,2.3996717364180657e-05,0.0007449003828559189,0.0010870787267542453,0.023251643207667802,32.641667
3438,0.2871035870334769,-117.75306750260613,0.7665698098208751,-8.260760357000866,-0.01032631468541564,0.1820650904628821,-0.6176149145995103,2.30244555037448e-05,0.000747163777783858,0.0010352294563193505,0.01980216584658477,32.65
3439,0.2946110371753415,-117.81818386791339,0.8783361718497705,-7.874475909075477,0.0015817900149212832,0.1869825379197099,-0.6162284812709106,2.201204230314027e-05,0.0007454280771065175,0.0009823082221404704,0.01661358607647824,32.658333
3440,0.30301225577679886,-117.87928725793292,0.9778472549367615,-7.4737489080258825,0.013356374646680769,0.1916948983635181,-0.6146358156450843,2.0989738843698267e-05,0.0007398408787704146,0.0009286311402260174,0.013835348600389598,32.666667
3441,0.3121762569961293,-117.93669951203941,1.0652295191429215,-7.070678049889267,0.025046197093652103,0.19619175442269354,-0.6128490810825219,1.9982448473771194e-05,0.0007307416513594164,0.0008748620824945728,0.011517120830765712,32.675
3442,0.32199343398671915,-117.99049244303949,1.1408114489798056,-6.674413938332357,0.03663854488371971,0.20047025098652788,-0.6108778995627541,1.9009301590894792e-05,0.0007186177079836139,0.0008218542030766414,0.00963937645617418,32.683333
3443,0.3323523097712595,-118.04106767888996,1.205205904953051,-6.291684095587308,0.04817459051981288,0.20451037851507786,-0.6087341181368661,1.8083910524781982e-05,0.0007040300434759956,0.000770475620236919,0.008146346833147656,32.691667
3444,0.34318840386229077,-118.08810054661662,1.2589268670421452,-5.926699976247851,0.05954568306348174,0.20834964609397427,-0.6064216761272795,1.721506986437104e-05,0.0006875573010369319,0.0007214786883588157,0.006969726559853245,32.7
3445,0.35439716216223194,-118.1320674620505,1.3027825194626397,-5.582490283913305,0.07079461551665642,0.2119652045966633,-0.6039547889785655,1.640762011371972e-05,0.0006697423714168047,0.0006754290510070696,0.00604355523703403,32.708333
3446,0.3658802244813568,-118.17352727705929,1.3376038526122234,-5.2606081150269635,0.08198177791227194,0.2153161942576046,-0.6013488482210343,1.5663381905133815e-05,0.000651079591179788,0.0006326860089402558,0.005310557324093284,32.716667
3447,0.3775806170060499,-118.21235072874381,1.3640359205004737,-4.961345361312823,0.09302794184311383,0.21843065610205123,-0.5986120306068545,1.4981984052520877e-05,0.0006319996043378746,0.0005934179580146287,0.004724442320483194,32.725
3448,0.3894351503644992,-118.24879589260549,1.3827783493305712,-4.684376313279556,0.1039345997979192,0.22130385167480524,-0.5957555848456162,1.4361546012715884e-05,0.0006128557536177434,0.0005576361657886081,0.004249598517181838,32.733333
3449,0.4013784560134988,-118.28310776309564,1.3944907927412462,-4.428977577785323,0.11470111865505839,0.22392526148489286,-0.5927930864342132,1.3799234444429195e-05,0.0005939306321731846,0.000525235701081755,0.003859298745055143,32.741667
3450,0.41336317335267025,-118.31541073635042,1.3997538531633835,-4.194029486206607,0.1253060938854641,0.22630322186289992,-0.5897353196864152,1.3291681466001205e-05,0.0005754443437910153,0.0004960328982499767,0.0035338043360286057,32.75
3451,0.42533475391870296,-118.34590705218125,1.3991208045169286,-3.978329269024234,0.13574530864830595,0.22843042472051062,-0.586596338991289,1.2835281417467502e-05,0.0005575595310080873,0.00046979695529302646,0.0032586728520475066,32.758333
3452,0.43726566211312595,-118.37442838283351,1.3930358173831483,-3.7804746999461902,0.14593957185225637,0.23036236278421104,-0.5833843808811269,1.2426399900586818e-05,0.000540392988343659,0.0004462743737977993,0.003023324171685405,32.766667
3453,0.449079317925686,-118.40192407006393,1.3820594689866716,-3.599302798992276,0.15605384423585858,0.2319654789995371,-0.5801221655200961,1.2061504427818541e-05,0.0005240193135732387,0.00042520649727980183,0.0028199931425728296,32.775
3454,0.46075624365265,-118.42805313423268,1.3665320203205293,-3.4334201604486494,0.16597652689385547,0.23331338444694136,-0.5768181427747978,1.1737253023964492e-05,0.0005084892819575105,0.0004063417105941863,0.0026428569569114783,32.783333
3455,0.4722575423978864,-118.4529683356162,1.3468235759422948,-3.2816047299233895,0.17570514446244562,0.23439914101789527,-0.5734869288619436,1.1450530518233836e-05,0.0004938247586842067,0.0003894423596917108,0.002487549302054548,32.791667
3456,0.4835496558368202,-118.47701453345482,1.323282898418261,-3.1426995809849183,0.18528623039594092,0.23517877901922873,-0.5701424974518977,1.1198468617509758e-05,0.0004800294809493028,0.0003742891347482001,0.0023507177570175402,32.8
3457,0.49461602458890813,-118.49982450880661,1.2961679524000325,-3.0155480217486725,0.19460689368420644,0.23574305891597389,-0.566794389333137,1.0978445544627138e-05,0.000467093080562628,0.0003606828794755748,0.0022297404631298045,32.808333
3458,0.5054171134976061,-118.52173504131495,1.2657720002549968,-2.8992175386500945,0.20371314798634954,0.23604394199214238,-0.5634596023339223,1.078807439829975e-05,0.0004549927255545112,0.00034844503699607815,0.002122541917661029,32.816667
3459,0.5159336180561142,-118.54290159380355,1.2323461949380932,-2.792776520125496,0.21261739582564568,0.2360696393162976,-0.5601495167019194,1.0625187819183037e-05,0.0004437006293215284,0.0003374168530419571,0.002027434524452358,32.825
3460,0.5261364677017172,-118.56339347169613,1.1961158833124375,-2.6954169482020918,0.22130950888771922,0.23581869089588317,-0.5568789446334171,1.0487817051343362e-05,0.0004331831812873201,0.00032745819192626804,0.0019430315461706257,32.833333
3461,0.5360065104349295,-118.58330698938258,1.1572901560227002,-2.6063790563574782,0.22979059372398877,0.23528604792965196,-0.5536598878026313,1.037417174088621e-05,0.0004234047985442603,0.00031844604765882535,0.0018681751319623828,32.841667
3462,0.5455228550423725,-118.6026682208356,1.1160581068233855,-2.5249802152941445,0.23804562550299194,0.23448009243321943,-0.5505051126986908,1.0282619258366732e-05,0.00041432800522903855,0.0003102729339921674,0.0018018887950301044,32.85
3463,0.5546623902552205,-118.62145919325782,1.072591698461061,-2.450608380563871,0.2460494367261569,0.2334189865438639,-0.5474283186715649,1.0211665721717042e-05,0.00040591511565021517,0.00030284531442707454,0.0017433406923407654,32.858333
3464,0.5634160989129734,-118.63983270135004,1.0270643953486835,-2.3826976477828747,0.2538232936250629,0.23208388248461545,-0.5444385362740154,1.0159938632722436e-05,0.0003981294800910441,0.00029608209025591063,0.0016918164878974111,32.866667
3465,0.57175633677061,-118.65778288763963,0.979621927635876,-2.3207772447916164,0.2613446660791559,0.2304860504912478,-0.5415511598334183,1.0126170959197243e-05,0.0003909343662510088,0.0002899131572840666,0.0016467002341889006,32.875
3466,0.5796750629239875,-118.67536408337106,0.9304136781497275,-2.2643798568849727,0.26861359005110524,0.228628341830746,-0.5387748446499524,1.0109187847792935e-05,0.00038429606738448407,0.0002842781811979222,0.0016074569898261633,32.883333
3467,0.5871695451606042,-118.69267361649214,0.8795867848083928,-2.2130854298219935,0.275642612264783,0.22650195935399747,-0.5361161491586004,1.0107894349536008e-05,0.00037818162591630544,0.0002791254627376423,0.0015736227348372009,32.891667
3468,0.5942084997115411,-118.70971263238197,0.8272548154956916,-2.1665820187111082,0.28241084667893673,0.22411291811292497,-0.5335916287658526,1.0121265223692494e-05,0.0003725588473749977,0.0002744109504551415,0.0015447945062831286,32.9
3469,0.6007916267690532,-118.7264479278943,0.7735479181658023,-2.124504402880085,0.28890322422999865,0.22148796925322436,-0.5312066633444972,1.0148336774646988e-05,0.0003673999521072882,0.00027009737836694873,0.0015206209733571847,32.908333
3470,0.6069040027141475,-118.74296705456169,0.7185823398328488,-2.086590285174488,0.29512603585898906,0.2186141562815635,-0.5289716309098805,1.0188199253678054e-05,0.0003626777703890558,0.0002661535273612736,0.0015007982937656167,32.916667
3471,0.6125324225448516,-118.75930188737836,0.6624678298975643,-2.052595164066235,0.30107381553517426,0.21549382924963967,-0.526896080674756,1.0239991205787761e-05,0.00035836774787297444,0.00026255354800324576,0.0014850636819150461,32.925
3472,0.617669047711314,-118.7754589308138,0.6053135665075592,-2.022287056860943,0.30673806333893916,0.21213814030995543,-0.5249873166095641,1.0302894698357243e-05,0.00035444767401815165,0.0002592764211612186,0.0014731914868782,32.933333
3473,0.6223098897022267,-118.79145495042809,0.5472290120461956,-1.9954568132986288,0.3121144510370725,0.2085560026425439,-0.5232508728053783,1.0376131558120175e-05,0.00035089708671078105,0.0002563054896245262,0.0014649898617943035,32.941667
3474,0.6264439838556036,-118.80733774322047,0.48831283021500965,-1.9719458757348338,0.3172021452902789,0.20474402004979878,-0.5216945446840444,1.0458960553272958e-05,0.0003476969618598968,0.0002536280594080081,0.0014602977403446072,32.95
3475,0.6300634911518309,-118.82310376540121,0.4286615349644455,-1.9516010489273503,0.3219909238126476,0.20071534607888114,-0.5203246174329184,1.0550675451267889e-05,0.00034483049921795047,0.0002512350728682142,0.001458982269694544,32.958333
3476,0.633159092476323,-118.8388593133803,0.3683716970492577,-1.9343213459805022,0.3264917976374009,0.19644698408563446,-0.5191475716934031,1.065060368361418e-05,0.0003422827114789055,0.00024912083605169806,0.0014609370115214308,32.966667
3477,0.635733001815004,-118.85451156790337,0.30754284942103916,-1.9199554897638822,0.33068102702469004,0.19198306889452385,-0.5181651013911848,1.075810566649723e-05,0.0003400405227518474,0.00024728282018579367,0.0014660799662441213,32.975
3478,0.6377741012739564,-118.8701687943636,0.24626328989254875,-1.908449656715883,0.3345684546715278,0.18729844566657278,-0.5173835657088384,1.0872574630613614e-05,0.0003380916320793764,0.0002457214588132501,0.001474352672580146,32.983333
3479,0.6392816796264607,-118.88581525573996,0.1846277748819093,-1.8997177370784546,0.3381440383061125,0.18241103469294337,-0.5168049307584867,1.0993437104499112e-05,0.00033642590925850053,0.0002444400716839306,0.0014857188948664947,32.991667
3480,0.6402545825983565,-118.90143204698236,0.12272786738695081,-1.893692512491913,0.3413973963459021,0.1773399740713404,-0.5164308898977823,1.112015367372721e-05,0.0003350342866375275,0.00024344475439582174,0.0015001639420194153,33.0
3481,0.6406868029021983,-118.91712035959547,0.06065277563875892,-1.8903653468255153,0.3443370744529165,0.1720621793999036,-0.5162645622676053,1.1252220254121734e-05,0.0003339088838545252,0.00024274433023714747,0.0015176941968362192,33.008333
3482,0.6405804339134027,-118.93278509419711,-0.0015084432515784208,-1.8896783343845462,0.34694052251577884,0.1666235660455738,-0.516305504280881,1.13891697186259e-05,0.000333043481238052,0.00024235040867981233,0.0015383365713148153,33.016667
3483,0.6399341021494476,-118.94855520008713,-0.06366082695428445,-1.8916581828791237,0.3492218193234522,0.1609920438188496,-0.5165541553520286,1.1530573816457886e-05,0.0003324327372124274,0.00024227732494800635,0.001562138855236924,33.025
3484,0.638748660271778,-118.9643865513013,-0.12571685364973553,-1.8962975327589067,0.35116633889990795,0.15519581112542988,-0.5170096472105283,1.1676045464620109e-05,0.0003320725876078158,0.0002425423398479649,0.0015891688667614347,33.033333
3485,0.6370212809346822,-118.98048425434277,-0.1875797914789461,-1.9036841624753715,0.3527959401151578,0.1491749443213867,-0.5176720712004591,1.1825241302774255e-05,0.00033196006577744346,0.0002431656625020978,0.0016195154668169575,33.041667
3486,0.6347524080258978,-118.99662676240995,-0.24917505435943202,-1.9137937325685566,0.35406797347845165,0.14302047369950516,-0.5185398026532116,1.1977864550083725e-05,0.00033209366456459996,0.00024417080971501806,0.0016532877074760357,33.05
3487,0.6319558795787151,-119.01282819798651,-0.31039350146278444,-1.9266692236535985,0.35498396469448723,0.13674374732796615,-0.519605663029656,1.2133668139243639e-05,0.0003324730436539011,0.0002455844698804152,0.001690617970126564,33.058333
3488,0.6286289466298309,-119.02932549845424,-0.3711368572677246,-1.9424659506128559,0.35556630847375026,0.13027369916699946,-0.5208683866963861,1.2292458119573511e-05,0.0003330978717914693,0.00024743689794503465,0.0017316593846235105,33.066667
3489,0.6247680432965292,-119.04597139916196,-0.4313340994537914,-1.9612394640713915,0.3557832820191355,0.12367597145231564,-0.5223265482406753,1.2454097389814991e-05,0.0003339695573817678,0.00024976250111099883,0.0017765866359601592,33.075
3490,0.6203703008444721,-119.06284497492778,-0.4908960559191105,-1.983136261359152,0.35563381615242395,0.11693667088715898,-0.5239779732838894,1.2618509668001896e-05,0.00033509127999197425,0.00025259979153806307,0.0018256002543133067,33.083333
3491,0.6154726977713095,-119.07992201677945,-0.5496759950266338,-2.0082446706273323,0.3551233536831559,0.11008557312061493,-0.5258051758356264,1.2785683751933425e-05,0.00033646787040328473,0.0002559920432007813,0.001878925698319349,33.091667
3492,0.6100691370940727,-119.09741366485524,-0.6075790684546459,-2.036807854304837,0.3542611928439013,0.10306217664334962,-0.527806505896196,1.2955678022507131e-05,0.0003381021998542787,0.000259987656290157,0.0019368073586334092,33.1
3493,0.6041404705821265,-119.11513456112147,-0.6645622142844556,-2.068968313694746,0.3530059493145895,0.09594607160740383,-0.529984588235934,1.312862546272176e-05,0.0003399997034193798,0.0002646411249447476,0.001999513810464474,33.108333
3494,0.5977175481249095,-119.13320475848768,-0.7204704609645438,-2.104954673001387,0.35137421911258143,0.08871670560266778,-0.5323232260253477,1.3304738932046245e-05,0.0003421694537921425,0.00027001297713086307,0.0020673468316821887,33.116667
3495,0.5908164611807679,-119.15161650140351,-0.7751843223770492,-2.1449936505344667,0.3493618399970048,0.08139709036713694,-0.5348114911907479,1.3484316651278621e-05,0.00034461921033696974,0.0002761710719235056,0.002140626119143869,33.125
3496,0.5834371690389252,-119.17051638948644,-0.8285940050505195,-2.1894205314850526,0.3469684070405299,0.0739553074398563,-0.5374439967970929,1.3667748141630574e-05,0.00034735732284801353,0.0002831912000266788,0.0022196928437973867,33.133333
3497,0.5755937171911439,-119.18989685960248,-0.8805764269450647,-2.2385359338227855,0.3441867156647529,0.06641666801035072,-0.5402099995800832,1.385552055368607e-05,0.00035039445333909485,0.0002911583456395179,0.0023049098358701604,33.141667
3498,0.5673046890526694,-119.20974281837138,-0.930998800558339,-2.292672059464306,0.3410124598423347,0.05881028331505877,-0.5430970129587187,1.4048225315092493e-05,0.00035374219208017906,0.0003001674040340737,0.002396657684543429,33.15
3499,0.5585813141620505,-119.23017147851263,-0.9797223984864707,-2.352267993009673,0.33744548544166275,0.05112048545197708,-0.5460950036378238,1.4246564973482506e-05,0.00035741278665450487,0.00031032427130508236,0.002495329654335641,33.158333
3500,0.5494376226420419,-119.25122069078421,-1.026606378272445,-2.417777359265291,0.3334809777834103,0.04336105307195586,-0.5491928342659904,1.445136028473037e-05,0.0003614200640130657,0.0003217474384581421,0.0026013258442714677,33.166667
3501,0.5398926410643553,-119.27293327177574,-1.071494115998695,-2.4897071446377494,0.3291169023171303,0.03554614181240773,-0.5523776326820528,1.4663557410876228e-05,0.0003657792405397614,0.00033456905819782297,0.0027150472238771993,33.175
3502,0.5299618927886477,-119.2953990884611,-1.1142218416033598,-2.5686505621363933,0.3243505209832165,0.02767616010116778,-0.5556377258393913,1.4884234898781036e-05,0.0003705065184796566,0.00034893630137445436,0.0028368850691820905,33.183333
3503,0.5196683274233127,-119.31862280290882,-1.1546146790416372,-2.655220597998751,0.31918009047893525,0.01978189028034524,-0.5589590855642255,1.5114610221844048e-05,0.0003756195937070425,0.000365012800168465,0.0029672114132664414,33.191667
3504,0.5090316868333659,-119.34272747188643,-1.1924772662440744,-2.750166332677896,0.3136049907047992,0.011857833934981367,-0.5623289199884827,1.535604530987981e-05,0.0003811369442606558,0.00038297944786186617,0.0031063686630042973,33.2
3505,0.49807090073480625,-119.36782947234931,-1.2276034657509338,-2.8543194548488535,0.30762202004941264,0.0039043526780756896,-0.5657348862204663,1.5610050461779826e-05,0.00038707827621511004,0.00040303576894182405,0.0032546582148190143,33.208333
3506,0.4868161362783801,-119.39395049534457,-1.2597654427764773,-2.9685394039470987,0.3012330665355105,-0.004045700567437131,-0.5691614749862568,1.5878285886356525e-05,0.00039346463835105577,0.0004254002245585583,0.003412337729155727,33.216667
3507,0.475293394735361,-119.42117934602008,-1.2887177955873337,-3.093818542057738,0.2944385401689306,-0.011978033295051914,-0.572594957590068,1.616255912767692e-05,0.000400317114685843,0.00045030922189099394,0.003579626841084755,33.225
3508,0.4635298150451043,-119.44964898610782,-1.3141858428071647,-3.2312776108628194,0.28723839565033354,-0.01988794843013719,-0.576021775844857,1.6464816616478378e-05,0.00040765727645346046,0.0004780154726440734,0.0037567370057859256,33.233333
3509,0.45155799468920216,-119.47949611949359,-1.335859419765832,-3.3821421767121422,0.27963430372202014,-0.027767615147221515,-0.579427414269412,1.6787127198626198e-05,0.00041550686986085506,0.0005087843966413636,0.003943936618433712,33.241667
3510,0.4394138321831928,-119.51077371413699,-1.3534127734932269,-3.547682447096547,0.2716317426763544,-0.03558227151062028,-0.5827972297469776,1.7131654089217507e-05,0.00042388687333662627,0.0005428874610991985,0.0041416788327388555,33.25
3511,0.42713528498469683,-119.54367793446848,-1.366457903810882,-3.7293597502533946,0.26323304668467834,-0.043333540535629156,-0.5861169508500407,1.7500610416083638e-05,0.00043281673575201615,0.0005805904154906375,0.004350845793592955,33.258333
3512,0.4147660822271356,-119.57832666588578,-1.3745766178665653,-3.9286566964480985,0.2544456427051786,-0.05099770442702889,-0.5893718365578067,1.7896192811992954e-05,0.00044231358700746456,0.0006221380543544669,0.004573134757721358,33.266667
3513,0.4023436961718911,-119.61492168328482,-1.377311788340299,-4.147193631335811,0.24526895720780756,-0.05856784681512775,-0.592549962978342,1.8320485485543318e-05,0.00045239087589098555,0.0006677293097326066,0.004811706621444454,33.275
3514,0.3899229332932869,-119.65362379512037,-1.3741315134521312,-4.386541772088853,0.23571345652512113,-0.0660237276155435,-0.5956362534976598,1.8775325769199467e-05,0.00046305852417010193,0.0007174840530320972,0.005072188945516064,33.283333
3515,0.3775568479168744,-119.69469931579218,-1.3644385937954335,-4.648303943420921,0.22578067639074173,-0.07336538496392767,-0.5986176735894405,1.9262119259124785e-05,0.00047431983471534774,0.0007713971373544299,0.0053641410793543115,33.291667
3516,0.3653123304643468,-119.73827635286383,-1.3475912794859308,-4.933761594000557,0.21548810364279117,-0.08055861793828983,-0.6014795914578536,1.9781591989916732e-05,0.00048617126878898855,0.0008292803272026495,0.005703132804835019,33.3
3517,0.3532517714742766,-119.78455296132037,-1.3229034328160512,-5.243960487607322,0.20484543903447916,-0.0875825369694343,-0.6042103590644314,2.033346602311564e-05,0.0004986004710953906,0.0008906870304785382,0.006113513471500355,33.308333
3518,0.3414473074758899,-119.83376553777023,-1.2896150668619597,-5.5794323734828515,0.19386297503875574,-0.09442351884990963,-0.6067980377960394,2.0916048295009252e-05,0.0005115878680339982,0.0009548291450766034,0.0066317732836262315,33.316667
3519,0.32997678620354975,-119.88610972774028,-1.24694054777825,-5.939876098293678,0.1825554245408148,-0.10105933614283522,-0.609231516112793,2.1525729907733353e-05,0.0005251074911316276,0.0010204910739922627,0.007309995556821176,33.325
3520,0.31892894678826944,-119.94179163333558,-1.1940579437801906,-6.323808162789405,0.1709394948823088,-0.1074732931033428,-0.6114995445909213,2.215640502289416e-05,0.0005391304592335249,0.001085956570726227,0.008218362155377934,33.333333
3521,0.308401716611037,-120.00104016255885,-1.1301413711584234,-6.728143206562477,0.15902931989312713,-0.1136571904764819,-0.6135912573882732,2.2798843471197734e-05,0.0005536299707867752,0.0011489771082037541,0.009444536795054694,33.341667
3522,0.29849153691185115,-120.06392079054272,-1.0545116172117774,-7.147726216555532,0.14685029539631916,-0.11958022452878336,-0.615498231776225,2.3440088739071137e-05,0.0005685887107871498,0.0012068187419828499,0.011086689651026443,33.35
3523,0.2893104028869203,-120.13060640607392,-0.9665460321467371,-7.574884252184075,0.13441531986342417,-0.12524232188680348,-0.6172109811648004,2.4063007679398794e-05,0.0005840089153065952,0.0012564283352326767,0.013236596049643818,33.358333
3524,0.28097284241611675,-120.20106080226954,-0.8659228264511432,-7.998973491981413,0.12175226248617127,-0.13062490371884847,-0.6187212892603099,2.464616692000584e-05,0.0005999166282087446,0.0012947491598729254,0.015949046240812254,33.366667
3525,0.2735911736182484,-120.27515948830685,-0.7526860035111845,-8.406504647141103,0.10888671643197724,-0.1357137941981078,-0.6200225493681789,2.5164254691300278e-05,0.0006163601035295278,0.0013191766761586454,0.01919953413535954,33.375
3526,0.2672774741736865,-120.35269298971966,-0.6273298164392584,-8.78142169764244,0.09583990867250412,-0.14050322303063106,-0.6211087416062109,2.558927155306228e-05,0.0006333935235714923,0.0013280836365479227,0.022839632830100896,33.383333
3527,0.2621341410530348,-120.43320991885062,-0.49096972172336234,-9.106088314339708,0.08264556914704377,-0.14497917950886974,-0.6219752889667692,2.5892617617066568e-05,0.0006510389179227821,0.0013212553173765748,0.026569899803795653,33.391667
3528,0.2582581094483662,-120.51629539142192,-0.3452536546399624,-9.362713530544198,0.06931215663393232,-0.14915041829264475,-0.6226174510418756,2.6048007544609453e-05,0.0006692288435872405,0.0013000451653308895,0.02995688851324864,33.4
3529,0.255724248180559,-120.60096481693736,-0.1926398534343491,-9.535488530176655,0.05590879440805974,-0.15299544291310835,-0.6230321932546177,2.6034845460706004e-05,0.0006877378237858616,0.0012671068304594031,0.03250914548657026,33.408333
3530,0.2545788113581911,-120.68661520509168,-0.03590149817694426,-9.613167803985048,0.042429010975430476,-0.1565284655325553,-0.6232183655683379,2.5841419047978543e-05,0.0007061306813970816,0.0012257373935678237,0.03380490309023579,33.416667
3531,0.2548489438369803,-120.77221319276204,0.12173031106587257,-9.59016293122382,0.028921491481106183,-0.1597484295289031,-0.623174533553448,2.5467132034684437e-05,0.0007237525525216092,0.0011790549476670725,0.03362010749583265,33.425
3532,0.25652679075893764,-120.85682214363933,0.2769848189719138,-9.46805392865922,0.015416641538021273,-0.16266177433225584,-0.6229012658606262,2.4923106955911967e-05,0.0007397770731505037,0.0011293503572378403,0.03200203473472656,33.433333
3533,0.25957583707543147,-120.93955688852903,0.42678706780784026,-9.255101454549962,0.0019438016703541149,-0.16527777716567815,-0.6224001853198944,2.4230926488663038e-05,0.000753314882323513,0.0010778763167903706,0.02924783596067337,33.441667
3534,0.2639308775800846,-121.01962419966814,0.5684816522171181,-8.964988398235935,-0.011466538078037897,-0.1676064341413264,-0.6216744440741747,2.3419812024688254e-05,0.0007635498920532036,0.0010250764075841194,0.0258020373909556,33.45
3535,0.26950647942499373,-121.0963596978369,0.6999909999418427,-8.614638226578766,-0.024782147004842926,-0.16966139891808288,-0.6207280947266601,2.252295817764206e-05,0.0007698649865810601,0.0009710489462432372,0.022125373635701353,33.458333
3536,0.2761990461678909,-121.16933618248768,0.8199055541833099,-8.22208294177463,-0.037984205929475594,-0.17145506312514305,-0.6195666825327686,2.1573866722175277e-05,0.0007719212263728716,0.0009159754867876631,0.018591076993368,33.466667
3537,0.28390438780441557,-121.23821837470335,0.9274080733909564,-7.804301171994425,-0.05104444929324827,-0.17300789404427896,-0.6181951516072515,2.060336797177664e-05,0.0007696784664208742,0.0008603434025927783,0.015436971362330841,33.475
3538,0.29250559861964537,-121.3028157309687,1.0222205467006098,-7.376390821101537,-0.06393449704885573,-0.17433780450159292,-0.6166208094807328,1.963766631448965e-05,0.0007633601320690703,0.0008049459405455715,0.012769692814106321,33.483333
3539,0.30192132844099073,-121.36292376693844,1.1044253215290867,-6.949991862593355,-0.07661135304070857,-0.1754956931874493,-0.6148450820604558,1.8697457128497653e-05,0.0007533907905441249,0.0007507395582830592,0.010597787254345178,33.491667
3540,0.3119776867507018,-121.41904874524145,1.174646381823669,-6.535481831735065,-0.08911856058985954,-0.1764320657484958,-0.612888343020252,1.779786264248225e-05,0.0007403098551754233,0.0006986713542263849,0.008872339191794953,33.5
3541,0.3225845341801575,-121.47120242258904,1.233508545278921,-6.13896547462824,-0.10141869013407893,-0.17717856336964416,-0.6107573320474808,1.694904154519053e-05,0.0007247307835091105,0.0006495312153526703,0.007518930762756047,33.508333
3542,0.33365435808402333,-121.51960303596503,1.281779614830651,-5.7643683079740935,-0.11350399489094103,-0.1777519215967545,-0.6084600317099378,1.6156971712247107e-05,0.000707259490487952,0.0006038810875154768,0.006460888660518533,33.516667
3543,0.3450679829124032,-121.56467225513228,1.3203425493291268,-5.414245169067683,-0.12538666031051873,-0.17812512110589365,-0.6060133161269523,1.5424358344064698e-05,0.0006884585324776362,0.0005620426489136749,0.005630188475645243,33.525
3544,0.3567782492756552,-121.60633117107916,1.3499157958893306,-5.0890974584354085,-0.13701005473199046,-0.1783645092443651,-0.6034209636898223,1.4751510320374129e-05,0.0006688360101598906,0.0005241220311934717,0.0049713070809496605,33.533333
3545,0.3686746498381654,-121.64522233609621,1.3713794144374185,-4.789073521281345,-0.1484222124917977,-0.17840866551536652,-0.6007026781895232,1.4137047444612944e-05,0.0006488166731849242,0.0004900555683143448,0.004441584522706542,33.541667
3546,0.38072131446557766,-121.6812252916966,1.3853740115851465,-4.513145201181397,-0.1595618184362082,-0.17833075730305123,-0.5978634290312888,1.3578519550341459e-05,0.0006287608576120186,0.00045965973993016636,0.00400906329656849,33.55
3547,0.39284047713597253,-121.71478700262152,1.3926147939920017,-4.260211632792128,-0.17045349645475782,-0.1780978690301634,-0.5949195468878651,1.307283546194839e-05,0.0006089494721155228,0.00043267483485346313,0.0036504651289592125,33.558333
3548,0.40497518233209456,-121.74616501203046,1.3937140786539082,-4.028822682879701,-0.18109668506145593,-0.1777060115229868,-0.5918843441115367,1.2616606245406082e-05,0.0005896046335631394,0.00040880175317968315,0.003348867547111162,33.566667
3549,0.4170636932399783,-121.77578248642187,1.3892507051074297,-3.817460471751089,-0.19151905063313865,-0.17711041334408725,-0.5887740376457405,1.2206369379567389e-05,0.0005708932476098001,0.0003877281169340067,0.0030920067333982367,33.575
3550,0.4290831420675777,-121.80341347495971,1.3796529950379912,-3.6244586950329385,-0.2016511432359135,-0.17639847584564636,-0.5855961977565958,1.1838741349710984e-05,0.0005529374870205107,0.00036914651275247724,0.002870922498706236,33.583333
3551,0.4409706773002511,-121.82972290590924,1.3654216261881886,-3.448372749857841,-0.21156533140734307,-0.1754644705781218,-0.5823700222257672,1.1510505516404107e-05,0.00053581538685378,0.0003527655352718397,0.002679029407072217,33.591667
3552,0.45270455486780736,-121.85456634623597,1.3469104757779045,-3.287686569388199,-0.22121036105359987,-0.17437337578825726,-0.5791048390876589,1.1218669392402424e-05,0.0005195782542975106,0.00033831680511623824,0.002511358236687895,33.6
3553,0.46424817525908996,-121.87814614670707,1.3244774612847132,-3.1410582923291157,-0.2305911504453593,-0.17311140527861238,-0.5758147925980626,1.0960482373915924e-05,0.0005042488477457374,0.00032555747305814845,0.0023641248533674305,33.608333
3554,0.4755685291568206,-121.9006008406052,1.2984394699340298,-3.007245097098224,-0.23970419513049868,-0.17167496342958158,-0.5725138587355695,1.0733440626325112e-05,0.0004898312117226927,0.00031427102302111694,0.002234374203318576,33.616667
3555,0.48663767971021527,-121.92208234504078,1.2690827095449269,-2.88510353239406,-0.24855166973871448,-0.1700547106013224,-0.5692152277903302,1.0535277483769552e-05,0.0004763150183804685,0.00030426639074285184,0.002119754697172119,33.625
3556,0.4974319567153371,-121.94265535434101,1.2366607489477428,-2.7735853631241607,-0.25712385529114823,-0.16826037662005222,-0.5659313398071315,1.0363946678931732e-05,0.00046367889274055924,0.00029537626130807855,0.0020183617019199343,33.633333
3557,0.5079274269750425,-121.96242723229706,1.2014077291597518,-2.671753139439376,-0.26541921499436744,-0.16628847115755235,-0.5626751259366791,1.0217602009932433e-05,0.00045189330137386025,0.00028745499861285726,0.0019286288078530682,33.641667
3558,0.5181027861734117,-121.98147095349948,1.1635358148145825,-2.578757707744578,-0.27343251224165976,-0.16414245853283718,-0.5594590487533565,1.0094575855406052e-05,0.00044092354664617274,0.0002803764248779747,0.001849248871928282,33.65
3559,0.527932873640479,-121.999899504197,1.1232414592992057,-2.493853523085021,-0.2811639251861188,-0.16181134503936034,-0.5562970865162675,9.99335772618685e-06,0.00043073163863842085,0.00027403163928601946,0.0017791190621051312,33.658333
3560,0.5374029296557722,-122.01776004715542,1.080703788974979,-2.416345128056003,-0.28860837174375337,-0.15930279175449816,-0.5532000912641307,9.912574119068734e-06,0.0004212786254151098,0.00026832695573672836,0.0017172991491687661,33.666667
3561,0.5464930088938545,-122.03513507849787,1.036089235291285,-2.3456290835106977,-0.2957645213533736,-0.15661120066289516,-0.5501806906930996,9.850969642375469e-06,0.0004125243855494642,0.00026318202308600976,0.0016629838607449905,33.675
3562,0.5551903330868635,-122.05205168475275,0.989552340274413,-2.2811466842083146,-0.3026261770079086,-0.15374730828007405,-0.5472491890009613,9.80739042702977e-06,0.0004044295727788424,0.0002585281514261985,0.00161547859476738,33.683333
3563,0.5634779292551136,-122.06859174897927,0.9412381224265252,-2.222418052081622,-0.30919402899375664,-0.15070302402836788,-0.5444172698025965,9.780769247728893e-06,0.00039695543879005496,0.0002543068367875395,0.001574183004438377,33.691667
3564,0.5713422637325427,-122.0847682115432,0.8912809629427093,-2.168999712888952,-0.31546013854569266,-0.14749069655835342,-0.5416954015805047,9.770112778104395e-06,0.00039006509059026905,0.0002504684653896867,0.0015385761716176613,33.7
3565,0.5787699459120443,-122.1006732108089,0.8398107997707563,-2.1205124873184613,-0.3214286639728374,-0.14409684584747579,-0.5390938931850793,9.77449055657461e-06,0.0003837234488756884,0.0002469712062332366,0.0015082061622434283,33.708333
3566,0.5857488724628571,-122.1163048648799,0.7869470555504996,-2.0766018762698595,-0.32709060123669487,-0.14053679696456542,-0.5366224556963285,9.793025697602953e-06,0.0003778975619541352,0.0002437800371054591,0.0014826807229184494,33.716667
3567,0.5922730618796068,-122.13166820435184,0.7328082474614958,-2.0369459439488993,-0.3324415383919592,-0.13682480379654838,-0.5342884139616202,9.824887135022879e-06,0.00037255666936771595,0.0002408659377111601,0.001461660311129985,33.725
3568,0.5983255133853719,-122.14685524647311,0.6775010207407502,-2.001293951643743,-0.3374836678149503,-0.13294320744693836,-0.532102800432293,9.869283223378686e-06,0.00036767168328272274,0.000238205183057598,0.001444852225778299,33.733333
3569,0.6039014524776541,-122.16186079056203,0.6211344332404496,-1.9693901067616677,-0.3422117088982379,-0.12890820113812704,-0.5300720089273532,9.925456709925921e-06,0.0003632165949143589,0.00023577875145863112,0.0014320047647240974,33.741667
3570,0.6089887215365031,-122.17676227876045,0.5638089420087434,-1.9410374114612847,-0.346627505600706,-0.12470588699897125,-0.528204815185201,9.992680647907845e-06,0.0003591670232448771,0.00023357182569536843,0.0014229037815779,33.75
3571,0.613583346814024,-122.19153804689363,0.5056256575964947,-1.9160338092638065,-0.3507240404708149,-0.12035725010297434,-0.5265066879532266,1.0070255422565826e-05,0.0003555011284761553,0.00023157338076151566,0.0014173687021490583,33.758333
3572,0.6176779215145511,-122.2062157331142,0.44668017193895015,-1.8942184858228632,-0.35449895071495874,-0.11586543441487276,-0.5249840071143559,1.0157506560431867e-05,0.0003521986836731737,0.00022977583320935355,0.0014152500070493965,33.766667
3573,0.6212660664017661,-122.22081648449883,0.38706574692461876,-1.8754514017208876,-0.35794939240606133,-0.11123561414582474,-0.5236424193070428,1.0253783374183591e-05,0.00034924150691060054,0.00022817476119350597,0.0014164266025927577,33.775
3574,0.6243411584275496,-122.23540696328679,0.32687455342561966,-1.8596256633945907,-0.3610770325264297,-0.10645617452774558,-0.5224872937812228,1.0358458266517654e-05,0.0003466133156638824,0.00022676867743572364,0.001420803861332236,33.783333
3575,0.6268994497669218,-122.24996351654471,0.26619584099097066,-1.8466298367819998,-0.36387464928907476,-0.10154801513433434,-0.5215225334566379,1.0470926648803983e-05,0.00034429971193705846,0.0002255588661551381,0.0014283118682714138,33.791667
3576,0.6289378227839363,-122.26449719783245,0.20511889196771715,-1.8363796479645578,-0.366339251220732,-0.09651968006197867,-0.5207513965912782,1.0590607395868333e-05,0.00034228785883316776,0.00022454923330886463,0.0014389044229244402,33.8
3577,0.6304540065585583,-122.27902852273287,0.14373256925448596,-1.8288108248193444,-0.3684690023940034,-0.09137622179596304,-0.5201764056943211,1.0716943798204381e-05,0.000340566425555584,0.00022374622403479086,0.0014525579295759446,33.808333
3578,0.6314444662798974,-122.29359760193577,0.08212316464369154,-1.823883037115339,-0.3702627568009695,-0.08611513045579226,-0.5198001422746323,1.0849404954373053e-05,0.0003391255101851398,0.00022315877875705946,0.0014692706271551515,33.816667
3579,0.6319088768823282,-122.30821652976948,0.020378835137980382,-1.8215629409095444,-0.37171791793058373,-0.08074451027105058,-0.5196235427946275,1.0987487566106768e-05,0.0003379567607604845,0.00022279833398553917,0.0014890621473402268,33.825
3580,0.631844365893519,-122.32289477399509,-0.04141759954750977,-1.82183512701096,-0.3728301610613082,-0.07527320756179437,-0.5196480808223563,1.113071809068186e-05,0.0003370530501961203,0.00022267884231283325,0.0015119732209228603,33.833333
3581,0.6312526508633288,-122.33768228398606,-0.10317504901399603,-1.8247083388051324,-0.37360012675796445,-0.06969554806810674,-0.5198730504093467,1.127865524117845e-05,0.00033640874098617797,0.00022281683266598944,0.0015380659274498545,33.841667
3582,0.6301339789319313,-122.35255419160572,-0.16480980833395137,-1.830187894185756,-0.37402181828000436,-0.06403372060719147,-0.5202978711773858,1.1430892793801327e-05,0.0003360192363179286,0.00022323154622763043,0.0015674232684724522,33.85
3583,0.6284905197049568,-122.36755124367367,-0.22623210932972343,-1.8383129474726654,-0.3740946383842354,-0.05828578774586641,-0.5209208012308704,1.158706270974083e-05,0.0003358811792470768,0.00022394502946135498,0.0016001501009929723,33.858333
3584,0.6263213200391595,-122.38274600780137,-0.2873552669106952,-1.8491514128228754,-0.3738171520462937,-0.05243790133063275,-0.5217408513965884,1.1746838538917796e-05,0.00033599229460090684,0.00022498236836611879,0.0016363730724723601,33.866667
3585,0.6236323652836558,-122.39807809461674,-0.34808980468804845,-1.8627446161884114,-0.3731836547879133,-0.046526828919247504,-0.5227539829268206,1.190993912596938e-05,0.0003363517211396989,0.00022637195538978034,0.0016762414055000528,33.875
3586,0.6204271870519202,-122.41360953791879,-0.4083427145079868,-1.879190442154647,-0.37219366085710937,-0.04054371667680668,-0.5239566761973875,1.2076132586608321e-05,0.0003369593779741012,0.00022814565936758488,0.0017199276954984258,33.883333
3587,0.6167059087361031,-122.42934607554211,-0.4680296932455593,-1.8985898463226247,-0.3708415868758101,-0.034501041625662615,-0.5253462746095906,1.2245240587807867e-05,0.00033781629769562987,0.00023033927552024454,0.0017676281364014407,33.891667
3588,0.6124789819417347,-122.44533964388093,-0.5270454276733244,-1.9210745965804132,-0.36912855965556013,-0.02839523045018913,-0.5269158661591927,1.2417142930842209e-05,0.0003389249963210133,0.00023299285457961915,0.0018195644377582583,33.9
3589,0.6077574554509703,-122.46159884392699,-0.5852861687666108,-1.9467835707833032,-0.3670540292562902,-0.022239298236674906,-0.5286579857494471,1.2591782449928924e-05,0.00034028852099075337,0.00023615126094919997,0.0018759823375702643,33.908333
3590,0.6025334596711933,-122.47804925095464,-0.642685456657934,-1.975854650414722,-0.364606167451035,-0.016076499684716847,-0.5305717684635654,1.2769170274725139e-05,0.00034191057003746527,0.00023986467363014866,0.0019371522245111245,33.916667
3591,0.5968231978760699,-122.49481073256499,-0.6991190371873834,-2.0085118552398904,-0.3617898984403671,-0.009880317025302711,-0.5326471265274867,1.2949391398855793e-05,0.00034379741312722976,0.0002441889636873462,0.0020033750029760707,33.925
3592,0.5906325995317839,-122.51195941593834,-0.7544810899457448,-2.044995188590319,-0.3586019806571864,-0.003641396220793556,-0.5348774367818352,1.313261062547318e-05,0.0003459554716042846,0.000249186831777517,0.002074974666945629,33.933333
3593,0.583974549271031,-122.52948199154108,-0.8086590072352868,-2.0855394690569797,-0.35504166636701995,0.002616172413454345,-0.5372532768268918,1.3319079015659335e-05,0.00034839255284067124,0.0002549285543269462,0.0021523004147593907,33.941667
3594,0.5768586344271249,-122.54743672943471,-0.8615369153903408,-2.130439575067204,-0.35110669298818753,0.008893059874588353,-0.539766168170038,1.3509140722944804e-05,0.0003511172580034721,0.00026149278310055965,0.0022357248544367125,33.95
3595,0.5692976340911409,-122.56581836565667,-0.912995987438398,-2.1799997967327065,-0.34679665216909605,0.015166362294970034,-0.5424062833108082,1.370324026834635e-05,0.0003541394622118739,0.0002689677355934447,0.0023256416147944105,33.958333
3596,0.5613020877833266,-122.58475647370847,-0.962903612555438,-2.234620636205935,-0.34210790338950076,0.021458736216535334,-0.5451643951639076,1.3901930257265675e-05,0.0003574701076790365,0.00027745224023765353,0.0024224620877610755,33.966667
3597,0.5528899855155965,-122.60422332306877,-1.011124995873154,-2.2946785791727344,-0.3370428142728741,0.027736891520718412,-0.5480285748679432,1.410587957743547e-05,0.00036112155268553324,0.0002870574255046293,0.0025266082392695686,33.975
3598,0.5440766152385609,-122.62420771504344,-1.0575243027126529,-2.360601319112715,-0.33160341292910855,0.03397291139860513,-0.5509877770884484,1.431588196603232e-05,0.00036510692632154483,0.0002979077850121353,0.002638505922306781,33.983333
3599,0.5348738576433426,-122.64490329354577,-1.1019410943842707,-2.432965989968424,-0.32578299527728377,0.04020509529204418,-0.5540320414711761,1.453286472203204e-05,0.0003694405790566199,0.00031014267912829425,0.0027585766899961926,33.991667
3600,0.5252993125948874,-122.66633053411536,-1.1442157820728402,-2.5123289235360526,-0.3195824464147148,0.046411446492789735,-0.5571494864522742,1.4757897728158353e-05,0.000374138527511762,0.0003239187260915668,0.0028872212170479483,34.0
3601,0.5153786411614213,-122.6884447616693,-1.1841745188844766,-2.599272935880056,-0.313011439339884,0.052549096306456315,-0.5603257481106405,1.4992202390990807e-05,0.0003792179167755439,0.00033941090492701804,0.003024806746647002,34.008333
3602,0.5051257903959843,-122.71143146349948,-1.2216249508112773,-2.694569246401386,-0.30606234749955136,0.0586454259291443,-0.5635504113534593,1.5237159686940571e-05,0.0003846962463127089,0.0003568138806072674,0.003171648711551701,34.016667
3603,0.4945668343734441,-122.7353447831195,-1.2563554988792562,-2.79899876030468,-0.29873995943271603,0.06468403463580136,-0.5668094256250276,1.5494317244539593e-05,0.00039059276395248736,0.0003763442858776821,0.003327990394491621,34.025
3604,0.48372765286710295,-122.76017481786226,-1.2881519970332318,-2.9133827309459663,-0.2910541209581279,0.07062803778912968,-0.5700891962029703,1.576539451508478e-05,0.00039692705481413147,0.0003982412489324929,0.0034939838437785162,34.033333
3605,0.47263285618996453,-122.78613170191586,-1.316751714188567,-3.038758271492065,-0.28299947253670066,0.07650289071042644,-0.5733769431472614,1.605228425446968e-05,0.00040371907408588427,0.00042276597974999345,0.0036696851659226474,34.041667
3606,0.46131031178313625,-122.81323350251925,-1.341897312149704,-3.1761386186714535,-0.27458564790332807,0.08227490626307744,-0.5766594093925039,1.635704920227068e-05,0.0004109891562123642,0.0004502021060453738,0.0038550483266308264,34.05
3607,0.4497954855664129,-122.84155921090037,-1.3632846146221522,-3.3266591691757204,-0.26582320694995987,0.08792750346168676,-0.5799217959844534,1.668191131385919e-05,0.00041875742850715545,0.00048085118951168523,0.004049973414899453,34.058333
3608,0.43811644528920196,-122.8713477577917,-1.3805703175713868,-3.4916570474350404,-0.25670455060704994,0.0934817792646035,-0.5831521613774201,1.7029229666503073e-05,0.00042704253120583787,0.0005150272858746888,0.004254389811113839,34.066667
3609,0.4263136384210704,-122.90261834966415,-1.3933975868426096,-3.6723954541692234,-0.2472482247503964,0.09889885468367038,-0.5863359485619449,1.7401463702626584e-05,0.000435862091011358,0.000553048037329651,0.004468434529849999,34.075
3610,0.4144269245691756,-122.9355163604412,-1.4013562826838752,-3.870285124918168,-0.23746189309105417,0.10417047188018971,-0.5894598160976467,1.7801114961135766e-05,0.0004452305120055922,0.0005952167917256865,0.004692797138202871,34.083333
3611,0.40251564020969216,-122.97044675610425,-1.4038889167941186,-4.086933708973569,-0.22733531546040922,0.1093485286654984,-0.5925065959963711,1.823063941184966e-05,0.00045515830328786313,0.0006417998213737569,0.00492927379045325,34.091667
3612,0.39059445485410504,-123.0071318395444,-1.4006835056688263,-4.323501380001489,-0.21690735345911058,0.11431150000549388,-0.5954717404359828,1.86923217706259e-05,0.0004656484398206132,0.0006929965624730383,0.005181584576641414,34.1
3613,0.3787554933976307,-123.04608663170046,-1.3909877700909283,-4.581515898275024,-0.2061722518744092,0.11913653924136151,-0.5983326835888432,1.9188100164155856e-05,0.0004767020580920169,0.0007488809733689663,0.005456936026257161,34.108333
3614,0.3670385978556958,-123.08737111188209,-1.374269547971294,-4.862065815160312,-0.19514570895364802,0.12378054034737863,-0.6010815608420285,1.9719324126043814e-05,0.0004883061481425477,0.0008093539179311944,0.005767698053293371,34.116667
3615,0.355509315749873,-123.13115233279285,-1.3498640445055348,-5.165937557580791,-0.18384470250476598,0.12822968559656103,-0.6037058768711311,2.0286436520312354e-05,0.0005004412865010808,0.0008740570051147681,0.006134222550903959,34.125
3616,0.3442334405941838,-123.17759471348549,-1.3170813917295188,-5.493406999399013,-0.17228560943429735,0.13246860595068774,-0.6061948943164519,2.0888565092851216e-05,0.0005130781780667582,0.0009422841220916916,0.006588049862236062,34.133333
3617,0.33328698273734075,-123.22691562611786,-1.27517034752795,-5.843998648892198,-0.16048079729633227,0.1364938597557493,-0.6085374701890685,2.1523016426039027e-05,0.0005261795993891295,0.0010128854268940028,0.007175448863391418,34.141667
3618,0.322751244041834,-123.27929284136043,-1.2233822357839461,-6.216122882642826,-0.14844675887518696,0.14029660083780654,-0.6107232894272244,2.2184679143858104e-05,0.0005397027167374474,0.0010841829695169517,0.00796021299039069,34.15
3619,0.31271650189028305,-123.33488340745033,-1.1609850776144237,-6.606701525559539,-0.13620204829708568,0.14387002734679546,-0.6127421398491463,2.2865364950113456e-05,0.0005536047332406672,0.0011539221311311306,0.009023993074018572,34.158333
3620,0.3032799564279749,-123.393878729125,-1.0872929584931075,-7.010828546816286,-0.12375604938384359,0.14721761697914001,-0.6145843523617298,2.3553151521048536e-05,0.00056785038656188,0.0012192983690915346,0.010461237133331061,34.166667
3621,0.2945359667834507,-123.45618411286024,-1.0018787113157903,-7.42129723379935,-0.11114992221390296,0.15031090394898272,-0.6162425168891571,2.4231839897449054e-05,0.0005824211521485094,0.0012771038998099047,0.012365128198155844,34.175
3622,0.28659125249522316,-123.5219142103317,-0.9044047761953372,-7.828542154182503,-0.09838783046980219,0.15316282492235123,-0.6177082616844709,2.4880698194443276e-05,0.0005973249781953197,0.0013240259777568578,0.01480212675040489,34.183333
3623,0.279546803382948,-123.59092793793288,-0.7949421120613214,-8.220487866996017,-0.08549577008492111,0.1557644312065198,-0.6189753047937339,2.5474701754451837e-05,0.0006125965899808581,0.0013571031096533117,0.017774278375412646,34.191667
3624,0.273504064777029,-123.6629868233803,-0.6739678808406883,-8.582887669875335,-0.07249909303588428,0.15811274556467778,-0.620037703591462,2.5985494111831945e-05,0.0006282884577391737,0.0013742726440188265,0.021177843437760767,34.2
3625,0.2685539089140903,-123.73775736842208,-0.5424614127634424,-8.90028260000986,-0.05941733708566527,0.1602069969265652,-0.620891142524533,2.638322612019701e-05,0.0006444414551693579,0.0013748693713467987,0.024773373602830603,34.208333
3626,0.26477902065679865,-123.81477357745452,-0.4019414600839409,-9.157092357546833,-0.04627101143150583,0.1620487884585301,-0.6215317339735986,2.663926274073482e-05,0.0006610370380161765,0.0013598857864215712,0.028189788152913925,34.216667
3627,0.26225638356759345,-123.89342259366515,-0.2544558892272338,-9.338990131432233,-0.033085322765313764,0.1636459467844109,-0.6219548843722902,2.6729484522882822e-05,0.0006779355762677457,0.00133182068191825,0.030978984831097272,34.225
3628,0.2610297974041086,-123.9730002251891,-0.10254913574385192,-9.435401239631172,-0.019880530497759435,0.1650006138983635,-0.6221592035775818,2.663761340215735e-05,0.0006948186212788932,0.0012940945053684834,0.03271772459371327,34.233333
3629,0.26111192560962926,-124.05269500334506,0.050899059145505694,-9.440921473977035,-0.006683712760963943,0.16611066327925963,-0.6221455522662309,2.6357852591506952e-05,0.0007111662489971802,0.0012502169494024737,0.03312631742944865,34.241667
3630,0.2624908555217663,-124.13171851093729,0.2029381418149576,-9.355885303438347,0.006483414108461143,0.16697698810191228,-0.6219157205457281,2.589616398604279e-05,0.0007262836112236758,0.001203001003109879,0.03215287099780487,34.25
3631,0.2651572558158939,-124.20932080695134,0.35076767494159594,-9.185363549999133,0.01960123463178255,0.16761830085829174,-0.621467947278288,2.5269777462939955e-05,0.0007393794857275351,0.0011541343029349816,0.029983329426124618,34.258333
3632,0.2690364599574422,-124.28509231501836,0.4919524799360956,-8.940574227492876,0.032693758182967214,0.1680187265896968,-0.6208086165373757,2.4504974666015673e-05,0.0007496740954788072,0.0011042388967240175,0.026975558101258835,34.266667
3633,0.27409417319934043,-124.3578835842379,0.6242368710246711,-8.63427888731976,0.04564838529417643,0.16822423724317734,-0.6199349511037313,2.3633800355749302e-05,0.0007565293084480772,0.0010532870751992123,0.023550370632974955,34.275
3634,0.2802228829335194,-124.42755171870438,0.7461938236798679,-8.282530315558956,0.05849479793998454,0.16822401224961644,-0.6188550339074583,2.269034113932095e-05,0.000759522762021484,0.0010011079144962435,0.020091205481484006,34.283333
3635,0.2873069578455354,-124.49412723157869,0.8569634163727892,-7.90099268876065,0.0712669119728327,0.16799161175302305,-0.6175778155945031,2.1707457445483427e-05,0.0007585058855013345,0.0009477614035288564,0.01687695465405576,34.291667
3636,0.29527165787413273,-124.55704945389681,0.9559350218007339,-7.502993385074383,0.08388862438420609,0.1675710738375044,-0.616104817858026,2.071437270779123e-05,0.000753593684445367,0.0008936727075239759,0.01406555372530663,34.3
3637,0.30400366479617874,-124.61637780770285,1.0430803404820765,-7.100637391333264,0.09636261551952559,0.16695536847238568,-0.6144450048169372,1.973522125727082e-05,0.000745104559369415,0.0008395843088145091,0.011712894022885136,34.308333
3638,0.31340896705363736,-124.6720338362391,1.1186151762820424,-6.703282742475584,0.10865878850857565,0.16616598040570627,-0.6126048051653359,1.8788588140384407e-05,0.0007335065379128254,0.0007863993556934756,0.009803613410798079,34.316667
3639,0.32337787018056324,-124.72436739579449,1.1830861910912598,-6.318157884790518,0.12080132458634545,0.16517590700415818,-0.6105951788210731,1.7887720222105852e-05,0.0007193445652685297,0.0007350129409125557,0.008283874050758975,34.325
3640,0.3338382283912261,-124.7730196076878,1.2369763554992088,-5.950047043329234,0.13270094572341867,0.16406267881599673,-0.6084212431365538,1.7041192996668646e-05,0.0007031884815537339,0.0006861851146150866,0.007085575756041585,34.333333
3641,0.34468171122054514,-124.8185869677228,1.28109730192932,-5.602308319108401,0.14440651437423854,0.16277345413677322,-0.6060974128889404,1.6253742695792465e-05,0.0006855806942468208,0.0006404735391249151,0.006142064090980962,34.341667
3642,0.355834910164093,-124.8612148097424,1.3161554048699855,-5.276553830890804,0.155899998334713,0.16132287106821963,-0.6036328639707609,1.552716673901079e-05,0.0006670205483599936,0.0005982197856866602,0.00539509548081337,34.35
3643,0.3672249194176184,-124.90115505191956,1.3428744867693572,-4.973393628971162,0.16717802519028455,0.1597083294555573,-0.6010384930035612,1.4861113289261168e-05,0.0006479405224624454,0.0005595690275746407,0.0047976181780039606,34.358333
3644,0.3787832747567113,-124.93860537553999,1.361941308053206,-4.692695720537383,0.1782282328773072,0.15793392896084957,-0.5983260680970048,1.4253761024803223e-05,0.0006287030894239217,0.0005245080996122061,0.00431329366456665,34.366667
3645,0.39044033942770406,-124.97384875981743,1.374021066700776,-4.433829036190279,0.1890497907222009,0.1559842960711463,-0.5955095202287543,1.370235765773557e-05,0.0006096026702287371,0.0004929077472792643,0.0039148751820474205,34.375
3646,0.40214457423682015,-125.00702805642852,1.3796983354701349,-4.195727941369075,0.19962721681201162,0.15387181054210208,-0.5926001627610185,1.32036283692424e-05,0.0005908725259346137,0.000464561939713641,0.003582273241613193,34.383333
3647,0.4138538614273785,-125.03833068998058,1.379511008241817,-3.977108681294032,0.20995677922419992,0.1516004446529655,-0.5896083180509106,1.2754066279953673e-05,0.0005726888207419779,0.0004392202301360521,0.0033008198918926166,34.391667
3648,0.4255093561195708,-125.0679960365249,1.373971679117551,-3.7767338980682337,0.2200347785880656,0.14915221412544918,-0.5865499347107432,1.2350134667476582e-05,0.000555178235266251,0.00041661263920825215,0.003059808044469841,34.4
3649,0.4370778491827901,-125.09610213299749,1.3635128177030544,-3.5932097895142814,0.22984575967672016,0.14654813234745714,-0.583435587138892,1.1988403131135695e-05,0.0005384308655290459,0.00039646716846068384,0.002851353884769806,34.408333
3650,0.4485200130228852,-125.12281480958767,1.3485414912916314,-3.42522615960362,0.23938536558600113,0.14378487498641762,-0.5802784410473966,1.1665624352138533e-05,0.0005225025165710944,0.00037852132530785974,0.0026696081617882963,34.416667
3651,0.459793837348887,-125.14830672393761,1.329429539644219,-3.2715527942652924,0.24864911282386604,0.14085202953550924,-0.577093438832597,1.1378778609759373e-05,0.0005074236936964357,0.00036252927561171894,0.0025101556319440843,34.425
3652,0.47087518220049385,-125.17261437925644,1.3064957992414565,-3.130960773482754,0.2576227199064542,0.13777439928215604,-0.5738913327159086,1.1125091520574006e-05,0.0004932061625758094,0.00034826556763918734,0.002369601161570062,34.433333
3653,0.48172138111301727,-125.19599803177623,1.2800539660570194,-3.00240277975882,0.266314265616169,0.13451160244741642,-0.570688928762727,1.0902032968100616e-05,0.0004798447305944652,0.0003355265860287607,0.00224529285255662,34.441667
3654,0.49231365977013625,-125.2184910033551,1.2503666576678023,-2.8848196258585683,0.2747126305521834,0.13108387321257553,-0.5674966973249175,1.0707308291552752e-05,0.00046732506887899115,0.0003241305221441915,0.0021351087542575606,34.45
3655,0.5026248264306213,-125.24017445226023,1.2176793787321503,-2.7772858133226004,0.2828098622577881,0.12749500198765695,-0.564328024249991,1.0538840279373539e-05,0.00045562280384841674,0.00031391642599994937,0.002037330560037267,34.458333
3656,0.5126367311856235,-125.26108416296961,1.18221389380971,-2.678930807138042,0.2905975443274769,0.12376181116628521,-0.5611939005403399,1.0394750198727195e-05,0.00044470819456836477,0.0003047427685999549,0.0019505401896762768,34.466667
3657,0.5223241990547102,-125.28135149515461,1.144179620515926,-2.5890042744791204,0.2980761507935229,0.11987000756684185,-0.5581077873404404,1.0273336824892384e-05,0.00043454702972843984,0.0002964857520413398,0.001873553081366891,34.475
3658,0.5316682095937904,-125.30100809638115,1.1037647910616533,-2.506803321221824,0.305237163326674,0.11583332010092567,-0.5550814613682229,1.0173056472666598e-05,0.00042510367471739185,0.0002890375197377718,0.0018053655799481637,34.483333
3659,0.5406441101454885,-125.32017818268687,1.0611468420328458,-2.431726660205877,0.31208027981278663,0.1116346327096086,-0.5521287172460455,1.0092503653053554e-05,0.00041634147885929003,0.00028230446184105047,0.0017451209269683566,34.491667
3660,0.5492393922660613,-125.33885958677773,1.0164878951845606,-2.363186595933793,0.318597036675173,0.10729612261111371,-0.5492594860085891,1.0030393685959928e-05,0.0004082246479128346,0.00027620556803647757,0.001692080921052101,34.5
3661,0.5574404728219818,-125.35709057221472,0.9699411993249303,-2.300667563838272,0.324783704793311,0.10282646515620757,-0.5464840124287359,9.985546658811798e-06,0.0004007173213281184,0.0002706709932054778,0.0016456082890783654,34.508333
3662,0.5652280903197745,-125.37491868071126,0.9216478340550393,-2.243726102897881,0.3306348267807045,0.0982292098607368,-0.5438144410787827,9.956873580036684e-06,0.0003937845808100787,0.00026564072513769423,0.0016051502631037858,34.516667
3663,0.5725903840940326,-125.39243174772761,0.8717459819132897,-2.191957728986905,0.33615259631171435,0.0934943330503877,-0.5412603387985829,9.943364373923188e-06,0.0003873936896497396,0.00026106340987740694,0.0015702255997641571,34.525
3664,0.5795146020252535,-125.40959991667148,0.8203605455879481,-2.1449849373092955,0.3413274371271266,0.08864972839179641,-0.5388314383889347,9.944077338573757e-06,0.0003815134114696911,0.0002568953162595223,0.0015404155303196032,34.533333
3665,0.5860000119600786,-125.4266001915551,0.7676277455126206,-2.1024862993625772,0.34617465126295144,0.0836536248864623,-0.5365330321073709,9.958130321484722e-06,0.0003761144522592034,0.00025309947378232214,0.0015153560962851843,34.541667
3666,0.59202048831951,-125.44337082554064,0.7136469542929815,-2.064188500155701,0.35067460432543757,0.07854112898891125,-0.534379196464781,9.984693159922977e-06,0.00037116831297320595,0.00024964486994554066,0.001494731609749169,34.55
3667,0.5975749679617135,-125.45982691678707,0.6585325587438016,-2.0297902955325937,0.3548208240985862,0.07335986663062512,-0.532374891810214,1.002298182081046e-05,0.00036665048570670494,0.00024650583720730354,0.0014782687266973464,34.558333
3668,0.6026307153507419,-125.47610777604467,0.6023729014565072,-1.9991358847531346,0.35860787746876743,0.06807472024998283,-0.5305362714803127,1.0072253142548755e-05,0.0003625373571258038,0.00024366146279703902,0.0014657333574836279,34.566667
3669,0.6071972652812,-125.49218788197625,0.54528784614612,-1.9719752501567334,0.36203953034534864,0.0627125705840705,-0.5288638999157131,1.0131801120480773e-05,0.00035880980253984,0.0002410950900115425,0.0014569255014805719,34.575
3670,0.6112666003064315,-125.50816549026634,0.4873802171917114,-1.9481508844147375,0.36511840654320493,0.05725320883680347,-0.527364325639534,1.0200953455934706e-05,0.00035544825283626,0.0002387939218632928,0.0014516776047496282,34.583333
3671,0.6148302548055419,-125.52403835380733,0.4287445372866459,-1.9275080645489069,0.367839862240833,0.0517120693421175,-0.5260439243133611,1.0279069452734367e-05,0.00035243505895620896,0.0002367487017792102,0.0014498511543354993,34.591667
3672,0.6178858542907619,-125.53981342973626,0.3694797086826663,-1.909906244416403,0.3702031580241402,0.0461015929842942,-0.5249064465114369,1.0365538449299458e-05,0.0003497545194893983,0.00023495344110615896,0.0014513349376649306,34.6
3673,0.6204263586780416,-125.55565320953947,0.3096834874873684,-1.8952732074467769,0.3722114774475831,0.04037579969958142,-0.5239569863365757,1.0459778861064918e-05,0.0003473922393169362,0.00023340519469860994,0.0014560432125255902,34.608333
3674,0.6224437885585482,-125.57133408022759,0.24943173201893573,-1.8834632779044722,0.3738505992936878,0.03463190737190561,-0.5232006050030278,1.0561237846942932e-05,0.000345335658374867,0.0002321039314331869,0.001463913777012282,34.616667
3675,0.6239376040576098,-125.58700488676686,0.18882521322226462,-1.8744303501582735,0.3751262332430069,0.02882921062113865,-0.5226391665612857,1.0669391469223498e-05,0.00034357409483918883,0.0002310523189704115,0.0014749085716431276,34.625
3676,0.6249108728039743,-125.60278974451073,0.127967200606715,-1.8681371757346015,0.3760420936832101,0.022935507022700388,-0.522272743853209,1.0783745275898493e-05,0.00034209794787436193,0.00023025571710898348,0.0014890111219722682,34.633333
3677,0.6253574531227583,-125.61853226952478,0.06693197361828428,-1.8645054073622653,0.3765895070669782,0.017023588435438924,-0.5221044467152441,1.0903835323712683e-05,0.0003408984533109331,0.00022972216083147655,0.001506225687972898,34.641667
3678,0.6252772021312122,-125.63428031119693,0.005810946800771095,-1.863518419934267,0.37676900540438485,0.011089942641113685,-0.5221346975779406,1.1029229651480977e-05,0.0003399686837516871,0.00022946224612671443,0.0015265788239830597,34.65
3679,0.6246648372874721,-125.6501174613303,-0.055310771253593516,-1.865194172479109,0.37657760435717347,0.005117508402799942,-0.522365419682773,1.1159530032006867e-05,0.00033930288805769605,0.00022948922739222493,0.0015501180076742131,34.658333
3680,0.6235221090621008,-125.66602182356094,-0.11634435938247974,-1.8695292033831026,0.3760141993489159,-0.0008707301059646608,-0.5227954441204288,1.1294374083806335e-05,0.00033889700508877706,0.0002298191219131268,0.0015769119425204255,34.666667
3681,0.6218510930453541,-125.68201698014866,-0.17719893986956622,-1.87654972600489,0.3750781952315434,-0.006868763214511227,-0.5234230413630558,1.1433437663663834e-05,0.00033874795475331463,0.00023047076032627206,0.0016070508434031245,34.675
3682,0.6196544169181268,-125.69815950801745,-0.2377812658610656,-1.8863089200116934,0.3737684405574425,-0.012882678090468148,-0.5242458413039391,1.1576437595028647e-05,0.00033885368860430846,0.00023146596240789058,0.0016406465727323175,34.683333
3683,0.6169319127500259,-125.71443842430595,-0.29800686015208283,-1.8988612154670428,0.3720824023413119,-0.018892800204486426,-0.5252620875756706,1.1723134689026841e-05,0.00033921320838501475,0.0002328297644642591,0.0016778328699069535,34.691667
3684,0.6136873942333168,-125.73092812174737,-0.3577794317573541,-1.9143014798920728,0.37001796751120336,-0.024910873409138765,-0.5264681042388721,1.1873337064076657e-05,0.0003398268949026167,0.00023459060363032142,0.0017187668933769263,34.7
3685,0.6099251978609528,-125.74760478188055,-0.41700831076208555,-1.9327132345835976,0.3675747845733608,-0.03091158664864305,-0.5278596065552951,1.2026903745152088e-05,0.00034069614764430865,0.00023678069281944284,0.001763628826710861,34.708333
3686,0.6056511083554144,-125.76451838990192,-0.47559514540523495,-1.954222702901755,0.36475139858702754,-0.03689648694673179,-0.5294313734147204,1.2183748577996738e-05,0.00034182342807309465,0.00023943626774995794,0.0018126234182734467,34.716667
3687,0.6008580494491782,-125.78169468672095,-0.5334627293755853,-1.9789822064108022,0.3615397554690616,-0.04285660702270137,-0.5311824819455861,1.234384444863886e-05,0.0003432122057488322,0.0002425980753496173,0.001865979907460373,34.725
3688,0.595579274446457,-125.7991258212059,-0.5904706818327762,-2.0071213029048804,0.35795449475757596,-0.04877258592391169,-0.5330969210388888,1.250722784584988e-05,0.0003448682678643752,0.00024631179605452073,0.0019239556160447974,34.733333
3689,0.5897941907284838,-125.81695009351355,-0.6465535247648714,-2.038890864147169,0.35397451805142255,-0.05467310056352053,-0.535177919313787,1.2674003678618836e-05,0.0003467958131475268,0.0002506286145000248,0.0019868287223605264,34.741667
3690,0.5835247771242402,-125.83514165582059,-0.7015861546450212,-2.074479479134501,0.34960843357168425,-0.060529455641582984,-0.5374129146673784,1.2844350600187411e-05,0.0003490031082352061,0.0002556059811393079,0.0020549082462049738,34.75
3691,0.5767824119913597,-125.85372953438699,-0.7554554365198819,-2.1141330510762804,0.3448568852593609,-0.06633118502151092,-0.5397929373925284,1.3018526581208913e-05,0.00035149805769259875,0.0002613081644431666,0.002128526617429071,34.758333
3692,0.5695754840738828,-125.87273569483955,-0.8080515091598428,-2.158129810147386,0.33971951749978413,-0.07206406186859061,-0.5423098128309258,1.3196874880217146e-05,0.00035428958781061836,0.0002678071329981995,0.0022080405825664375,34.766667
3693,0.5619197655068289,-125.89220068193256,-0.8592472384539175,-2.2067872205292063,0.33419879114114015,-0.07771990899387328,-0.5449525634601462,1.3379830388442275e-05,0.00035738808534030686,0.00027518343561617196,0.0022938309110927006,34.775
3694,0.5538248782658577,-125.91219856283801,-0.9089188121892157,-2.260481102358653,0.32829115570374506,-0.08329950256600033,-0.5477121713408937,1.3567926316485494e-05,0.0003608047515168876,0.0002835273030701417,0.0023862974669668978,34.783333
3695,0.5453122675666194,-125.93276983120377,-0.9569206054897034,-2.319612061829634,0.3220017579835945,-0.08879210307668281,-0.5505754652749199,1.376180123776419e-05,0.00036455240502558043,0.00029293984508175537,0.0024858568972279775,34.791667
3696,0.536389566591762,-125.95394431358085,-1.0031276650596277,-2.3846317191937483,0.31532975689089354,-0.09418022719686153,-0.5535338669858219,1.3962206371302386e-05,0.0003686443541241472,0.0003035342992422439,0.002592933594564831,34.8
3697,0.5270707137404024,-125.97581643681306,-1.0473896740294806,-2.4560745083874616,0.3082719581984025,-0.09946576990915246,-0.5565765653357155,1.4170012998918195e-05,0.0003730960574985741,0.00031543717398213714,0.0027079590966364205,34.808333
3698,0.5173780047544262,-125.99839153252391,-1.0895445912568078,-2.534489814913814,0.3008384572991552,-0.1046221135335531,-0.5596900469417307,1.438621988351823e-05,0.0003779244759777689,0.00032878988488901223,0.0028313599457586566,34.816667
3699,0.5073282184265359,-126.02179056442641,-1.1294174716427934,-2.620553110187135,0.2930253099967653,-0.109655183706118,-0.562862701787636,1.461196026668497e-05,0.0003831472812747898,0.0003437498598868962,0.00296354686104728,34.825
3700,0.4969437547633263,-126.04604506527905,-1.1668242566522187,-2.714967135464857,0.2848412143934022,-0.11454243230298812,-0.5660812896227956,1.4848508122248025e-05,0.0003887836094717289,0.0003604922239347148,0.0031049031941077997,34.833333
3701,0.4862377340075663,-126.07122401696992,-1.201582742772711,-2.818540596931263,0.2762869568545583,-0.11926848399399127,-0.5693356293732393,1.5097283055220365e-05,0.0003948534933284717,0.0003792104909553244,0.00325577619394109,34.841667
3702,0.4752420233010016,-126.09743346854128,-1.233454000355386,-2.9321839325396266,0.2673694840056565,-0.12382952279692934,-0.572610095075553,1.5359852931159264e-05,0.00040137898851104573,0.0004001170671488946,0.0034164787421720015,34.85
3703,0.4639844516114087,-126.12477246414447,-1.2621918735827002,-3.0569002074982565,0.25809494105828235,-0.1282157702487609,-0.5758908145956477,1.563793298208655e-05,0.00040838189041440874,0.0004234436544529028,0.0035872805166214388,34.858333
3704,0.452494791044208,-126.15337708702795,-1.2875206500454495,-3.1938153542006824,0.2484664010600848,-0.1324240312723913,-0.5791639113082047,1.593337964304511e-05,0.0004158842225322441,0.0004494397811254916,0.0037684365893494542,34.866667
3705,0.4408022218095106,-126.18330801027899,-1.3091578932966939,-3.344114405911508,0.23849742384989023,-0.1364284680542682,-0.5824163155315374,1.6248176934106205e-05,0.0004239078340676491,0.00047836993745496557,0.003960245544271316,34.875
3706,0.42894032576824603,-126.2147552034253,-1.3267626865844342,-3.509169222139509,0.22818766266825413,-0.14023262360948308,-0.5856344547220562,1.6584412039694125e-05,0.0004324742214611677,0.0005105069951881617,0.0041631830690446224,34.883333
3707,0.4169549833209703,-126.24784372181799,-1.3399484487193285,-3.6903911373164617,0.21755241828689778,-0.14382350622463266,-0.5888023921748075,1.6944235937003603e-05,0.00044160352400858895,0.0005461236710108487,0.0043781152860117144,34.891667
3708,0.4048788122249127,-126.28263913630063,-1.348342759046505,-3.889249992159559,0.20661052713343458,-0.14716855605023252,-0.5919087926900004,1.7329803125540453e-05,0.0004513123718734445,0.0005854772715615546,0.004606676366954465,34.9
3709,0.3927576666987677,-126.31936521995945,-1.3514717135352958,-4.1073715377256255,0.19536593321157064,-0.15027012159793304,-0.5949399594676043,1.7743183305735302e-05,0.0004616150778866838,0.0006287860946148226,0.004851929252941509,34.908333
3710,0.38064183749599817,-126.35822160904934,-1.3488146796722413,-4.346370246785355,0.18382870507847848,-0.15312119768191612,-0.5978824455406141,1.8186236189661005e-05,0.00047252096575493195,0.0006761998402789622,0.005119316474420188,34.916667
3711,0.36858239459369607,-126.39939791194325,-1.3398098044896147,-4.607800459646447,0.17201158679211553,-0.15570837955075031,-0.6007240857689478,1.8660438107002178e-05,0.0004840329974781609,0.0007277561390000621,0.005418125870370893,34.925
3712,0.3566399834012884,-126.44303233798861,-1.3238419853019514,-4.892988086051753,0.15994056312440924,-0.15800995371596005,-0.6034520556515879,1.916664780588743e-05,0.0004961470940909866,0.000783323460125864,0.0057635889102873135,34.933333
3713,0.3448793965638107,-126.48937377835124,-1.3002152158564273,-5.203025519580701,0.1476264318219264,-0.16002197143873073,-0.6060543853156978,1.9704797612685392e-05,0.000508850604882194,0.0008425293715800621,0.006179682082044308,34.941667
3714,0.333366668963306,-126.5387620996233,-1.2681658712596764,-5.538586770551222,0.13506511697395016,-0.16174828774209943,-0.6085206802281351,2.0273498802889892e-05,0.0005221224203608422,0.000904679319456326,0.00670253294276475,34.95
3715,0.3221868981228704,-126.5913166583757,-1.2269162892469745,-5.899262463692998,0.12229396903072529,-0.16316577846604458,-0.6108384619130346,2.0869557663909025e-05,0.0005359349601349648,0.0009686708860425085,0.007384038145701733,34.958333
3716,0.31142831099352714,-126.64705653869522,-1.1757190459460052,-6.283388719392654,0.10936512473628619,-0.16424571406164212,-0.6129968414109472,2.1487406110476966e-05,0.0005502554473593496,0.0010329128579529962,0.008294592283211877,34.966667
3717,0.3011818328881375,-126.70645207527758,-1.1136997922122016,-6.688127474857394,0.09625266650271572,-0.16501369056057646,-0.6149865191975312,2.2118476309861724e-05,0.0005650523075963913,0.0010952839375072713,0.009522889886519633,34.975
3718,0.2915507268111129,-126.76948370486535,-1.040190900984351,-7.1081026567054275,0.08300728871239636,-0.16544705347164657,-0.6167978398099065,2.2750592391834477e-05,0.0005803037138988725,0.0011531739728600017,0.011169212104623728,34.983333
3719,0.28263978295585357,-126.83626028108353,-0.954623180189421,-7.535603671449332,0.06964824857813572,-0.16554429749293753,-0.6184227677839554,2.336749271679495e-05,0.0005960059212261253,0.0012036233914113526,0.013328722636155444,34.991667
3720,0.27456401255391855,-126.90682170781265,-0.8566443887241592,-7.9599320078965405,0.05619432908071785,-0.16530875873178216,-0.6198529860714761,2.394865398457725e-05,0.0006121809349783999,0.0012436224205449925,0.016061044365713983,35.0
3721,0.2674311442887708,-126.98093151688826,-0.7463513787825172,-8.367501024093805,0.042690043490724375,-0.16473153560384432,-0.6210825984040766,2.446963434292696e-05,0.0006288745655685866,0.0012705482367657336,0.01934698728829206,35.008333
3722,0.26135248623792373,-127.05836716540847,-0.6242335365937258,-8.742181116629029,0.029156681737207618,-0.1638203128225716,-0.6221055422456788,2.4903158637850894e-05,0.0006461424505597889,0.0012826822922994531,0.02304291840977625,35.016667
3723,0.2564278024795713,-127.13873238169818,-0.49136700890307555,-9.066372420776785,0.015618137725043035,-0.16258060665848328,-0.6229174365745119,2.5221082992838958e-05,0.0006640119522909072,0.0012796543152790213,0.026851470861488348,35.025
3724,0.25275022522338014,-127.22139415814581,-0.34946363654258306,-9.322313383056215,0.002110864500301755,-0.16102329257732131,-0.6235138780930379,2.539719015536024e-05,0.0006824249591500537,0.0012626281305707092,0.030336441529841718,35.033333
3725,0.2503906038099443,-127.30563551144293,-0.20082432628980273,-9.494502921480585,-0.011340804305132785,-0.1591619009530738,-0.6238921285917276,2.541048145272138e-05,0.0007011681848344347,0.0012340748027955494,0.03299875230373308,35.041667
3726,0.24939395552318325,-127.39063099957896,-0.048248034090208954,-9.571823416687034,-0.024714926454193736,-0.1570102625864979,-0.6240508493134858,2.5248350036611404e-05,0.0007198182024705803,0.0011971548477915479,0.03440342573625107,35.05
3727,0.2497754247635435,-127.47543455481225,0.105136979704635,-9.549308643277174,-0.03798198329094322,-0.1545837865780535,-0.623990171836446,2.49088755946323e-05,0.0007377274096118022,0.001154913098002168,0.034311881478567036,35.058333
3728,0.25153111025828184,-127.55911703067444,0.2561670272702283,-9.428546127481788,-0.051119266872780206,-0.1519062099275415,-0.6237097374707559,2.4401583954013795e-05,0.0007540712799287182,0.0011096196028827596,0.03275842867856324,35.066667
3729,0.2546270191017502,-127.64078720384148,0.4018581774488636,-9.217785138433872,-0.06410410248370765,-0.14900265520023362,-0.6232105466566165,2.3746380909593946e-05,0.000767951100917164,0.0010625202325826371,0.030032165788283546,35.075
3730,0.25898425403257663,-127.71971455010303,0.5396555410885214,-8.931141150232017,-0.07691847905261633,-0.14588514720773638,-0.622497858695441,2.297092554745848e-05,0.0007785312682560227,0.0010140355744624012,0.026576561591155463,35.083333
3731,0.264526104047602,-127.79523033649551,0.6675575407814116,-8.585104170682069,-0.08953867972713797,-0.1425856974841451,-0.6215743369715974,2.2107153056824522e-05,0.0007851726214027108,0.0009642013935534361,0.02285738587561502,35.091667
3732,0.2711548272439063,-127.86691352963646,0.7842036778361662,-8.197358501863304,-0.10195421478397282,-0.1391269947234693,-0.6204446229140835,2.1187694422571474e-05,0.000787509640301953,0.0009131002244211435,0.01925737508476247,35.1
3733,0.2787680434933147,-127.9344476609439,0.8888066707767888,-7.7846514625718,-0.1141500496879198,-0.1355387904181984,-0.6191134913117442,2.024290851069496e-05,0.0007854768515292175,0.000861109359508092,0.01602527349694984,35.108333
3734,0.28724163843565187,-127.99771967482646,0.9811239753491396,-7.362049974537025,-0.12611366258432502,-0.13183617587768726,-0.617589733978403,1.9298885999756042e-05,0.0007792786925894365,0.0008089263665051038,0.013277391342330302,35.116667
3735,0.29646252526178896,-128.05674358862836,1.06132151631888,-6.941505410636609,-0.13783764632865353,-0.12803758265855028,-0.6158812169221691,1.8376496714360173e-05,0.0007693318754337928,0.0007574429153645079,0.011029154497057493,35.125
3736,0.3063217719415386,-128.1116269966077,1.1298559961369503,-6.532044441091941,-0.1493154859776756,-0.12415998555500062,-0.6139964953566369,1.749126002290203e-05,0.000756185748997296,0.0007075761212296643,0.00923537950162522,35.133333
3737,0.31670548306606505,-128.16259357907555,1.1873951697831948,-6.14015651905077,-0.16054188929507446,-0.12020688947664948,-0.6119469896812277,1.6653792087803098e-05,0.0007404506989894689,0.0006601276206182359,0.007823965886670718,35.141667
3738,0.3275274218925649,-128.2098048305079,1.234666272921887,-5.769721367490805,-0.1715087267917332,-0.11620437300874198,-0.6097407752511913,1.5870571117560645e-05,0.000722743899426138,0.0006157001384563332,0.006718254711584616,35.15
3739,0.33870069898476035,-128.25351885334473,1.272458790263703,-5.422963762524791,-0.18221362713807202,-0.11216285774909117,-0.6073880144543066,1.5144786001700303e-05,0.000703642443158049,0.0005746733875270268,0.005849243629616139,35.158333
3740,0.3501415168398677,-128.29404010161926,1.3015690616072488,-5.100795415546205,-0.19265588378369708,-0.10808233969315383,-0.60490034796318,1.4477168660359628e-05,0.0006836620740114655,0.0005372197540064355,0.0051600959951775055,35.166667
3741,0.361769378941006,-128.3316806438308,1.3227656638915704,-4.8031774772859155,-0.20283276327845876,-0.10395707319761045,-0.6022908846637242,1.3866718944563126e-05,0.0006632468721657948,0.0005033416867631287,0.004606529692608158,35.175
3742,0.3735267511043508,-128.36664814550358,1.3367350753435143,-4.52927403173056,-0.21273967490236076,-0.09980323648930027,-0.5995695600884844,1.3311294865512976e-05,0.000642767441077652,0.00047291602972418235,0.004155240250783161,35.183333
3743,0.3853451702053525,-128.39926353396032,1.3441427556996393,-4.277979631132144,-0.22237568171996908,-0.09560499752142491,-0.5967505788053392,1.2808062190634188e-05,0.0006225196662379454,0.00044573615962340056,0.0037817409528296698,35.191667
3744,0.39717808291186757,-128.42971453503938,1.3455623261635663,-4.0478405497055,-0.23173656820753583,-0.09137408109411149,-0.5938446370353115,1.2353834699746643e-05,0.0006027361908979407,0.0004215471721229324,0.003468174356971137,35.2
3745,0.4089725483159783,-128.4582595237984,1.341531408252662,-3.837377851034792,-0.24082015898671152,-0.08709908284946202,-0.590865393696735,1.1945306519357322e-05,0.0005835902901363241,0.00040007255101595364,0.0032015686351891583,35.208333
3746,0.4206865590928606,-128.48509548278733,1.3325223274978155,-3.645054199286232,-0.2496233272371657,-0.08277885528725204,-0.5878251170989371,1.1579213075501615e-05,0.0005652076251729715,0.0003810332694774932,0.0029724356523140654,35.216667
3747,0.43227676407416576,-128.51042752000396,1.3189644662498212,-3.4693994808135167,-0.2581418845519494,-0.07840430314299165,-0.5847375867554864,1.1252429687642889e-05,0.0005476729131023244,0.0003641602451529033,0.0027737686653934467,35.225
3748,0.44371154559688714,-128.53441897611413,1.3012345987096792,-3.30897582863296,-0.26637384882871074,-0.07397350361025595,-0.5816144823676613,1.0962029431929981e-05,0.0005310387735959747,0.0003492019051306417,0.0026003118125459443,35.233333
3749,0.45495794767030845,-128.5571924822315,1.2796711868686244,-3.1624635643871013,-0.2743129632671782,-0.0694905347806741,-0.5784686477549805,1.0705309385333316e-05,0.0005153306800617324,0.00033592810875442575,0.002448058529326358,35.241667
3750,0.4659866961786825,-128.5788627091513,1.2545787620988076,-3.028638637216785,-0.2819543453199409,-0.06495866767155026,-0.575312637898335,1.0479798108424885e-05,0.000500553909243086,0.0003241316669525829,0.002313894131073615,35.25
3751,0.4767703570062506,-128.5995958854046,1.2262368635048764,-2.906385545594377,-0.2892970452022615,-0.06036305042116101,-0.5721590989026506,1.0283249456418465e-05,0.00048669823737439367,0.00031362823872226276,0.0021953514528608425,35.258333
3752,0.4872820509139675,-128.61950182797443,1.194895559814684,-2.794694062972067,-0.2963359298980046,-0.055700736897113884,-0.5690210516638233,1.011362867049047e-05,0.0004737421022754111,0.00030425525030870694,0.002090440115451835,35.266667
3753,0.4975012454839054,-128.6386370359724,1.16077881323065,-2.692631560952558,-0.30306619846131605,-0.05098245477788395,-0.5659100470313522,9.969094282468528e-06,0.0004616561381922034,0.0002958702954881226,0.0019975282965984213,35.275
3754,0.5074062783894021,-128.65712948941575,1.124096461952815,-2.5993731370236084,-0.30948605559020576,-0.04619488683491826,-0.5628382773954924,9.84797798187368e-06,0.00045040504479862577,0.0002883492968534899,0.0019152608754376096,35.283333
3755,0.5169773525111904,-128.6750297024236,1.0850369996502371,-2.5141690588486583,-0.3155903592899072,-0.04134581545089511,-0.5598176143566472,9.748764656939581e-06,0.00043995023717637466,0.0002815846026736041,0.0018424978043418327,35.291667
3756,0.5261954179291625,-128.69241967647943,1.043776203769443,-2.436351822737996,-0.3213756924900192,-0.03643147008452831,-0.5568598790899204,9.67007313807674e-06,0.0004302514052577221,0.00027548317502060286,0.0017782712639116554,35.3
3757,0.5350440836931426,-128.70933304485402,1.0004750629206343,-2.365313692287775,-0.32683800325035567,-0.031461896218538635,-0.5539761559793476,9.61063840512542e-06,0.0004212678367365554,0.0002699648734456611,0.0017217530949929856,35.308333
3758,0.5435090024184347,-128.72579183437503,0.9552836494906439,-2.3005065006575216,-0.3319743036267528,-0.02645002546506986,-0.5511768958877266,9.569295480995392e-06,0.000412959136879882,0.000264960916786022,0.00167223099931504,35.316667
3759,0.5515754414112961,-128.74191520221186,0.9083467952748433,-2.241459693795657,-0.3367838450356933,-0.021375203313708676,-0.5484726566404854,9.54496518936916e-06,0.00040528583399811115,0.00026041250132901466,0.0016290899114364248,35.325
3760,0.5592273089145496,-128.75771031808438,0.8597940437818613,-2.1877412134227536,-0.3412616240466843,-0.01625239224762475,-0.5458744144720917,9.5366417857772e-06,0.00039821009992089434,0.0002562695625104649,0.0015917967261671543,35.333333
3761,0.5664541082082404,-128.7732404970478,0.8097533736192575,-2.1389654772683064,-0.3454068100155864,-0.011076950165413317,-0.5433911569448748,9.543382343701646e-06,0.0003916963567978413,0.0002524897407976422,0.0015598890068656648,35.341667
3762,0.5732437553603229,-128.78856742503623,0.7583446783500228,-2.0947953753336375,-0.34921693423567307,-0.005843423763349242,-0.5410322540456896,9.564297678106118e-06,0.0003857108394913171,0.0002490374449707344,0.0015329658619894348,35.35
3763,0.5795829915237516,-128.80371577355785,0.7056788385428608,-2.054928944117031,-0.3526880682121894,-0.0005583140101374257,-0.5388073194586541,9.598544858423796e-06,0.0003802220848484107,0.00024588306823804907,0.0015106800872218623,35.358333
3764,0.5854697625457916,-128.8186118378269,0.6518670937513819,-2.01905842801592,-0.3558226812803479,0.004737361700409706,-0.5367217990417228,9.645321053848036e-06,0.0003752011883951292,0.00024300231664399697,0.0014927319743578177,35.366667
3765,0.5908912173420171,-128.8333695982812,0.5970137077356611,-1.9869700009151692,-0.35861744888021674,0.010069323991985919,-0.5347846732554978,9.703858490780777e-06,0.00037062059272762436,0.00024037563028912938,0.001478864833515602,35.375
3766,0.59583982348449,-128.8480223447265,0.5412204917428326,-1.958453002374452,-0.3610710377494825,0.015435628350035273,-0.5330027764955371,9.77342067612927e-06,0.0003664555368901244,0.0002379876893499163,0.0014688595601517326,35.383333
3767,0.6003045470304855,-128.86257041281036,0.484579740569941,-1.9333230811391113,-0.3631804824244553,0.020822704393435722,-0.5313839147393188,9.853299439538203e-06,0.000362683366350687,0.00023582701236301445,0.001462531469877999,35.391667
3768,0.6042805981037995,-128.8770441112928,0.42718891973095363,-1.9114173978472744,-0.36494557166541,0.02622815230028483,-0.5299333226215542,9.942812895404489e-06,0.00035928390545302593,0.00023388561358536638,0.001459727448474158,35.4
3769,0.6077662821788549,-128.89141145989336,0.36914329649493494,-1.8925776576495503,-0.36636920745275464,0.031627242784246896,-0.528654739901485,1.0041304103185612e-05,0.00035623869956293686,0.00023215872205058167,0.0014603233631608945,35.408333
3770,0.6107384809645625,-128.90570078510197,0.3105100329015589,-1.8767143853059265,-0.36744162361262267,0.03701633490982656,-0.5275594344363139,1.0148140436417549e-05,0.0003535307514251194,0.00023064454753517845,0.0014642221558718604,35.416667
3771,0.6132071541892927,-128.91997109881828,0.25140001788085214,-1.8637160250925966,-0.36816869327484103,0.04240478518358885,-0.5266461432136665,1.0262713635249182e-05,0.000351146716515076,0.00022934411048252464,0.0014713527298776054,35.425
3772,0.6151692239985281,-128.9342530420279,0.1919025256576951,-1.85350433102978,-0.3685495720582252,0.04779123586467714,-0.5259179816152191,1.0384440152164806e-05,0.00034907318709775687,0.00022826111638861197,0.0014816673846891942,35.433333
3773,0.616621589276996,-128.94852364030373,0.1321020342754355,-1.8460059443862789,-0.36858567464192626,0.0531545830755294,-0.5253776769361473,1.0512762215996393e-05,0.00034729835786320034,0.00022740187723390234,0.001495141337187324,35.441667
3774,0.6175604942470746,-128.96285274457608,0.07208514412556806,-1.8411902932049853,-0.36827321197283547,0.05850781932742531,-0.5250277984038183,1.0647149253060469e-05,0.0003458120165701018,0.0002267752422838055,0.0015117722789270418,35.45
3775,0.6179843808319893,-128.97727378305075,0.011938643134849554,-1.8390320607630166,-0.3676104404450057,0.06385051298875646,-0.5248696873919293,1.078709969819379e-05,0.0003446055765002893,0.00022639262497273902,0.0015315795415630975,35.458333
3776,0.6178895249756221,-128.99178831099158,-0.04825689844933177,-1.8395167877323295,-0.36659606571926084,0.06917006069588102,-0.5249050771125077,1.0932143158600473e-05,0.0003436718263820327,0.00022626802334156827,0.001554603871899467,35.466667
3777,0.6172791307232426,-129.0064182181086,-0.10841005152855086,-1.842644401916268,-0.36523090989041856,0.07446171470697543,-0.5251326957822319,1.1081842923364175e-05,0.0003430051407540719,0.0002264180675784439,0.0015809078168775286,35.475
3778,0.6161525327061473,-129.02118253083418,-0.1684365193528596,-1.8484352748170159,-0.3635136555515429,0.07971900595652812,-0.5255522952027298,1.1235798764283491e-05,0.00034260078468305864,0.00022686213580631263,0.0016105751237392178,35.483333
3779,0.6145122613128468,-129.0360590189972,-0.2282501180139791,-1.8569110974654341,-0.36144785170680793,0.08492051183815408,-0.5261620186232367,1.1393650062981367e-05,0.0003424553761914329,0.00022762249690355161,0.0016437114723227202,35.491667
3780,0.6123604401363157,-129.0510695681546,-0.2877632151012908,-1.868123961682629,-0.3590334599463786,0.0900605926960034,-0.5269597488975574,1.155507919962826e-05,0.0003425665908855987,0.00022872446025275496,0.0016804449010207854,35.5
3781,0.6096988367008203,-129.06628562120082,-0.34688542128362915,-1.8821596181649265,-0.3562652571571957,0.09515078285314234,-0.527943091385001,1.1719815225508755e-05,0.00034293325993171967,0.00023019663665153483,0.0017209261776037178,35.508333
3782,0.6065323996436996,-129.08166472824772,-0.4055286400179121,-1.8990839607246355,-0.3531498111655625,0.10016171075680973,-0.5291080752058097,1.188763781706806e-05,0.00034355544456542077,0.00023207127536281107,0.0017653291131022777,35.516667
3783,0.6028650605736695,-129.09728500483445,-0.4635979051367175,-1.9190215443204754,-0.3496815905440134,0.10510629662063184,-0.5304507180891593,1.205838150537424e-05,0.00034443417761070394,0.00023438448316695398,0.0018138517646435778,35.525
3784,0.5987021535288595,-129.11313729529945,-0.5210013930448729,-1.942088026183714,-0.3458641296509079,0.10996606725608037,-0.5319661460554151,1.2231940202748302e-05,0.0003455716403343387,0.0002371767545445881,0.0018667162431855254,35.533333
3785,0.5940486190103625,-129.12927882635526,-0.5776420576923482,-1.9684435985688715,-0.341693676986847,0.1147449648350586,-0.533649263869266,1.2408272035085842e-05,0.00034697109543843727,0.00024049333091909805,0.0019241699391106641,35.541667
3786,0.5889125189251195,-129.14565691627035,-0.6334252043096201,-1.998230981643859,-0.3371805141486192,0.11940905992603386,-0.5354935013256965,1.2587404494599426e-05,0.00034863700151847936,0.00024438482663161054,0.001986485421848691,35.55
3787,0.5832978402677863,-129.16240074120086,-0.6882465829719392,-2.031686079842028,-0.3323117639116389,0.12398478726510782,-0.5374934202097373,1.2769439913559408e-05,0.00035057479092525035,0.00024890766783181885,0.002053961422463006,35.558333
3788,0.5772168153885398,-129.1794447664499,-0.742002209685894,-2.068996037410567,-0.3271019183648097,0.1284334775571205,-0.5396403334820759,1.2954561315221983e-05,0.0003527913692276952,0.0002541250977751044,0.002126921373262705,35.566667
3789,0.5706783650489295,-129.19691487531793,-0.7945747385782788,-2.110452469664091,-0.32154016305912403,0.13277850334397137,-0.5419264758854719,1.314303862763314e-05,0.00035529437049172826,0.00026010764572574515,0.0022057133706306223,35.575
3790,0.5636951015362923,-129.2147921118916,-0.8458506006125088,-2.156321914377109,-0.3156359139615729,0.1369951201743083,-0.5443425571660454,1.333523529192612e-05,0.00035809264181576537,0.0002669344215450452,0.002290706532771118,35.583333
3791,0.5562741258007172,-129.23314168970677,-0.8957145725954935,-2.2069429690189204,-0.3093850895678034,0.14108355505513995,-0.5468809829589302,1.3531615282071782e-05,0.0003611959885393821,0.0002746938424501974,0.002382289709825642,35.591667
3792,0.5484307988716004,-129.2519664665019,-0.9440390211595675,-2.2626643959215422,-0.3027966263601281,0.14502497454050042,-0.5495311387905623,1.3732750488334464e-05,0.0003646158733167314,0.0002834849248258704,0.0024808682327543746,35.6
3793,0.54017847745359,-129.2713334841676,-0.9906886025162326,-2.323906764038134,-0.2958698571049117,0.14881881571308586,-0.5522829894379092,1.3939328437357179e-05,0.0003683646333382707,0.0002934184098648392,0.002586857098868509,35.608333
3794,0.5315295907959063,-129.29130617615317,-1.0355240162615207,-2.391138692270833,-0.2886043098444051,0.15246113866320957,-0.5551267118530258,1.4152160271532114e-05,0.0003724558491527378,0.0003046182886947377,0.0027006730012368303,35.616667
3795,0.52250238813616,-129.3119263498177,-1.078391121011332,-2.464870384410384,-0.28100607579170966,0.15594134576068222,-0.5580505306211001,1.437218892740835e-05,0.00037690455912356847,0.0003172232240763306,0.002822725532757426,35.625
3796,0.5131158262506861,-129.33322885153444,-1.1191281470358971,-2.545665448872482,-0.27308345833035486,0.1592458391354244,-0.561042511919006,1.4600497224007003e-05,0.0003817267210088612,0.00033138801061601865,0.0029534035132085137,35.633333
3797,0.5033869816663491,-129.35533108434836,-1.1575568815173503,-2.6341948093885494,-0.2648314380955379,0.16238130040351548,-0.5640914246392269,1.4838315516391105e-05,0.0003869392646490764,0.0003472849764011549,0.003093061299582,35.641667
3798,0.4933355959011881,-129.37829028022335,-1.193491168918096,-2.731169027146977,-0.25625639866741745,0.16533590538578782,-0.5671853393805832,1.5087028596304449e-05,0.00039256038439110984,0.000365105661635872,0.0032420015832165965,35.65
3799,0.4829850217746889,-129.40211094742827,-1.2267345165492258,-2.8373418667305708,-0.24737639932439448,0.16808411866987627,-0.5703114577003242,1.5348181118885697e-05,0.0003986092698500853,0.0003850615754199217,0.0034004620021977445,35.658333
3800,0.47237234863029975,-129.4270956075287,-1.257000378224979,-2.953714652807062,-0.23816681163331016,0.17067630978783746,-0.5734532934682908,1.562348032304956e-05,0.00040510569594620686,0.0004073843070737957,0.0035686065599919185,35.666667
3801,0.4615093179140547,-129.4531102991198,-1.2841094032149956,-3.081125295619938,-0.2286655505340912,0.17304422737954256,-0.5766023534859689,1.5914795130653784e-05,0.0004120682847108615,0.00043232753204431516,0.003746493323894236,35.675
3802,0.4504319654880995,-129.48034391955787,-1.307759253049764,-3.220684730285246,-0.21886871440090638,0.1752041819509498,-0.5797434718557795,1.622414956158687e-05,0.00041951762775527653,0.0004601613054350253,0.00393414633666169,35.683333
3803,0.43915995474559943,-129.5088345790087,-1.3276897519357351,-3.3735090307254234,-0.2087921756756804,0.1771289886927685,-0.582866761290514,1.6553707453433985e-05,0.0004274728418317894,0.0004911710036550946,0.004131573224883418,35.691667
3804,0.4277389821541876,-129.53874282266887,-1.343534687298842,-3.540860263939615,-0.19844357771315368,0.1788252465332094,-0.5859557921402778,1.6905745751470327e-05,0.00043595340594038216,0.000525648302825462,0.004338922686253463,35.7
3805,0.4161962274315303,-129.570147190296,-1.3549613550597146,-3.7240358498500217,-0.18783821695812497,0.18027256004720144,-0.589000102733455,1.7282610933300858e-05,0.00044497518608350366,0.0005638816420490459,0.004556678643843305,35.708333
3806,0.4045722782464315,-129.6032121377196,-1.3615575358719163,-3.924442976127184,-0.17698351058140935,0.18146985214642938,-0.5919865221609638,1.7686653155570058e-05,0.0004545524044540633,0.0006061371014914911,0.004786095425535319,35.716667
3807,0.3929119861993438,-129.63816834539557,-1.3628501687304793,-4.143561855542613,-0.16587784345577022,0.18242467795932066,-0.5949019167878863,1.8120130256354466e-05,0.00046469499774118316,0.0006526342994779212,0.005029827732388676,35.725
3808,0.38126396952572933,-129.67512674866484,-1.3583491256209468,-4.382750710239021,-0.1545441014248472,0.18312103185596817,-0.597733486666752,1.8585072098432628e-05,0.00047540720205928495,0.0007035118953795549,0.005292924693163075,35.733333
3809,0.3696837765730362,-129.7142476964263,-1.34749851248893,-4.643285972073028,-0.14300002605814083,0.18355236552534407,-0.6004681792846492,1.9083093444934462e-05,0.000486686282486061,0.0007587781490049114,0.005584340526358986,35.741667
3810,0.3582233415253818,-129.75570626262768,-1.32971426221143,-4.926272998972745,-0.13126007020356972,0.18370995736479054,-0.603095314366793,1.9615142194902975e-05,0.0004985209549840377,0.0008182499299237008,0.005919013959043808,35.75
3811,0.3469507532646755,-129.79970819868757,-1.3043246733548757,-5.232435444275482,-0.11933915449221816,0.18359399637127213,-0.6056021163912061,2.0181171579361388e-05,0.0005108919414944649,0.0008814774666243079,0.0063206368100786085,35.758333
3812,0.33592480765748334,-129.84643453638972,-1.27066936762248,-5.5620043024076455,-0.10725302803313407,0.1831940927124742,-0.6079796255212646,2.0779724950495788e-05,0.0005237703862789425,0.0009476595043323389,0.006824887575695121,35.766667
3813,0.3252301923434725,-129.896104134592,-1.2279847211038477,-5.914304411378806,-0.09501728413630847,0.18251516559608102,-0.6102150790654023,2.140743177716469e-05,0.0005371218785442054,0.001015556679953755,0.0074828194310668835,35.775
3814,0.3149420479503829,-129.94885884415592,-1.1755739797636173,-6.28757770829248,-0.08265523419468367,0.18154804291319948,-0.6122997085174948,2.205842344941136e-05,0.0005509067529355512,0.001083420998464119,0.008362980974143104,35.783333
3815,0.3051507005058213,-130.00492289511777,-1.112704957847723,-6.678579493555793,-0.0701744254674222,0.18029855703050013,-0.6142234878438277,2.2723706019654533e-05,0.0005650888457323229,0.0011489689050931415,0.009550668461275585,35.791667
3816,0.295929966493853,-130.0645356634211,-1.0387748386228417,-7.08253624169905,-0.05756940909591866,0.17876042485806856,-0.6159813197791875,2.3390563057291108e-05,0.0005796421235703875,0.0012094350934378178,0.011140863663626058,35.8
3817,0.28741366065209983,-130.12742623130353,-0.9533218072515207,-7.49124614000006,-0.04492791516501845,0.17693414331869206,-0.6175583405986883,2.4042114963727324e-05,0.0005945637134087999,0.0012617489814456327,0.013222138558685965,35.808333
3818,0.2796601575988547,-130.1939485905092,-0.8561074325746637,-7.89586673352286,-0.03219881410097008,0.17481492973278434,-0.6189551594332282,2.4657179752258537e-05,0.0006098708820188023,0.001302830193123776,0.01584747851983054,35.816667
3819,0.2728154602378735,-130.263579268448,-0.747244191628776,-8.282900847085072,-0.019482001634909783,0.17241764913969562,-0.6201573337093081,2.521067986324329e-05,0.000625614691089866,0.0013300746513681201,0.018996591718412847,35.825
3820,0.2669571723727793,-130.3363432310934,-0.6272205710345378,-8.638507182945766,-0.006751225751054918,0.1697446023854431,-0.6211631859566906,2.5674762021048592e-05,0.0006418489112867204,0.0013418190082755837,0.02253382767011202,35.833333
3821,0.26217719572918374,-130.41185938522696,-0.49706301816800463,-8.947029706946392,0.005968059273828295,0.16680099914660756,-0.6219681033848903,2.602076082927609e-05,0.00065860868381002,0.0013378071130861467,0.026184808270026824,35.841667
3822,0.2585480039101604,-130.4896224022735,-0.3583547105251428,-9.193184091234508,0.018652071489272757,0.16358949829950586,-0.6225697462544056,2.6221978280596873e-05,0.0006758531965096364,0.0013193306032919148,0.029550099490765883,35.85
3823,0.25614957732856747,-130.56903202116695,-0.2131331455829386,-9.36276233523634,0.031283827085493765,0.16012843746316022,-0.6229628547148632,2.6256922992309428e-05,0.000693404939985394,0.0012889889674125865,0.03217188768428005,35.858333
3824,0.25500884998395257,-130.64937286511258,-0.06395993932075408,-9.446143955453653,0.043842116838245494,0.1564169003002319,-0.623148565566518,2.61124073331932e-05,0.0007108925811586885,0.0012500561883739564,0.033642726342097765,35.866667
3825,0.2551625915048133,-130.72984481936717,0.08637958827733513,-9.437633517037664,0.05630701876956329,0.15247633193057,-0.6231235836608038,2.5785836588020414e-05,0.0007277421475560042,0.0012056955312273806,0.033723585802205386,35.875
3826,0.2565986201111735,-130.80964281047997,0.2349720293626215,-9.338160481853405,0.06865807470121738,0.14831458915639334,-0.6228895280045189,2.528601929449912e-05,0.0007432059700524084,0.0011582810435659973,0.032415552725238266,35.883333
3827,0.25927790722375565,-130.8882274154298,0.3791387853864108,-9.154376111918223,0.08090696868191606,0.14392121695340182,-0.6224494022853226,2.4632259526651082e-05,0.0007564588445326021,0.0011091352377716852,0.029954691696960068,35.891667
3828,0.2631712953716866,-130.96459678813432,0.5163419101028045,-8.89662830557642,0.09299622862705695,0.1393436208047892,-0.6218018731703494,2.3851936672421035e-05,0.0007667199602958248,0.001058684488899105,0.02673138439538071,35.9
3829,0.26819272494013235,-131.03828164157437,0.6446403373559799,-8.579666381379347,0.10492054677791768,0.13458004960311015,-0.6209528176831531,2.297709532934549e-05,0.0007733628240698192,0.0010068995373165327,0.02317838939863087,35.908333
3830,0.2742663793717581,-131.10877975490712,0.7625821697878749,-8.218846185914744,0.1166601930578181,0.12965645347349083,-0.619904925052535,2.2040918175230595e-05,0.000776009468085746,0.0009537564646133455,0.019669112732490123,35.916667
3831,0.28129587786401883,-131.1758191076094,0.869277688763334,-7.8296131312314285,0.12820572666720317,0.12458405789548108,-0.6186635732318736,2.107467374435273e-05,0.0007745546992983593,0.0008995240520191104,0.01646276782355929,35.925
3832,0.28918233643829255,-131.23920166938558,0.9643035222757439,-7.425895159334902,0.13954263120943605,0.11938146090287184,-0.617234504498771,2.0105586244545264e-05,0.0007691511461847769,0.0008448289037657832,0.013695397154518327,35.933333
3833,0.2978135035790972,-131.29892315960578,1.0476692653082382,-7.019654589245911,0.15066139122786557,0.11405119797662164,-0.6156264956200159,1.9155704767834382e-05,0.0007601553064366485,0.0007905517264108928,0.011403041448786809,35.941667
3834,0.30709386100363395,-131.35505281669188,1.1196724433304523,-6.620015586577281,0.16155709995303108,0.10860220993433764,-0.613846378280547,1.8241653928234042e-05,0.0007480625782619979,0.000737653286837832,0.009556390904470486,35.95
3835,0.31692639891543095,-131.4076183840218,1.1807971801558657,-6.233863134262545,0.172210998202064,0.10305828066210983,-0.6119026683723634,1.7374982762758305e-05,0.0007334348790423554,0.0006870165935337492,0.008093407101505504,35.958333
3836,0.32722154495466615,-131.45683686894336,1.2316897198831942,-5.865848914597379,0.1826215022728017,0.09742094869413419,-0.6098041147279674,1.656288368406936e-05,0.0007168466278566626,0.000639341593489496,0.00694251925538163,35.966667
3837,0.33789063627906185,-131.50288393839304,1.2730524205484497,-5.518942782963925,0.19277675396077848,0.09170111087319473,-0.6075611426621749,1.5809048560100755e-05,0.0006988435593500902,0.000595102068359196,0.006036225579050582,35.975
3838,0.34885784819446947,-131.5459551248847,1.305603253869756,-5.194617527535821,0.20266930940939096,0.08591098402414461,-0.6051834156051566,1.5114521545899832e-05,0.0006799189995391238,0.0005545489267604201,0.005317276153717461,35.983333
3839,0.3600480920562631,-131.58625854097923,1.3300557253663128,-4.89336691482288,0.21228979068778261,0.08005991549480095,-0.6026823104892849,1.4478452450892144e-05,0.0006604990845801946,0.0005177428790279831,0.004740197818591551,35.991667
3840,0.3713922722127247,-131.62412157080956,1.3471086346167074,-4.614898086578472,0.2216381218394249,0.07413048313610995,-0.6000697685215438,1.389872462007935e-05,0.0006409408024690587,0.00048459860941250953,0.004270323100418507,36.0
3841,0.38283411256311606,-131.65968429465443,1.3573811435287286,-4.3583929182789385,0.23070356094781017,0.06814377923135655,-0.5973565141471785,1.3372443722682266e-05,0.0006215341220951318,0.0004549296724210202,0.0038818982533465325,36.008333
3842,0.39431403718423286,-131.6931715928621,1.3614645296423138,-4.122771012417215,0.23947831699548966,0.06209866677340469,-0.5945556357061746,1.2896300227296457e-05,0.0006025060451014313,0.00042848707242620156,0.0035560890638505808,36.016667
3843,0.40578279787248406,-131.7247388726442,1.3598866745946045,-3.9067345285936037,0.24795419865311638,0.05600807606742164,-0.5916792403503074,1.246683124861896e-05,0.0005840304175886978,0.000404990098385602,0.003279176618836972,36.025
3844,0.4172000296911789,-131.7545618436854,1.353126133452867,-3.708881955707131,0.2561283951223605,0.04987759763020712,-0.5887384675241488,1.2080595500804009e-05,0.0005662344215639505,0.00038414868433796657,0.003041153769535875,36.033333
3845,0.42852041401728913,-131.78286809665073,1.3416272796372477,-3.527854313435439,0.2639961084761256,0.04369407531995919,-0.5857468695327321,1.1734285538985461e-05,0.0005492055186830012,0.00036567872969989966,0.0028346597019827005,36.041667
3846,0.43971051480328793,-131.80976849412403,1.325775640691884,-3.3622897151469986,0.2715521522356399,0.037471182115787205,-0.5827159271918328,1.1424795458069813e-05,0.0005330007191082112,0.00034931172394588755,0.0026541978831895966,36.05
3847,0.450734116113899,-131.83538667379162,1.305924515917374,-3.210918866309595,0.27878994136528473,0.03121588993224605,-0.5796587353652829,1.1149253201661785e-05,0.0005176510119564716,0.00033480003860614075,0.0024956006903483403,36.058333
3848,0.4615611778842356,-131.85985904192304,1.282392982546988,-3.072536957474709,0.28570605705468616,0.02492866005186521,-0.5765874812604614,1.0905032181745748e-05,0.0005031681460394619,0.00032191938977365323,0.0023556429833546466,36.066667
3849,0.4721598435536994,-131.88332382478714,1.2554719180261413,-2.9460452284072045,0.2922948240703617,0.018605555517352858,-0.5735155462597044,1.068974720754642e-05,0.0004895484603985844,0.00031046927554221324,0.002231780570145666,36.075
3850,0.48250558673444255,-131.9058619029577,1.2254204035890812,-2.8304139944786995,0.29855257152787235,0.01225635532708847,-0.5704547803850809,1.0501242029791755e-05,0.0004767774692571729,0.00030027220656683,0.0021219659860002033,36.083333
3851,0.49257385478311566,-131.92752399311374,1.1924736436339665,-2.7247081584851705,0.30447518000453805,0.005897647574383206,-0.5674174787493708,1.0337571203354574e-05,0.00046483196218198645,0.0002911722128273958,0.0020245248558835023,36.091667
3852,0.502340115124917,-131.94845997944518,1.1568527382225093,-2.6280928207148153,0.3100588473160947,-0.0004863365914408864,-0.5644163244925988,1.0196980073508695e-05,0.00045368294912106897,0.00028303302721282566,0.001938066212518054,36.1
3853,0.5117840782428339,-131.9686781064938,1.1187530948505906,-2.5397917012177684,0.31530080481912887,-0.006870437154843454,-0.561463010580137,1.007788415409313e-05,0.00044329790208470624,0.00027573610003348497,0.001861418492020162,36.108333
3854,0.5208836888623931,-131.98833535986557,1.0783623783767131,-2.4591309502433214,0.32019643579938317,-0.013277794817700687,-0.5585700093472175,9.978848952825212e-06,0.00043364186985057147,0.0002691787005710396,0.0017935860399002194,36.116667
3855,0.5296326770316825,-132.00742871386637,1.035849865330561,-2.3854507385035495,0.3247502360832852,-0.019683541511982792,-0.5557448650535574,9.898571282428568e-06,0.00042467918476719624,0.0002632720485925614,0.0017337143363174165,36.125
3856,0.5379974047148179,-132.02596145191328,0.9913659334810514,-2.318224236429195,0.32895242864693236,-0.026064610777029543,-0.5530040220724682,9.835861778045417e-06,0.00041637238070942864,0.0002579396819247535,0.0016810685450896132,36.133333
3857,0.5459670079946056,-132.0441048435856,0.945065251446996,-2.256955900466101,0.3328013505965472,-0.032455051107338456,-0.5503566510679545,9.789630209634883e-06,0.0004086871180853948,0.0002531159779376874,0.0016350094798154803,36.141667
3858,0.5535281499426191,-132.06184320433664,0.8970840270168403,-2.2011823675437423,0.33629765155842956,-0.03882918401123383,-0.5478126474455541,9.758871517850397e-06,0.0004015892156459473,0.0002487447359002676,0.0015949821660360996,36.15
3859,0.5606800578523583,-132.07914711190182,0.8475570934521505,-2.15046278027715,0.339450516740063,-0.045157853821197386,-0.5453775092531481,9.74265417686267e-06,0.00039504572564684134,0.00024477807948906466,0.0015605041176088683,36.158333
3860,0.5673958553183027,-132.09615963637575,0.7966032834968234,-2.1044879108269625,0.3422474362067964,-0.051469486578683936,-0.5430654629390471,9.74010997769257e-06,0.00038902388467815924,0.00024117543895513398,0.0015311568064722348,36.166667
3861,0.5736642339662583,-132.11293880038968,0.7443413261410279,-2.062940967362122,0.34468627540873,-0.05776612476366787,-0.5408853474172188,9.750425822732067e-06,0.00038349485145210843,0.000237902660518643,0.0015065749663510843,36.175
3862,0.5794782506265783,-132.12945606157047,0.6908840258624274,-2.025517647943754,0.34677179226131194,-0.06402111385945712,-0.538844257414025,9.772836361051181e-06,0.00037843156753130936,0.00023493126250736648,0.0014864420948139082,36.183333
3863,0.5848237928877651,-132.14575438620616,0.636335875072286,-1.9919757046185624,0.3485010398948798,-0.07023220168168676,-0.5369515580712382,9.806618039862491e-06,0.0003738084546250429,0.0002322378059293927,0.0014704855904221013,36.191667
3864,0.5896977077145493,-132.16180529998556,0.5808036526817625,-1.9620697276932857,0.34988162042884013,-0.07637389401521519,-0.5352124743268245,9.851084360808513e-06,0.0003696024169030651,0.00022980334278487502,0.0014584717694424675,36.2
3865,0.5940888933118019,-132.17781411680966,0.5243923637940173,-1.9356490415621135,0.3508986475654098,-0.08250217499797033,-0.5336347467447848,9.905581974682771e-06,0.0003657916020567381,0.00022761295553426326,0.0014502027643055072,36.208333
3866,0.5979900741545489,-132.19363429780267,0.46719234252828135,-1.9125036595115283,0.3515656816425219,-0.08855070254256732,-0.5322244425488618,9.969487798373277e-06,0.0003623564453511149,0.00022565538717817137,0.0014455124153016706,36.216667
3867,0.6013943124197505,-132.2094000043165,0.4093028332038646,-1.8925120052600064,0.3518737012871421,-0.09455177768394095,-0.5309871677877854,1.0042206825000085e-05,0.0003592792087821349,0.00022392271480307737,0.001444264990404773,36.225
3868,0.6042926721537216,-132.2249646229545,0.35080542458737907,-1.8755115574578496,0.3518378767591487,-0.1004389215465605,-0.5299289048468464,1.0123170654246662e-05,0.000356543947805496,0.0002224101045999662,0.0014463521221995755,36.233333
3869,0.6066874957053935,-132.24055919890836,0.2918094210968192,-1.861436396779522,0.35144260628355356,-0.1062803008284035,-0.5290511363001192,1.0211836650201241e-05,0.0003541367179411448,0.00022111556644965373,0.0014516922137232167,36.241667
3870,0.6085713925759288,-132.25605137630762,0.2323934323024147,-1.8501656914844098,0.3507027888553434,-0.11201498972733458,-0.5283585038981294,1.0307687599706126e-05,0.0003520443706030472,0.0002200398646608072,0.0014602273498070175,36.25
3871,0.6099401622680858,-132.27160049532466,0.17265160788126796,-1.8416661646828996,0.34960381203001833,-0.11768496340482336,-0.5278540865414277,1.0410231971622074e-05,0.0003502557193715726,0.0002191863353767885,0.0014719239180507144,36.258333
3872,0.6107922572845099,-132.28715271032655,0.11266983155608545,-1.8358655534542647,0.34815521366219065,-0.1232576883554804,-0.5275395740009442,1.0519004558653382e-05,0.00034876112539869984,0.00021856088865057838,0.001486770574541908,36.266667
3873,0.6111162575029793,-132.30276700976358,0.05252458753855442,-1.8327499663685816,0.34634846408744274,-0.1287381867300716,-0.527419883373506,1.0633567547063868e-05,0.0003475522419310943,0.00021817191399317462,0.0015047785190639119,36.275
3874,0.6109210840836024,-132.3183880568828,-0.007686681924307475,-1.8322689491445325,0.34419934100511784,-0.13409521529523635,-0.5274919900458839,1.0753511992473588e-05,0.0003466229963419619,0.00021803031705214056,0.001525981461194008,36.283333
3875,0.6102047717763142,-132.33412001115312,-0.06787486650545003,-1.8344450874887177,0.34169729492809375,-0.13935060617843611,-0.5277564588638644,1.0878459568635027e-05,0.00034596747578221905,0.00021814950969151447,0.0015504347636355635,36.291667
3876,0.6089683187989392,-132.34993997359075,-0.12795415721772851,-1.8392800417288,0.3388495913480334,-0.14448252665637573,-0.5282123309903514,1.1008064753766772e-05,0.00034558122930873993,0.0002185455714799445,0.001578215536071092,36.3
3877,0.6072067529902968,-132.36593513175345,-0.1878417803251268,-1.8468298113345187,0.33564482763329495,-0.1495049332274895,-0.5288604138141365,1.1142017286493345e-05,0.00034546098310042617,0.0002192372997194242,0.0016094234426515,36.308333
3878,0.6049325187864167,-132.38201525889278,-0.24744008454377897,-1.8571002046908054,0.3321059417832822,-0.15437519624578525,-0.5296946808231272,1.1280044945040181e-05,0.0003456052514597469,0.0002202464352410915,0.001644181267293625,36.316667
3879,0.6021461614124376,-132.39820332525804,-0.3066637289694092,-1.8701583857056119,0.32823408021866896,-0.15908655173747774,-0.5307130772039477,1.1421916588247077e-05,0.0003460126265057655,0.00022159774225986097,0.0016826347589788014,36.325
3880,0.5988450564310241,-132.41463615608828,-0.3654242878889485,-1.8861284291356188,0.3240101083309283,-0.16366784555424319,-0.5319142775927458,1.1567445546643932e-05,0.00034668316960171654,0.00022331931823410964,0.0017249541454377021,36.333333
3881,0.5950376128347414,-132.43128277496783,-0.4236265102954946,-1.905094039510277,0.31944625381216396,-0.16809427968903748,-0.5332925245465177,1.1716493303375727e-05,0.0003476187071284919,0.00022544300722112135,0.0017713346570302896,36.341667
3882,0.5907294046096985,-132.44813343343745,-0.481178400038059,-1.927167755758997,0.3145506982071316,-0.17234743381600548,-0.5348427179932841,1.1868973477086643e-05,0.0003488217432050914,0.0002280046127159311,0.001821997167252907,36.35
3883,0.5859248187872538,-132.46530762991205,-0.5379796354192299,-1.9525285787224413,0.30930888760234976,-0.1764485625896073,-0.5365598097940792,1.2024856129549637e-05,0.00035029589481456433,0.0002310443130717044,0.0018771895119750837,36.358333
3884,0.5806307530449807,-132.48272263995958,-0.593939727984352,-1.981309358689663,0.30374254748216484,-0.18035533410106588,-0.5384374903239352,1.2184172428456417e-05,0.0003520460907868959,0.000234607318094625,0.0019371862672334635,36.366667
3885,0.5748588220181121,-132.50052283728857,-0.6489419752296621,-2.013745606644784,0.2978356672674082,-0.18409603875888889,-0.5404674610859228,1.2347019646890443e-05,0.00035407840931691936,0.00023874414876923038,0.00200229132761394,36.375
3886,0.5686118831966028,-132.51866629629907,-0.7028967473137835,-2.0500395520007477,0.2916017201253278,-0.187638542391657,-0.5426441991812724,1.2513566538355214e-05,0.00035639970662597006,0.0002435116544321778,0.002072834474568692,36.383333
3887,0.5619040218626109,-132.53726800400648,-0.7556805379117576,-2.0904776459635674,0.2850307706492808,-0.19099944636478072,-0.5449579653032189,1.2684059126941511e-05,0.0003590186717490083,0.0002489734075668237,0.0021491760796192917,36.391667
3888,0.5547439537335569,-132.55626061644958,-0.8071923482486902,-2.135312596885223,0.2781451954563496,-0.19413986333065258,-0.5474006543533764,1.2858826878157477e-05,0.0003619447152301805,0.00025520089727672755,0.002231701327345822,36.4
3889,0.5471437697947396,-132.5757200899723,-0.8573097888398562,-2.1848888526939048,0.2709424805764738,-0.1970624792687768,-0.549962784340459,1.3038289269800399e-05,0.00036518872845572013,0.00026227406335704563,0.0023208234992324927,36.408333
3890,0.5391160309155745,-132.5957337178608,-0.9059040706668273,-2.239598880574732,0.26341821723790954,-0.19977089830728778,-0.5526345480448186,1.3222962720918564e-05,0.0003687628272876383,0.0002702826771327367,0.0024169784127628345,36.416667
3891,0.5306721319246602,-132.6163221010572,-0.9528503499152292,-2.2998542603304117,0.2555812552001818,-0.20224857307373437,-0.555406382170693,1.3413467966002553e-05,0.0003726804466024329,0.0002793275951634622,0.0025206200966160224,36.425
3892,0.5218316793875476,-132.6375159128797,-0.9980034630118089,-2.366118866782903,0.24744309190213024,-0.2044836256606456,-0.5582659543466635,1.3610537719861854e-05,0.00037695660959642825,0.0002895218581729189,0.0026322177706901264,36.433333
3893,0.5126063857519229,-132.6594553096269,-1.0412131392509034,-2.4389674698571513,0.23899030359754106,-0.20648679344563872,-0.5612034850167035,1.381502446777585e-05,0.00038160715417356785,0.0003009921812097771,0.0027522453936810287,36.441667
3894,0.5030161819993307,-132.6821695824766,-1.082318927294274,-2.518985836934418,0.23023657911116646,-0.20824161766417867,-0.5642065747470457,1.4027908378355117e-05,0.0003866497775911277,0.0003138807341520808,0.0028811730795244525,36.45
3895,0.49308074386068274,-132.70567055019868,-1.1211552559599007,-2.606818532896911,0.2212006403817205,-0.20972703882694374,-0.5672630417677486,1.4250304970763892e-05,0.0003921032006521356,0.0003283463442484787,0.003019455906235441,36.458333
3896,0.4828223781833246,-132.73009372329665,-1.1575251345158137,-2.7032500211388815,0.21187787179817147,-0.21094938778600422,-0.5703600931963839,1.448347192854821e-05,0.00039798733416880963,0.00034456575443999666,0.003167524230090817,36.466667
3897,0.47226274143825575,-132.75542403609427,-1.1912417259340793,-2.809068386397723,0.20229652133441195,-0.211879964665165,-0.5734854058347817,1.4728814696791995e-05,0.0004043230357651098,0.00036273544276608225,0.003325766576446052,36.475
3898,0.4614305740901688,-132.78186639299938,-1.2220579544133203,-2.925273104445891,0.1924428646417987,-0.21253692350205317,-0.5766249324064481,1.4987889835728285e-05,0.00041113225341088595,0.0003830715353587923,0.0034945325038802473,36.483333
3899,0.4503489220135051,-132.80945146613365,-1.2497474081564175,-3.0528659006654717,0.18233954463188698,-0.21289743257054372,-0.5797667516720039,1.5262404972442232e-05,0.0004184370937191145,0.0004058112653992111,0.0036741203149193947,36.491667
3900,0.4390465214815955,-132.83829546976327,-1.2740399303168792,-3.1930010276495087,0.1719953441206198,-0.21295598207218233,-0.5828978160677066,1.555421367881271e-05,0.00042626047866076286,0.0004312105461544346,0.0038648197892774986,36.5
3901,0.42755330552973303,-132.86857014630215,-1.294630035457982,-3.346978537176175,0.16140983979638385,-0.21271358395451798,-0.586005381796217,1.586530255802836e-05,0.00043462517548957145,0.00045954153781878473,0.0040669715080032766,36.508333
3902,0.4159058600364569,-132.90036704055058,-1.3111859168866864,-3.516149332519352,0.1506044261256798,-0.2121571800525181,-0.5890756746458965,1.6197767638918354e-05,0.0004435533057680216,0.0004910873074457411,0.004281098393252529,36.516667
3903,0.40413872379661986,-132.9337757170364,-1.3233536717841143,-3.7019630967524932,0.1396025624527198,-0.21127122543563356,-0.5920963659199069,1.6553775227895067e-05,0.0004530650041185309,0.0005261314948617801,0.00450815710350726,36.525
3904,0.39229379089338623,-132.96902871662888,-1.3306999200338072,-3.9060486815698274,0.12840247987131992,-0.2100613748016784,-0.5950542283316069,1.693550120933852e-05,0.00046317809981771124,0.000564942560659827,0.004749976441486817,36.533333
3905,0.38041834700034477,-133.00630377250775,-1.3327509231419283,-4.130041482571617,0.11701838339047362,-0.2085230684777008,-0.5979359000238439,1.7345041637316683e-05,0.00047390627941282037,0.0006077524577102219,0.005009935573709919,36.541667
3906,0.3685627402561737,-133.04586865357402,-1.3289624003155733,-4.3756416694155025,0.10544925164073632,-0.20665928981484738,-0.6007286458440547,1.7784284722317637e-05,0.00048525746485593213,0.0006547232757391358,0.0052940605328457456,36.55
3907,0.35677908897722,-133.0876350384929,-1.318833693076902,-4.644187679921953,0.0937704664214047,-0.20443331628294323,-0.603420774830193,1.8254732512144656e-05,0.0004972324747774949,0.0007059030847555527,0.005612644327110787,36.558333
3908,0.3451315279049532,-133.13209727426857,-1.30164174297131,-4.93725075291141,0.08194213027054326,-0.20187282851472813,-0.6059994728299593,1.8757257845733832e-05,0.000509824236237432,0.0007611610452586104,0.005982661380947231,36.566667
3909,0.33368532741289864,-133.1793643662921,-1.2767182036552118,-5.2557217000094,0.07000530504717846,-0.19896258015883128,-0.6084534999799016,1.9291783656703e-05,0.0005230156132821548,0.000820121237609805,0.006430728777968386,36.575
3910,0.3225133833064464,-133.22962285856525,-1.2433226697942272,-5.599931381273463,0.057986677499733144,-0.19569823126641422,-0.6107718560868199,1.9856873336797816e-05,0.0005367802779928705,0.0008820699323660336,0.006996942694570828,36.583333
3911,0.31169032837615807,-133.28302968078313,-1.200703682227171,-5.969313794649466,0.04591760620849475,-0.192073863086404,-0.6129451176370907,2.0449225175903128e-05,0.0005510840486748591,0.0009458658906865243,0.007738702392350681,36.591667
3912,0.30131153418818996,-133.33983938770214,-1.148021501085408,-6.361962696248012,0.03381042626311868,-0.18809952214599826,-0.6149617366311122,2.1063082577154148e-05,0.0005658895983361853,0.0010098628379842818,0.008733390318302881,36.6
3913,0.291468632631235,-133.40021080058884,-1.0845219017246832,-6.774224318918179,0.021689365158263058,-0.18377640145957339,-0.6168130335698179,2.1689592174889113e-05,0.0005811606382373997,0.0010718744207888532,0.010077122297531124,36.608333
3914,0.2822590408364726,-133.46423744857088,-1.0095504760854765,-7.200209072205353,0.009582474106010713,-0.17910735138585576,-0.6184911038532012,2.2316186588620488e-05,0.0005968730026597295,0.0011292198871295331,0.011876286099682271,36.616667
3915,0.2737911586139482,-133.5319744662243,-0.922594621523824,-7.631285104430379,-0.0024875111453845113,-0.17410205829199293,-0.619987740413303,2.2926122840083785e-05,0.0006130248553122315,0.0011788948414760015,0.014227265022697388,36.625
3916,0.26619241875057315,-133.60335297683645,-0.8233781746171828,-8.05544482083267,-0.014494260543402094,-0.16878251383268894,-0.6212929197340158,2.3498356951463675e-05,0.000629642700515851,0.0012178957629259118,0.01718121237425572,36.633333
3917,0.25954678838825174,-133.67823346587545,-0.712129291485753,-8.458721279954275,-0.026419730251394408,-0.16314577322023216,-0.6224049864917667,2.4007970352083867e-05,0.0006467759814903702,0.001243684265285104,0.020695830267357086,36.641667
3918,0.2539742799725861,-133.75630051758404,-0.5894551670089117,-8.823940947759237,-0.038242275263731404,-0.1572159032115628,-0.6233162927727989,2.4427401817585266e-05,0.0006644859282368586,0.0012547343884804025,0.02458974309726231,36.65
3919,0.24956758763165854,-133.83705240150735,-0.4566164688283767,-9.133177603906887,-0.04993647042083178,-0.1510094526416383,-0.6240232422039922,2.472857755877447e-05,0.0006827944882114847,0.0012509343197158994,0.028518079426406294,36.658333
3920,0.24639947924896205,-133.9198764722522,-0.3154772920358038,-9.369408497384695,-0.06148404910624731,-0.14454062953300728,-0.624524003378335,2.488583611514133e-05,0.0007016237290878518,0.0012337180637755599,0.032002152421525765,36.666667
3921,0.2445460832664294,-134.00396242925797,-0.1684413866444663,-9.5176466844807,-0.07286527507742603,-0.13784254016147837,-0.6248140511269912,2.4879288418093313e-05,0.0007207253249283704,0.0012057517462414568,0.03452397142961333,36.675
3922,0.24403764352868862,-134.08843455830544,-0.01839368634746328,-9.568552078585373,-0.08406383227983827,-0.13093593025088754,-0.6248932444408101,2.469789372793844e-05,0.0007396226717621179,0.001170230034886128,0.03566487697218835,36.683333
3923,0.24488300630724363,-134.1723611177921,0.1315620734001623,-9.51905508529398,-0.09506567799289473,-0.12384715517439229,-0.6247614838472049,2.4341512712897962e-05,0.0007576119581103511,0.0011300728550167278,0.03523664541522357,36.691667
3924,0.24706902942952816,-134.25479755562642,0.2783351042461871,-9.37281748520895,-0.10585853123036576,-0.11660951135984177,-0.624418694388764,2.3821338181444424e-05,0.0007738221670728702,0.001087318938682273,0.03333965976828577,36.7
3925,0.2505319397575621,-134.3349417676926,0.41910768093384887,-9.140628222544226,-0.11643053188994622,-0.10923920317546448,-0.6238695700299974,2.3158510424742634e-05,0.0007873319643654608,0.0010429706067976502,0.030321004024367985,36.708333
3926,0.25521687270703824,-134.41202637593022,0.551521345605921,-8.836747547555175,-0.12677491096111626,-0.10177735851087238,-0.6231147598326896,2.238132273455108e-05,0.0007973191283353741,0.0009972590034522176,0.026656146553266178,36.716667
3927,0.26103405299349486,-134.4854729632005,0.6737915343162153,-8.478535704120487,-0.13688480167675934,-0.0942542795021266,-0.6221584963186224,2.152165891517389e-05,0.0008031758628186842,0.0009501132599994394,0.022815015080921507,36.725
3928,0.26787071219573205,-134.55495769843733,0.784780582676655,-8.083970518692801,-0.14675740992430006,-0.08668429775537133,-0.6210077357255456,2.0611528682134783e-05,0.000804588054102952,0.0009015803305057873,0.019164163546636772,36.733333
3929,0.27562815923664724,-134.62021850872503,0.8838824012182379,-7.6690810478414235,-0.1563923056210865,-0.07910102054797633,-0.6196668362650928,1.968031857692922e-05,0.0008015511796853521,0.0008520291338690098,0.01592799527721579,36.741667
3930,0.28419853506934223,-134.68110344549314,0.9709561299577735,-7.247783405629982,-0.16578579325175383,-0.0715399837918677,-0.6181420663172391,1.8752999669249018e-05,0.0007943247945007518,0.0008021487497614525,0.013200476913367955,36.75
3931,0.2934798942007438,-134.7373332915632,1.0461641180954975,-6.831174920172229,-0.17492405502680677,-0.06408048835517297,-0.6164395985505322,1.784933242298668e-05,0.0007833661028861955,0.0007528146353188666,0.010981282672545115,36.758333
3932,0.3033204227503318,-134.78982617737802,1.1102621509736568,-6.42807768187041,-0.18383417871476965,-0.056596360257875074,-0.6145765692066587,1.6983851854432665e-05,0.0007692512330306794,0.0007049206377240825,0.009216215571462589,36.766667
3933,0.31364800328962766,-134.8384410920382,1.163810965035952,-6.043585523851787,-0.19250698503689118,-0.049163923540352004,-0.6125573295701592,1.6166413482777806e-05,0.0007526207489415829,0.0006592426101036342,0.007828411412293667,36.775
3934,0.3243641295803664,-134.8834998954035,1.207583179175671,-5.681221605637422,-0.20094163498272966,-0.04177663869508814,-0.6103930573538723,1.5402918871934236e-05,0.0007340996820469867,0.0006163647916308592,0.006740377353896538,36.783333
3935,0.33539245452937155,-134.92551766313082,1.2423871265283666,-5.342572059980214,-0.20914909644583723,-0.03438926168856082,-0.6080925479007333,1.4696174364075337e-05,0.0007142713345079742,0.0005766588360662748,0.005883647600391303,36.791667
3936,0.3466518623188873,-134.9644721075601,1.2689261552024547,-5.028361958372586,-0.2171104115119842,-0.027063172728396628,-0.6056675379867819,1.404667990473546e-05,0.000693650352826089,0.0005403010063478347,0.005202507538954695,36.8
3937,0.35807778686327085,-135.00025139350092,1.2878570971414232,-4.738331139468635,-0.2248185686866042,-0.019887987975602327,-0.6031281719369349,1.345332233051802e-05,0.000672677118891149,0.0005073057088345132,0.0046538618584897485,36.808333
3938,0.3696015895257058,-135.03351982787257,1.2999261653170864,-4.471559736392282,-0.23228040413797135,-0.012779996710774072,-0.600487300626394,1.291392768759825e-05,0.0006517135385308287,0.00047756751520283176,0.004205438371293554,36.816667
3939,0.3811667588756335,-135.0645945195625,1.3057556091752436,-4.226800387742383,-0.23949238242251492,-0.005722462246385003,-0.5977567773462937,1.2425691158903094e-05,0.0006310500501572906,0.00045090203955977043,0.003833435279560423,36.825
3940,0.39272330215730494,-135.09366338324267,1.3058926756540925,-4.002633582015151,-0.2464492851406223,0.001276440991405134,-0.594948429049167,1.1985488773567845e-05,0.0006109110530514068,0.0004270778552881976,0.003520489202206737,36.833333
3941,0.4042265090176171,-135.12095255917782,1.3008365924721788,-3.7975542836601157,-0.2531464567964738,0.008222163767463615,-0.5920741339649724,1.1590097473745791e-05,0.0005914633708190743,0.0004058414085220171,0.0032539485809578985,36.841667
3942,0.4156333210150321,-135.14669504106416,1.2910396143922167,-3.6100745365251634,-0.2595765921142862,0.01512728677094864,-0.5891465613048107,1.1236342122327666e-05,0.0005728251489936293,0.000386935013111982,0.0030245394222011435,36.85
3943,0.42690931590816117,-135.17103827676843,1.27689613039371,-3.4387321791368883,-0.2657354484502,0.021987542505380687,-0.5861772190110643,1.0921187930081542e-05,0.000555075009331108,0.00037010878208918824,0.002825386292551588,36.858333
3944,0.438020446208374,-135.19413046445825,1.2587634120905773,-3.2821605905121864,-0.2716171822471945,0.028802603219609306,-0.583178385257777,1.064179197225404e-05,0.0005382586867599576,0.0003551279121709125,0.0026513217470056456,36.866667
3945,0.4489414262794518,-135.21601161502176,1.2369515129768234,-3.139059204848029,-0.27722285668859087,0.035546450524906834,-0.5801607107177263,1.0395527831291392e-05,0.0005223966048502694,0.00034177668025527807,0.0024983921011469163,36.875
3946,0.4596369807701943,-135.2369790189019,1.2117671886718542,-3.0082876966186634,-0.28253758369295207,0.04226652135825196,-0.5771382569620737,1.017999056546581e-05,0.0005074885906330746,0.0003298600962534742,0.0023635205592619614,36.883333
3947,0.4700859973220762,-135.25699590955608,1.183458390045103,-2.8887456075750024,-0.2875646194765982,0.048921978700413794,-0.5741217138388999,9.992991085594883e-06,0.0004935212460782266,0.00031920403926240844,0.0022442589548263055,36.891667
3948,0.4802616431316522,-135.27628593879962,1.152271590402669,-2.7794744794110953,-0.29229187437328846,0.05554753602569914,-0.5711238430435411,9.832541564756551e-06,0.00048046947150989783,0.0003096544275547052,0.0021386342479559183,36.9
3949,0.49014431872320063,-135.29489795902094,1.1184191451873013,-2.679578762932426,-0.29671756410605427,0.06213153898017994,-0.5681556755774988,9.696838335599123e-06,0.0004683012152013465,0.0003010758460746754,0.002045025551190751,36.908333
3950,0.4997129985737715,-135.31287380397,1.0820959615896115,-2.5882598739129454,-0.30083941537183273,0.06866153929835273,-0.5652289375606265,9.584242531424541e-06,0.00045697902426355237,0.00029334996148693834,0.0019620862246359366,36.916667
3951,0.5089486462922725,-135.33031439853403,1.0434852140735709,-2.5048031271649003,-0.30465172864642104,0.07514462700013391,-0.5623549785871539,9.4932610864787e-06,0.00044646265397260785,0.0002863738462003469,0.001888683593044013,36.925
3952,0.5178340901863556,-135.3472776382846,1.002754179005998,-2.4285614729340765,-0.30815160299801503,0.08157700805479792,-0.5595447202883619,9.422528452770923e-06,0.00043671049659845586,0.0002800583096438321,0.001823855675690885,36.933333
3953,0.5263557727309403,-135.36377584147735,0.9600570265875509,-2.3589416427687384,-0.31134137704104264,0.0879426071328364,-0.5568080077269606,9.370789745641716e-06,0.00042768068294139186,0.00027432635999087313,0.0017667797017286828,36.941667
3954,0.5344957430396039,-135.37996304608987,0.9155431451366087,-2.2954493360443364,-0.31420801507549007,0.09426998971272502,-0.554156119679178,9.336885535529433e-06,0.00041933165829788425,0.00026911179810585863,0.001716748504836069,36.95
3955,0.5422394022975817,-135.39584016306478,0.8693459617289732,-2.2376147655909784,-0.3167524214886336,0.1005418842966921,-0.5515992618370311,9.319738580440463e-06,0.00041162364544659066,0.00026435790931329334,0.001673150380498068,36.958333
3956,0.5495764641975852,-135.4113897890749,0.8215925579172646,-2.1850049120795947,-0.3189802378442283,0.10673630798863976,-0.5491461381980154,9.318342145542907e-06,0.0004045186666342107,0.0002600163765529006,0.0016354558422895025,36.966667
3957,0.5564957256816555,-135.42668141156187,0.7724065497259562,-2.13725281991382,-0.3208876621947017,0.11285936920246731,-0.5468056178482809,9.331750007356016e-06,0.0003979804123870036,0.000256046289758223,0.0016032064109127511,36.975
3958,0.5629833034359256,-135.44177388050414,0.7219023027824052,-2.094039975524418,-0.32246946744833405,0.11891420058330925,-0.5445873374760198,9.359068097099856e-06,0.00039197475019181233,0.0002524132689657447,0.0015760046751994291,36.983333
3959,0.5690293260236641,-135.45669141848575,0.6701900868070786,-2.0550699099083225,-0.32372576605052183,0.12489411882634228,-0.54249940106289,9.399447571738183e-06,0.0003864702528320608,0.00024908872964236325,0.001553506606662162,36.991667
3960,0.5746273679148798,-135.47139602653954,0.6173754402960707,-2.0200608498797497,-0.3246662585023852,0.13077333692855592,-0.5405484877553842,9.452079089882828e-06,0.00038143775547775136,0.000246049251161011,0.0015354157289128494,37.0
3961,0.579765741084186,-135.48597725529456,0.5635597890596815,-1.9888026499622171,-0.3252816920792569,0.1365667153088876,-0.5387428567914352,9.516188268596649e-06,0.00037685006475974035,0.0002432760350633653,0.0015214782628741252,37.008333
3962,0.5844379870193857,-135.5004520883032,0.508842775250645,-1.9610874726151943,-0.32557390944478704,0.14226699333717002,-0.5370886749612576,9.591032242423538e-06,0.0003726826614192226,0.00024075443817291037,0.0015114782185198386,37.016667
3963,0.5886375472074044,-135.51478425131305,0.45331763046762313,-1.936723093574556,-0.3255523591277275,0.14784977761615886,-0.5355918384378383,9.675897036977273e-06,0.00036891303765081,0.00023847359214762619,0.001505234219593362,37.025
3964,0.5923570702290237,-135.5290903839808,0.3970805655025306,-1.9155793287958116,-0.3252036001632342,0.1533404538456606,-0.5342582112904566,9.770095817068628e-06,0.00036552074632051514,0.0002364260757491043,0.0015025967644975565,37.033333
3965,0.5955902047323306,-135.54327908402257,0.340216068122655,-1.8974984187412145,-0.3245452938941359,0.1586970313521383,-0.5330929723108226,9.872967848716476e-06,0.000362487466826212,0.00023460766646823028,0.001503445188588968,37.041667
3966,0.5983336776358794,-135.55746298958584,0.28281994049270454,-1.882387328430657,-0.3235651828499368,0.16394464436715794,-0.5320998390402061,9.983878094924027e-06,0.0003597968533645467,0.000233017104271676,0.0015076865824434674,37.05
3967,0.6005825609695592,-135.57164787467352,0.22497826999395484,-1.870151241760713,-0.32226601146821143,0.1690732396273421,-0.5312827591502345,1.0102217373492942e-05,0.00035743416771244637,0.00023165595881044675,0.001515253213619198,37.058333
3968,0.6023324624244731,-135.58586115067092,0.1667769101411661,-1.860719175918547,-0.32064701475742385,0.17407977429395596,-0.5306451137859631,1.0227403049134177e-05,0.0003553864720248142,0.00023052849906558638,0.001526101803563817,37.066667
3969,0.6035827460273161,-135.6000548029571,0.10830123481289211,-1.8540125480766183,-0.3187222418379974,0.17893789292136247,-0.5301885284600414,1.0358880174122945e-05,0.00035364253112635496,0.00022964162020170148,0.0015402124898207445,37.075
3970,0.6043279621616628,-135.61433566215962,0.049636160438383495,-1.8500197190884757,-0.3164760791002649,0.1836693913156639,-0.5299159921412605,1.0496123034960337e-05,0.0003521924093928983,0.00022900476998259005,0.0015575883282657834,37.083333
3971,0.60456963815644,-135.62867084232212,-0.009131602937869828,-1.8486978966569043,-0.313920542064542,0.18825296544952527,-0.5298275445325243,1.0638637100969773e-05,0.0003510279803415468,0.0002286300142991957,0.0015782544372448042,37.091667
3972,0.6043049862666705,-135.6430454319682,-0.06792256638607794,-1.8500326781196235,-0.31106292794995966,0.1926719977331025,-0.5299243991558925,1.0785961269293971e-05,0.00035014217266692493,0.00022853201065993942,0.0016022579890852522,37.1
3973,0.6035346827775889,-135.65756788754717,-0.12664524153830342,-1.854056493834091,-0.30788819522618466,0.19694889670738325,-0.5302060957798461,1.0937670476624692e-05,0.000349529468437453,0.0002287280804736781,0.0016296686041416735,37.108333
3974,0.6022592796163315,-135.6722132959417,-0.18521687873399803,-1.8607812939463895,-0.3044063825429971,0.2010639038164309,-0.5306718133886362,1.1093378567280448e-05,0.0003491855289966236,0.00022923840323479296,0.0016605773923434217,37.116667
3975,0.6004810656289509,-135.68698782238837,-0.24355079368728472,-1.8702426434609087,-0.3006225445021657,0.2050072734569617,-0.5313196930688585,1.1252741464025593e-05,0.0003491072575859401,0.00023008608675682653,0.0016950981867184319,37.125
3976,0.5982008756760475,-135.70190772134316,-0.3015623983467991,-1.882498616989306,-0.29653910868232386,0.20877157369386215,-0.5321480054602115,1.1415460605511873e-05,0.00034929266094560875,0.00023129737601861261,0.0017333676579129652,37.133333
3977,0.595422595661925,-135.7170253028053,-0.35915957264967796,-1.8976332260577662,-0.2921521893063162,0.2123603981960222,-0.5331535165761859,1.1581286653833569e-05,0.00034974104856618285,0.0002329018995829221,0.0017755460984862647,37.141667
3978,0.5921416684289377,-135.7325005891098,-0.41625530999835636,-1.91579577456021,-0.2874305989879256,0.21580449941856508,-0.5343356449574976,1.175002345839677e-05,0.0003504527591300817,0.00023493300235971723,0.0018218173157455175,37.15
3979,0.5883775877814631,-135.74802255399118,-0.4727571685438567,-1.9369727479571617,-0.282454923818005,0.21900583643134533,-0.5356847695202579,1.1921532333241364e-05,0.00035143005450892175,0.00023742824196901248,0.001872389673573507,37.158333
3980,0.5841265718955526,-135.76382364435378,-0.528571861102681,-1.9613773582098613,-0.27717941537034263,0.22201576982409582,-0.5371992947876693,1.2095736533435579e-05,0.00035267473250310914,0.0002404292071051542,0.0019274972374228214,37.166667
3981,0.5793983286660547,-135.77993605277985,-0.5835961083653063,-1.9891658335733546,-0.2716067100899139,0.224830608407503,-0.5388724387396756,1.2272626090444262e-05,0.00035419072779462014,0.00024398265282915503,0.001987399261365916,37.175
3982,0.5741967407392321,-135.7962874712438,-0.6377444633199187,-2.0204859094380203,-0.2657609603765556,0.2274160054429808,-0.5406991631989909,1.245226293616062e-05,0.00035598270049491334,0.0002481408335642784,0.0020523797154720948,37.183333
3983,0.5685307337488863,-135.81295286621315,-0.6909090749543156,-2.055560104818672,-0.25963587558210866,0.229779154903323,-0.5426723364596969,1.263478634584774e-05,0.0003580567804564456,0.0002529619192176354,0.002122750367298966,37.191667
3984,0.562407336481349,-135.83015850339038,-0.7429681086148288,-2.0947029999064393,-0.25318919223905473,0.23196298452983624,-0.5447852048443919,1.2820418692668502e-05,0.0003604200983902089,0.00025851096316504603,0.0021988473382575494,37.2
3985,0.5558428308346007,-135.84777388330855,-0.7938138401255284,-2.138114863790611,-0.2464647174760514,0.23391980319290237,-0.5470275874118636,1.300947166107455e-05,0.0003630810946695254,0.0002648611037984842,0.0022810274965749484,37.208333
3986,0.5488379183510538,-135.86560839269336,-0.8433721410017886,-2.186009493824424,-0.23951610300586104,0.23558508542712903,-0.5493944089642505,1.3202352782870835e-05,0.0003660486918841117,0.00027209376070774625,0.0023696695987690123,37.216667
3987,0.5414104585918313,-135.88411821982166,-0.8914678574218233,-2.23890046272428,-0.23225248653037947,0.23705647837809649,-0.551874552081749,1.3399572146544262e-05,0.0003693341333386025,0.00028029922928316675,0.0024651797900696387,37.225
3988,0.5335694402355614,-135.90310653183005,-0.9380048378725998,-2.2970710944225923,-0.2247334977630316,0.23826823606617065,-0.5544597508756691,1.3601749606622418e-05,0.0003729490965428538,0.00028957972465086404,0.0025679666181101903,37.233333
3989,0.5253310932130826,-135.92267990756102,-0.982837104956729,-2.3609774671504766,-0.2169510527923536,0.2392292612795236,-0.5571392230995255,1.3809622327463613e-05,0.0003769069253208462,0.00030004871080085196,0.002678453344930722,37.241667
3990,0.5167125473494584,-135.94280682529362,-1.0258277225566481,-2.4310604338181996,-0.20893121378308946,0.23991695786429815,-0.5599018788254471,1.4024052282036178e-05,0.0003812218917072668,0.0003118331383422999,0.002797060285185393,37.25
3991,0.5077281727720032,-135.96361697090288,-1.0668186063229093,-2.5078952167996227,-0.20066150603600244,0.24034132633210983,-0.5627375227655302,1.424603377453323e-05,0.00038590926709631385,0.0003250742909192556,0.002924198943789382,37.258333
3992,0.4983979928646753,-135.98521360506152,-1.105634968620511,-2.5921051689965777,-0.1921389326843072,0.24050585095082147,-0.565634227112678,1.4476700715417752e-05,0.00039098574119991324,0.00033992972742200137,0.0030602567734748626,37.266667
3993,0.48873375020371396,-136.00750931505564,-1.1421360778220517,-2.6842832775770646,-0.18340479665532147,0.2403723665548982,-0.5685827280498572,1.4717333376038945e-05,0.00039646884447202115,0.0003565745873130837,0.0032055811399850473,37.275
3994,0.47876395748948286,-136.03069231140864,-1.176098937579955,-2.7852335540605013,-0.17444149424560199,0.23996205163238307,-0.5715687986041043,1.496936373611373e-05,0.00040237802867433504,0.0003752014052053389,0.0033604825056920236,37.283333
3995,0.4684923035857443,-136.0549709782131,-1.207331391005289,-2.895877271931868,-0.16522002192861024,0.23928215021953242,-0.5745858592205578,1.5234378760822409e-05,0.0004087326023517457,0.00039602245491018206,0.0035252007265839116,37.291667
3996,0.45797214709985345,-136.08018695303755,-1.2355843563862245,-3.0169672158916137,-0.15581758579661356,0.2382992550274409,-0.577613069178565,1.5514121159572363e-05,0.00041555478872206856,0.0004192694446980796,0.003699919638506511,37.3
3997,0.44721607282431447,-136.1064721017317,-1.26063335460212,-3.1495360721720433,-0.1462299271318145,0.2370107745681267,-0.5806420703201249,1.581048451586601e-05,0.0004228634251703536,0.0004451908613713307,0.0038847651695773544,37.308333
3998,0.4362544699511512,-136.13401077661806,-1.282185338608603,-3.2947356755695996,-0.1364484288376676,0.23542628691705703,-0.5836598344688279,1.6125501301828145e-05,0.00043067913071962686,0.0004740498589879962,0.004079870023821678,37.316667
3999,0.4251196796144773,-136.1629473389359,-1.2999264261757546,-3.4537832403404405,-0.12647704298711346,0.23354607793734156,-0.5866534750202381,1.6461321921915236e-05,0.00043902159078929243,0.0005061197824892254,0.004285452067260635,37.325
4000,0.4138243715602672,-136.19348908802763,-1.3135498703153308,-3.628067582842914,-0.11630258664677101,0.2313638842587907,-0.5896159547332104,1.6820179906374013e-05,0.0004479089179084632,0.000541674982219186,0.004502000553565769,37.333333
4001,0.4024396081435219,-136.22545320402332,-1.3226675274042867,-3.818674156167031,-0.1060204680249019,0.22885667879240557,-0.5925257746359145,1.7204339146374636e-05,0.00045735978395111795,0.0005809768515910474,0.0047306237706049616,37.341667
4002,0.3909866015945201,-136.25913512217923,-1.326882291559174,-4.027156046008947,-0.09560349482626557,0.2260319528694707,-0.5953755459665921,1.7616013124826406e-05,0.00046738467462922845,0.0006242506454665276,0.0049735600531056485,37.35
4003,0.3795170282477631,-136.2947891990492,-1.3256905939228887,-4.255006390423971,-0.08504552556809325,0.22290119737334071,-0.5981511744253102,1.8057250751585986e-05,0.00047799228112620006,0.0006716599540847082,0.005235034039458457,37.358333
4004,0.3680711729471792,-136.33251308144497,-1.3186220676257714,-4.503586270504293,-0.07437578319575085,0.2194513629589075,-0.6008426206965486,1.8529780134412113e-05,0.0004891841829317524,0.0007232677293216784,0.005522476758825298,37.366667
4005,0.35668560059008736,-136.37267452867638,-1.3051094589193482,-4.774411845291957,-0.06356656951018444,0.21568448992597639,-0.603441798951712,1.9034796112375463e-05,0.0005009559928644953,0.0007789815057099669,0.005848400350632964,37.375
4006,0.3454445267123188,-136.41529010409107,-1.2845099677375673,-5.0682631668588805,-0.052678027513857396,0.21160070436644116,-0.6059312502296571,1.957268221858404e-05,0.0005132975628240895,0.0008384920493061336,0.006232854332556122,37.383333
4007,0.3344149449065427,-136.46037545783008,-1.2562103939782805,-5.385526316413045,-0.04176447517809687,0.20719561552216795,-0.6082994478030439,2.014264911853345e-05,0.0005261860708008724,0.0009011908773870987,0.006706487615992707,37.391667
4008,0.3236608392340376,-136.5083653179161,-1.2194586116300028,-5.726347736894976,-0.030791600406339284,0.20248125362459135,-0.6105372486188131,2.0742282608034196e-05,0.0005395906582118909,0.0009660865717915356,0.00731404814303475,37.4
4009,0.3132521144974019,-136.55942146276882,-1.1735610160276773,-6.089736100199128,-0.01978341935466508,0.1974546408738767,-0.6126359390306824,2.1367013048667534e-05,0.0005534763409521724,0.001031735767205427,0.008117292050385892,37.408333
4010,0.30327107210574306,-136.61372714306742,-1.1177985093477647,-6.473409770131989,-0.008757720016479906,0.19211920422370357,-0.6145860610073774,2.2009525818443734e-05,0.0005678090570268967,0.0010961894391117995,0.00919612361865218,37.416667
4011,0.2937868629455731,-136.67163648996268,-1.0514839825334477,-6.873864111707253,0.0023041150979113754,0.1864670502680594,-0.6163823836661335,2.2659158983216404e-05,0.0005825619697281131,0.0011570015763508034,0.01064505553663953,37.425
4012,0.28492626071491073,-136.73286411462317,-0.9740830070629174,-7.284295489958816,0.01330755110642851,0.18052268702792887,-0.6180105025222196,2.330138885556993e-05,0.000597727934060758,0.0012113386654512557,0.01256198312166754,37.433333
4013,0.2767584749706411,-136.7978770086178,-0.8851351617754646,-7.697066787031404,0.02430928069314143,0.17427146489331202,-0.6194683430750285,2.3917521729290218e-05,0.000613318943708979,0.0012561903279437636,0.015024820129951618,37.441667
4014,0.26941284161511647,-136.8661768179865,-0.7845990877233974,-8.1002537896012,0.03521033575207868,0.16774816991678265,-0.6207441473117536,2.4484804631433786e-05,0.0006293812139283689,0.0012887708640108473,0.018056554415725283,37.45
4015,0.26297800320070336,-136.93788970288486,-0.672644134440802,-8.480749022367926,0.04603973240110668,0.16095039589428475,-0.6218342430084625,2.497714996400561e-05,0.0006459772857024017,0.0013069602801513247,0.021581358044557724,37.458333
4016,0.2575348335850462,-137.01296952783545,-0.54990691511354,-8.823679761206838,0.056809610590171894,0.1538660148291721,-0.6227362445700283,2.536664405344378e-05,0.0006631686162460078,0.0013098018959358001,0.02538715007896614,37.466667
4017,0.2532015435291491,-137.09072065718735,-0.41763603982481173,-9.111764601019617,0.06746009344937443,0.1465359987212863,-0.6234411355906481,2.5625925558283915e-05,0.0006809699860637675,0.0012977970429091643,0.029116075555548397,37.475
4018,0.25003061897186485,-137.1707142421619,-0.27761212797351875,-9.33015080932524,0.07798587503249535,0.13895215312810863,-0.6239495292990281,2.5731178369415268e-05,0.0006992768863333677,0.0012728467671671388,0.03230336962069303,37.483333
4019,0.2481056677686477,-137.2519422586365,-0.1321952637389042,-9.46490622346633,0.08833209305347889,0.13116984643483387,-0.6242550964141612,2.5665353317565816e-05,0.0007178124834669891,0.0012378507829364294,0.03447466196112149,37.491667
4020,0.24744029870037956,-137.33388540450872,0.015996920617775683,-9.508256537076084,0.09851269217381743,0.12317519486720317,-0.6243601793244772,2.542090287582718e-05,0.000736076275549365,0.0011959585348815538,0.035273192088679024,37.5
4021,0.24806111692034463,-137.41565799428318,0.1640797124922849,-9.456750089961142,0.10851063902119551,0.11499883980916444,-0.6242621410415323,2.5001370564312786e-05,0.000753363665842957,0.0011498504249480184,0.034568752224228234,37.508333
4022,0.24994516470278896,-137.49636838886002,0.3091321879363529,-9.313982403439102,0.1183022362720449,0.1066634392820462,-0.6239631433743171,2.442131471213959e-05,0.0007688252194106691,0.0011012616824176695,0.032497073984653534,37.516667
4023,0.2530599791798474,-137.57545691495037,0.4485842707878305,-9.0886238645873,0.1279006482089983,0.09816628543733691,-0.6234639662940862,2.370455132822583e-05,0.0007815899954525545,0.0010509707332638809,0.029410878450076984,37.525
4024,0.25733481260192204,-137.65215166482756,0.5801392945429519,-8.794253457723885,0.13727726051238484,0.0895331790907326,-0.622769039262648,2.2881120811635432e-05,0.0007908943764871812,0.0009991383108531081,0.025766980067736662,37.533333
4025,0.2627047436267835,-137.7258828642317,0.7020554891280011,-8.446165443192285,0.14642570132890734,0.08079192891009532,-0.6218799650168221,2.198374305245437e-05,0.0007961985408626599,0.0009457765342045892,0.022005247962111094,37.541667
4026,0.269072478016152,-137.7962987544278,0.8131624356471309,-8.060909611144329,0.15533727890949334,0.07195248004743768,-0.620802450923011,2.104445841005107e-05,0.0007972413242107032,0.0008911146542465007,0.0184630623459397,37.55
4027,0.2763558496595951,-137.86303674442905,0.9127618788245939,-7.653549164533593,0.16400597083508162,0.06305402687473302,-0.6195391383127645,2.009206946444219e-05,0.0007940513011035675,0.0008357409536500912,0.015342770143644904,37.558333
4028,0.2844313447855069,-137.92608636793057,1.0006953385701736,-7.238081616347023,0.17242116882089736,0.05409091776367614,-0.6181000128085412,1.915055857409804e-05,0.0007868982406984605,0.0007805449494721848,0.012724680947858454,37.566667
4029,0.29321617995666827,-137.98533289006414,1.0770826238164377,-6.825068889751791,0.18058272904220016,0.04510063494089557,-0.6164887049862304,1.8238517824160498e-05,0.0007762375040057329,0.0007265447122669725,0.010601090338290578,37.575
4030,0.3026043215183735,-138.0408626714685,1.142352040855259,-6.423042085533717,0.1884837707752112,0.03609558047236461,-0.6147141530018003,1.736926088909488e-05,0.000762622798409847,0.0006747116510510249,0.008915371645364024,37.583333
4031,0.3124947335402013,-138.0929940878089,1.197141062743476,-6.0379642835139276,0.19612191534885,0.02705459541991039,-0.6127860604342787,1.655144712955284e-05,0.0007466494839444531,0.0006258399462328862,0.0075915577858138225,37.591667
4032,0.32279833173952666,-138.1416247625172,1.2420827122463154,-5.673758341613371,0.2034838562142618,0.018045639241939596,-0.6107136709134023,1.5789914215451088e-05,0.0007289036196029989,0.0005804842861578538,0.006553579767348079,37.6
4033,0.3334396259608362,-138.18705449393676,1.2779216879185318,-5.332459701019532,0.21057453028747897,0.009064986567407198,-0.6085053047334431,1.5086548157513181e-05,0.0007099264475517146,0.0005389528190039561,0.005735079505958366,37.608333
4034,0.34434080809085477,-138.22955507330425,1.3053997372269837,-5.014985291713092,0.21739030132669987,0.0001134091928205822,-0.6061715571547726,1.444108218093806e-05,0.0006901933604692884,0.0005013398335952062,0.005082510836787373,37.616667
4035,0.3554324437901582,-138.26935202649707,1.3252212691028555,-4.721315649334084,0.2239274347767975,-0.008799335062873353,-0.6037231056806874,1.3851779902940037e-05,0.0006701093142781377,0.00046757277744774857,0.004554746644397882,37.625
4036,0.3666511058142049,-138.30667750811295,1.3380501371078726,-4.450794944853155,0.23018200462919955,-0.017666681868185055,-0.601171061988725,1.3315974314999542e-05,0.0006500081801932968,0.00043746193804492883,0.004121197482968141,37.633333
4037,0.3779435697023617,-138.34168641558335,1.344486938510563,-4.202339207799785,0.23615428861776888,-0.02646708833847723,-0.5985258205610839,1.2830475643841912e-05,0.0006301574210359813,0.00041074470246300925,0.0037595252675877147,37.641667
4038,0.38925588679897344,-138.3745909412967,1.3450942558560635,-3.9746590305325706,0.24184067411218765,-0.035194755842679074,-0.5957994043150235,1.239186460275534e-05,0.000610764112293876,0.0003871207490516551,0.003453555991702291,37.65
4039,0.40053842666247,-138.40564272565416,1.3403873118336134,-3.7663366687590356,0.24723474707081292,-0.04385754936890041,-0.5930042224809076,1.1996696625419095e-05,0.0005919846632927479,0.0003662780652598365,0.003191560682143045,37.658333
4040,0.4117493608698037,-138.43493866504622,1.3308139720243861,-3.5759127446222276,0.2523375226427319,-0.05242987248753502,-0.5901520107679628,1.1641634011195374e-05,0.0005739327584488646,0.0003479105640324395,0.0029649675572963885,37.666667
4041,0.4228506357596995,-138.46269343438024,1.316789276414619,-3.401944099947332,0.2571447481134467,-0.06091892580664059,-0.5872546088982504,1.132352544643746e-05,0.0005566859783084679,0.0003317289902586634,0.0027674347695054464,37.675
4042,0.4338024439238433,-138.48906060177316,1.298684915362162,-3.243073718266918,0.2616508630371944,-0.06932014915689506,-0.5843252993570938,1.1039448913484746e-05,0.0005402926318232266,0.0003174671418023798,0.0025941842191930624,37.683333
4043,0.4445745632502469,-138.5141730194777,1.276830989349289,-3.097997529318172,0.2658546713414134,-0.07762811560779646,-0.5813756806653781,1.0786729335014889e-05,0.0005247787135800434,0.00030488458667670695,0.002441541292731634,37.691667
4044,0.4551439700075743,-138.53810391820065,1.2515201163471212,-2.965493141407334,0.2697617476271444,-0.08582567217471736,-0.5784159975215994,1.0562937969065512e-05,0.0005101514241684631,0.000293767081008766,0.0023066243834169026,37.7
4045,0.4654738600921129,-138.5610366697904,1.2230303740912682,-2.8444935379718204,0.27335910178141504,-0.09392557298850916,-0.5754609464490517,1.036588155718778e-05,0.0004964027878799808,0.00028392564497352877,0.0021871297581083347,37.708333
4046,0.4755404465759421,-138.58307852058832,1.1916061500791864,-2.7339871137157767,0.2766444705523157,-0.10192522096404665,-0.572522138366945,1.0193586482584816e-05,0.0004835162933184047,0.0002751948994565033,0.0020811737200421435,37.716667
4047,0.48532097058814294,-138.60426202910358,1.1574664724209813,-2.63305316343248,0.27962232980401397,-0.10980374985175603,-0.5696112725969074,1.0044278054077624e-05,0.00047146736531390444,0.0002674308888323075,0.001987196065304312,37.725
4048,0.4947946151928647,-138.624653753575,1.1208140398171866,-2.540861258813079,0.28229438263740053,-0.11755172563466768,-0.5667397868578495,9.916359565035013e-06,0.00046022594659884773,0.0002605088824277871,0.0019038870562842058,37.733333
4049,0.503937359326717,-138.6443824707296,1.0818382684936931,-2.4566816555065234,0.2846518638188118,-0.12517847929957088,-0.5639203644316488,9.808391561859064e-06,0.0004497583605716565,0.00025432118159004693,0.00183013490859935,37.741667
4050,0.5127333952815432,-138.66350406269692,1.0407110982250432,-2.3798363901129274,0.28669698140904476,-0.13267641092807309,-0.5611633661512367,9.719072371781478e-06,0.0004400295120203039,0.00024877506262233946,0.0017649864537224815,37.75
4051,0.5211666509917451,-138.68203963141784,0.9975905966071038,-2.309716226453879,0.28843574287859897,-0.1400292828679406,-0.5584793056556,9.647219877424733e-06,0.00043100288827749127,0.0002437909105325448,0.0017076210481644222,37.758333
4052,0.5292162662064106,-138.70012036354004,0.9526273426023388,-2.245803531171317,0.2898555942613475,-0.14725265797417736,-0.5558802945517506,9.591755332451242e-06,0.0004226418171952009,0.00023930056998209133,0.001657328612056744,37.766667
4053,0.5368731377982009,-138.71774096972288,0.9059603107415131,-2.1875962396798347,0.29096774001124265,-0.15432682998665223,-0.5533746619560936,9.551689085246042e-06,0.00041491097024408033,0.00023524585690123378,0.0016134915863946877,37.775
4054,0.5441190059876763,-138.7350080831495,0.8577208285271564,-2.1346824514347564,0.29176142295627766,-0.1612632197883389,-0.550973646097548,9.526107833771414e-06,0.00040777529055340835,0.00023157729702346359,0.0015755738616011067,37.783333
4055,0.5509421846048561,-138.75194243023304,0.8080322392649211,-2.0866719075395554,0.29224106175784625,-0.16805081810855002,-0.5486862464393415,9.514163932555541e-06,0.0004012018718499485,0.00022825301277493412,0.0015431083096193068,37.791667
4056,0.5573308841931032,-138.76859164083453,0.7570123235889548,-2.0432239416552886,0.2924061259622988,-0.17468712558900173,-0.5465213429768069,9.515066058492042e-06,0.00039515933839845473,0.00022523778245249438,0.0015156891330368066,37.8
4057,0.5632753731000087,-138.78490746943132,0.7047703452396007,-2.004015463327647,0.2922734742073115,-0.18114279156117527,-0.544486930987524,9.528071417200293e-06,0.0003896181799738794,0.00022250222513983746,0.0014929644502804467,37.808333
4058,0.5687665880814025,-138.80097712451712,0.6514164139637203,-1.9687864780079378,0.2918363275987491,-0.18742883443757857,-0.5425905478268548,9.552479229330508e-06,0.00038455071696227524,0.00022002211636438894,0.0014746306936873443,37.816667
4059,0.5737928586337264,-138.8168820787716,0.5970535832100194,-1.9373129571974566,0.2910858195354051,-0.19355420801950887,-0.5408403894859761,9.587625402272094e-06,0.00037993119567362776,0.00021777778894331836,0.0014604271198761008,37.825
4060,0.578348521444698,-138.83265390289105,0.5417841470543762,-1.909382451990225,0.2900239856108015,-0.19951528947899602,-0.5392422922124507,9.632878269661027e-06,0.0003757361948928861,0.0002157536516084997,0.0014501315094619096,37.833333
4061,0.5824216647213595,-138.84834177551411,0.4857013859901757,-1.884822136569111,0.2886458941339632,-0.2053118040209029,-0.5378039825115535,9.68763520054877e-06,0.00037194394583916644,0.00021393778147940333,0.0014435569743367356,37.841667
4062,0.5860091265865175,-138.86384944205076,0.42889788350636654,-1.8634402624694253,0.28698023704762216,-0.21090435021736495,-0.5365297860133039,9.751320102566451e-06,0.0003685351234835186,0.00021232158649798973,0.0014405488469716708,37.85
4063,0.5891077932786207,-138.87922411739248,0.37146924289692734,-1.8451020465127481,0.28502686530435317,-0.21629545269200137,-0.5354236414985206,9.823381572257554e-06,0.0003654918159547793,0.0002108995056041433,0.0014409828518514602,37.858333
4064,0.5917079706998443,-138.8945634982985,0.3135033642213924,-1.829714375752817,0.2827706549264883,-0.22149972888986555,-0.5344914774719621,9.90329175125638e-06,0.0003627976385273462,0.0002096687941256803,0.001444762538778368,37.866667
4065,0.5938075695588299,-138.90981876699965,0.25508831184028186,-1.8171609596802794,0.28023101658945254,-0.22649244965144721,-0.5337361335605156,9.990545790801063e-06,0.00036043848083937573,0.00020862936531969658,0.0014518175875095122,37.875
4066,0.5954007374229957,-138.92514523768858,0.19631478859118717,-1.8073996694928087,0.2773796213220664,-0.23130492426138313,-0.5331614111726982,1.0084661780958897e-05,0.00035840160818060624,0.0002077836318962859,0.001462102980058922,37.883333
4067,0.596488059570042,-138.94040396639417,0.137266246727612,-1.8003265324932762,0.2742573994059446,-0.23588817815882002,-0.5327683914723179,1.0185181200794266e-05,0.0003566761004236055,0.00020713647393597986,0.001475597356925651,37.891667
4068,0.597064339645475,-138.95572743344422,0.07802959953756307,-1.795930331847567,0.27084034743340046,-0.2402666021500239,-0.5325598358583166,1.0291669766229747e-05,0.0003552521709844703,0.0002066951017730613,0.001492303350920375,37.9
4069,0.597129133868167,-138.97106267479398,0.01868793808880047,-1.7941645840192544,0.2671495581016807,-0.2444148824222577,-0.5325363757834677,1.0403718701632116e-05,0.00035412182522551953,0.00020646912944101127,0.0015122463588294669,37.908333
4070,0.5966824190845819,-138.98645522406312,-0.040671545558052344,-1.7950256842598,0.2631828399548284,-0.24833459061399787,-0.5326980725832311,1.052094635439969e-05,0.0003532783375478775,0.00020647052915328954,0.0015354750250029519,37.916667
4071,0.5957239663861328,-139.0019757214301,-0.09996132609861297,-1.798534584902124,0.2589310363016678,-0.25203301145947826,-0.5330446437686163,1.0643000159839093e-05,0.0003527162539598139,0.00020671373182386,0.001562060859956152,37.925
4072,0.5942529013456417,-139.01761332163792,-0.15909973406930852,-1.804707046245232,0.2544047855170363,-0.25549515736454964,-0.5335756200814414,1.0769558945371878e-05,0.0003524314533532858,0.00020721574780776747,0.0015920984111304395,37.933333
4073,0.5922741132293255,-139.0334176618933,-0.2179940360794713,-1.813589603715402,0.24960168851790848,-0.2587234128334926,-0.5342880360038013,1.0900335543435778e-05,0.0003524212423761697,0.0002079962536311427,0.0016257063765864749,37.941667
4074,0.5897851263631588,-139.04942593245184,-0.2765631162657901,-1.8252478823154252,0.2445195355008498,-0.26171325741765283,-0.5351811658927191,1.1035079705178506e-05,0.0003526837989740927,0.00020907781972885573,0.0016630272952082809,37.95
4075,0.5867906713853448,-139.0655561713636,-0.3347225713965005,-1.8397250717555613,0.23919029264911645,-0.26443351020016465,-0.5362512799627144,1.1173581344825179e-05,0.00035321901554759234,0.0002104861145460256,0.0017042294207482791,37.958333
4076,0.5832953187072296,-139.0819971691209,-0.3923713712566893,-1.8571676441515015,0.23357482179665806,-0.2669179220262501,-0.537494314574441,1.1315674045203754e-05,0.00035402776363178793,0.00021225006947350804,0.0017495078403497294,37.966667
4077,0.5793111597876299,-139.09843771415103,-0.4494295845234737,-1.8775791605221712,0.2277698093963102,-0.26908511361972093,-0.5389031714805829,1.1461238921800793e-05,0.00035511200565670144,0.00021440246890802012,0.001799083352112027,37.975
4078,0.5748318517682183,-139.11520682763197,-0.5058030431108566,-1.9011994011655933,0.2216949807693798,-0.2709955058140659,-0.5404769042301835,1.1610208755227511e-05,0.00035647417205698727,0.00021697980473628077,0.0018532068241540784,37.983333
4079,0.5698697773726527,-139.13231527501074,-0.5613873764554745,-1.9281821455699049,0.21536140481562133,-0.27264062431985264,-0.5422075875182153,1.1762572489930943e-05,0.00035811916468091913,0.00022002337903777026,0.0019121579656201644,37.991667
4080,0.564433038066738,-139.1497947392222,-0.6160825937476019,-1.9587149066357363,0.20877351027612773,-0.2740143090827572,-0.5440884969385796,1.1918380170047627e-05,0.00036005237926209946,0.00022357956326044264,0.0019762455847922022,38.0
4081,0.5585296906038523,-139.16758318448538,-0.6697948796506153,-1.9929779976218034,0.20196207962457763,-0.275090594842275,-0.5461126218089444,1.2077748220288417e-05,0.0003622803552187308,0.0002277004213311736,0.0020458089936897894,38.008333
4082,0.5521652535838786,-139.18573877869542,-0.7224236015128518,-2.0312248596106977,0.1949249451604724,-0.27586758257046107,-0.5482735223562385,1.2240865089083328e-05,0.00036481090723134487,0.0002324442352545584,0.0021212200164085785,38.016667
4083,0.5453533926333287,-139.20435222220402,-0.7738492487663478,-2.073753860456646,0.18765417497810422,-0.27635159978144397,-0.550561728226294,1.240799730672652e-05,0.00036765349178981006,0.0002378764645166834,0.00220288255476072,38.025
4084,0.5381042282139633,-139.22341581218123,-0.8239637121035719,-2.120862093601193,0.1801686411630438,-0.2765272391693213,-0.5529687689326183,1.2579496050524048e-05,0.000370818431334993,0.0002440708069965109,0.002291228922003275,38.033333
4085,0.5304316139346144,-139.2432995326224,-0.8726128566971256,-2.1730447470955485,0.17238493679826639,-0.27644643496277244,-0.5554847566202257,1.2755804145430346e-05,0.00037431748815063524,0.00025111000856770587,0.002386721033326472,38.041667
4086,0.52234307919402,-139.26343914097268,-0.9197392777328225,-2.2304466448347777,0.1644772544848594,-0.2759931410089965,-0.5581017215070305,1.2937463732178534e-05,0.00037816355315255267,0.00025908808371394337,0.0024898375361512566,38.05
4087,0.5138616331931751,-139.28419776141024,-0.9651657247977036,-2.293653883173253,0.15636899490634174,-0.27522212796680084,-0.5608065891066245,1.3125123995153567e-05,0.0003823715856074705,0.00026810899234463217,0.002601093824833621,38.058333
4088,0.5049953687640795,-139.3055098627617,-1.0087776743569006,-2.3631207148567928,0.1480989135955306,-0.2741064627987854,-0.5635910498932375,1.3319549111572473e-05,0.00038695689454357033,0.0002782907254082379,0.002721008617357582,38.066667
4089,0.49576268649139055,-139.3275776721117,-1.0504060281594674,-2.43948826706699,0.13963654681219595,-0.2726644759522799,-0.5664434932312614,1.3521626824253286e-05,0.00039193710179899043,0.00028976539940393965,0.002850113251326967,38.075
4090,0.48618258602921355,-139.35042794800162,-1.0898914557157706,-2.5233836593969974,0.13100154088829394,-0.27088586842237755,-0.5693522242425572,1.3732376963953904e-05,0.00039733098001412643,0.0003026819597752322,0.002988928253779323,38.083333
4091,0.47627625839882093,-139.37418021603705,-1.1270496443265294,-2.615556008196725,0.12219070527702372,-0.26877290671355675,-0.5723050487604048,1.3952959818819211e-05,0.0004031585468912314,0.00031720723664663817,0.0031379556859398596,38.091667
4092,0.4660653620890749,-139.39887324136527,-1.16169431321307,-2.7167949598493717,0.11322490856512821,-0.26631596385701345,-0.5752898748903272,1.4184683724050335e-05,0.0004094408970326494,0.0003335279670406027,0.003297660444069674,38.1
4093,0.45556988454805775,-139.42461327192936,-1.193620402579246,-2.8280180743396963,0.10410875361779798,-0.2635115549364117,-0.5782953747966028,1.4429011273552232e-05,0.00041620022335508967,0.00035185175214625514,0.0034684613949927424,38.108333
4094,0.44481404711927264,-139.4514609798204,-1.2226059162960958,-2.9502161053983436,0.09486242766455387,-0.2603518517927092,-0.5813093374114118,1.4687563152408346e-05,0.00042346001496205147,0.00037240816036742693,0.0036507242098245563,38.116667
4095,0.43383409403110385,-139.4796953071166,-1.248350883590708,-3.084614786842823,0.08545456997905385,-0.2568540164228306,-0.5843167320838547,1.4962118180283561e-05,0.00043124443832198874,0.00039544849143406023,0.003844770336216086,38.125
4096,0.42265422936795344,-139.5092378013426,-1.2706166988025094,-3.2323307756689075,0.07594721227796089,-0.25299329684959604,-0.5873065003661875,1.5254607791968047e-05,0.0004395765766409362,0.0004212463623767619,0.004050883337827935,38.133333
4097,0.41130952915120117,-139.54029277163008,-1.2890715926734475,-3.3947657572831993,0.06633419722686039,-0.2487753014874257,-0.5902653101141118,1.556710183389758e-05,0.0004484798462862045,0.00045009108285698414,0.004269436880967311,38.141667
4098,0.3998325118330765,-139.57290978938147,-1.303389830565372,-3.573327755702748,0.05665125372484366,-0.2441906273043572,-0.5931813261255853,1.5901781759219194e-05,0.0004579759909644607,0.000482283270149212,0.004501038166579417,38.15
4099,0.3882583911418574,-139.60726213274,-1.3131865123073385,-3.7696092002402475,0.04690680175651944,-0.2392386779810274,-0.5960428840132771,1.6260896585534914e-05,0.0004680848694215591,0.0005181217885822923,0.004746870744591217,38.158333
4100,0.3766377493154865,-139.64355054655243,-1.317997743125153,-3.9852759966331965,0.03710848960411412,-0.23392600911392392,-0.5988356159542733,1.6646694566670786e-05,0.0004788232465769225,0.0005578868072520621,0.005009234529704807,38.166667
4101,0.3650141455651703,-139.68193450445,-1.317346315531754,-4.222003659806562,0.027276538466682657,-0.2282505428768624,-0.6015481633266726,1.7061321746011386e-05,0.0004902015853368536,0.0006018138735679258,0.0052924128718135205,38.175
4102,0.3534407267035763,-139.7225671375758,-1.3106918113179447,-4.481408502750763,0.01743635715615495,-0.22221433150349762,-0.6041682522274542,1.7506676454800003e-05,0.0005022240854807297,0.0006500546341898329,0.0056040842279643415,38.183333
4103,0.34197052546868084,-139.76569361013014,-1.297429110345604,-4.765054869380008,0.007595543468561608,-0.21581930627584486,-0.6066851303881036,1.798420622138426e-05,0.0005148862253892997,0.0007026243419076111,0.005957374770945642,38.191667
4104,0.3306741193364787,-139.81149189469818,-1.276879007012656,-5.07410197984711,-0.0022202020206864236,-0.20907414113913816,-0.6090858616696985,1.849463283253118e-05,0.0005281741156104452,0.0007593344386267899,0.006373736255535389,38.2
4105,0.3196137915965348,-139.8601809530555,-1.2483388854377302,-5.4093023799897075,-0.0119931180526367,-0.20198084118504675,-0.6113611188074987,1.903758939465037e-05,0.0005420618284096953,0.0008197074914020726,0.006886651779680629,38.208333
4106,0.30886458694008906,-139.9119565196976,-1.2110495994804673,-5.770590025413541,-0.021700265006731355,-0.1945468690585142,-0.6135007146810565,1.961115950254041e-05,0.0005565143404608174,0.0008828822904074716,0.00754597802478772,38.216667
4107,0.2985197149586464,-139.96692966357625,-1.1642179279766487,-6.156568408825798,-0.03130618252231866,-0.1867911442531016,-0.6154928951990399,2.021131745428394e-05,0.0005714891504844026,0.0009475191495014038,0.008421909677721618,38.225
4108,0.28865965736554583,-140.02546761207356,-1.107030771739328,-6.564671266553472,-0.04082706964253162,-0.17871439060362343,-0.61733040557839,2.0831282680400336e-05,0.0005869399042449237,0.0010117274045889312,0.009606551315314432,38.233333
4109,0.27938503653443114,-140.087599441978,-1.0387882216185695,-6.9898601430093406,-0.05022354240164722,-0.17033527692129746,-0.6190040402943868,2.1460846509914497e-05,0.0006028285637568941,0.0010730612664867386,0.011209901554590226,38.241667
4110,0.27079561146171116,-140.15344382056,-0.9588933549420291,-7.424748788617912,-0.05948400546428664,-0.1616656950482346,-0.6205065421206258,2.2085768410267384e-05,0.000619134345710868,0.001128607794335136,0.01334553200766951,38.25
4111,0.26299747393385553,-140.22295395605616,-0.866993406779311,-7.858933193565338,-0.06858433294674565,-0.1527250145249484,-0.621830983377802,2.2687398160818028e-05,0.0006358659211897845,0.0011752354814062295,0.016101403528599654,38.258333
4112,0.2561032178704729,-140.2960269602278,-0.7630316348295826,-8.278894283574596,-0.07751250715010004,-0.1435346034461497,-0.6229704178569495,2.3242745163604248e-05,0.0006530662086815117,0.0012100041792471076,0.01949476269520564,38.266667
4113,0.2502176608482589,-140.37240212544904,-0.647424177634808,-8.668482364449025,-0.08625355946157029,-0.1341157165186718,-0.623919714978532,2.3725231899859982e-05,0.0006708025095078209,0.0012306997332411035,0.023417983579757863,38.275
4114,0.2454361529441447,-140.45166193898356,-0.5211400405583516,-9.009862128196543,-0.09479322508085125,-0.12449043146709972,-0.6246750272164772,2.4106334388390627e-05,0.0006891363753787292,0.0012363671376147123,0.027596142177975562,38.283333
4115,0.24184815266056403,-140.53321218555394,-0.3857410499470158,-9.284820746723737,-0.10311991705382542,-0.11468742783600888,-0.6252324282050415,2.4358155301302003e-05,0.0007080668293703668,0.0012276347713719516,0.03158590794439775,38.291667
4116,0.23952671844159373,-140.61633798768568,-0.24337584702592183,-9.476977369268992,-0.1112293456417891,-0.10473407242079717,-0.6255887782067823,2.4456686301684717e-05,0.0007274531777018173,0.0012066340626487356,0.03484071392453823,38.3
4117,0.23851162472440404,-140.7001949727831,-0.09672698559455788,-9.574457023223689,-0.11911365578858257,-0.09465448583294572,-0.6257435401123849,2.4385206176251457e-05,0.0007469425181191938,0.0011764664609325696,0.03684131749877716,38.308333
4118,0.23883290678290958,-140.78379649078857,0.05119790852420858,-9.570800530395505,-0.1267689702407056,-0.08448890256785445,-0.625694626957105,2.4137064027039885e-05,0.0007659358592511876,0.0011403759285981434,0.03724998747153179,38.316667
4119,0.24045582733710888,-140.86647198778314,0.19737857832648154,-9.46792215738384,-0.13420160141813783,-0.07422292578330297,-0.6254465605796978,2.371706419670857e-05,0.0007836107369357182,0.0011009529607019634,0.036017950390950994,38.325
4120,0.24338753402061514,-140.9470133471045,0.3388073396792855,-9.27192599906368,-0.14140827526627694,-0.06394041473282477,-0.6249942685545294,2.3141084466774034e-05,0.0007990266249303229,0.0010597156623109029,0.03339287088895728,38.333333
4121,0.24754081425745486,-141.0247410875109,0.4729408379930801,-8.99706421089177,-0.1483861233501294,-0.053649213407497176,-0.6243443224486607,2.243388263096099e-05,0.0008112484328742656,0.0010171728931724147,0.029828586930891996,38.341667
4122,0.25283043787249887,-141.09905359713164,0.5977874254584478,-8.660146071968992,-0.15513817343847242,-0.043372965118438786,-0.623500958872566,2.1625826358197684e-05,0.0008195131057604174,0.0009732565385128439,0.02584024956564687,38.35
4123,0.25917060458411695,-141.1694049154463,0.7119194958701699,-8.27875839855341,-0.16167256258183282,-0.03315397731198907,-0.6224671147720332,2.0749282558077624e-05,0.0008233312242048798,0.0009278039003509259,0.021876695305445528,38.358333
4124,0.26644869070554167,-141.23558182341506,0.8145503526989994,-7.870318582185005,-0.16799521824481675,-0.023004251333406934,-0.6212494859100214,1.983538246713728e-05,0.0008225291959233938,0.0008809080429910241,0.01824965523549673,38.366667
4125,0.2745529047777601,-141.29747570670472,0.9053928653148261,-7.449997397702837,-0.17411173191827783,-0.01294175000789356,-0.6198549254391312,1.8911696123205526e-05,0.0008172402155562185,0.000833030283200476,0.015121990187084601,38.375
4126,0.283374234303376,-141.3550993254922,0.9845637622056423,-7.030117476223806,-0.18002841330622854,-0.0029833593494118953,-0.6182906942898575,1.800092151501264e-05,0.0008078439124928923,0.0007849249515449311,0.012536800584969145,38.383333
4127,0.2928061942673487,-141.4085780857491,1.0524782451599006,-6.620079893204168,-0.1857501379320524,0.006858906123472305,-0.6165649636015762,1.7120477408895364e-05,0.0007948866154265585,0.0007374783292586276,0.010460279094638019,38.391667
4128,0.30274868300255003,-141.4580817101723,1.1097363044565645,-6.22653979956157,-0.19128124550179226,0.01657031664461277,-0.6146864423440461,1.6282758911935865e-05,0.0007790027582885726,0.0006915475087876192,0.008820566155191029,38.4
4129,0.3131019232882649,-141.50393937881321,1.1570793032903375,-5.8538766053708144,-0.19661864042672786,0.026159475710712265,-0.6126657365507604,1.5495785134102524e-05,0.0007608482324638371,0.0006478469925610566,0.007535226262355624,38.408333
4130,0.3237880965120023,-141.54634729324707,1.1952400632830884,-5.5044160383221055,-0.20176897539425395,0.03560747207584452,-0.6105111802225418,1.4764020111753588e-05,0.0007410535945013715,0.0006068938094192577,0.006526898880368342,38.416667
4131,0.33472271511552837,-141.58534405515627,1.224939551905178,-5.179360589391704,-0.20673914071993205,0.044859717184540626,-0.6082343677765235,1.4089194203924043e-05,0.0007201881865269336,0.0005690010268362696,0.005730362293513613,38.425
4132,0.34584462443934644,-141.62175673500462,1.2469943889556945,-4.878442063469225,-0.2115104686153173,0.054027163903522725,-0.6058439567270362,1.3471059869952527e-05,0.0006987485321673357,0.0005342999913488841,0.005093940544693136,38.433333
4133,0.35708506701632625,-141.65560327356155,1.2620415460775598,-4.601152248982162,-0.21608495808378125,0.06305754822562083,-0.6033519281295984,1.290801153134019e-05,0.0006771474572459013,0.0005027803388361043,0.004578272891334196,38.441667
4134,0.3683819922749657,-141.68689748452329,1.270676408940514,-4.346490324135093,-0.22047251701207154,0.07189647402801375,-0.6007705709675708,1.2397586864214175e-05,0.000655721023697172,0.0004743271043911623,0.004154151927551565,38.45
4135,0.3796898990146842,-141.71614357606174,1.2735014366791273,-4.112986125919273,-0.22465611576100442,0.08060187573665344,-0.5981099229697759,1.193683936593564e-05,0.000634734071003108,0.00044875677780106257,0.0038001966460480658,38.458333
4136,0.39096507507332373,-141.74353321034917,1.271020826272598,-3.8991656271439865,-0.22863307411095446,0.08916893372691041,-0.595380828845354,1.1522604249274383e-05,0.0006143854869280476,0.0004258474796050975,0.0035008192928123075,38.466667
4137,0.40216079231243157,-141.76933236097216,1.263704886165002,-3.703567410030762,-0.2323880340020368,0.09761253125928926,-0.5925960749699769,1.1151684572180002e-05,0.00059481896026137,0.0004053603337654237,0.003244638724728356,38.475
4138,0.413243320315323,-141.79369177585647,1.2519565061483677,-3.5247047514888745,-0.23591854700155276,0.10592752686166956,-0.5897663189006698,1.0820973034061514e-05,0.0005761339762045336,0.00038705493312593114,0.003023268402840365,38.483333
4139,0.42417606884381415,-141.81681011191696,1.2361477864509338,-3.3611950273592175,-0.2392122233581607,0.11412238060067036,-0.5869038312347954,1.0527523478735653e-05,0.0005583919840861523,0.0003706994173975429,0.0028304627275446506,38.491667
4140,0.43492952054225276,-141.8388310470291,1.216605976683603,-3.211720203369167,-0.24226255037350158,0.12219729886607004,-0.5840198536970838,1.0268590639250349e-05,0.0005416255458575449,0.00035607666093473396,0.0026614908165118753,38.5
4141,0.4454789707871724,-141.85976203486373,1.1936142683880615,-3.0750514546589445,-0.24508017557463876,0.1301230161613737,-0.5811249615025766,1.0041645123528876e-05,0.0005258438905216986,0.0003429875112433121,0.0025127092920816376,38.508333
4142,0.455795454739238,-141.87982600362724,1.167449915194531,-2.950091857933293,-0.24764487972119653,0.13792359400489437,-0.5782314488512772,9.844373281797599e-06,0.0005110381562737269,0.0003312520781259196,0.0023812632884805587,38.516667
4143,0.4658559056129426,-141.89906680307303,1.1383495283306793,-2.835821358819762,-0.24995978177843745,0.14558313763688147,-0.575350475975363,9.674667985902985e-06,0.0004971873078768725,0.00032070972745235386,0.002264869084687358,38.525
4144,0.47563739759543294,-141.91763315213325,1.1065369708861277,-2.73132625929307,-0.25201166566313293,0.15311357123269398,-0.5724935522344895,9.530613125247188e-06,0.0004842609795722676,0.0003112182565238817,0.0021616730552471556,38.533333
4145,0.48511994865283625,-141.93562435101438,1.072213712008533,-2.6357750746213706,-0.2537931120512394,0.16051722738977608,-0.5696716498672248,9.410465778325377e-06,0.0004722227472433692,0.00030265261440222765,0.002070146319688296,38.541667
4146,0.49428486599664784,-141.9530404235605,1.0355591406873668,-2.5484109076662995,-0.2553118229498768,0.16777298793363055,-0.5668955902614102,9.312637424101747e-06,0.00046103220841648275,0.0002949034312747028,0.0019890124163647513,38.55
4147,0.5031144577367065,-141.9700303655268,0.9967481579246512,-2.4685688592812847,-0.25655057381438134,0.17489907212466432,-0.5641760632297715,9.23567562699218e-06,0.0004506468581452697,0.0002878755107880458,0.0019171947433583374,38.558333
4148,0.5115946898059444,-141.98653608508675,0.955932278464681,-2.39562104774814,-0.25752785001417144,0.1818629812418569,-0.5615227290118384,9.178246837199276e-06,0.00044102351957619047,0.00028148629402891375,0.001853776192970942,38.566667
4149,0.5197068762155184,-142.00269960610302,0.9132619111247496,-2.3290484205509174,-0.258224317445463,0.18868290012193412,-0.5589467575336681,9.139120647833453e-06,0.000432119045452112,0.0002756645153802562,0.001797971814404297,38.575
4150,0.5274398681348085,-142.01847086868037,0.8688708649868552,-2.268339125126291,-0.25865818095577875,0.19533079742727205,-0.5564569504257034,9.117155954014328e-06,0.0004238919544751612,0.0002703488566516471,0.0017491043666091907,38.583333
4151,0.5347785507723478,-142.0339411250745,0.822889832405403,-2.213071306813111,-0.2588189848406059,0.20181446655729993,-0.5540633238631401,9.111288568422951e-06,0.0004163019486925785,0.00026548684803464733,0.0017065893057335959,38.591667
4152,0.541712074759171,-142.04914148595364,0.7754416535976236,-2.1628497003836196,-0.2587086089593117,0.20812819796126805,-0.5517744299437346,9.120520776607995e-06,0.00040931104260068745,0.0002610338050236402,0.0016699198804996584,38.6
4153,0.5482296817396377,-142.06414070914516,0.7266445577925276,-2.117331436954863,-0.25832034302513923,0.21427654385529024,-0.5495986497516222,9.14391231769136e-06,0.00040288328730999463,0.00025695195021352006,0.0016386570841475446,38.608333
4154,0.5543189185191459,-142.07912653032258,0.6766151837289168,-2.0762435891408435,-0.25761910327174603,0.2202944138006122,-0.5475447758436803,9.18057290901738e-06,0.0003969850494193111,0.0002532096288242228,0.00161242069534235,38.616667
4155,0.5599716634369611,-142.09379108424025,0.6254450102441654,-2.039239882473692,-0.2566795254998425,0.2260906848424891,-0.5456199557316704,9.229656103069394e-06,0.0003915853740732432,0.00024978062985687527,0.001590881580026577,38.625
4156,0.5651778774412664,-142.108249021111,0.5732387265176437,-2.0060968721889587,-0.25548480786562483,0.23168306531069285,-0.5438317597144415,9.290354303575159e-06,0.0003866555184932406,0.00024664366610355985,0.001573758173242666,38.633333
4157,0.5699190802487559,-142.12292329849288,0.5201026447191008,-1.976712497941235,-0.25393919493874156,0.23716430197014768,-0.5421904571466345,9.361894930733209e-06,0.0003821692508055983,0.0002437818087368372,0.0015608097820725168,38.641667
4158,0.574205361102823,-142.1373039443753,0.4661276577522052,-1.9507346772386147,-0.25217563014644395,0.24239975214925394,-0.5406961479372904,9.443537506908427e-06,0.0003781037574298648,0.0002411820994498806,0.0015518312991989074,38.65
4159,0.5780252385591801,-142.15159525649676,0.41140894084214147,-1.9280528989860086,-0.2501523912724494,0.24742943787190677,-0.5393560670754225,9.53457133773388e-06,0.000374436221088512,0.00023883520531862559,0.0015466538090082931,38.658333
4160,0.5813655021585787,-142.16596766477196,0.3560353993931281,-1.9085783631709998,-0.24783167209459633,0.25228285383156124,-0.5381777927835741,9.634314435765519e-06,0.0003711466841181461,0.00023673511740686268,0.0015451388758586702,38.666667
4161,0.5842278785671365,-142.1803477752448,0.30010116327670017,-1.8921515249143577,-0.24524093979690686,0.2569337803273972,-0.5371633146913541,9.742112807237925e-06,0.0003682180205795903,0.00023487895148136307,0.0015471765796609834,38.675
4162,0.5866039706813992,-142.19461883069047,0.2436812542219709,-1.8786467377221936,-0.24241668904698163,0.2613423708606655,-0.5363178411543154,9.857340265672152e-06,0.0003656341320671646,0.0002332667309743696,0.0015526842957046504,38.683333
4163,0.5884964785052397,-142.20891604691934,0.18687702847750484,-1.867995874475883,-0.23933468800258081,0.2655348858485479,-0.5356422725962786,9.97939899672842e-06,0.000363381191256893,0.00023190122040534235,0.0015616059851629258,38.691667
4164,0.5898970550909383,-142.22319253343227,0.1297624874268101,-1.8601289290660954,-0.23601355606909336,0.2694886744041698,-0.5351410733587026,1.0107720417275406e-05,0.0003614463466909691,0.0002307878718492881,0.0015739092151598425,38.7
4165,0.5908003492179204,-142.23750059865557,0.07241982461079127,-1.8550128016771466,-0.23244681343375628,0.27320592685765077,-0.5348172707854005,1.0241766590277355e-05,0.0003598190128628196,0.0002299347328135301,0.0015895859930412303,38.708333
4166,0.5912112242592115,-142.2518816398878,0.014944844997054832,-1.8526093153879417,-0.22863388121738093,0.2766897587678669,-0.5346698405824442,1.0381031923674088e-05,0.00035849040005938253,0.00022935245043345849,0.0016086516001162017,38.716667
4167,0.5911235597017054,-142.26627096963486,-0.04259117839417236,-1.8528906452398894,-0.22459963470035316,0.2799143303103763,-0.5347013039589127,1.0525045191490654e-05,0.00035745241940804125,0.00022905428227636167,0.0016311434043295367,38.725
4168,0.5905418714680645,-142.28081003669587,-0.1000890190792447,-1.8558838637089508,-0.22031520557964074,0.28290465749745547,-0.5349099715210477,1.0673371989487417e-05,0.00035669896053169495,0.00022905610225054803,0.001657122544691009,38.733333
4169,0.5894649763347485,-142.2953850448179,-0.15747495950824875,-1.8615712730089862,-0.21582121560388623,0.28562583220187127,-0.5352958056535185,1.082561736502354e-05,0.0003562247032242189,0.00022937660208484291,0.001686671544360752,38.741667
4170,0.5878878397196234,-142.31015088307677,-0.21466493021824504,-1.8700377873122493,-0.21108111959034564,0.28809999015129206,-0.5358597477916323,1.0981428811692572e-05,0.00035602583287797334,0.00023003726549267268,0.0017198970391149732,38.75
4171,0.5858289189482255,-142.3249310421743,-0.27155929065298373,-1.8812467070127814,-0.20616078157986387,0.2902880810676129,-0.5365939571076651,1.114049949961511e-05,0.0003561003948899731,0.00023106273621616844,0.0017569288680709396,38.758333
4172,0.583263074810069,-142.33998514217515,-0.32810015626245326,-1.8953853149570206,-0.2009866718250566,0.2922232679315294,-0.5375057507637518,1.1302571685633335e-05,0.0003564458882197043,0.00023248073526280585,0.001797919858884038,38.766667
4173,0.5802253912566794,-142.3550301528085,-0.3841682887799337,-1.9123933134442788,-0.19566175482119808,0.29385350636160096,-0.5385806412927241,1.1467440585973201e-05,0.0003570639760252753,0.00023432276056034663,0.001843049716920584,38.775
4174,0.5766911419019907,-142.37051327172858,-0.439690575759837,-1.9325593864626494,-0.19005721946407192,0.2952452356834025,-0.5398249872058886,1.1634958178533322e-05,0.000357953995393982,0.000236623799263145,0.0018925206479135273,38.783333
4175,0.5726793944174192,-142.38620770101815,-0.4945686274381964,-1.9559073253726338,-0.18425532394097272,0.29635005465699554,-0.5412292798622438,1.1805037637822947e-05,0.00035911961539444,0.0002394235858346785,0.0019465614619290196,38.791667
4176,0.5681970863309621,-142.40218545303932,-0.5487025269335863,-1.9826006544459507,-0.1782473454715706,0.2971726752967756,-0.5427879858335994,1.1977657777223947e-05,0.0003605639793447994,0.0002427662216608394,0.002005426914796746,38.8
4177,0.5632428475220592,-142.4184701432321,-0.6020086556287557,-2.0128214239347155,-0.17203696314466327,0.29770387799732834,-0.5444981147931677,1.2152867908466338e-05,0.00036229129114482894,0.0002467010510690337,0.0020693972707447957,38.808333
4178,0.5578314488756726,-142.43498778027413,-0.6543834512071774,-2.0467202620743095,-0.16566199209976532,0.29792523683242156,-0.546350775882933,1.2330793002476426e-05,0.000364307772166684,0.000251283168098894,0.0021387813124979253,38.816667
4179,0.5519630038823269,-142.45189674962165,-0.705726045294904,-2.0845816435510525,-0.15908764077865703,0.2978504236120958,-0.5483418280430339,1.2511639086546791e-05,0.00036661997330371816,0.00025657389030312176,0.002213913870069751,38.825
4180,0.5456690560874168,-142.46906033197402,-0.7559072938164115,-2.126569452494055,-0.15237575413976215,0.2974593293873487,-0.5504562558339833,1.2695699037236808e-05,0.00036923651977780337,0.00026264193278765266,0.002295155625604609,38.833333
4181,0.5389322082856209,-142.4867828123238,-0.8048371320485881,-2.173113448523244,-0.14544510859190962,0.2967762228965828,-0.5526953108050814,1.2883358586295746e-05,0.0003721648165659395,0.00026956370854894966,0.0023828868975757462,38.841667
4182,0.5317700319358076,-142.5049919139231,-0.8523964290004405,-2.224492288537989,-0.13833666076300624,0.29578194507845695,-0.5550482158610598,1.3075102853395191e-05,0.0003754166586882533,0.00027742517525782576,0.002477512876078226,38.85
4183,0.5241970140939886,-142.5237180321545,-0.8984584223404624,-2.281069964034541,-0.1310609229509135,0.29447171327071064,-0.5575051185726164,1.3271523177817152e-05,0.0003790042049634869,0.0002863220937383326,0.0025794560991595538,38.858333
4184,0.5162285039071661,-142.54298785576515,-0.9428912122510017,-2.3432521580223504,-0.12363071336182975,0.2928403203337332,-0.5600558063054802,1.3473324061752848e-05,0.0003829405623913546,0.00029636139066402145,0.0026891504701159106,38.866667
4185,0.5078762163156548,-142.5628426657335,-0.9855628403270467,-2.4115036028146113,-0.11605491568954852,0.2908821450247139,-0.5626911647841231,1.36813302902047e-05,0.0003872398619908222,0.0003076623537746481,0.00280703441994286,38.875
4186,0.49915736294427016,-142.58335699957956,-1.026320837021848,-2.4863555334565257,-0.10833532781662861,0.2885974075702161,-0.565400305771596,1.3896494067936108e-05,0.00039191781862558093,0.0003203578897547144,0.0029335443306124248,38.883333
4187,0.4900876301679724,-142.60462861180685,-1.0650046239959783,-2.5684143028393076,-0.10046849929941798,0.28598635374527737,-0.5681728599607728,1.4119901942691337e-05,0.0003969911815465859,0.00033459596885448614,0.00306910083101557,38.891667
4188,0.48069395758681166,-142.62663005127902,-1.1014413549647684,-2.658274960451887,-0.09249064831322937,0.2830415392764292,-0.5709951660869189,1.4352781205636581e-05,0.0004024780309529574,0.00035054094095858296,0.0032140973388386424,38.9
4189,0.47098809670633907,-142.64947718241876,-1.1354581574776037,-2.7566928982373144,-0.08439574848088036,0.2797614601755096,-0.5738583411564381,1.459650503256584e-05,0.00040839652494463355,0.00036837406048301755,0.0033688876101328324,38.908333
4190,0.4609873221465275,-142.67325251754974,-1.1668640219842605,-2.8644833846397426,-0.0761908126019591,0.2761424371534745,-0.576751963285772,1.4852595861902326e-05,0.00041476683573942846,0.00038829457347921943,0.003533781956413104,38.916667
4191,0.45072898244283277,-142.697852896901,-1.1954460324365301,-2.982409613331188,-0.0679387441318931,0.2721781046321369,-0.5796601755172066,1.512272615775655e-05,0.0004216103831935655,0.000410519601209711,0.0037090460737371593,38.925
4192,0.4402148359181738,-142.72379973658124,-1.2209425667264509,-3.1117513844037497,-0.05952907361554187,0.2678845556094082,-0.5825776059345444,1.5408714208255375e-05,0.0004289472524657218,0.0004352821664947102,0.0038949137017601386,38.933333
4193,0.4294945149527377,-142.75094655190435,-1.2430852249588773,-3.2534174837205336,-0.05104402304355861,0.2632550874361085,-0.585485934354136,1.5712514785775064e-05,0.00043680062215857427,0.00046283255253314905,0.00409161530076088,38.941667
4194,0.41857964579458035,-142.77944036078253,-1.2616187438465662,-3.4086405486203146,-0.0424834006742143,0.25828106299634407,-0.5883779107347868,1.6036200683141488e-05,0.0004451901759108122,0.0004934297783137119,0.004299474263149376,38.95
4195,0.4075287448009816,-142.8091543459218,-1.2762155249478608,-3.5784780458948817,-0.03392487052697601,0.2529690920842581,-0.5912345171637006,1.6381931176989853e-05,0.0004541369706417277,0.0005273348640167282,0.00451910171987829,38.958333
4196,0.3963459958262899,-142.8407276252122,-1.2864867026757938,-3.7647160976608802,-0.025249124207043158,0.24732077651543358,-0.5940517047417508,1.6751902568325108e-05,0.0004636564366609863,0.0005647970139616675,0.0047516768604752456,38.966667
4197,0.385080706288399,-142.87400998744167,-1.2920723867311024,-3.9685692925643217,-0.016546412227623788,0.24133191719606695,-0.5968145730969245,1.714827761555052e-05,0.00047376536057174544,0.0006060420051395052,0.0049994228506377286,38.975
4198,0.3737796550347378,-142.90912459789058,-1.2925310438200057,-4.191472487189153,-0.007838335066678092,0.23500787014855548,-0.5995101117976428,1.7573084330257776e-05,0.0004844746793969066,0.0006512388238095484,0.005266440718974657,38.983333
4199,0.3624928086860924,-142.94612946303104,-1.287397599913426,-4.434769311022018,0.0008366358200163896,0.22835560698609678,-0.6021258418923041,1.802807140889349e-05,0.0004957890975075705,0.0007004665673965999,0.005559879173160009,38.991667
4200,0.3512636114816452,-142.98538769636275,-1.2761096260299083,-4.69999117487073,0.009507791628136197,0.22137741683503478,-0.6046520932650471,1.8514512511374058e-05,0.0005077059726412618,0.0007536660208462707,0.005891682703774293,39.0
4201,0.340149893637379,-143.0271107246268,-1.2580649398562271,-4.988304011929601,0.018164098957626894,0.21407880683553182,-0.6070772954483907,1.9032948559116498e-05,0.0005202158752255286,0.0008105840085255604,0.0062809373872157095,39.008333
4202,0.3292058265125172,-143.07148719316962,-1.2326461565493758,-5.300541463072832,0.026786693535664558,0.206460957516863,-0.6093922043697692,1.9582855517321875e-05,0.0005333006171938721,0.0008706996277810876,0.006756931311679267,39.016667
4203,0.31848530140154846,-143.11895086380727,-1.1991326677647896,-5.637268368649489,0.035403162026037265,0.1985143450266091,-0.6115890643342264,2.0162228462707853e-05,0.0005469353512157069,0.0009331445143748585,0.007362740802571125,39.025
4204,0.3080905369673902,-143.1692622925478,-1.156859368028419,-5.997252986108259,0.04390977747748136,0.19027769448107812,-0.6136520537738333,2.0767085522409148e-05,0.0005610917285845267,0.0009966300719496642,0.008158617568899896,39.033333
4205,0.29808520014734413,-143.22284059534448,-1.105082221916132,-6.379015199485668,0.05233499184600261,0.1817438234707755,-0.615575132648081,2.139089407354123e-05,0.0005757354701512615,0.0010593761288436266,0.009223799395275595,39.041667
4206,0.2885491627292422,-143.2801413032141,-1.043018182228369,-6.779501530324983,0.06070988067876191,0.17290167355651412,-0.6173506575240097,2.2023970719202268e-05,0.0005908411889232898,0.0011191179571083986,0.010654414732026255,39.05
4207,0.2795753844311801,-143.3409989098332,-0.97014840754998,-7.193076105037088,0.0689606668245932,0.1637766720257183,-0.6189702261072723,2.265294458087153e-05,0.0006063997186342451,0.0011731796017103095,0.012553834636356509,39.058333
4208,0.27128240931813263,-143.40527661257624,-0.8860204213615802,-7.611368644274368,0.07704374311543817,0.1544103525026755,-0.6204226119047902,2.3260394750641935e-05,0.0006224266373341938,0.0012186553430824144,0.01501221601279012,39.066667
4209,0.2637405968967968,-143.473336862163,-0.790357003973644,-8.02474459526072,0.08499504185936159,0.1447739900325799,-0.6217063996335986,2.3824826889436e-05,0.0006389642171329769,0.0012527373224390844,0.018071498787788073,39.075
4210,0.25706957788873547,-143.54500698309252,-0.6832192732847705,-8.419611355818397,0.09279133348345771,0.13489583475858183,-0.622812487728969,2.432123396433724e-05,0.0006560870365572016,0.0012731859990197745,0.021681163632008508,39.083333
4211,0.2513624942697325,-143.61996946321418,-0.5651910760120036,-8.780605668740609,0.10040363732876684,0.12479617056160405,-0.6237367538475768,2.472240658340694e-05,0.0006738709639373129,0.0012787741687164834,0.02565323848951151,39.091667
4212,0.24670916914911228,-143.69790789123067,-0.43729820918390183,-9.091090314724878,0.10782428692563593,0.11448580303282424,-0.6244753291595334,2.500107201896272e-05,0.0006923542342297383,0.001269648090517608,0.029642505416987784,39.1
4213,0.24319079236387345,-143.7783111687582,-0.3011330193355842,-9.334480814388623,0.1150403717968709,0.1039819135050308,-0.6250247892657299,2.5132772254744255e-05,0.0007114721790136005,0.0012473762219020745,0.033173908040320915,39.108333
4214,0.2408749034682471,-143.86050208264672,-0.1588329290920129,-9.496134567388617,0.12203854226903264,0.09330683409915007,-0.6253822363860707,2.5099075523230388e-05,0.0007309853425079624,0.001214603364090546,0.03573171523685608,39.116667
4215,0.23980961440365237,-143.94369393771777,-0.01298104198754525,-9.565379957156175,0.12880878264018258,0.0824839169399038,-0.625545532824754,2.4890484647297145e-05,0.0007504259440848889,0.0011743804275256748,0.03689345148911252,39.125
4216,0.2400113945447026,-144.02704076642016,0.13355138047472423,-9.53746896645391,0.13534005147984526,0.0715331902965799,-0.6255146567646725,2.450831576950937e-05,0.0007690914801051232,0.0011294162092776096,0.036459025851919395,39.133333
4217,0.24147392888825206,-144.1096872071894,0.2778439061192017,-9.413996330475719,0.14162452508120996,0.060475583266084244,-0.6252901009932499,2.396500257139298e-05,0.000786104892189285,0.0010815595829472972,0.034515222770769766,39.141667
4218,0.24417396075349534,-144.1907823929795,0.41713560956598766,-9.202469131587547,0.1476587344140295,0.049339230133619384,-0.6248720278561595,2.3282660070033552e-05,0.0008005300038601745,0.0010317027340432342,0.03140258489462541,39.15
4219,0.24804934503799642,-144.26963539132942,0.5490465784507987,-8.91596125606412,0.15343539926479374,0.03813851594333207,-0.6242640022699479,2.249022814356022e-05,0.0008115125523975704,0.0009800830126000795,0.02760341414510144,39.158333
4220,0.2530424819989618,-144.34554037699493,0.6716584036781805,-8.569950063844802,0.15895706209995397,0.026913384240687996,-0.6234667872736,2.1619940009142778e-05,0.000818413411415442,0.0009267526209094734,0.02360491527907428,39.166667
4221,0.25905303477065145,-144.41810702235273,0.7836685382638676,-8.181961329222679,0.1642175247791882,0.01567345919361387,-0.622486513836487,2.0703849955452294e-05,0.0008208811369710171,0.0008719683072621669,0.019795316769406608,39.175
4222,0.26598375147068726,-144.4873361317592,0.8843955477613566,-7.768319226500082,0.16921718750438505,0.004388096731527299,-0.6213282552211677,1.9771112344569754e-05,0.000818878517576102,0.0008163533189134823,0.016416733757922974,39.183333
4223,0.27373298294693216,-144.55248408348245,0.9733885800601286,-7.343828194650917,0.17394987408175833,-0.006826165894754939,-0.6199978689012711,1.884624591215332e-05,0.0008126417474790378,0.0007608453099404979,0.013572512842249366,39.191667
4224,0.2822077560323863,-144.6137269165839,1.0508099909022908,-6.9201910848861985,0.17842753251951024,-0.017986249161791156,-0.6185003016620843,1.7948398739010707e-05,0.0008026119292904999,0.0007065190731221525,0.011264563467605689,39.2
4225,0.29130616957251987,-144.67113405839203,1.117053184966842,-6.5067033034257955,0.18265161305017102,-0.029077548639004896,-0.6168430895222196,1.7091391413011397e-05,0.0007893522525192083,0.0006544021716283954,0.00943536554815157,39.208333
4226,0.3009293566118594,-144.72482221349946,1.1726993304614435,-6.110039468477323,0.18662325506904193,-0.04008182554135853,-0.615034731218252,1.6284294111507388e-05,0.0007734799073927627,0.0006053337432514222,0.008003036166917405,39.216667
4227,0.31099347391410476,-144.77502217631985,1.218442890771528,-5.734420083409085,0.19034638920847352,-0.050995148429862164,-0.6130825879340505,1.5532253578789812e-05,0.0007556099741249437,0.0005598960926827122,0.0068840870161247444,39.225
4228,0.3214020796859923,-144.8219508956643,1.255037013884911,-5.382512329518037,0.19381399558509202,-0.06180387264960424,-0.6109983053305905,1.4837371570188064e-05,0.0007363141085379488,0.0005184095687489218,0.006005133762399863,39.233333
4229,0.3320940671848937,-144.86561776192463,1.2831743909087694,-5.055261991174792,0.19705171624291246,-0.07245599110393469,-0.6087883566190054,1.4199536274855578e-05,0.0007161045730796051,0.0004809654846287917,0.005306838751366861,39.241667
4230,0.34299010846878525,-144.906427162717,1.3036131197417373,-4.752785904278058,0.20004721836858447,-0.08297151215262502,-0.6064646331568715,1.361710681011059e-05,0.0006954155819922258,0.00044747803381989395,0.004743848279946196,39.25
4231,0.3540292737874939,-144.94454212557127,1.3170182972987754,-4.474420109460164,0.20280994905843283,-0.09332730454754837,-0.6040369620021652,1.3087478817573098e-05,0.0006746103097885796,0.00041773938120699965,0.004282515896714718,39.258333
4232,0.36515110173144766,-144.98021940924085,1.3240230619772577,-4.21907079533642,0.2053382571378125,-0.10352005890176498,-0.6015166749447439,1.260750013263201e-05,0.0006539812459823049,0.0003914667404892607,0.0038984151117849833,39.266667
4233,0.37630136186474944,-145.0137035968208,1.3252031710516412,-3.9853656609944066,0.20762943999407396,-0.11354754380631274,-0.5989152557910851,1.2173775819725976e-05,0.0006337588447855679,0.00036834025548744624,0.0035739441480372057,39.275
4234,0.3874319090540686,-145.04518882610213,1.321073846339579,-3.7717977856660885,0.2096844905495431,-0.12340103300110392,-0.5962441715884853,1.1782876883839376e-05,0.000614119291088407,0.0003480302416903873,0.003296412411180255,39.283333
4235,0.3984981705608557,-145.07488134406674,1.312101551845904,-3.576824431683119,0.21150046238394507,-0.1330776965156232,-0.5935152852096339,1.14314765778672e-05,0.000595192396673163,0.0003302154121990789,0.0030565965177522672,39.291667
4236,0.40945970234764445,-145.1029564014981,1.2987027748021325,-3.398928561587404,0.21307592671770506,-0.14257188153494071,-0.590740569730045,1.1116433469508172e-05,0.0005770695718091334,0.0003145941013473276,0.0028476945123525202,39.3
4237,0.4202848292351536,-145.12950007441364,1.281241580454862,-3.2366410840016346,0.21442313597600798,-0.1518640801787851,-0.5879307209065248,1.0834835980683336e-05,0.0005598107538856511,0.0003008902536145639,0.0026645961393058624,39.308333
4238,0.4309374873472594,-145.15474977522115,1.260061172425785,-3.0886095977841035,0.21552660814602725,-0.16096794471319337,-0.5850983803018763,1.0584020008355364e-05,0.0005434494756328858,0.000288855820394037,0.002503384274528315,39.316667
4239,0.441388815919321,-145.1787896342478,1.235457522327842,-2.9535663710010476,0.21639346377070579,-0.16986891291460754,-0.5822550420035243,1.0361570321632619e-05,0.0005279999243103622,0.0002782709637060168,0.002360983121631036,39.325
4240,0.451610698348947,-145.20170067962,1.2076988295644704,-2.830352019931318,0.2170301268256026,-0.17855383485856627,-0.5794126032313784,1.0165309697283193e-05,0.0005134603688820717,0.00026894271337387683,0.002234930768970242,39.333333
4241,0.4615822551616307,-145.2235868306735,1.1770284852739132,-2.7178989931506568,0.21744026295582533,-0.18701896155517897,-0.5765814363474808,9.99328218652705e-06,0.0004998172873815794,0.0002607029371962117,0.002123218066123877,39.341667
4242,0.4712735770060773,-145.2446179602833,1.1436738717055062,-2.615273793563476,0.21760801374546054,-0.19527322731650704,-0.5737748963863366,9.843732726584804e-06,0.0004870475457270041,0.0002534059216811313,0.0020241799871188316,39.35
4243,0.48066116513036866,-145.2649652204401,1.107841515857086,-2.521625640350185,0.21751538149279598,-0.20332963619935154,-0.5710049303929721,9.715086397909935e-06,0.0004751229802756572,0.00024692594389982234,0.001936413994335156,39.358333
4244,0.4897282134995684,-145.2845961393806,1.0697104893234524,-2.436159361419381,0.21718540168140915,-0.2111607065979883,-0.5682817698655512,9.605927171253992e-06,0.0004640112867381827,0.00024115484606750966,0.001858727795713348,39.366667
4245,0.4984556040654498,-145.30354690354883,1.0294495198374831,-2.3581745136266785,0.21662662447532718,-0.2187542060396698,-0.5656164916128059,9.51497786455346e-06,0.00045367681398252556,0.0002359998662412008,0.001790101762577305,39.375
4246,0.5068261354969439,-145.3218886046432,0.9872167151307709,-2.2870471270708594,0.21583974666515515,-0.2261073057337534,-0.5630197178868114,9.441081928624365e-06,0.000444082599759182,0.00023138164755132987,0.001729657166817708,39.383333
4247,0.5148258018442122,-145.3398290686887,0.9431662350082,-2.2222392342371426,0.21479296433612546,-0.23324874997638279,-0.5605011291533273,9.383186892797497e-06,0.00043519126046815825,0.00022723246241448104,0.0016766333538275006,39.391667
4248,0.5224374793921118,-145.35728837655122,0.897428429210712,-2.163234770321955,0.21351676052570584,-0.24014460196763282,-0.5580713895160866,9.340329683439394e-06,0.0004269654862372888,0.00022349464466266765,0.0016303697315234566,39.4
4249,0.5296482311332062,-145.3743358673641,0.8501333787483307,-2.109590789163501,0.2120088111911923,-0.24679555572829168,-0.5557398045183205,9.311623867926908e-06,0.00041936929509947025,0.0002201193337126286,0.0015902921392708593,39.408333
4250,0.5364461592327154,-145.39101774832804,0.8014032454553697,-2.06090991603269,0.21027127678106403,-0.2531983015789113,-0.5535152418085846,9.296248502953709e-06,0.0004123679296204623,0.00021706527853410183,0.0015559013168654767,39.416667
4251,0.5428199896620342,-145.40735349754172,0.7513528346240175,-2.016834645640481,0.20831235775958473,-0.2593446547313108,-0.5514062244325322,9.293438664620713e-06,0.00040592819144851666,0.00021429786507309132,0.0015267635769803032,39.425
4252,0.5487587856484059,-145.42345429177323,0.7000951333193904,-1.9770664833641984,0.20611560112227284,-0.26524600764913514,-0.5494209925696315,9.302477445560147e-06,0.0004000187134587229,0.00021178828585862545,0.0015025030764224034,39.433333
4253,0.5542513122853904,-145.4393350876481,0.6477337203886949,-1.9413254331703012,0.20368799055377898,-0.2708935939495115,-0.5475676907353838,9.322689284079636e-06,0.00039461015745311467,0.00020951282645016787,0.001482794988652536,39.441667
4254,0.5592896849575578,-145.45503113533528,0.5943710066587296,-1.9093656117661193,0.20103177092480132,-0.276284509139132,-0.5458531027342312,9.353434482745372e-06,0.000389675407716508,0.00020745228107400482,0.001467360358864439,39.45
4255,0.5638683566914798,-145.4705027486868,0.5401042833739464,-1.8809534522013238,0.19817027927276326,-0.2814020968068685,-0.5442829346963333,9.394104754949485e-06,0.00038518924898763143,0.00020559144681826436,0.001455961610033122,39.458333
4256,0.5679746170053115,-145.48582688284304,0.4850252183700231,-1.8559161950835112,0.19509199264848792,-0.28625015000460374,-0.5428650649128053,9.444119722485684e-06,0.000381128223521739,0.00020391870310204464,0.0014483989540652223,39.466667
4257,0.5716093807978314,-145.50109048099497,0.4292362435173528,-1.8340966307390596,0.19178521442858,-0.29083986192173616,-0.5416023623655358,9.502924290898191e-06,0.00037747155170129987,0.00020242566596655702,0.0014445066603796443,39.475
4258,0.574759287097768,-145.5162489852635,0.3728165996532232,-1.8153444517087942,0.18827118317533606,-0.2951503476291994,-0.5405023094826903,9.569986689059927e-06,0.0003741994911026926,0.00020110691710267364,0.001444150447926485,39.483333
4259,0.5774238650396428,-145.5316192183025,0.315872700369332,-1.7996061953919846,0.18446771282456526,-0.2992340581837386,-0.5395675620570279,9.644797274368127e-06,0.0003712951318541023,0.00019995976008403162,0.0014472257641648559,39.491667
4260,0.5795958973560993,-145.5466008014602,0.2584608924277519,-1.7866329495065,0.18056374262246894,-0.30297000688504994,-0.5388027676749996,9.726867845660442e-06,0.00036874277819619274,0.00019898412018559458,0.0014536545047748055,39.5
4261,0.5812732213903917,-145.5619604400916,0.20070147933661192,-1.7765272395013971,0.17633956765372194,-0.30649046886903636,-0.538210425436127,9.815731504331336e-06,0.0003665288438542904,0.00019818219772098917,0.001463387428009463,39.508333
4262,0.582452027867186,-145.57689829232953,0.142640884558097,-1.769019073664813,0.17204978374096963,-0.3096446825632108,-0.5377932271338252,9.910942993288436e-06,0.00036464118359983924,0.00019755871888078438,0.0014763974142641004,39.516667
4263,0.5831334395438753,-145.5922266408729,0.08440369791388788,-1.7642645642114818,0.16745643415396158,-0.31256839174512663,-0.5375517238539052,1.0012079474943596e-05,0.00036306938084021493,0.0001971204200141548,0.0014926855084320405,39.525
4264,0.583310702404471,-145.60718802427303,0.02602945858189063,-1.7620330955282613,0.1628051461496545,-0.31512334800141484,-0.5374888581241186,1.0118741691174659e-05,0.0003618041514850871,0.00019687658025816288,0.0015122730069199823,39.533333
4265,0.5829882796386174,-145.62259544055686,-0.03235284174084535,-1.762522278059883,0.15785360708541968,-0.31743906436305247,-0.5376031917896618,1.0230555520640495e-05,0.0003608383120713585,0.00019683841171330748,0.0015352093141216912,39.541667
4266,0.5821594326283054,-145.6376468461223,-0.09071055069527995,-1.7655135183429413,0.15286557511646093,-0.3193769032517867,-0.5378968509757355,1.0347173842541158e-05,0.0003601654532857756,0.0001970198370865502,0.0015615632766894732,39.55
4267,0.580830368799932,-145.65283711298156,-0.1489288682339725,-1.7711557137286278,0.1476977605798383,-0.3210122979726357,-0.5383669647610527,1.0468278758480068e-05,0.00035978130422838835,0.00019743672859866683,0.0015914332931700132,39.558333
4268,0.5790061598326786,-145.668477408288,-0.20690189491652827,-1.7795700566185222,0.14226244409935895,-0.3223839410546641,-0.5390106717171189,1.0593584018211916e-05,0.0003596822411298693,0.0001981077516919778,0.0016249395153089454,39.566667
4269,0.5766806464572095,-145.68394978671077,-0.2645923475657127,-1.790626534421198,0.1367689458577139,-0.32339105205219115,-0.5398286724300098,1.0722838009027136e-05,0.0003598655808315823,0.00019905453636395707,0.0016622249496409862,39.575
4270,0.5738620586174511,-145.6999887692843,-0.3218651785342242,-1.8046113783175763,0.13099407002127883,-0.3241310009733689,-0.5408161984475522,1.0855826843335079e-05,0.0003603308757970551,0.00020030112761675061,0.0017034645261483241,39.583333
4271,0.5705481893166026,-145.71581477606867,-0.37868991674381697,-1.8213698060572008,0.12520234137099676,-0.32448960176932323,-0.5419717563995438,1.099237780744731e-05,0.000361078263283818,0.00020187537833446205,0.0017488544307051955,39.591667
4272,0.5667556944931225,-145.73209329300855,-0.43492063419107757,-1.84121254297388,0.1191943226398119,-0.3245528630807646,-0.5432869087255048,1.1132363113202219e-05,0.0003621097911544565,0.00020380785635943095,0.0017986270378202987,39.6
4273,0.5624839085193235,-145.74865396559736,-0.4904877804406044,-1.8642125142988824,0.11303847846796225,-0.3242877507962998,-0.5447589097436819,1.1275703928852978e-05,0.0003634273733270648,0.00020613367825758332,0.001853036844627306,39.608333
4274,0.5577362524768024,-145.7654797853265,-0.5453056865126451,-1.8905121314351478,0.10675503687355394,-0.3236838684919451,-0.5463832245377006,1.1422374982131727e-05,0.0003650349213501614,0.00020889206534609956,0.0019123718657961522,39.616667
4275,0.5525197945846465,-145.78262089150383,-0.5992773754333997,-1.920300466307318,0.10034375264111169,-0.3227400394177493,-0.5481537292936435,1.1572409295676416e-05,0.0003669378757573366,0.00021212698486674727,0.001976953304454219,39.625
4276,0.5468457102172104,-145.80012978351104,-0.6522976717612223,-1.9537944982076791,0.09380504375993075,-0.3214564397203312,-0.550062618075003,1.1725903374277624e-05,0.0003691428800169403,0.0002158878361674189,0.0020471353503899318,39.633333
4277,0.540718029744825,-145.81799606027576,-0.7042756921496217,-1.9912180200375478,0.08715925236898515,-0.3198229396909687,-0.5521042153886407,1.1883022844699212e-05,0.0003716574701229611,0.00022023017808638242,0.0021233048160997155,39.641667
4278,0.5341489097623677,-145.8363193667586,-0.7550964946604728,-2.0328685504272004,0.08039364118707887,-0.31784319060377736,-0.5542698632611142,1.2044008514154817e-05,0.00037449101177787286,0.00022521635076142208,0.0022058845799996095,39.65
4279,0.5271491675479301,-145.8551047879755,-0.8046521361618215,-2.079043344318944,0.07352663213608114,-0.31551095643522326,-0.5565511507597987,1.2209182914901544e-05,0.00037765387791628533,0.00023091664036368171,0.002295329383559584,39.658333
4280,0.519732890875609,-145.87444528314347,-0.8528183751836268,-2.1301148906284224,0.06655041326910663,-0.31282803305572376,-0.5589384374903896,1.2378957358783309e-05,0.0003811577823614713,0.00023741012335245717,0.002392126524492015,39.666667
4281,0.511911188285306,-145.89434289872548,-0.8994800328229305,-2.1864618372517888,0.059486840460039665,-0.3097872413811296,-0.5614229186322478,1.2553839496328446e-05,0.0003850155571598446,0.00024478607394926174,0.0024967903794599904,39.675
4282,0.5036940941750384,-145.91477934118583,-0.9445218819966456,-2.248500388705956,0.05236491993627723,-0.3063803960505443,-0.5639959935602192,1.2734441372920041e-05,0.00038924166762198777,0.00025314502388500566,0.0026098613983991776,39.683333
4283,0.49510406690447295,-145.93592563911008,-0.98778267746014,-2.3167882045989803,0.04515815742182931,-0.3026161725691113,-0.5666451319775784,1.2921487830235206e-05,0.0003938524594074299,0.00026260006603736767,0.0027319022982608757,39.691667
4284,0.48615190850739604,-145.95774430512145,-1.029136352692086,-2.391845289346477,0.03790466511081703,-0.29848497917798966,-0.5693614548280836,1.3115825395568912e-05,0.00039886481453989985,0.0002732792359254523,0.0028634780507558718,39.7
4285,0.4768566693290131,-145.98037329199818,-1.0684153603994875,-2.4743446308445667,0.030592031677080835,-0.2939894496165229,-0.5721335891101329,1.3318431401173336e-05,0.000404297762189397,0.0002853263467080656,0.0030051571382843753,39.708333
4286,0.46723928794393105,-146.0038400806761,-1.1054519896235298,-2.5649788819604256,0.02324324287361691,-0.289128062278686,-0.5749497612310925,1.3530423039317407e-05,0.0004101715345805167,0.00029890352758937285,0.0031574878792378497,39.716667
4287,0.4573171470263976,-146.0282194657508,-1.140069054120866,-2.6645458600353935,0.01586909745428868,-0.2838987406230874,-0.5777994370840207,1.3753066064356902e-05,0.0004165074689935303,0.0003141926001605975,0.0033209853980109764,39.725
4288,0.44711487108049824,-146.05362532951875,-1.1720576103758742,-2.773956865694308,0.008472241074610589,-0.2783034194123868,-0.5806702511327293,1.3987782427589e-05,0.0004233285205004647,0.0003313967556372103,0.0034961173539463696,39.733333
4289,0.4366474017692597,-146.0801341799691,-1.2012176999643829,-2.894202814910392,0.0010687134405448025,-0.27233696002654684,-0.5835528688397317,1.4236156144773271e-05,0.00043065832171070505,0.00035074218580095125,0.0036832842217582626,39.741667
4290,0.4259614792080381,-146.1078878190408,-1.2272586286641214,-3.0264147694122707,-0.00634012038460435,-0.26601228166797686,-0.5864296902027606,1.4499936136900684e-05,0.00043852239798677884,0.00037247807165261264,0.003882830278423943,39.75
4291,0.4150654341371618,-146.13691609007722,-1.2499661077796875,-3.171768815630798,-0.01371982272930319,-0.2593197091676707,-0.5892941265424858,1.4781033941994697e-05,0.0004469437398597063,0.0003968774601413685,0.004095027919228412,39.758333
4292,0.4039986025756216,-146.16736014924146,-1.2690208097712865,-3.331622290087112,-0.02106304397753536,-0.25226720296447375,-0.5921318427199144,1.5081514238698024e-05,0.00045594784738127317,0.00042423246625493264,0.004320195198410732,39.766667
4293,0.39279978327307874,-146.19940278477253,-1.2840686798376755,-3.5074680709575214,-0.02836916955280486,-0.24486016358533402,-0.5949295783400316,1.5403574243448357e-05,0.00046555785954337296,0.0004548506903844097,0.004558801085741163,39.775
4294,0.3815041818468543,-146.2331677968994,-1.294743455923891,-3.700861336120689,-0.03561850098240028,-0.23710196465270975,-0.5976759100228083,1.5749507520544902e-05,0.0004757940384565897,0.000489046001788461,0.004811735212190927,39.783333
4295,0.3701533832796047,-146.26880482865332,-1.3006255180415176,-3.9134502304763363,-0.042794676419509986,-0.22899865979965503,-0.6003588444889534,1.6121645855887208e-05,0.0004866734747431293,0.0005271220357900632,0.0050808103766825305,39.791667
4296,0.3587919839399614,-146.3064919118584,-1.3012443434132295,-4.146943603500299,-0.049884532867366535,-0.22055623409844874,-0.6029668263320255,1.652227049695839e-05,0.000498208081461855,0.0005693484649736789,0.005369572044006051,39.8
4297,0.34747416963371547,-146.34640017208554,-1.2960657181505792,-4.403001868688175,-0.056870949326777574,-0.21178572169851886,-0.6054874200867502,1.695348223345433e-05,0.0005104029469716133,0.0006159261112003365,0.005684594387496521,39.808333
4298,0.33627227138057353,-146.3886619728079,-1.2844744804597967,-4.68304713223842,-0.06372966130100577,-0.20271049856983253,-0.6079058288222191,1.7417016726687807e-05,0.0005232536449727713,0.0006669379239044393,0.006037434676664738,39.816667
4299,0.3252102606678302,-146.43362515185044,-1.2658919616332054,-4.988636610936687,-0.07046914884313633,-0.1933110545773449,-0.6102191802258585,1.791398819099404e-05,0.0005367423909839562,0.0007222832410488533,0.006447397275218833,39.825
4300,0.31436806598099415,-146.48141991535715,-1.2395998163744155,-5.32051380756929,-0.07705943635459217,-0.18361187450352004,-0.6124141045779532,1.844455250824177e-05,0.00055084569505473,0.0007815969078155154,0.006945413526881225,39.833333
4301,0.30382268313016747,-146.53222966421384,-1.2048465703194329,-5.678742458596028,-0.08348207241090597,-0.1736310179643145,-0.614479882390511,1.9007470310579126e-05,0.0005655260506956371,0.0008441504720512532,0.007578497606257421,39.841667
4302,0.2936545580688191,-146.58629018388083,-1.1608431464848308,-6.06236341449126,-0.08972964878474568,-0.1633813046466588,-0.6164070506547779,1.9599560070955925e-05,0.0005807357223034082,0.0009087518781515547,0.008414298532025818,39.85
4303,0.2839487034786548,-146.64374513598256,-1.1068311836480864,-6.468860588449352,-0.09578250737308139,-0.15288185800675091,-0.6181871572992513,2.021505784717763e-05,0.0005964224418073665,0.0009736620128501059,0.009543880380933293,39.858333
4304,0.2748012410911021,-146.70477592541317,-1.04206239327177,-6.893728330578054,-0.10163558001934213,-0.14214909619542918,-0.6198115487799131,2.0844923641976354e-05,0.0006125386051128644,0.0010365592143788138,0.011079631522717149,39.866667
4305,0.266314638647508,-146.76944703356116,-0.9659224622578257,-7.329869778292235,-0.10727620335661868,-0.13120658984949793,-0.6212722105884465,2.1476178654539366e-05,0.0006290524064731771,0.0010946014907842138,0.013143335513851878,39.875
4306,0.25857861898560225,-146.837786698996,-0.878037820656956,-7.767656241067449,-0.11269283031261887,-0.12006675851467188,-0.6225647052089532,2.2091418568248698e-05,0.0006459607822726787,0.0011446319530540828,0.015839428722388242,39.883333
4307,0.25171661349491853,-146.9096522350387,-0.7782625146156021,-8.193733638109984,-0.11788061741558875,-0.10876551256773286,-0.6236799948608245,2.2668722735865225e-05,0.0006633016003752941,0.00118356498180019,0.019211478321266396,39.891667
4308,0.24582297142288756,-146.98481706909033,-0.666943278016628,-8.592511300267404,-0.12283221118411608,-0.0973218596128948,-0.6246144540539458,2.3182189168024e-05,0.0006811436881554342,0.0012089030419318416,0.023184805468067695,39.9
4309,0.240988032874585,-147.0630861350599,-0.5448592371758882,-8.946570442706776,-0.12755772841094126,-0.08573411741847699,-0.6253648532729636,2.360333288066961e-05,0.00069956706807913,0.0012193173001368695,0.02751664016381728,39.908333
4310,0.2373170643726111,-147.14347842373527,-0.4135608766590595,-9.236828745935375,-0.1320277836410446,-0.07408963817348012,-0.6259248377706035,2.390346202543818e-05,0.0007186089946094193,0.0012150523954613372,0.03178097503379426,39.916667
4311,0.23487890626272284,-147.22570641618705,-0.2749151699773733,-9.446702852853004,-0.13627893990787882,-0.0623599602409064,-0.6262921032332576,2.4056828374966042e-05,0.0007381817343230409,0.0011979462420658076,0.035420247649514916,39.925
4312,0.2337035274498642,-147.30882607365717,-0.1315549941471749,-9.56380107203416,-0.14029322063804706,-0.05058054120365264,-0.6264678234119849,2.40440950130421e-05,0.000757995679001009,0.0011710079952154816,0.037867990189804704,39.933333
4313,0.2338344692873107,-147.39178971855512,0.013604797863592154,-9.58013202526231,-0.14408142212540823,-0.0388020105672792,-0.6264482903243146,2.385542913215276e-05,0.0007775118097383914,0.0011376029466483254,0.03871357136820227,39.941667
4314,0.23525406006923313,-147.4737218026965,0.15752705340547193,-9.495936478113855,-0.14764827015742069,-0.02704033388159286,-0.6262358352402818,2.349232651428377e-05,0.000795940348304976,0.001100571045059307,0.03783083285982004,39.95
4315,0.2379304823756571,-147.55376618856687,0.29731530915182175,-9.317855743669623,-0.151004618326476,-0.015317044895643768,-0.6258318512633727,2.2967685771708167e-05,0.0008123319026314397,0.0010616936123081606,0.035412697068216085,39.958333
4316,0.24181441100137896,-147.63104251207417,0.43037263993993735,-9.058031960818234,-0.15416528458082263,-0.0036717096193763124,-0.6252376318285593,2.2304079429872312e-05,0.0008257131754624628,0.0010216353547537178,0.03189439166869005,39.966667
4317,0.24682923311833277,-147.70493517025187,0.5546450791218137,-8.732686371821208,-0.15714523538116185,0.007876490326660403,-0.6244564424946973,2.153066316399496e-05,0.000835240139381583,0.0009803190664913657,0.027810649100511935,39.975
4318,0.25286767971387947,-147.7750979384414,0.6687025863692072,-8.360075384918678,-0.15994706215056964,0.019325779796055684,-0.623494959258434,2.0679544080488894e-05,0.00084032542701288,0.0009374531494050819,0.023653472630073,39.983333
4319,0.25983388648023487,-147.84116646276752,0.7716373149000496,-7.957324601349692,-0.16258655607732175,0.03064721757146345,-0.6223575118161934,1.9782418692498747e-05,0.0008407083849498371,0.000892942772249103,0.01978247670454786,39.991667
4320,0.2676256633584986,-147.9029762933615,0.8630668504481995,-7.539804422922482,-0.1650788322283369,0.04182139827472852,-0.6210494847212057,1.8867970690219296e-05,0.0008364476809737907,0.0008470751096290759,0.016401712239558087,40.0
4321,0.27609838973159734,-147.96085586351714,0.9431643311482273,-7.121110512874466,-0.16739479828671033,0.05288402517069765,-0.6195843558905411,1.7960284139710845e-05,0.0008278711407108794,0.000800492529802147,0.013582072531899693,40.008333
4322,0.2851789560357776,-148.01458625679902,1.0121747680147368,-6.710350347946153,-0.16957231953919905,0.06377553641487642,-0.6179647417750389,1.7078254632433795e-05,0.0008155116731298823,0.0007540368120387183,0.01130323665398379,40.016667
4323,0.29478903398294926,-148.0643430649806,1.070629968054238,-6.314267000195371,-0.17163044462370167,0.07449156603966779,-0.6161951880234284,1.623563968097588e-05,0.000800000591422349,0.0007085847016749879,0.009497801645243921,40.025
4324,0.30484595276982707,-148.11007168255026,1.1191233257728617,-5.93768112955077,-0.173603180903515,0.08497974343794612,-0.6142824199514442,1.5441613372780434e-05,0.0007820007769686605,0.0006649163906148926,0.008081571646356244,40.033333
4325,0.31523512191730313,-148.1523878905476,1.1585010495444563,-5.583847407305869,-0.17545171775954058,0.09528848584184867,-0.6122412203349219,1.4701555281557714e-05,0.0007621571697109255,0.0006236360774152152,0.006972378111398568,40.041667
4326,0.3258817752142669,-148.19158081863134,1.1895026642048105,-5.253999213804588,-0.17717523303488253,0.10541714807421687,-0.6100808752673155,1.401790576764396e-05,0.0007410726289752656,0.0005851465977654045,0.00609887197567199,40.05
4327,0.3367157538984412,-148.2279548472751,1.212847948261165,-4.948342178536049,-0.1787677100653884,0.11536793148158377,-0.607811532384536,1.3390925079070198e-05,0.000719275265898416,0.0005496620231989218,0.005403783258616328,40.058333
4328,0.34767841686227274,-148.2617396963775,1.229196175568122,-4.666313674841192,-0.18023150719765976,0.1251333383070605,-0.6054426183655977,1.2819355307224103e-05,0.0006972111930716264,0.0005172398279502105,0.004843144596833741,40.066667
4329,0.35870677509001414,-148.2932463589564,1.2391827772058814,-4.406968982141827,-0.18155138437520582,0.13471963532071232,-0.6029860921833111,1.2300949120301716e-05,0.0006752434743389097,0.00048781929966661326,0.004384159472104026,40.075
4330,0.36975419562823725,-148.3226899585267,1.2433630630861323,-4.168981496821568,-0.1827260225514276,0.14412271890275521,-0.600451792615038,1.1832877845779296e-05,0.0006536607753750037,0.00046125826190893023,0.004002729189779531,40.083333
4331,0.3807729824158335,-148.3503065005532,1.242249828346363,-3.9509376364007456,-0.18374545287472274,0.15334349038679676,-0.5978510643796308,1.1412024213216174e-05,0.0006326824163147834,0.0004373640826047229,0.0036813000711743466,40.091667
4332,0.3917274172837982,-148.37625316700715,1.2362894275448195,-3.7513268281952383,-0.1846120408976633,0.16237462370545686,-0.5951935723847418,1.1035190355600034e-05,0.000612469727638894,0.0004159178652946144,0.0034070711497354157,40.1
4333,0.4025748823734316,-148.4007371885021,1.2258991900966965,-3.568730465633858,-0.1853129193737564,0.17121705261993042,-0.5924916501363708,1.069923357037737e-05,0.0005931337015389192,0.0003966920142981146,0.003170659858275404,40.108333
4334,0.41327218025040696,-148.424170078721,1.2114779149333477,-3.401783437493743,-0.18579302393067687,0.17991097132105963,-0.5897588552391628,1.040115322551553e-05,0.0005747467756056072,0.0003794622768122407,0.002965099983264948,40.116667
4335,0.423812545674166,-148.44617221160274,1.1932854700539115,-3.249051753625318,-0.18614924391380117,0.18836614981889882,-0.5870001407740244,1.0138138673817606e-05,0.0005573511881821587,0.00036401541790130295,0.0027851362824838186,40.125
4336,0.43415580474174226,-148.46725641528164,1.1716615812296987,-3.109372561824256,-0.1863025089904339,0.19664598560932936,-0.5842296159590036,9.907587552614357e-06,0.0005409586985816741,0.0003501534302009461,0.0026267752947969187,40.133333
4337,0.44427601225055924,-148.48744461969883,1.1468636465462696,-2.9816244349140857,-0.18626438905451725,0.20472979381945947,-0.5814583403553423,9.707113526291875e-06,0.0005255651051231257,0.0003376959832872112,0.002486886599428444,40.141667
4338,0.4541490569745623,-148.5068751603909,1.1191353936857016,-2.8647815252497004,-0.18602261007503598,0.21262048472085485,-0.5786973567366106,9.534538151230178e-06,0.000511152030288788,0.0003264808678915915,0.0023629872022256867,40.15
4339,0.46374255799724573,-148.52575414208016,1.0887052022738695,-2.7579631902345962,-0.18554329891916982,0.22033086364448684,-0.5759605085662264,9.3878774229646e-06,0.00049769090982932,0.00031636363982298263,0.002253071455653045,40.158333
4340,0.4730490579636675,-148.54398473650278,1.0557585859836893,-2.6602520975216075,-0.18486540004264498,0.22782918650071113,-0.5732548807655258,9.265325398943639e-06,0.00048514787872965134,0.0003072166212097552,0.0021554898755201655,40.166667
4341,0.4820524176599734,-148.5615688318618,1.0204751184645742,-2.5708688572721226,-0.18400453379661183,0.23509944093723192,-0.5705901305572089,9.165234904752132e-06,0.0004734819272665131,0.0002989277157554142,0.002068877405720045,40.175
4342,0.49072904897011316,-148.57870739846652,0.9830319707152055,-2.4891655457393465,-0.18292572654149733,0.24215970762201205,-0.5679783158270103,9.086099957865543e-06,0.000462649283124376,0.0002913990136430729,0.0019920866660534074,40.183333
4343,0.49907530749096807,-148.59520231690848,0.9435748289877225,-2.4144447141945915,-0.18169491011000125,0.24896458584724884,-0.5654255983858765,9.026538832144911e-06,0.000452606338994795,0.0002845453123460577,0.0019241406770592075,40.191667
4344,0.5070556616533494,-148.61147333887848,0.9022632210089447,-2.3462784829433363,-0.18021482256271137,0.25556746533004776,-0.5629479559155228,8.985277674915304e-06,0.0004433077079558737,0.00027829288665884555,0.001864207512408743,40.2
4345,0.5146662293078842,-148.62743181641562,0.8592311187629732,-2.2841107775313203,-0.17852128426709846,0.2619435691080081,-0.5605517195964919,8.96113722005425e-06,0.0004347123113475185,0.00027257801862842486,0.001811565740591173,40.208333
4346,0.5218927167542351,-148.64308442342488,0.8146047276249883,-2.227495381819164,-0.1766235456538262,0.26808140006840075,-0.5582463602514904,8.95301952053108e-06,0.00042677877053676823,0.00026734602584885784,0.001765594605130305,40.216667
4347,0.5287260268927841,-148.65845318165142,0.7685071278634217,-2.176020144335588,-0.17452823912812354,0.2739751020574857,-0.5560396117862709,8.959897460751387e-06,0.00041946786671109024,0.0002625502017616172,0.0017257566124922001,40.225
4348,0.5351515467111979,-148.6735640547253,0.7210509204329886,-2.129339216885794,-0.1722387708626119,0.27961729896532106,-0.5539408674281714,8.9808054779538e-06,0.0004127421875395533,0.0002581509077724865,0.001691586175653745,40.233333
4349,0.5411588612676288,-148.6884894297448,0.6723483740903274,-2.0871421925788485,-0.16974608676269543,0.28501071851832316,-0.5519580319502749,9.014831945729698e-06,0.0004065672143128497,0.00025411477566104906,0.0016626797174671914,40.241667
4350,0.54676257760473,-148.70279280000574,0.6225053215469786,-2.0489779941492805,-0.16719416349241598,0.29008467126377063,-0.5500904542598984,9.061112716263325e-06,0.0004009108266900839,0.0002504140139076024,0.0016386881767004812,40.25
4351,0.5519070228215552,-148.71745315726403,0.571621110336042,-2.0149378876438115,-0.1642984867575661,0.2949729294918649,-0.5483607305343456,9.118825696728467e-06,0.0003957404067769346,0.00024702587724713827,0.001619313686740111,40.258333
4352,0.5566098590853685,-148.73195305722638,0.5197967960779089,-1.984606532797476,-0.16122459345798246,0.2995917543389426,-0.5467667911206963,9.187187563155542e-06,0.0003910320004895804,0.00024393199822649774,0.0016042963588835224,40.266667
4353,0.5608611609834744,-148.74637156879155,0.46712712083299107,-1.9578097090999245,-0.15795880279379873,0.30394498370891493,-0.5453154831601037,9.265449642069333e-06,0.00038676018567778645,0.00024111813781355553,0.0015934182777875715,40.275
4354,0.5646532769882917,-148.76066471779603,0.4137001227908949,-1.934365894722104,-0.15452464646214847,0.3080177290724082,-0.5440126146412642,9.352896058332866e-06,0.0003829021868083576,0.00023857375004560864,0.0015864968277662724,40.283333
4355,0.5679805625703556,-148.7749627369383,0.3596119450725292,-1.914152580545363,-0.1508925724658954,0.31182318985061175,-0.5428630052987714,9.448842176396864e-06,0.0003794375118469868,0.00023629167969626858,0.0015833823826630635,40.291667
4356,0.5708380028867874,-148.7891614208189,0.3049451993625444,-1.8970144332904477,-0.1471052196673423,0.31533863885725105,-0.54187093469412,9.552633712411622e-06,0.00037634766667760415,0.00023426792572809558,0.001583955047983193,40.3
4357,0.573223213462405,-148.8033421673339,0.24979280316482452,-1.882855256012009,-0.14314817944869399,0.3185709468695906,-0.5410394285143524,9.663646468211391e-06,0.00037361608459821516,0.0002325014229684506,0.0015881238335080225,40.308333
4358,0.5751269277552308,-148.81750057594545,0.1942316562425512,-1.8715967581868505,-0.13903208714380527,0.3215104961543309,-0.5403735673430311,9.781286582897606e-06,0.0003712278129754133,0.0002309939063467056,0.0015958240653280206,40.316667
4359,0.5765509408790979,-148.83166971122625,0.13835457839905,-1.8631614286049203,-0.13475800719453632,0.32415833936230753,-0.5398742105294793,9.904991304985117e-06,0.00036917028681177874,0.0002297497978566617,0.0016070170610186791,40.325
4360,0.5774910746383133,-148.84584530755737,0.0822418129130274,-1.8574964001476073,-0.13033759695065525,0.32650722146791084,-0.5395439350288661,1.0034230061076839e-05,0.0003674319886060203,0.00022877613178195824,0.0016216883189795611,40.333333
4361,0.5779510321114566,-148.85988956373487,0.02597572011092288,-1.8545118106536964,-0.12582808920046698,0.3285371727780597,-0.5393821750365493,1.0168506033638611e-05,0.00036600320567390895,0.00022808251932936627,0.0016398475707993206,40.341667
4362,0.5779165999480202,-148.87418482867682,-0.030359138739204632,-1.8543196126119978,-0.1211124726992152,0.3302848519585685,-0.5393942882524697,1.0307358007025385e-05,0.0003648751588028057,0.00022768106508802596,0.0016615286468459937,40.35
4363,0.5773956766686535,-148.8885639670337,-0.0866763465477859,-1.8568483362097417,-0.11625795642682984,0.33172692581722857,-0.5395774707410497,1.0450362609434119e-05,0.0003640419627579395,0.00022758670194834697,0.0016867877675540827,40.358333
4364,0.5763837653629681,-148.9031229279208,-0.14289440581151824,-1.86214572406747,-0.11124308518375454,0.3328662831337119,-0.539932890485056,1.0597136639964838e-05,0.0003634980701136252,0.00022781697906288858,0.0017157048317390092,40.366667
4365,0.5748845004821553,-148.91786284618453,-0.1989250893259229,-1.8702332605067657,-0.1060793972402178,0.3336979420090289,-0.5404584698717293,1.0747339909753438e-05,0.00036323977347451096,0.0002283923422880528,0.001748383354139846,40.375
4366,0.5728986584660491,-148.93266581963843,-0.254693792239414,-1.8811193098631955,-0.10081806305805895,0.33420342522540286,-0.5411527523766556,1.0900678211319205e-05,0.0003632643006770265,0.0002293362277938933,0.0017849505168382005,40.383333
4367,0.5704289717116614,-148.94769657550827,-0.3101038670840023,-1.8949142731989657,-0.09541652692067668,0.3343947838766451,-0.5420132171658618,1.1056906617280877e-05,0.00036357022592076367,0.00023067514589982194,0.0018255593394148227,40.391667
4368,0.5674909787750296,-148.96267770645443,-0.36507028188601637,-1.911582862248541,-0.08998204862170003,0.33424752143053266,-0.543032538637776,1.1215832980039386e-05,0.00036415728267428317,0.0002324391763537205,0.0018703865340730307,40.4
4369,0.5640671354704481,-148.97807314593433,-0.4195070549203855,-1.931412023553604,-0.08436958135485667,0.3337886382330624,-0.5442145086310398,1.1377321651404704e-05,0.00036502513730001256,0.00023466178298449852,0.0019196353325758879,40.408333
4370,0.5601716143980864,-148.99371127004488,-0.4733210491549284,-1.9544457022058264,-0.07865173533189501,0.3330013855311115,-0.5455515506710998,1.154129760054782e-05,0.00036617705685046886,0.00023738104990185313,0.001973534668524703,40.416667
4371,0.5558065634731159,-149.00959596090505,-0.5264263846531492,-1.9808283567954803,-0.0728412023893391,0.3318795083332375,-0.5470399106637138,1.1707750605919096e-05,0.00036761630875481005,0.00024063934852523624,0.0020323404709604643,40.425
4372,0.5509794707786785,-149.0258291668336,-0.5787187654555661,-2.010756148681851,-0.06691944193757023,0.3304262365990641,-0.5486736763630488,1.1876739873566845e-05,0.00036934769966533425,0.0002444840062436129,0.0020963370945261683,40.433333
4373,0.5457029369080589,-149.04233546603746,-0.630099646740365,-2.0443786051171826,-0.060927857405687,0.328634577764013,-0.5504449320012141,1.2048398890883764e-05,0.00037137704558904647,0.0002489680214935774,0.0021658350168657116,40.441667
4374,0.5399851689401517,-149.05924915033896,-0.6804579539575806,-2.08195953563792,-0.05483877829057879,0.32650882354927796,-0.5523470007305763,1.2222940577756256e-05,0.00037371077667719865,0.0002541503932472148,0.0022411720503618814,40.45
4375,0.5338253986823185,-149.07650038282262,-0.7297143096566857,-2.1237267466094054,-0.04869170747118648,0.3240354822145575,-0.5543758982545324,1.240066277353547e-05,0.00037635658528907773,0.00026009722981165775,0.002322710408933448,40.458333
4376,0.5272444528961692,-149.0941751480952,-0.7777351733624548,-2.1699748042002502,-0.04247793730496895,0.3212216002277643,-0.556520279114274,1.2581954078073885e-05,0.000379324520437064,0.0002668821019597819,0.0024108425909382257,40.466667
4377,0.5202450982734039,-149.11236539880986,-0.8244138940145953,-2.221063734832996,-0.036186900632691525,0.318062931018294,-0.5587745456001478,1.2767299898736161e-05,0.0003826245844268106,0.00027458731908447403,0.002505979099294986,40.475
4378,0.5128569795073864,-149.13079049146603,-0.8696357028509544,-2.277192764156324,-0.02992890193756043,0.31455726089920155,-0.5611243205568652,1.2957288901292224e-05,0.0003862690299280578,0.00028330493048157814,0.002608551240370515,40.483333
4379,0.5050608585755797,-149.1500145093147,-0.913271893738165,-2.3390491295156344,-0.023545403934661858,0.3107028401055217,-0.5635706448883905,1.3152619425998082e-05,0.0003902693893266628,0.0002931367289838105,0.0027190062496295804,40.491667
4380,0.49689146457277783,-149.16984083708545,-0.9551771155980655,-2.4069627010825956,-0.017123687973109862,0.3065013717891877,-0.5660973424045955,1.3354106425101704e-05,0.0003946423032250554,0.00030419783196762915,0.002837799251708699,40.5
4381,0.48835875405871126,-149.19032712144252,-0.995217242160647,-2.481460954897661,-0.010670475893303723,0.30194939180720454,-0.5686960685704358,1.3562688401667037e-05,0.00039940307945598167,0.0003166157721076257,0.0029653824837553994,40.508333
4382,0.47947699529213494,-149.21149072292468,-1.0332487616654138,-2.5631070491575523,-0.004206537265250854,0.29704521751114504,-0.5713571181616561,1.3779433751194912e-05,0.0004045689845759489,0.00033053231555536734,0.0031022013612356965,40.516667
4383,0.4702711734157718,-149.23347371208757,-1.0690826718960524,-2.6525846550009082,0.0022826517533286765,0.2917937471063935,-0.5740676888020986,1.4005546695779982e-05,0.0004101587721539709,0.00034610437832889444,0.003248685504075675,40.525
4384,0.46075120871349956,-149.2562964380047,-1.1025662406934749,-2.7506027962856017,0.008773151210219635,0.2861899920280211,-0.5768195844081959,1.4242372087066638e-05,0.0004161914244554634,0.0003635056935152689,0.003405226621244258,40.533333
4385,0.45094880398360676,-149.28001324732216,-1.133488988748087,-2.857942024435675,0.015249594169235936,0.2802419436024745,-0.5795984951667673,1.4491398519101607e-05,0.00042268816197186285,0.000382926537850725,0.0035721901392855495,40.541667
4386,0.44087646573281897,-149.30482260841742,-1.1616420178477815,-2.9755788618652166,0.021733979617355237,0.27394369037268357,-0.5823959145727138,1.4754258422799476e-05,0.0004296695945549254,0.00040457414284415506,0.003749900500465007,40.55
4387,0.4305642708386864,-149.33073460496604,-1.1867960305059968,-3.1044484423628154,0.028192847899590784,0.2673015444534867,-0.5851987357608449,1.5032724264220698e-05,0.0004371582088332196,0.0004286723283841434,0.003938666125538379,40.558333
4388,0.42003972544827384,-149.35786114951128,-1.2086932738266385,-3.2456442347139176,0.03461870096059069,0.26031867826448407,-0.5879951053932619,1.532869864187776e-05,0.0004451758578133717,0.00045545809576562585,0.00413882695818253,40.566667
4389,0.40932375761976836,-149.38634003602266,-1.2270653898198198,-3.400390337301677,0.04100671455560994,0.2529928232222357,-0.5907754170879128,1.564419536408529e-05,0.000453743894044979,0.00048517766819555704,0.004350849958706322,40.575
4390,0.3984648224807952,-149.41602995756483,-1.2416182244840013,-3.5697546298687612,0.047282087394912804,0.24535001878607116,-0.5935236180382836,1.5981308903958993e-05,0.0004628837135535834,0.0005180788946064051,0.004575520797771695,40.583333
4391,0.3874690677386288,-149.44755249368433,-1.251970038399583,-3.755534974089562,0.0535517499916692,0.23735709804018246,-0.596235130429911,1.63421658957797e-05,0.0004726124116134883,0.0005543972458882301,0.004814263019173427,40.591667
4392,0.3763941419460634,-149.48082612078525,-1.2577330501504773,-3.958990816315142,0.059747889455361185,0.2290404361149645,-0.5988932968450197,1.6728856143324996e-05,0.00048294816269290567,0.0005943450821879119,0.005069620662515663,40.6
4393,0.36528233679366956,-149.51576394639832,-1.2585372801464165,-4.181418627982407,0.0658041626627349,0.22042306044638257,-0.6014864913493126,1.714333342759328e-05,0.0004939019182580979,0.0006380807088251281,0.0053460886823455825,40.608333
4394,0.35415935982750907,-149.55304526838938,-1.2538317461905535,-4.42480132914226,0.07181821388085541,0.2114689000406397,-0.6040079148045708,1.758727378523573e-05,0.0005054790990936153,0.0006856728022183867,0.0056513888108897905,40.616667
4395,0.3430925781982089,-149.5925645185626,-1.2431117405815968,-4.690268014837886,0.07771425565539769,0.20221418491782459,-0.6064424379625385,1.8061888209626663e-05,0.0005176812398584327,0.0007370648573125439,0.005998155955904828,40.625
4396,0.33213086382610063,-149.6343507529991,-1.225863383384579,-4.978927142645593,0.08344672344664869,0.19267926891475765,-0.6087806307303913,1.8567672105610712e-05,0.0005304991997114493,0.0007920074976203106,0.006406461023050277,40.633333
4397,0.3213319845370925,-149.67884094788465,-1.2013979337871468,-5.291878127103832,0.08904996021562223,0.18285585800518242,-0.6110125632544594,1.91040780912232e-05,0.0005439165823319823,0.0008499905698972746,0.0069070279614596485,40.641667
4398,0.3107528373367441,-149.72649254694588,-1.1689831559213684,-5.6297547048060075,0.09454977223808181,0.17272657255813417,-0.6131299897885003,1.966911034612978e-05,0.0005579096100420273,0.0009101732058496074,0.0075447892313995745,40.65
4399,0.30047686968922976,-149.77716658160736,-1.127979068617461,-5.991661428452511,0.09987069086626815,0.16234058572120694,-0.6151210385034719,2.0258839786290883e-05,0.0005724505625246534,0.0009713098847842209,0.008382430510128632,40.658333
4400,0.2905812448406006,-149.83113137514528,-1.0776467009759587,-6.375961708676747,0.10501201113556652,0.15170486938085656,-0.6169770034607456,2.086684658551548e-05,0.0005875091696397036,0.0010316836655915043,0.00950246222155036,40.666667
4401,0.281144527731715,-149.8886140292433,-1.0172897785788664,-6.7794839743365705,0.1099658351800357,0.14082592516204628,-0.6186906226632266,2.148363201416135e-05,0.0006030621659666331,0.0010891049248015886,0.011005008757076856,40.675
4402,0.2722580032083565,-149.9497595816335,-0.9462780679878889,-7.19690769549274,0.11471896399334842,0.12971928005712802,-0.6202539644030929,2.20960853326132e-05,0.0006191038835465949,0.00114098299579128,0.012998077597184373,40.683333
4403,0.2640152457303361,-150.01467143419586,-0.8641257712510034,-7.62051379145387,0.11925940753918182,0.11839855310043634,-0.6216602681635095,2.2687124215112427e-05,0.0006356550118458157,0.0011845100513547151,0.015575869341156807,40.691667
4404,0.25652139716951716,-150.08332944791258,-0.7705664478689565,-8.039619748945059,0.123574076065469,0.10688720934395786,-0.6229021471139963,2.323568256085776e-05,0.0006527693509899616,0.0012169815005186708,0.018782821730056146,40.7
4405,0.24987414304092062,-150.15568948722637,-0.6656567386737295,-8.440968169369324,0.12765617373643945,0.09519608137951384,-0.6239744546637763,2.3717248711563145e-05,0.0006705280355760524,0.0012362243190754646,0.022565711278604815,40.708333
4406,0.244171236910271,-150.2314800849274,-0.5499127488004365,-8.808792920376938,0.13149009501415165,0.08335038350451347,-0.6248724519122443,2.4105148983533383e-05,0.0006890187679914606,0.0012410606525836718,0.026726879656895842,40.716667
4407,0.2395119164063566,-150.3103566033867,-0.42431541981073384,-9.125651190955814,0.1350731299233016,0.07136955556725097,-0.6255910395672688,2.4372669824326955e-05,0.0007082889655554361,0.00123164217324665,0.030901670421686213,40.725
4408,0.23596947338622176,-150.39183243449176,-0.2904419040679956,-9.374608084620256,0.1383954569022152,0.05926699211149852,-0.6261282886365084,2.4495892982832307e-05,0.0007282754043047259,0.00120949409039628,0.03458663185541213,40.733333
4409,0.2336161758843564,-150.4751742140319,-0.15041938612860267,-9.540236382151308,0.14145032908784938,0.04707509069699505,-0.6264808480016041,2.445688259719146e-05,0.0007487312873600872,0.0011771814198582309,0.03723545239563897,40.741667
4410,0.23250275932964737,-150.5595464275593,-0.00683390392088871,-9.611251824951317,0.14423613579576508,0.03482358441643533,-0.6266464455936035,2.4246568497345893e-05,0.000769165766930746,0.0011376394938117924,0.03840235975987247,40.75
4411,0.23264408020186908,-150.6441921987059,0.13748162626841265,-9.582677462929144,0.1467514077557375,0.022517931411881794,-0.6266254700877065,2.3866586428709803e-05,0.0007888372295518982,0.0010934480767383797,0.03788100038925129,40.758333
4412,0.23402865942824436,-150.72809514866748,0.279544190990193,-9.45629225657009,0.14898771672952626,0.010199530842896428,-0.6264193024726388,2.3329547505224866e-05,0.000806818358534321,0.001046340732499649,0.03577226933945765,40.766667
4413,0.2366453459109252,-150.81047696436872,0.4166362212569863,-9.239391232042049,0.15096020468260635,-0.002118049055422205,-0.6260263917331158,2.2657577915400146e-05,0.0008221209099390203,0.0009971311578108723,0.03244737216772943,40.775
4414,0.2404423718614102,-150.89069629047626,0.5463918756951961,-8.94518976145279,0.1526704133900213,-0.014431778440424916,-0.6254486240470648,2.1879416414387227e-05,0.0008338411396011534,0.0009460342662138996,0.02842430029703762,40.783333
4415,0.24532751617058735,-150.967834984382,0.6668250840186316,-8.591060399684991,0.15411309761599198,-0.026674767672617013,-0.6246920221907878,2.1026862079581025e-05,0.0008413015381868355,0.0008931435940847798,0.024220409166334583,40.791667
4416,0.2512222332409647,-151.04155714730808,0.7766821559818616,-8.194389561420193,0.15529940953026997,-0.038846487287771375,-0.6237592135599687,2.013139499265983e-05,0.0008441413364477881,0.0008387874860316143,0.020241482572100886,40.8
4417,0.258046206932338,-151.1115124764489,0.8751911438008217,-7.771807866100929,0.15624768287043,-0.05092447324709033,-0.6226522884388429,1.9221477416834135e-05,0.0008423233555505471,0.0007836677783354311,0.01673512528032383,40.808333
4418,0.2656864537144589,-151.17757560840016,0.9621017787223334,-7.3387299288044785,0.15695643489098876,-0.06289582367218645,-0.6213785525643029,1.8320868253982523e-05,0.0008360915733082097,0.0007287887273484044,0.013801728983741799,40.816667
4419,0.2740434188210573,-151.23954231800386,1.0375002586865107,-6.907502252131109,0.15744620421383695,-0.07471876463405147,-0.6199437971834351,1.7447978405899485e-05,0.0008259066830667659,0.0006752651275150784,0.011434734888195124,40.825
4420,0.283017994082276,-151.29754095027192,1.1018188597158984,-6.487498061357249,0.15772380294982988,-0.08638900051705888,-0.6183547972230077,1.6615976695298483e-05,0.0008123571801625397,0.0006241291008118737,0.009567726255823583,40.833333
4421,0.29250992795392583,-151.35171821401187,1.1556669486705695,-6.085456467442745,0.15779494992963583,-0.09789297830897933,-0.6166200055548811,1.583339381513507e-05,0.0007960843480848973,0.0005761982378674697,0.008111299209560328,40.841667
4422,0.3024334430883751,-151.40219280553035,1.1997358372419553,-5.705624964347051,0.15767770334668824,-0.10920832316458425,-0.6147469371171308,1.5104963365088909e-05,0.0007777258876170126,0.0005320173483433341,0.006976467197741686,40.85
4423,0.312700777980503,-151.4492713049694,1.234798201953326,-5.3504272793181125,0.15736933928028715,-0.12033559866989157,-0.6127452549169554,1.4432496369262497e-05,0.0007578739304756344,0.0004918626451315555,0.006086280197133908,40.858333
4424,0.32324015520625293,-151.49306891630152,1.261580628494191,-5.020797404994914,0.15689451275679572,-0.13124687979143732,-0.6106233545220979,1.381569202037771e-05,0.0007370558071855038,0.0004557833500834764,0.005379305815526846,40.866667
4425,0.33397586693696424,-151.53391672965262,1.2808261865855244,-4.71669012758352,0.15624734656105696,-0.14194441756486187,-0.6083921939758934,1.3252811691606447e-05,0.0007157218005222588,0.000423657437268168,0.004809005969993608,40.875
4426,0.34484870477365726,-151.57199926961056,1.2931994670307876,-4.437293598152481,0.15544406307280756,-0.1524127252528833,-0.6060610671478628,1.2741218529271402e-05,0.0006942478751769977,0.0003952482706276521,0.004341172917616573,40.883333
4427,0.35579632334223016,-151.60762129656638,1.2993363347305125,-4.181402630794454,0.15447739882629707,-0.16265349981705224,-0.6036415202130527,1.2277775623193391e-05,0.0006729370491643485,0.00037025212042112045,0.003951141010039864,40.891667
4428,0.36676947060293086,-151.64099598301632,1.2997973716957805,-3.9475176641715453,0.153353505172892,-0.17265986319798723,-0.6011437322035722,1.1859136617515433e-05,0.0006520294431796122,0.0003483352838072085,0.0036212182472090894,40.9
4429,0.37771927791634974,-151.67233013740278,1.2950922790245398,-3.7340552935598446,0.1520748548019151,-0.1824247975364166,-0.5985791045941831,1.1481940610448124e-05,0.0006317083275489462,0.00032915991779044427,0.003338697450146731,40.908333
4430,0.3886039730511016,-151.7017341753147,1.2856686878913162,-3.5394005197382374,0.15066006733352766,-0.1919307338566703,-0.5959585977132111,1.1142940684281444e-05,0.0006121098979193808,0.00031240107854200435,0.0030943521181025697,40.916667
4431,0.39938382921739274,-151.7295363695776,1.271948456863096,-3.3619683036245953,0.14908268857671847,-0.2011949360803376,-0.5932937403498929,1.0839079822931426e-05,0.0005933304307126501,0.00029775665287058196,0.002881378721765838,40.925
4432,0.4100234045526988,-151.7557431357214,1.2542830700794037,-3.200266353617098,0.14737515122852782,-0.21018918456890193,-0.5905959567814774,1.0567531332847204e-05,0.0005754338679165544,0.0002849524903291609,0.0026946513365352174,40.933333
4433,0.42049087124316026,-151.7806536024832,1.2330099748105459,-3.0528885553347527,0.1455081237634668,-0.21893158088437384,-0.5878765699416031,1.032571404402588e-05,0.0005584578798306617,0.00027374392248508583,0.0025302273921353146,40.941667
4434,0.4307558703165182,-151.80428697188327,1.208413489270972,-2.918545102643712,0.14350700681230158,-0.2274004737312719,-0.5851472261051633,1.0111291179218392e-05,0.0005424190832599318,0.00026391533432035724,0.0023850011519255697,40.95
4435,0.44079376224792,-151.82680380552154,1.1807584634680492,-2.7960489802802253,0.1413657699791854,-0.2355987259847227,-0.5824186398704695,9.92215915830688e-06,0.0005273179191060767,0.00025527843283024685,0.0022564769356076997,40.958333
4436,0.45057636790690886,-151.8484190944611,1.1502893893864794,-2.68434369951098,0.13905924133820005,-0.2435354044289769,-0.5797029815897612,9.756430170799888e-06,0.0005131417819779701,0.0002476698701331152,0.0021426111991021735,40.966667
4437,0.46008094391166077,-151.86909198367994,1.1172129660190684,-2.5824500562629993,0.136621825982814,-0.2511869234768427,-0.5770113680122433,9.61241238187205e-06,0.0004998693602291835,0.00024094866915208514,0.002041701458589069,40.975
4438,0.46928752034533927,-151.88899002383036,1.0817294374255235,-2.4895006502310806,0.13403624786113674,-0.25856095997094586,-0.5743544436271133,9.48858868457396e-06,0.00048747244140079354,0.0002349936410176581,0.0019523144338051358,40.983333
4439,0.47817744364293446,-151.9081508313588,1.0440160061526498,-2.4047075732106333,0.13131521373701338,-0.2656484753053021,-0.5717426998967026,9.383595994927974e-06,0.0004759178641537579,0.00022970088342889614,0.0018732300718203752,40.991667
4440,0.48673225932486325,-151.92670838316712,1.0042408901721447,-2.327379099404391,0.12844415519479244,-0.2724537844483458,-0.569186741774675,9.296205748970907e-06,0.0004651693501391126,0.00022498157215938952,0.0018034024676781824,41.0
4441,0.4949357672734452,-151.94465260081265,0.9625533889912422,-2.2568779244233053,0.1254455987348337,-0.27896389996538734,-0.5666966180860448,9.225305987360228e-06,0.00045518908277012067,0.00022075994019149457,0.001741929148058004,41.008333
4442,0.5027725570103093,-151.96225534314388,0.9191055246616496,-2.192677408496831,0.12226199164595324,-0.2852019093754339,-0.5642821891247072,9.16988517036206e-06,0.000445938610708646,0.00021697154599112747,0.001688029168193882,41.016667
4443,0.5102279533576999,-151.9792520581519,0.874015826270115,-2.1342281484506604,0.118985407315391,-0.2911248960938432,-0.5619530944806156,9.129017888345314e-06,0.0004373797307320589,0.0002135616902157456,0.00164102380481036,41.025
4444,0.5172932693623903,-151.99617978969732,0.8274327656093113,-2.0811644695148437,0.11547733987560897,-0.2967900577151877,-0.559717034127664,9.101852346705034e-06,0.00042947519153077547,0.0002104842048699017,0.0016003244067321276,41.033333
4445,0.5239529440922701,-152.0126882787552,0.7794560424725969,-2.0330255018632037,0.11185391118834495,-0.3021449218889998,-0.5575837707506919,9.08759952608813e-06,0.00042218841719431424,0.0002077001813014581,0.0015654181181486162,41.041667
4446,0.530194260620642,-152.02888427346707,0.7301996451560887,-1.989472868837938,0.10809899719598234,-0.3071935997185636,-0.5555620683354596,9.085524070119812e-06,0.0004154851039986358,0.00020517717915944335,0.001535860629499327,41.05
4447,0.5360089064824968,-152.04483448602127,0.6797731342600292,-1.9501980096311249,0.10420746066252597,-0.3119373639754952,-0.5536590997845945,9.094936431722783e-06,0.0004093330049206521,0.00020288831467476758,0.0015112668645018588,41.058333
4448,0.5413804689001094,-152.06017223225922,0.6282569323023504,-1.9148482426027975,0.10030848718581202,-0.3163292806374322,-0.5518845044806916,9.115186379803628e-06,0.0004037015768576953,0.00020081158210176386,0.0014913047318192226,41.066667
4449,0.5463001184192553,-152.07532982701673,0.5757653280259237,-1.8832613889248975,0.09628255862200479,-0.32040967979852875,-0.5502452350294408,9.145657693126626e-06,0.0003985632559555605,0.00019892927947326173,0.00147569054265037,41.075
4450,0.5507774942835681,-152.09061324685572,0.5224206827089553,-1.855269057335704,0.09204649365168807,-0.3242104844703196,-0.5487417584273594,9.185763819583379e-06,0.0003938923957295036,0.00019722748384942116,0.0014641820808264845,41.083333
4451,0.5547943634134334,-152.1057604060185,0.46829357023035456,-1.8306305467441566,0.08769437207109543,-0.327694146579785,-0.5473835548136268,9.234944534978719e-06,0.00038966322629766425,0.00019569571933587593,0.0014565752507726148,41.091667
4452,0.55834532337368,-152.12081908563619,0.4134758105729564,-1.8091877469741326,0.08322360355517057,-0.3308604445136501,-0.5461755310735933,9.292663543269631e-06,0.00038585373678845156,0.00019432661409104075,0.001452701900393238,41.1
4453,0.5614227955835868,-152.13572218667838,0.358049309911723,-1.7907811385027708,0.07866900959115143,-0.33369836407313125,-0.5451230149432909,9.358406559533666e-06,0.000382443813000349,0.00019311561789937546,0.0014524263855058032,41.108333
4454,0.5640216784391858,-152.1505522032723,0.3021023316242782,-1.7753062709630418,0.07401613115117295,-0.33621073718479655,-0.5442301583035142,9.431680141573807e-06,0.00037941553190972663,0.00019206076432329064,0.0014556437750609134,41.116667
4455,0.5661395493148409,-152.16532805494307,0.24572141417926355,-1.7626628000306934,0.06927142890938065,-0.33839608348870936,-0.5434998366994742,9.512011083810767e-06,0.0003767528296088369,0.00019116252137131682,0.0014622774979612706,41.125
4456,0.5677721046449395,-152.18009633396406,0.18899023196009443,-1.7527778972930557,0.06443153011597927,-0.34025351217520433,-0.5429352061299321,9.598946347401783e-06,0.00037444121647299864,0.00019042366199012965,0.0014722780781054475,41.133333
4457,0.568916682588973,-152.19485107196186,0.1319904271566729,-1.7455831557480306,0.059510908979398605,-0.3417791083835785,-0.5425384829309087,9.692053463754053e-06,0.00037246803329562986,0.00018984918610089537,0.001485622020274904,41.141667
4458,0.5695717872242659,-152.2096245509796,0.07480529821847144,-1.7410370142172806,0.05451110953567629,-0.3429719027083924,-0.5423110966647967,9.79092134831738e-06,0.00037082225562306675,0.00018944625725139075,0.0015023112703830472,41.15
4459,0.5697348694424171,-152.2244528174835,0.017515788540172453,-1.7391167646224321,0.04943220943745728,-0.34383000976855255,-0.5422544547799386,9.895161504223553e-06,0.00036949437754685863,0.00018922420217721664,0.0015223725778064437,41.158333
4460,0.5694087571335198,-152.2393612635331,-0.03979161771632115,-1.7398116776133168,0.044278379859068885,-0.34435332031290566,-0.5423677060284225,1.000440959519926e-05,0.000368476547409836,0.00018919453401211787,0.0015458574352375098,41.166667
4461,0.568589317446619,-152.25438215981814,-0.09704027148486336,-1.7431324650195172,0.03905101712707423,-0.34453782338682737,-0.5426520238543374,1.0118327352386136e-05,0.00036776198975583326,0.00018937101706289247,0.0015728418081258767,41.175
4462,0.5672787400160445,-152.26950509455634,-0.15414769091010708,-1.7490923452732186,0.033766898358433384,-0.34438087973494547,-0.543105992347936,1.0236604814965886e-05,0.0003673458380207966,0.00018976974822344935,0.001603427143800317,41.183333
4463,0.5654784933990612,-152.28475667243484,-0.21103111628172344,-1.7577321203229423,0.028430218645661885,-0.3438808470686637,-0.5437280555232535,1.0358962853306208e-05,0.00036722440567595857,0.00019040927008290607,0.0016377406858602123,41.191667
4464,0.5631924734860383,-152.30019964087853,-0.26760255949416434,-1.7691204001696583,0.02303316674865278,-0.34303779295756404,-0.5445154345914652,1.0485156007306608e-05,0.00036739533711823634,0.000191310756809589,0.0016759361982706669,41.2
4465,0.5604213239174268,-152.31580387350547,-0.32378400108635136,-1.7833167991623997,0.017600085476662905,-0.3418471763987807,-0.5454660921225032,1.0614975643965176e-05,0.00036785740013330526,0.00019249826586873722,0.0017181943808028367,41.208333
4466,0.5571708699771211,-152.3315986339185,-0.37948656391299274,-1.8004165319741587,0.012135470294626858,-0.3403088236257734,-0.5465758388359025,1.0748253409957184e-05,0.00036861092102119227,0.00019399890759494974,0.0017647252968734843,41.216667
4467,0.5534441228941287,-152.34766914158044,-0.43462156652526707,-1.8205536239821198,0.006625287069479018,-0.3384209758306579,-0.5478410913440798,1.0884864981481243e-05,0.00036965725444081235,0.00019584321610003358,0.0018157685355109658,41.225
4468,0.5492486549464687,-152.36400830308474,-0.4890985160323414,-1.843853585673886,0.0010876877703788737,-0.33618263988337443,-0.5492563720635015,1.1024734186431077e-05,0.00037099919401957135,0.00019806557227808346,0.001871594584727503,41.233333
4469,0.5445876662619064,-152.3806498873954,-0.5428301910260639,-1.8704783847769706,-0.004472447671083554,-0.33359069951743714,-0.5508173518357028,1.1167837466526162e-05,0.00037264054920036583,0.0002007045673792019,0.0019325062504802085,41.241667
4470,0.5394708733664711,-152.39762859837938,-0.5957181335050409,-1.9006152243237602,-0.010049714496057717,-0.33064521431400096,-0.5525172016922153,1.1314208694148873e-05,0.0003745867431333576,0.00020380352746597984,0.0019988407201534703,41.25
4471,0.5339031051334796,-152.4149350383498,-0.6476732801432616,-1.9344621750818514,-0.015623315078753431,-0.32734388761393696,-0.5543504342415041,1.1463944398828703e-05,0.00037684416366057764,0.0002074111483407554,0.0020709693189177713,41.258333
4472,0.5278954790004021,-152.43266580972517,-0.6985870062591534,-1.9722863271055708,-0.02120650768247753,-0.32368634787528566,-0.5563092169891424,1.1617209401609844e-05,0.00037942085751963245,0.00021158207179948948,0.0021493004993957594,41.266667
4473,0.5214599955812775,-152.45084766520594,-0.7483521107435066,-2.0143621650770975,-0.02678837427345459,-0.319673011585212,-0.558385226652556,1.1774242931576778e-05,0.0003823259081773459,0.0002163779007886236,0.0022342771231146077,41.275
4474,0.5146026763344788,-152.46947280859874,-0.79687129496358,-2.060984925348047,-0.032345816390136,-0.31530215002612105,-0.5605718642841087,1.1935365266516435e-05,0.0003855695136907086,0.00022186802364229947,0.0023263766655511075,41.283333
4475,0.5073363739786573,-152.48862825472725,-0.8440248945000911,-2.112529222108219,-0.03788503681002448,-0.31057316054588474,-0.5628601501353985,1.2100984818838566e-05,0.000389163824831257,0.0002281305009767121,0.0024261131079801753,41.291667
4476,0.49967682699972676,-152.5083677818871,-0.8896870995999271,-2.1694017619679897,-0.043400136142850564,-0.3054874326601689,-0.5652400988478089,1.2271605774110913e-05,0.00039312223897506617,0.00023525351782061093,0.002534030351545522,41.3
4477,0.49163485494653086,-152.52867653257076,-0.9337423825472246,-2.232026247473327,-0.04886259891585856,-0.300046752367106,-0.5677031843288715,1.2447836313134955e-05,0.0003974592420368522,0.00024333671057515948,0.0026506969270297157,41.308333
4478,0.48322534775194315,-152.54964924035312,-0.9760523061342452,-2.300931114772102,-0.054276242887425254,-0.2942506422856288,-0.5702395651377763,1.2630397247410316e-05,0.000402191175204373,0.00025249236976477543,0.002776703904922206,41.316667
4479,0.47446500262694685,-152.57135080096893,-1.0164712731376149,-2.376693674487388,-0.059633793842206635,-0.2881005873405962,-0.5728388734033234,1.2820131092188519e-05,0.00040733584835279073,0.0002628474314953783,0.0029126513996777233,41.325
4480,0.46537124257574514,-152.59387094476858,-1.0548415259481576,-2.4599723266018656,-0.06493299325035405,-0.2815968450746203,-0.5754906045345743,1.3018011504619546e-05,0.00041291246585018675,0.00027454519831200593,0.003059136263288746,41.333333
4481,0.45596136128598547,-152.6172146083468,-1.091006444485443,-2.551456593366761,-0.07014544842029935,-0.274745179628606,-0.5781844126338587,1.3225152788285404e-05,0.00041894166302843737,0.0002877473065989299,0.003216735573125801,41.341667
4482,0.446260797783447,-152.64149138352488,-1.1247715926353543,-2.651974115774767,-0.0752714935092931,-0.267549612704855,-0.5809078409544517,1.3442818996317224e-05,0.00042544562864694455,0.00030263517006389926,0.0033859937651056302,41.35
4483,0.43629062193211493,-152.6668121328141,-1.1559368966451784,-2.7624439437523756,-0.08030795740798631,-0.2600112034319836,-0.5836499967812977,1.3672432112117656e-05,0.00043244709573722487,0.000319412337275928,0.003567393983679597,41.358333
4484,0.426073939196828,-152.69321789520086,-1.18429332333604,-2.883842854879423,-0.08523091064539566,-0.25213790545521203,-0.5863997622605378,1.3915578676741955e-05,0.0004399699421356625,0.0003383057983652797,0.003761345458925794,41.366667
4485,0.41562440389562894,-152.72085652185345,-1.2096184487199764,-3.0173218151327608,-0.09003929964290619,-0.2439242393186485,-0.5891488798840525,1.4174013329532323e-05,0.0004480388274342266,0.00035956626762676506,0.00396818265098489,41.375
4486,0.4049840939466429,-152.7498114130835,-1.2316216148553827,-3.164102381204598,-0.09471778162511767,-0.2353861812798653,-0.5918820830051362,1.4449657771380217e-05,0.0004566802595005993,0.0003834678900393984,0.004188190681607592,41.383333
4487,0.39419616229345533,-152.78011156629583,-1.2499964088998232,-3.3254620195943843,-0.09923759917896845,-0.22654653986209666,-0.5945847936684102,1.474459223085615e-05,0.00046591827442303644,0.00041030647711003007,0.004421644068576936,41.391667
4488,0.383264946323562,-152.81205603695727,-1.2644475634429801,-3.5030017403301135,-0.10361967103084971,-0.21738111032434712,-0.5972528185999733,1.5061035523935095e-05,0.00047577387955484885,0.00044039380538831195,0.004668953634331977,41.4
4489,0.37224925959612265,-152.84570602442605,-1.2745692545715803,-3.6982276173232993,-0.10783869921218364,-0.20791871743174398,-0.5998692645650074,1.5401311002508333e-05,0.0004862699663838079,0.0004740485337015664,0.004930981315844161,41.408333
4490,0.3611877838981828,-152.88124632297934,-1.2799446219113957,-3.912810973003543,-0.11188913549704141,-0.19816521514926402,-0.6024233407982883,1.576778975420263e-05,0.0004974222037093493,0.0005115808151735248,0.0052094960441711954,41.416667
4491,0.35011783627451626,-152.9188064793597,-1.2801351652178752,-4.148428064073816,-0.11574977678723233,-0.18813224728107075,-0.6049055788986245,1.616280267056394e-05,0.0005092410202084567,0.0005532682788231162,0.005508039401050094,41.425
4492,0.33909857433758583,-152.95860635248397,-1.2745876628683568,-4.406751800212466,-0.11942034405254921,-0.1778329614704976,-0.607302833779823,1.6588511913641683e-05,0.0005217305187731302,0.0005993196130163099,0.0058333083428181946,41.433333
4493,0.3281770094759729,-153.00080425506854,-1.2627528328781767,-4.689304795371569,-0.12288182556540156,-0.1672812176764315,-0.6096060726685756,1.7046726722683247e-05,0.0005348836163627006,0.0006498268535914792,0.006197159463060643,41.441667
4494,0.3174144352216061,-153.04560371483382,-1.2439921640167955,-4.997341905710256,-0.12612557706055366,-0.15649256090652122,-0.6118046500869874,1.7538649262199275e-05,0.0005486830397126115,0.0007046973614447072,0.006619621350941335,41.45
4495,0.3068727371697746,-153.09323070672593,-1.217622720034641,-5.331679806884871,-0.1291440466500089,-0.14547893917539745,-0.6138894087270617,1.8064533721847583e-05,0.0005630985987431113,0.0007635709775065177,0.0071328180651418025,41.458333
4496,0.29662998157308146,-153.1438943551414,-1.1828913167315702,-5.692295919395475,-0.1319314370089984,-0.13426000802741403,-0.6158497047569476,1.862324492490896e-05,0.0005780882267139506,0.0008257223193196355,0.007785742328135614,41.466667
4497,0.28676231901706234,-153.1977604373597,-1.1390547865720344,-6.078063569261085,-0.13447542558893294,-0.12285706548039022,-0.6176771114831944,1.9211708800795905e-05,0.0005935985986034427,0.000889958497715037,0.008648942408683736,41.475
4498,0.27735366548135365,-153.25504079743627,-1.0853509609010712,-6.486369979930487,-0.1367742471587135,-0.11128417425459936,-0.6193635043741592,1.982426634255286e-05,0.0006095723060310491,0.0009545337880462069,0.0098174154016754,41.483333
4499,0.2685012058436066,-153.31581266252175,-1.0210802013524882,-6.912378814607458,-0.1388196855266467,-0.09957215960974271,-0.6209001470582326,2.0451973842693922e-05,0.0006259571191229359,0.0010171176112918534,0.011408123290004206,41.491667
4500,0.2602954730292259,-153.3803513192669,-0.9456112972475752,-7.34912265261344,-0.14062468075029946,-0.08771245153403105,-0.6222810761109216,2.1081933086363922e-05,0.0006427177505441288,0.001074857302685494,0.013547188548779255,41.5
4501,0.2528451096026025,-153.4482764685634,-0.858680046648644,-7.786005905548314,-0.1421584711152406,-0.07578247374778746,-0.6234985953784045,2.1696805644754343e-05,0.0006598521986482531,0.0011245977522912772,0.0163415349899661,41.508333
4502,0.2462596284800941,-153.51987974373586,-0.7600507924928182,-8.20997331667835,-0.14346042213085167,-0.06374918469091713,-0.6245459642086251,2.2274716880964642e-05,0.000677398954455647,0.001163258804091043,0.019832844086554616,41.516667
4503,0.24055047772184995,-153.59486522392635,-0.650349706478752,-8.607512541950028,-0.1444729590710648,-0.05162206214924638,-0.6254320422497635,2.2789794983298854e-05,0.0006954331018612386,0.001188383986022705,0.023937644911531664,41.525
4504,0.2359572606142549,-153.6725532388646,-0.5301019536712407,-8.956766953639601,-0.14526993275730132,-0.03949965908186841,-0.6261301272460106,2.321366097116108e-05,0.0007140605909943415,0.001198733242506362,0.028402729284684545,41.533333
4505,0.2324998704042342,-153.75249027722603,-0.40092367749179064,-9.241254014046676,-0.14583167382051052,-0.027373903234046724,-0.6266468742509144,2.3517727093685477e-05,0.0007333110092363123,0.0011945625538684718,0.03277941847112064,41.541667
4506,0.2301730395947893,-153.83418885931536,-0.26489654374515287,-9.447292506053998,-0.14612853454441238,-0.015230411851909488,-0.6269904294506605,2.3676306706779133e-05,0.0007531043612573435,0.0011777899869718142,0.0364900945325998,41.55
4507,0.22915233870800683,-153.9164350477671,-0.12437400039710095,-9.55753005653449,-0.14624590938822132,-0.0031601313798340453,-0.6271400642861804,2.3670240400727905e-05,0.0007731698926690526,0.0011514851759677192,0.03895967844796806,41.558333
4508,0.22939857536003908,-153.99841951135193,0.017672042519325654,-9.567446067487587,-0.14616762274655895,0.008836266535328773,-0.6271040257647341,2.3489798226908832e-05,0.0007929427027393095,0.0011189577954813913,0.0397727456793172,41.566667
4509,0.23089247764774523,-154.0793448956463,0.15831943148943317,-9.477823273861988,-0.14590229867339274,0.02075502855196411,-0.6268845672910024,2.3136437479249834e-05,0.0008116216303709128,0.0010830286213845113,0.03881266346524394,41.575
4510,0.2336094054716741,-154.15833059466902,0.2947615526959204,-9.295365953495699,-0.1454712733102171,0.03257458798844218,-0.6264818573070472,2.2622923777263158e-05,0.0008282421877367866,0.001045431437067388,0.03628820794597768,41.583333
4511,0.23748846365593138,-154.23453477879693,0.4244987183901044,-9.032857936733826,-0.14489222281359318,0.04426453544637625,-0.6258988794892132,2.1971577568206982e-05,0.0008418134435166085,0.0010067731166910053,0.032651623718685956,41.591667
4512,0.24245672711941,-154.30743714617543,0.5456032027895188,-8.70636422602584,-0.14418134359605062,0.05582265447688782,-0.6251384519304437,2.1211218385030018e-05,0.0008514800198612584,0.0009669192694668177,0.028451081082002314,41.6
4513,0.24838875190284598,-154.37675213081366,0.6567430186612772,-8.33457650115354,-0.14332354202454536,0.0672485729945744,-0.624210304631165,2.0373575793020857e-05,0.0008566464619445182,0.0009255229884993089,0.02418689798496365,41.608333
4514,0.2552467920305962,-154.44183740798994,0.7569563466344678,-7.932616359525561,-0.14239197772749398,0.07849264660364184,-0.6231098954309815,1.9490003534919337e-05,0.0008570550931701448,0.0008824328215925362,0.020222130178398922,41.616667
4515,0.26290006739808647,-154.5027050127945,0.8459440441823782,-7.516629019169762,-0.14137807185859438,0.08955838237388357,-0.6218472880218417,1.8588839434450077e-05,0.0008527526822558149,0.0008378971012256416,0.01676330455094833,41.625
4516,0.2712403438579437,-154.55940832484444,0.9237836904356181,-7.0992793876855895,-0.14028748542363936,0.10044257118046439,-0.6204298703352132,1.7693896315569466e-05,0.0008440705710739359,0.0007925298996838816,0.013880333672505291,41.633333
4517,0.28016769375064493,-154.61210167300115,0.9908407071339415,-6.690187434652303,-0.1391245558188939,0.11114473793645506,-0.6188648623675708,1.6823844848544366e-05,0.000831537128385492,0.0007471592659090856,0.01155164718652417,41.641667
4518,0.2895692320344076,-154.6609415905453,1.0476771298582683,-6.296642091597338,-0.13788961892228907,0.12164823496516029,-0.617163408344441,1.599230761950811e-05,0.0008157922549782672,0.0007026560023159527,0.009707223839993909,41.65
4519,0.2993900419696281,-154.70618334639323,1.0949224138345497,-5.922522374357479,-0.13659949057432091,0.13196499265504236,-0.6153278252804685,1.5208421097923074e-05,0.0007975204125219657,0.0006597960201075011,0.008260228268202595,41.658333
4520,0.309532581021101,-154.74813881830934,1.1333098791317209,-5.57085877364323,-0.13524014834755943,0.14209181581305194,-0.6133698157146958,1.4477569606342176e-05,0.0007773770885548024,0.0006191881883046449,0.00712665116167472,41.666667
4521,0.31992260694496083,-154.7870174238011,1.163540279939308,-5.242927595246145,-0.1338188576185022,0.15201658308014962,-0.6112986050125708,1.3802227731544591e-05,0.000755970533787654,0.0005812453316970464,0.0062338059922670596,41.675
4522,0.33049478081236816,-154.82306591295028,1.1862980876115041,-4.938917895488458,-0.13233855914813705,0.1617336207996678,-0.6091233490366498,1.3182712542639035e-05,0.0007338346724162929,0.000546194726635136,0.005523293490645819,41.683333
4523,0.34118464799548454,-154.8565875427634,1.2022451685195235,-4.658348364319733,-0.1307886165557062,0.17124332826910715,-0.6068546555632274,1.2617832256635508e-05,0.0007114201596397733,0.0005141085415651255,0.004950244253022853,41.691667
4524,0.35194008569045365,-154.88790417687133,1.2119891205249949,-4.400184178947878,-0.12915263475448893,0.18055295109257724,-0.6045020607605363,1.2105410487475637e-05,0.0006890963291629822,0.0004849408416357877,0.004481122949311358,41.7
4525,0.36269696559789866,-154.91741706655824,1.2161143943276924,-4.163265651643732,-0.12738672970284004,0.1896727715722406,-0.6020792086559046,1.1642683932293195e-05,0.0006671546244048101,0.0004585635034762118,0.004091292141209328,41.708333
4526,0.373429835467063,-154.9451433239427,1.2150639549630917,-3.9460481823677327,-0.1255251700279059,0.1985824281128237,-0.599592331180345,1.1226599345598854e-05,0.0006458217296212851,0.0004347965515981528,0.003762752224786739,41.716667
4527,0.3841073072510412,-154.9710191290692,1.2092410480239353,-3.747073587650283,-0.12361789172415219,0.20725038162757728,-0.5970497540715509,1.0854011265560717e-05,0.0006252595138086447,0.00041343184325405645,0.0034824240499493333,41.725
4528,0.39468247217632363,-154.9954430377696,1.1990817055722993,-3.564969727821348,-0.12161395961281603,0.2156955750764232,-0.5944644450223608,1.0521821553795554e-05,0.0006055788768387059,0.00039425079047308425,0.0032407277614849204,41.733333
4529,0.4051222742119699,-155.01868421104604,1.1849540395956648,-3.398350773209908,-0.11948372395443929,0.22392690937692555,-0.5918470170938412,1.0227067473032626e-05,0.0005868536382503476,0.0003770368890571196,0.0030305346712675455,41.741667
4530,0.4153817261722212,-155.0410197634937,1.1671986630719935,-3.2460034171303875,-0.11718484515703433,0.23194716867261878,-0.5892119615947029,9.966968232201933e-06,0.0005691253421124471,0.0003615833042969627,0.0028464789001892967,41.75
4531,0.42545157294194985,-155.06228401426014,1.1460638497248639,-3.106618117437656,-0.11478314319184327,0.2397258826517325,-0.58656529380952,9.73894901663154e-06,0.0005524133132982237,0.0003476973640623634,0.0026844439703762194,41.758333
4532,0.43530257204054107,-155.08266684458394,1.1218181774390994,-2.979106090343061,-0.11225662589936417,0.2472651250412028,-0.5839185906922716,9.540643088373511e-06,0.0005367129873460832,0.0003352028504648282,0.0025412427062015573,41.766667
4533,0.44491094608106135,-155.10226011091638,1.0946960651929047,-2.862453487548186,-0.10960443721815857,0.2545585459957068,-0.5812824844072307,9.36988783367876e-06,0.0005220064388919487,0.00032394091480496344,0.002414342616344595,41.775
4534,0.4542573428582421,-155.12117356001505,1.0649124031281962,-2.7557259696779486,-0.10681970943257944,0.26160436060048975,-0.5786667615022901,9.224711746022667e-06,0.0005082654481924823,0.0003137698263181099,0.0023016997523690598,41.783333
4535,0.46332482935835234,-155.13940782238237,1.032657037606859,-2.6580694451163382,-0.10392245255225047,0.26839069711717,-0.5760807844673217,9.103318103189517e-06,0.0004954542176118266,0.00030456414430292227,0.002201638933805389,41.791667
4536,0.4720899498788414,-155.1570722926893,0.9981122889546605,-2.5687533779954754,-0.10090147375239882,0.2749142482519911,-0.5735360157641686,9.004067398896659e-06,0.0004835319216578451,0.0002962135762407036,0.002112769284835049,41.8
4537,0.4805372683619963,-155.17428666574227,0.9614476344869473,-2.4870928661849527,-0.09774160547889178,0.28117669730471917,-0.5710418164436113,8.925460093207079e-06,0.00047245611877096296,0.0002886216285620197,0.0020339191858683723,41.808333
4538,0.48865138005697567,-155.19101107052862,0.9228111929460738,-2.4124623393305726,-0.09447053923300423,0.28716405077782553,-0.5686076308262983,8.866119602304395e-06,0.0004621829085915605,0.00028170425867548107,0.001964093940203204,41.816667
4539,0.4964134773380864,-155.20742286731448,0.8823520458619573,-2.3443418385251973,-0.09105269659616115,0.2928816148772373,-0.5662440099334113,8.824776954858774e-06,0.0004526683722150776,0.0002753886137030785,0.0019024434416184321,41.825
4540,0.5038139551756019,-155.22343177592984,0.8401989549474099,-2.282201316644756,-0.08752994949256852,0.29831454378951794,-0.5639587339349221,8.8002570667944e-06,0.00044387008434945626,0.00026961174706965896,0.001848234858496531,41.833333
4541,0.5108408912379788,-155.2390791190897,0.7964791072614338,-2.225593616138714,-0.08390564386251921,0.30345973693461714,-0.5617602190112693,8.79146634367885e-06,0.0004357463878850227,0.0002643195897896779,0.0018008365920528244,41.841667
4542,0.5174779600432305,-155.25451068957008,0.7513147634600973,-2.17415598754292,-0.08014927670069413,0.3083201212874952,-0.5596582072386859,8.797382210733195e-06,0.00042825746947133635,0.00025946591095874405,0.0017597016891157489,41.85
4543,0.5237140114088857,-155.26974675330993,0.7048188139390983,-2.12753192136771,-0.07626760767266326,0.31289018691302023,-0.5576607352409025,8.817044174997624e-06,0.0004213663687456268,0.00025501140823437775,0.0017243550515344721,41.858333
4544,0.5295443900605804,-155.28471509139052,0.6570994786482868,-2.085366847478586,-0.07229718874228269,0.31716139342801825,-0.5557735867192328,8.84954613273224e-06,0.00041503839204852364,0.00025092297182753933,0.001694385150645907,41.866667
4545,0.5349555213165043,-155.29953985009197,0.6082615648660294,-2.0474125206463327,-0.06821142835351825,0.3211353536333417,-0.5540052331564761,8.894030014865745e-06,0.000409240486758303,0.0002471730262311954,0.001669436927304279,41.875
4546,0.5399397319088999,-155.3141825551248,0.558403089104287,-2.0134034175500735,-0.06403530825393991,0.3248048103464785,-0.5523620435444593,8.949680829601248e-06,0.00040394268253209753,0.0002437389096210187,0.001649204005317317,41.883333
4547,0.5444866780407149,-155.32866530936167,0.5076179967491378,-1.9831263388740472,-0.059774140289969906,0.328165652824596,-0.5508510407858025,9.015722526096105e-06,0.00039911727096776493,0.0002406024018723736,0.0016334244896245762,41.891667
4548,0.5485848506024443,-155.3431780837146,0.45600351703208114,-1.9564368882001322,-0.05537721827943117,0.33122236109394604,-0.5494794117007332,9.091414929262844e-06,0.00039473919358530384,0.00023774928714373727,0.0016218763366318248,41.9
4549,0.5522374408935451,-155.35750852401532,0.4036514279405449,-1.933084210145492,-0.05092735459702812,0.33396377176602654,-0.5482491371425567,9.176051442500175e-06,0.00039078609848387715,0.0002351690022413094,0.0016143730592088827,41.908333
4550,0.5554342695297627,-155.3717967145344,0.35065108494600566,-1.9129630588236683,-0.046389776974090476,0.3363918315125631,-0.5471663704577591,9.268957376092076e-06,0.0003872365242019395,0.00023285433595445293,0.001610762429512975,41.916667
4551,0.5581707913370708,-155.38603653449658,0.2970894346762012,-1.8959411713343355,-0.04177833096914724,0.3385030797412847,-0.5462350672952972,9.369489231143232e-06,0.00038407171753659724,0.0002308011898030124,0.0016109226296709064,41.925
4552,0.5604403064041127,-155.4002636209145,0.24305030202663128,-1.8819243901947917,-0.0370925895720381,0.3402947008683726,-0.5454595943200058,9.47703432330436e-06,0.000381274827644622,0.0002290083786126618,0.0016147608413658611,41.933333
4553,0.5622384646084171,-155.41448372783483,0.18861719086373896,-1.8708252660942721,-0.03234232916883721,0.34176364708375806,-0.544843184734785,9.591011016359684e-06,0.00037883113906247317,0.0002274774868078869,0.0016222116050339285,41.941667
4554,0.5635630804857519,-155.42873765277955,0.13387671494051787,-1.8625794076022628,-0.027525457200503756,0.342909011974003,-0.544387978732922,9.710869372169425e-06,0.00037672773187559977,0.0002262127522541521,0.00163323567855377,41.95
4555,0.5644160466354771,-155.4430315877836,0.0789178142228496,-1.857122637871207,-0.02265181887506366,0.34373062985540803,-0.5440943501607565,9.836092220235177e-06,0.00037495322329384405,0.00022522100411570336,0.0016478187980004783,41.958333
4556,0.5647865988958953,-155.45736917612354,0.023809187762913957,-1.8544407300039498,-0.017731762041028117,0.34422138684765174,-0.5439666663754312,9.96619659451284e-06,0.00037349735060113697,0.00022451161720056495,0.0016659708803133054,41.966667
4557,0.5646809746486933,-155.4718242371712,-0.031351798674398364,-1.8545144544202494,-0.012752215518416994,0.34438431128856184,-0.5440030696730257,1.0100735611980144e-05,0.00037235244190044934,0.0002240965315402404,0.0016877269558401573,41.975
4558,0.5640958169712214,-155.48637016289106,-0.08648951051591479,-1.857338574078449,-0.007734502167111733,0.3442150588631087,-0.5442046337583809,1.0239300452693308e-05,0.00037151136771726304,0.00022399030220302853,0.0017131448387590646,41.983333
4559,0.5630323392349783,-155.5009899418103,-0.14152173063417223,-1.8629169418746783,-0.002696964220985054,0.3437124200125037,-0.5445704833987416,1.0381522815222046e-05,0.0003709687787869974,0.0002242101464800215,0.0017423069693878234,41.991667
4560,0.5614871168541882,-155.5157308284424,-0.1963699749862473,-1.8713005594875252,0.002363966757283899,0.3428729591037632,-0.5451009615223584,1.0527077550769405e-05,0.00037072056615103605,0.00022477604294113816,0.0017753201905640584,42.0
4561,0.5594684253567842,-155.5306108779769,-0.25093953461184915,-1.882525066692351,0.007441509607427924,0.3416989988523315,-0.5457920215559009,1.0675685590803394e-05,0.0003707644073487367,0.00022571093604792635,0.0018123164307636043,42.008333
4562,0.5569738826845393,-155.54566454615542,-0.3051518943459309,-1.8966730302598886,0.012534126115213047,0.3401866255418681,-0.5466429073544857,1.0827117040551333e-05,0.00037109847604695776,0.00022704089776110896,0.0018534517352441755,42.016667
4563,0.5540114224745242,-155.56092273654284,-0.3589120659622281,-1.9138249507644045,0.01763870937652496,0.3383370847930132,-0.547648980334389,1.0981194631878665e-05,0.0003717227733959557,0.00022879540640061003,0.001898908549008925,42.025
4564,0.5505772089090768,-155.57638416204418,-0.4121462148419186,-1.9340943370351096,0.02274048819158613,0.33614549201783755,-0.5488092483449002,1.113779732579887e-05,0.0003726379837444482,0.0002310076260564658,0.0019488946450521595,42.033333
4565,0.546684432884644,-155.59211768826876,-0.46474689886469106,-1.9576083264950659,0.027848281494613044,0.3336145886836495,-0.5501166168288649,1.1296864266314259e-05,0.00037384690299106576,0.0002337147290831594,0.0020036467017394803,42.041667
4566,0.5423307273417778,-155.6081127209109,-0.516637759914751,-1.9845184442709676,0.03294297312516378,0.33074009571590196,-0.5515689098231614,1.145839888056566e-05,0.0003753525334546212,0.00023695837363892262,0.0020634265504781064,42.05
4567,0.537527349834481,-155.6244148275288,-0.5677143318888588,-2.0149970170875764,0.038024144675044294,0.3275236158535116,-0.5531590712950233,1.1622473376991165e-05,0.00037716002554630615,0.00024078508245461928,0.0021285264131628927,42.058333
4568,0.5322770347665877,-155.64103765453243,-0.6178877836724338,-2.0492461113718696,0.04307958233796863,0.3239629179630339,-0.5548825912267051,1.1789233427996703e-05,0.00037927514296601955,0.00024524685196782963,0.002199265266780649,42.066667
4569,0.5265974899807507,-155.65805298535577,-0.6670375137502264,-2.087495382511439,0.04811612522411006,0.3200613875107744,-0.5567297902879778,1.195890321498129e-05,0.00038170540131072855,0.0002504017154417907,0.0022759917586991233,42.075
4570,0.5204888074145961,-155.6754410526264,-0.715079232864335,-2.1299976090182966,0.053108836203204814,0.31581667045293454,-0.5586965140907573,1.2131790706492489e-05,0.0003844584461839541,0.00025631457109446366,0.002359078017066209,42.083333
4571,0.5139605074140545,-155.69325362353905,-0.7619031482254441,-2.1770546251038216,0.05805554773680766,0.3112284398540887,-0.5607752885773135,1.2308293326837042e-05,0.0003875443025868073,0.0002630577514435049,0.002448926029800636,42.091667
4572,0.5070265691574007,-155.7115816762685,-0.8073844068815972,-2.229018174839084,0.06296520148012151,0.3062960203807306,-0.5629570534041605,1.2488903863943948e-05,0.00039097428155174886,0.00027071203843191894,0.0025459616280851818,42.1
4573,0.499696387448612,-155.73040158950135,-0.8514148649596281,-2.2862383739204546,0.06780949348726842,0.30102298748088724,-0.5652340632667867,1.2674216644972738e-05,0.00039476060382143813,0.0002793677666771606,0.002650628398027009,42.108333
4574,0.4919838206979817,-155.7498057224515,-0.8938616150424725,-2.3491578089175844,0.0725949254103627,0.2954082970458847,-0.567597064401424,1.2864933916298636e-05,0.00039891712729404275,0.00028912551311820883,0.0027633884876070436,42.116667
4575,0.4839027609042595,-155.769806347844,-0.9345959753918863,-2.418233048131408,0.07730234039553267,0.28945634060255016,-0.5700367424389008,1.3061872303900193e-05,0.00040345890997911353,0.0003000975529442836,0.0028847119138291064,42.125
4576,0.4754796384958004,-155.79025060966256,-0.973484215265595,-2.4938717982444114,0.08186711574582466,0.2831928001372804,-0.5725400649612795,1.3265969211182144e-05,0.0004084023611576934,0.00031240871804606474,0.003015072247738238,42.133333
4577,0.46672033644411964,-155.81144929609505,-1.0103634269871307,-2.5768047043660873,0.08635367347897437,0.27659591954264956,-0.5751002113067277,1.3478288593013978e-05,0.00041376386282663614,0.0003261968266390752,0.003154939369329604,42.141667
4578,0.4576344567300794,-155.83369941891522,-1.045050870929539,-2.6678382181487676,0.09081448639183665,0.26964298800432174,-0.5777091835495505,1.3700026297591982e-05,0.00041956244996144663,0.0003416154514432129,0.0033047644301495275,42.15
4579,0.4482484461423943,-155.85683439534594,-1.0773878938490653,-2.7675805166145406,0.0951744424510551,0.2623609686342542,-0.5803542541563961,1.393251489110802e-05,0.0004258192795901462,0.0003588350468859121,0.003464967842339494,42.158333
4580,0.4385764274184992,-155.88096804373572,-1.1071897865245155,-2.876890413960142,0.09943215554452338,0.254746807461883,-0.5830264343987741,1.417722607846469e-05,0.0004325555260648744,0.00037804121682896496,0.0036359497117169227,42.166667
4581,0.428647493824489,-155.90613120369528,-1.1342424418087795,-2.996646008641496,0.10356521206906462,0.2468141109456851,-0.5857128598239763,1.4435769886212355e-05,0.00043979402399856596,0.0003994356462302677,0.0038180948814323257,42.175
4582,0.4184859989837307,-155.93244870669767,-1.1583112244177582,-3.127881094412586,0.10757200149974583,0.23856522981585207,-0.5884024203657293,1.470988951872405e-05,0.00044755717017216326,0.0004232345615451872,0.004011794820819105,42.183333
4583,0.40812158350195715,-155.96000005398875,-1.1791407860780745,-3.271689539766714,0.11143805469168364,0.2300105226783444,-0.5910831008409632,1.5001449705378387e-05,0.00045586745069704673,0.0004496664911625763,0.004217508601431382,42.191667
4584,0.397572173590372,-155.988932730732,-1.1964689452577537,-3.4293360608295775,0.11515879900768174,0.22114734719841475,-0.593746422738034,1.5312416048013568e-05,0.0004647464427476143,0.0004789670615748821,0.004435883778904391,42.2
4585,0.38687514539893464,-156.01933124388032,-1.2099798048525485,-3.602107780803667,0.118716886261594,0.2119911730357952,-0.5963795403493143,1.5644822093441913e-05,0.0004742160889482556,0.0005113711083407893,0.004667985348802351,42.208333
4586,0.3760645880183889,-156.05138546692427,-1.2193172359116862,-3.791461283106743,0.12211386491986183,0.20254414991359188,-0.5989712714363805,1.6000718934682273e-05,0.0004842953081532687,0.0005471001251735076,0.004915648597704956,42.216667
4587,0.36517545746362406,-156.08534345770997,-1.224078337135964,-3.998976074005662,0.12535727601738067,0.1928016957533585,-0.6015110739962579,1.638210127413612e-05,0.0004949998442753561,0.0005863450096720102,0.005182063322724866,42.225
4588,0.35425648973496127,-156.12105439701926,-1.223889857184585,-4.225911218939323,0.1283787593235719,0.18281699356297065,-0.6039862197891085,1.6790803341775792e-05,0.0005063413553156053,0.0006292411193865339,0.005472682488435773,42.233333
4589,0.3433473581062592,-156.15890595226458,-1.2182407348210227,-4.473965179399314,0.1312091754842296,0.1725723008332512,-0.6063872244118164,1.72283530198299e-05,0.000518324623946933,0.0006758284266853983,0.005796651218940657,42.241667
4590,0.33249530473529654,-156.19909443948453,-1.206607551843668,-4.744581981926181,0.13383866574389025,0.16207739622760764,-0.6087040675566201,1.7695775415372068e-05,0.0005309482358089982,0.0007260119296104291,0.006168702053616491,42.25
4591,0.3217511817956242,-156.24184510785216,-1.188413100756307,-5.039026136004286,0.1362591896904091,0.15134014868171725,-0.6109272504135896,1.819333572715937e-05,0.0005442031494308146,0.0007795016339064496,0.0066118553821260485,42.258333
4592,0.311175659702235,-156.2873826227378,-1.1630185879823425,-5.358154760735811,0.13846217818220116,0.14037275530960727,-0.6130466764087622,1.872020842576052e-05,0.0005580726648866165,0.0008357446485075062,0.0071608001504794615,42.266667
4593,0.3008326022540931,-156.335871833964,-1.1297687580713474,-5.702182896213158,0.1404293008487392,0.12919632096389472,-0.61505319671434,1.9274065798081416e-05,0.0005725326758668194,0.0008938509194745175,0.007865683235593834,42.275
4594,0.2907988978350222,-156.3875833404325,-1.0879236225202518,-6.070443155680192,0.14216072560668236,0.1178209974798098,-0.6169368309023576,1.9850587497993005e-05,0.0005875551071157007,0.0009525228837295861,0.00879557840902302,42.283333
4595,0.28115137074267244,-156.44271611336168,-1.0367746742102097,-6.460986171357944,0.14364545442692028,0.10626345773965183,-0.6186893999800682,2.0442908682915505e-05,0.0006031120909202666,0.0010100103453201468,0.01003972793957985,42.291667
4596,0.2719735928846071,-156.50146449155852,-0.9756356020879782,-6.870170229543168,0.14487532954512816,0.09453889968866076,-0.6203031903922854,2.1041053485304013e-05,0.0006191854316971531,0.001064114654814152,0.011704010695026867,42.3
4597,0.2633517685156619,-156.56397343577467,-0.9039159073367831,-7.292246629204482,0.14583980990414386,0.08266379955745919,-0.6217716291097942,2.1631439462938865e-05,0.0006357768266762872,0.0011122786725420854,0.013898426665588378,42.308333
4598,0.25539027076551146,-156.63032559124346,-0.8211385494510157,-7.718620084132564,0.14653613467696247,0.07065983464793571,-0.623086560340906,2.2196586287484865e-05,0.0006529184541882308,0.001151793959865908,0.016711637557931487,42.316667
4599,0.2481804832490384,-156.70047095717442,-0.7271410777196647,-8.138108601664811,0.14695102527374945,0.058551319045537856,-0.624243263387777,2.271520095548335e-05,0.0006706750220824792,0.0011801322658973829,0.020169975359625805,42.325
4600,0.24182541591975187,-156.77432178521858,-0.6220421586063636,-8.536527962239866,0.147083945498542,0.04635570699347763,-0.6252359347332148,2.3162852491544905e-05,0.0006891392443935984,0.0011953829280903039,0.024187241428078755,42.333333
4601,0.23642117695611772,-156.85163071576736,-0.5064279076855496,-8.89742440846467,0.1469311142482102,0.03409342119500006,-0.6260602199253676,2.3513407048366188e-05,0.0007084008859334213,0.0011966785028373107,0.028518708824853713,42.341667
4602,0.23206331783049575,-156.93199528790728,-0.38139547068973834,-9.202873340817428,0.14649383934343221,0.021786490741965436,-0.6267115895941059,2.3741272775774013e-05,0.0007284935632254488,0.0011844707570776356,0.03274747484951899,42.35
4603,0.22882759262613211,-157.01481434647607,-0.24864473439043208,-9.435618062262982,0.14576962259639184,0.009461798638723422,-0.6271875350886893,2.38242890178168e-05,0.0007493180715705695,0.001160489931620448,0.036329650011787264,42.358333
4604,0.2267802469423895,-157.09935087574075,-0.11038838727189686,-9.580711036235428,0.14476385688861992,-0.0028548521455356696,-0.6274852892570139,2.3746828994535547e-05,0.0007705662815658429,0.0011273354590527827,0.03870943994480092,42.366667
4605,0.225972063229258,-157.18502655751755,0.03084511244634987,-9.627641027958765,0.1434842263921126,-0.015178601358488983,-0.6276021028593333,2.3502441278702408e-05,0.0007916689420705157,0.00108779332455102,0.039474029697984865,42.375
4606,0.22638384152772398,-157.27050439453902,0.17195493535018874,-9.573997043887614,0.1419182374676116,-0.02742200191823211,-0.6275426362892669,2.3095311014963165e-05,0.0008118019498900747,0.0010441665541159157,0.03848552114020655,42.383333
4607,0.22803554575895676,-157.35511376692875,0.31019172532583356,-9.421819177461048,0.14009041328959307,-0.039599086994058716,-0.6273030376856054,2.254016005878446e-05,0.0008299810250644334,0.000997892882345456,0.03593021818530635,42.391667
4608,0.23088994408135424,-157.43786748713086,0.4428290277474053,-9.180919959154481,0.1380141165569647,-0.05167095389344409,-0.6268849406635497,2.1860383969281166e-05,0.0008451832717198168,0.0009495759914058031,0.0322483508075418,42.4
4609,0.23488105974340262,-157.51808480925703,0.5676342659807475,-8.866256458383832,0.1356940849230624,-0.06362573128274847,-0.6262917804918313,2.1084990286619684e-05,0.0008565164468830415,0.0008993756925435047,0.02799357777251174,42.408333
4610,0.23994231908853053,-157.59512114543023,0.6828783066179485,-8.49500113269352,0.1331512234525524,-0.07544171061094992,-0.6255252294425719,2.0245111425936186e-05,0.0008633521085794335,0.0008474490209320739,0.02368181831527197,42.416667
4611,0.24598117808173584,-157.66852386305553,0.787414332304258,-8.085438873417242,0.13039885557061034,-0.08710003714368403,-0.6245896530294462,1.937079005295481e-05,0.000865389756173548,0.0007942491961533758,0.01969240337585195,42.425
4612,0.252901245330695,-157.73795379057813,0.8806281074834903,-7.654573995660215,0.12745814840273678,-0.09857845962878842,-0.6234895511385586,1.8488610290732663e-05,0.0008626621459695038,0.0007405883007282498,0.016237135732330304,42.433333
4613,0.260600863235341,-157.80325774885088,0.9623831623521765,-7.217089523103366,0.12434750504621843,-0.10986127338589012,-0.6222304326170582,1.7620342343669073e-05,0.0008554807944119073,0.0006875154051317444,0.013383525331222623,42.441667
4614,0.2689751553777984,-157.86450995852016,1.0329311874535496,-6.784748210862295,0.12107158237190344,-0.12094551943563593,-0.6208191088766579,1.678252066013254e-05,0.0008443551538043333,0.0006361210085304246,0.011101858804439462,42.45
4615,0.2779289222709794,-157.92169410840134,1.0927273952922008,-6.366244796775909,0.11765833180064585,-0.13180912028457212,-0.6192619683491764,1.5986711397555155e-05,0.00082990798313458,0.0005873623765416119,0.009312266237662422,42.458333
4616,0.28736488706084595,-157.9750290816573,1.14243027969862,-5.967611823192807,0.11411265751330842,-0.14244828498887002,-0.6175672434439671,1.5240178924061724e-05,0.0008127992604495,0.000541956753134604,0.007919800818582538,42.466667
4617,0.2972037650079953,-158.0246283571523,1.182738489123336,-5.5924684120168715,0.11046374933812884,-0.15284814925904483,-0.6157415984211623,1.4546729603581709e-05,0.0007936738817510496,0.0005003476307896909,0.006834727406018282,42.475
4618,0.3073597419313248,-158.07077968129929,1.214418916256382,-5.242791801590362,0.10671431271575928,-0.16300539591395574,-0.613794598412643,1.390754824879209e-05,0.0007731224556907046,0.0004627239413181083,0.005981771251144311,42.483333
4619,0.31775579850688446,-158.11369674040998,1.238209895632679,-4.919195412209384,0.10287986556492212,-0.17290838087073518,-0.6117360033233326,1.3321957108746424e-05,0.0007516671389902709,0.0004290684351223676,0.005301989373526731,42.491667
4620,0.32832778207817886,-158.1537135114406,1.25482330507712,-4.621249312162541,0.09895661255674183,-0.18256149758666795,-0.6095747707264532,1.27880353236574e-05,0.0007297536616465705,0.0003992144923277183,0.004751277687948012,42.5
4621,0.3390152191104489,-158.1909756118473,1.264897858987583,-4.347990687751139,0.09497059507180042,-0.1919496853051654,-0.6073206871653197,1.2303099053192339e-05,0.0007077500711214715,0.0003728999364149368,0.004297525921941621,42.508333
4622,0.3497578489143721,-158.22594163611464,1.2690609354683504,-4.098042518401859,0.09088407820895698,-0.2010862453422629,-0.6049850567892231,1.1864060281107422e-05,0.0006859532645425125,0.0003498104840281796,0.003917684113134177,42.516667
4623,0.36051561438652374,-158.25846670909812,1.2678017411439089,-3.8698383076338088,0.08677807564342306,-0.20993817256444142,-0.6025761710887074,1.1467681453518504e-05,0.0006645981192189525,0.0003296129256748355,0.0035952385743974868,42.525
4624,0.3712341982690181,-158.28914170585784,1.2616519171446325,-3.6617308282378596,0.08257678785512748,-0.21853038840300257,-0.6001067039518574,1.1110743440820308e-05,0.000643861817971141,0.00031197665370718517,0.00331833858305809,42.533333
4625,0.38187843056301457,-158.31777281705334,1.251003506004747,-3.472089133944063,0.07836859600015164,-0.22682963703185716,-0.5975861373902185,1.079015849304672e-05,0.0006238775846692867,0.0002965887535743168,0.003078325031034928,42.541667
4626,0.3924073157895976,-158.3449383959184,1.2362809939314778,-3.29931370135021,0.07406680834671815,-0.23486241212943865,-0.5950262750047869,1.0503031533145189e-05,0.0006047382671411895,0.00028316109211309263,0.0028687927900680203,42.55
4627,0.40278805337092866,-158.37060482536032,1.2178118290931352,-3.1419187285196983,0.06971725345261218,-0.24260957785058973,-0.5924378532657945,1.0246693699557144e-05,0.0005865058135862833,0.00027143439306525496,0.0026848760207142286,42.558333
4628,0.4129915437444174,-158.3949019106133,1.1959026097319045,-2.9985107276732643,0.06532709218723125,-0.25006756983375245,-0.5898314116930382,1.0018712185798771e-05,0.0005692161014488879,0.00026117861489358325,0.0025228086863117983,42.566667
4629,0.42298879220717883,-158.41780924133806,1.1708205281084265,-2.867814026610034,0.06093842281219678,-0.257223505267099,-0.5872180937601197,9.816886601996986e-06,0.000552884080600697,0.00025219197612086315,0.0023796072322421107,42.575
4630,0.43274750194748096,-158.43958117684238,1.1428260684360587,-2.7486824052771905,0.0565208448481771,-0.2640803714502456,-0.5846105235012014,9.639236805410505e-06,0.0005375088662184562,0.0002442989649265258,0.0022528593352846567,42.583333
4631,0.4422582329526203,-158.4607370546713,1.1121646586383158,-2.640060110787829,0.051967829936450695,-0.2706651968440805,-0.5820156428697182,9.483985842445415e-06,0.0005230784392024731,0.0002373478579912818,0.002140574460602869,42.591667
4632,0.45149346478593405,-158.4810184534516,1.0790199296437453,-2.5409977696866863,0.04737229594246225,-0.27694988138120413,-0.5794455465840399,9.349539330098713e-06,0.0005095685140908508,0.00023120790973287802,0.0020410920084774488,42.6
4633,0.4604297918155016,-158.50050882800102,1.04357800485984,-2.450651512311355,0.04273749648458313,-0.28292939609801226,-0.5769115841217304,9.23446634318779e-06,0.0004969496369570996,0.00022576709335045956,0.0019530087647251385,42.608333
4634,0.4690510235873841,-158.51934290298917,1.0060123751144125,-2.3682619885354903,0.0380502361299709,-0.288604503777836,-0.574423304371961,9.137479512648181e-06,0.00048518837874339245,0.00022092962238690788,0.0018751266519840923,42.616667
4635,0.4773390272096869,-158.53747029735982,0.9664741389584336,-2.2931347436945315,0.03334812380093713,-0.2939672938892057,-0.5719909487381901,9.057416406229103e-06,0.0004742478780086863,0.00021661376430124308,0.0018064169712448614,42.625
4636,0.4852767362067019,-158.55508752733104,0.9251151337464885,-2.2246804097228363,0.028595658699934547,-0.2990194995665701,-0.5696245604417658,8.993222760978824e-06,0.0004640898631043532,0.00021274999875255083,0.0017459921414742865,42.633333
4637,0.492854271165519,-158.57222130191394,0.8820710777590418,-2.162346271949084,0.023804930228967625,-0.30376005496260516,-0.5673320605975914,8.94393734342344e-06,0.0004546756609150605,0.00020927930384525073,0.0016930826033701271,42.641667
4638,0.5000515242578256,-158.5888760951953,0.8374645721365758,-2.1056487352041375,0.018993490285942695,-0.30818196288440264,-0.5651244444858801,8.908678502402353e-06,0.00044596608329175,0.00020615175008424573,0.0016470214266855671,42.65
4639,0.5068622357708664,-158.60518719276925,0.7914220806013929,-2.0541649181572046,0.01413814712266707,-0.3122885361932975,-0.5630084330045025,8.886632676848934e-06,0.0004379239013582657,0.00020332530024138638,0.0016072285735129848,42.658333
4640,0.5132720359246575,-158.62117343611564,0.7440545002168831,-2.0075111382686996,0.009249605731135147,-0.31607542257604904,-0.5609931235881512,8.877044196437818e-06,0.00043051219564488644,0.0002007647103490433,0.001573200896871388,42.666667
4641,0.5192694950485168,-158.63688693196548,0.6954697036299522,-1.9653505533364892,0.0043275024558660224,-0.3195402575450676,-0.5590865847134291,8.879206862318546e-06,0.00042369621285052566,0.00019844068415853655,0.0015445019526865171,42.675
4642,0.5248467373394496,-158.65230391268676,0.6457694996018118,-1.927368414413834,-0.0006049995706347023,-0.3226821674994365,-0.5572955817422073,8.892456736786105e-06,0.0004174431836034517,0.0001963291069450805,0.0015207543783967152,42.683333
4643,0.5299930613615046,-158.66751989183444,0.5950539984600234,-1.893312337029507,-0.00556360664136478,-0.325498927938485,-0.5556275792903347,8.916166166928305e-06,0.000411722094166372,0.00019441041219879992,0.0015016337912996656,42.691667
4644,0.5346989937567823,-158.68252855738166,0.5434158607061774,-1.8629407802747855,-0.010531902914788218,-0.32798855482174655,-0.5540894328562274,8.949738957073158e-06,0.0004065042962486265,0.00019266904682907723,0.001486862595688831,42.7
4645,0.5389594894245047,-158.69736869405608,0.49094976265278806,-1.836048210306226,-0.015508589085851112,-0.33015126316575294,-0.5526862941765646,8.992606491194215e-06,0.0004017634204418725,0.00019109302739983366,0.0014762058063080025,42.708333
4646,0.5427695852840271,-158.7120793661695,0.4377473907556465,-1.8124568982381333,-0.020493075100120432,-0.3319867949452822,-0.5514229905715756,9.044224710948432e-06,0.00039747488543224064,0.00018967357013033868,0.0014694671000038933,42.716667
4647,0.5461213807713987,-158.7267216307503,0.38389565243567586,-1.792021310608483,-0.025492472078053767,-0.3334921672978812,-0.5503050253216952,9.104071901720873e-06,0.0003936160313340482,0.00018840479445061487,0.001466485466252265,42.725
4648,0.5490090748855556,-158.7412874632306,0.32947812498666107,-1.7746018210875942,-0.03049124613171,-0.33466665141109475,-0.5493368993783508,9.171647175785478e-06,0.0003901665428912002,0.00018728348304239572,0.001467132408702359,42.733333
4649,0.5514285663822176,-158.75580614853098,0.27457946856495946,-1.760087984913637,-0.03548647740015469,-0.33550946606716114,-0.548522215390641,9.246469542477412e-06,0.00038710815506040136,0.0001863088769479601,0.0014713100611005235,42.741667
4650,0.553375609734478,-158.77027930686728,0.219280955899839,-1.748382954192644,-0.0404660897969148,-0.3360204429576926,-0.5478642807913874,9.328077528744859e-06,0.00038442444896616195,0.0001854825307558306,0.0014789492850954126,42.75
4651,0.5548488869354984,-158.7847844653011,0.16366890815139123,-1.7394264016043026,-0.045443762290919815,-0.33619766530500245,-0.547365058245694,9.416029299863951e-06,0.0003821008873164195,0.0001848081965514889,0.0014900084619226903,42.758333
4652,0.5558446040673283,-158.79929705360593,0.10782060407854306,-1.7331519056371651,-0.05039871570554931,-0.33604160450314674,-0.5470269848683719,9.509903230460555e-06,0.00038012447445367564,0.00018429178012056247,0.0015044720396082214,42.766667
4653,0.5563616665523459,-158.81385921377998,0.05181829613076805,-1.7295263411056654,-0.05533270370462621,-0.335551120354102,-0.5468512139566328,9.609298888379382e-06,0.0003784840862960905,0.00018394127291295828,0.0015223504778657333,42.775
4654,0.5563974380172181,-158.82847790136327,-0.004260487184014745,-1.7285250851302232,-0.06023539814821606,-0.33472565585308756,-0.5468390483493716,9.713838374240927e-06,0.00037717013580154733,0.00018376677481889739,0.0015436794655713482,42.783333
4655,0.5559525417874975,-158.84318737585514,-0.06033357995503691,-1.7301464883800666,-0.06510573057216984,-0.3335646314550238,-0.5469903044524081,9.823168019847387e-06,0.00037617477078437167,0.00018378050950568678,0.0015685201978316255,42.791667
4656,0.555027855326524,-158.8580178825932,-0.11631938658350052,-1.7344046939648494,-0.06994104731189872,-0.33206735620889866,-0.5473043335451925,9.936960405360247e-06,0.0003754914973168877,0.0001839969092491131,0.0015969592002382665,42.8
4657,0.5536250701709596,-158.8729701137352,-0.17213733461169267,-1.7413221359266415,-0.07472866909582956,-0.3302353582499488,-0.5477798342880961,1.0054916701514321e-05,0.0003751152043560821,0.00018443271916620968,0.0016291087734232044,42.808333
4658,0.5517451169652342,-158.888074188538,-0.22770684738177802,-1.7509468550811786,-0.07946528430308744,-0.328067586815348,-0.5484153897802136,1.0176769306140688e-05,0.0003750421208127159,0.00018510712017180185,0.0016651077992539997,42.816667
4659,0.5493916745647578,-158.90334795633163,-0.2829443252870764,-1.7633404219377449,-0.08414345074157502,-0.3255651264055689,-0.5492082854817706,1.0302284776680126e-05,0.0003752699477147293,0.0001860419214701758,0.0017051226090723252,42.825
4660,0.5465660021650293,-158.9188514048219,-0.3377671755690752,-1.7785961303104336,-0.08876858737673383,-0.3227239369690935,-0.5501562606008477,1.0431267063529386e-05,0.00037579758994125886,0.00018726178307333847,0.001749347815659442,42.833333
4661,0.5432740708848756,-158.93458016861265,-0.39208939652239205,-1.796806240006933,-0.09332521676283755,-0.3195476651407368,-0.5512551190649144,1.0563561059859044e-05,0.0003766254972383838,0.0001887945139751894,0.0017980076490853045,42.841667
4662,0.5395189172386733,-158.95054146962437,-0.4458284552614122,-1.8180867275820267,-0.09780085325894025,-0.3160376720715927,-0.5525013082422445,1.069905645941731e-05,0.0003777551829656084,0.0001906713595059869,0.0018513571015194602,42.85
4663,0.5353064074148898,-158.9668014042856,-0.4988931567414552,-1.8425947836659846,-0.10220143088333572,-0.31219103848481355,-0.5538900032417741,1.08376919289144e-05,0.0003791896607104125,0.00019292737143792262,0.001909683968947034,42.858333
4664,0.5306442137647555,-158.9833752614453,-0.5511918287010933,-1.8704944350261334,-0.10651621911344238,-0.3080104723006555,-0.5554154811444351,1.0979459649524161e-05,0.0003809331839282782,0.00019560193893020529,0.0019733092110439726,42.866667
4665,0.5255371141941927,-159.00026507325248,-0.602637077498161,-1.9019698488775585,-0.11072935170340963,-0.3034988578440346,-0.5570726762593092,1.1124410245684097e-05,0.0003829911554757782,0.00019873927339825122,0.0020425884123977116,42.875
4666,0.5199976635017859,-159.01756697793326,-0.6531212567298543,-1.9372677879239237,-0.11485418930506788,-0.29865285799609304,-0.5588537360399778,1.1272658084825533e-05,0.000385370579078541,0.00020238897024609938,0.002117914073632262,42.883333
4667,0.5140330364824387,-159.03527156669267,-0.7025507679419427,-1.9766262393496818,-0.11886992435581553,-0.29347791090154274,-0.5607523246251493,1.1424387051324955e-05,0.0003880792559683016,0.00020660692910671717,0.002199712873110354,42.891667
4668,0.507649146968823,-159.0533955996453,-0.7508298944095654,-2.020325427489242,-0.1227627855106004,-0.28797646739491634,-0.5627622636570642,1.1579856791626042e-05,0.0003911265964010247,0.0002114559688313446,0.0022884489239099544,42.9
4669,0.5008603689300961,-159.07203998049957,-0.7978395491080743,-2.068718328198384,-0.1265438873736772,-0.28214524477608116,-0.5648745153523953,1.1739409391535751e-05,0.00039452385828038993,0.00021700676491796713,0.002384623841783474,42.908333
4670,0.49367538945170797,-159.0911755563072,-0.8434773152493815,-2.1221443373890323,-0.1301845480071779,-0.27599431592839513,-0.5670816816926677,1.1903476640683891e-05,0.00039828324589079046,0.00022333919285177301,0.0024887703207256313,42.916667
4671,0.4861086082628187,-159.11088202234563,-0.8876180810446056,-2.181035137929671,-0.133687212073726,-0.2695235437017733,-0.569374482563447,1.2072587802442547e-05,0.0004024187895798421,0.00023054318451191366,0.0026014539923128804,42.925
4672,0.47817705091462404,-159.131230234364,-0.9301278781465272,-2.2458708551006823,-0.13705050966493157,-0.2627352707857002,-0.5717428162747193,1.2247377876548279e-05,0.00040694576530699115,0.0002387204085516882,0.0027232636938701676,42.933333
4673,0.46989427082289037,-159.15226455138597,-0.9708751960721853,-2.3171748077779806,-0.1402633764989783,-0.255634011829882,-0.5741776292096947,1.2428596438637268e-05,0.000411880550622326,0.0002479858461231462,0.0028548021064404056,42.941667
4674,0.4612795909005812,-159.17392575489018,-1.0097238335663596,-2.395480565149178,-0.14328925932851755,-0.2482427651606891,-0.5766682151657571,1.2617116865429172e-05,0.0004172412259927027,0.0002584693220337646,0.002996677705462402,42.95
4675,0.4523403066998569,-159.1964205755768,-1.0465214341664995,-2.4815208409331406,-0.14615398636052526,-0.24054170729411598,-0.5792073998137104,1.2813945615275557e-05,0.000423046972789656,0.0002703169505583537,0.003149492345842403,42.958333
4676,0.44310734261431367,-159.2198353808455,-1.0810759774581407,-2.5760543216332925,-0.14885604745944522,-0.232539845628242,-0.581781410845985,1.3020231680819634e-05,0.0004293196972734098,0.0002836936652159804,0.003313823588125654,42.966667
4677,0.4335958099402952,-159.24417434527385,-1.11322353054544,-2.679871378475378,-0.15136834156957374,-0.22425148777269713,-0.5843812181087007,1.3237275767580919e-05,0.0004360809696657915,0.000298785209304384,0.003490192085265693,42.975
4678,0.423819126708117,-159.26965940256278,-1.1427617713224225,-2.793982508973222,-0.15371012518678578,-0.215658505335809,-0.5869983979257418,1.3466538176738925e-05,0.00044335425498391893,0.00031579891251796966,0.0036790595129668605,42.983333
4679,0.41381347860754003,-159.29627452918817,-1.1694612357514502,-2.9193612911480025,-0.15585188257410826,-0.2067907227746854,-0.5896187754375106,1.3709644964846455e-05,0.00045116500931355644,0.00033496588039404836,0.003880806069427716,42.991667
4680,0.4036020511591026,-159.324110683631,-1.19308659773681,-3.057141596183167,-0.15778245089354423,-0.19765691096515878,-0.5922321811703056,1.396839052428164e-05,0.0004595374106971398,0.00035654077204652575,0.004095723037751257,43.0
4681,0.393212548462364,-159.35327921878124,-1.2133702128840176,-3.208579091169319,-0.15949386103444174,-0.18826611732013204,-0.594827781830614,1.4244734571616431e-05,0.0004684959990932496,0.00038080088369248907,0.004324049804352888,43.008333
4682,0.3826786008345581,-159.3838894490678,-1.2300090473357093,-3.3750326845157783,-0.16097736685381098,-0.17863176850705992,-0.5973939163708095,1.454079127975403e-05,0.00047806458755498383,0.00040804322422802414,0.00456605487079949,43.016667
4683,0.37203545512704383,-159.4161088027083,-1.242659177537,-3.558000292260963,-0.16223249742431178,-0.168759974463948,-0.5999193283053966,1.4858806411049642e-05,0.00048826478916958024,0.00043857827740186105,0.004822213474911639,43.025
4684,0.3613189131762489,-159.45006337700832,-1.2509524083630554,-3.7590358195691898,-0.1632482197140133,-0.15866508553455702,-0.602393494377651,1.5201117430885983e-05,0.0004991149485882077,0.00047271940136571944,0.005093545347650638,43.033333
4685,0.3505699942221404,-159.48589501045325,-1.254472592719765,-3.9797558034499585,-0.16401580735891744,-0.14836261243909105,-0.6048056405512854,1.557008966519028e-05,0.000510629013086938,0.0005107644884675859,0.0053822275778161914,43.041667
4686,0.3398384421841541,-159.52380119584166,-1.2527336087611514,-4.221808835963003,-0.16453586946362672,-0.1378637158254188,-0.6071441807302913,1.5968019167212776e-05,0.0005228144436912186,0.0005529691510622668,0.00569258958498275,43.05
4687,0.32916824001099565,-159.56392464428697,-1.2452373753599748,-4.486745414490741,-0.1647954020372174,-0.12718723460147696,-0.6094000291252215,1.6396990852479225e-05,0.0005356694055236963,0.0005995086918475754,0.006032655439409252,43.058333
4688,0.31860866718716263,-159.60651558147265,-1.2314079949201995,-4.776037974792736,-0.16479494082355214,-0.11633739614680128,-0.6115641833959411,1.685867859080936e-05,0.0005491824315829515,0.0006504231748039027,0.006416512560846579,43.066667
4689,0.30823098989117703,-159.65171013250688,-1.2105995029571528,-5.090632050997012,-0.16452876185324838,-0.10534526362930091,-0.6136246202931481,1.7354072104812152e-05,0.0005633305873554902,0.0007055486131016706,0.006867571760512049,43.075
4690,0.29811233404570125,-159.6993413968076,-1.1822078898082582,-5.430550541521997,-0.16396689734278005,-0.0942918002505091,-0.6155700006151212,1.7883112505137417e-05,0.0005780757513956175,0.000764429025086382,0.007422762030364559,43.083333
4691,0.2882973764609559,-159.75058487666377,-1.1453191259693387,-5.796467092928579,-0.16318843880070016,-0.08302568756806271,-0.6173967778678803,1.844422174726388e-05,0.0005933655671720019,0.0008262132614295504,0.008137409400144653,43.091667
4692,0.27887678353118694,-159.80501381446453,-1.0993364764633942,-6.186093629623931,-0.16213649706485828,-0.07167019979852204,-0.6190942185615831,1.903374015543422e-05,0.0006091432391750457,0.000889582628176562,0.00908922330058121,43.1
4693,0.2698689162207477,-159.86299768694786,-1.0436878581603342,-6.597250431312481,-0.16078802727661523,-0.06019594049558932,-0.6206659098970605,1.9645278051938525e-05,0.0006253476948202302,0.0009526522928650365,0.010380135046356579,43.108333
4694,0.2614867590533196,-159.92427226205496,-0.9774654228304454,-7.022583165818962,-0.15919192247877947,-0.048712871016245045,-0.6220831943485252,2.0269048314368113e-05,0.000641939340775707,0.0010129874163307304,0.012132272353130536,43.116667
4695,0.2537726529409263,-159.98902964083865,-0.9003102460362701,-7.454741347371846,-0.15733575921899096,-0.03720371185318213,-0.6233489034010802,2.0891224474397207e-05,0.0006588772541359593,0.001067666432058598,0.014468072671452774,43.125
4696,0.24681452175915308,-160.0572816020626,-0.8119763167576683,-7.883049395405593,-0.15522368376338744,-0.025678420795510193,-0.6244587571492394,2.1493532671059194e-05,0.0006761683466273405,0.0011135885688541524,0.017478639849632927,43.133333
4697,0.24070629554308245,-160.12894595835968,-0.7125152956365866,-8.293957957905542,-0.1528629043280833,-0.014146270150843358,-0.6254081293021403,2.2053347427858063e-05,0.0006938656044954902,0.0011478916777154906,0.02117320597428365,43.141667
4698,0.23555269755312794,-160.203623648568,-0.6024350874402098,-8.671020929808394,-0.1502676649960128,-0.0026452372190215695,-0.626190980654226,2.25444646007139e-05,0.0007120578272556584,0.0011684925268894042,0.025421526437096713,43.15
4699,0.23137786182005388,-160.28114083103023,-0.48280359055494043,-8.998980409349787,-0.14741041107066685,0.008842752150089877,-0.626812961830233,2.293874091236137e-05,0.0007308322281949068,0.0011745973683690088,0.029911584948940292,43.158333
4700,0.2283719544622151,-160.36043355617065,-0.35504103543433796,-9.256704831494185,-0.1443802402795613,0.020229762885157994,-0.6272540279555218,2.3208699156378207e-05,0.0007502275495461973,0.0011670174453667919,0.03415933183072851,43.166667
4701,0.22653297612280354,-160.44102967630627,-0.22131562456415135,-9.431270146125044,-0.14115689707341544,0.03153642556123589,-0.6275210729110425,2.3330648248189952e-05,0.0007701094664249685,0.0011479547687291993,0.0375767713233081,43.175
4702,0.22586089026480763,-160.52222754543075,-0.08414416803114531,-9.513634461362507,-0.1377311273238296,0.0427565216714075,-0.6276181395535582,2.3287955584210348e-05,0.0007901341839085295,0.0011205593027632454,0.039623576893796766,43.183333
4703,0.22644546065254406,-160.60285126451905,0.053742390193104825,-9.496144999551554,-0.13418074482273315,0.05384663432841539,-0.6275337284690908,2.3073823366669652e-05,0.0008097039659645958,0.001088027203448134,0.03996445199278655,43.191667
4704,0.22823094194367985,-160.68220545272982,0.18952023518561747,-9.382601412434713,-0.13049330653974586,0.06481211991390788,-0.6272745800178652,2.269250525474713e-05,0.0008279649550115716,0.0010528024036508957,0.038570895620447125,43.2
4705,0.2311786870573614,-160.75948006896053,0.32057784498071035,-9.18142468563112,-0.1266875933311451,0.07564006088005971,-0.6268423626096303,2.215887918236786e-05,0.0008439411046597789,0.001016247269805147,0.03572196777825602,43.208333
4706,0.23520229587872082,-160.83402919570855,0.4446932449520994,-8.906852796035121,-0.12276428820502759,0.08631564257497493,-0.626243604409963,2.1496432115917395e-05,0.0008566704233380078,0.0009787000734692317,0.031901115035030556,43.216667
4707,0.24028051504747072,-160.90513295411236,0.5600903197393966,-8.572982160149696,-0.1187853852641812,0.0968272938360365,-0.6254734367597315,2.0734168593370423e-05,0.0008653644299958277,0.0009398966044879786,0.02764697094859669,43.225
4708,0.24629571650463142,-160.97249809774968,0.6655809302969331,-8.197944543892028,-0.11474566681395452,0.10716977290385214,-0.6245402984589207,1.990308153453785e-05,0.0008694933654823672,0.0008994884439910166,0.023427133429543084,43.233333
4709,0.2531352990214266,-161.03587275459427,0.7604888544479778,-7.79840999269453,-0.11065631778873318,0.11732654980820992,-0.6234518206882875,1.903312446340198e-05,0.000868864075306891,0.0008573991807696083,0.01956439569246803,43.241667
4710,0.26073126067047986,-161.09524800192295,0.8445912995914364,-7.387531642371642,-0.10653523472231911,0.12731448077939855,-0.6222087908592521,1.81509970525772e-05,0.0008636017725607316,0.0008139390024970435,0.01622793445381969,43.25
4711,0.2689743558486724,-161.15057745540943,0.9179839687712289,-6.977266417187932,-0.10239705857752225,0.1371160794267476,-0.6208192457014436,1.727881644948133e-05,0.000854074697176406,0.0007697544118535137,0.013464154089364005,43.258333
4712,0.27776192806966754,-161.20206742660102,0.9810725889943516,-6.576574419683299,-0.09823566817767432,0.14673223135093907,-0.6192914648664717,1.6433709254343306e-05,0.0008408308414814794,0.0007256695256394875,0.011239114990295415,43.266667
4713,0.28700760283340226,-161.24983974080672,1.0343821439399519,-6.191649829393537,-0.09406711588021285,0.1561540587532828,-0.6176324152121996,1.5628014725632596e-05,0.0008245157082339529,0.0006825229915487154,0.009478491551202707,43.275
4714,0.29662709091365697,-161.29417108276078,1.078563477232047,-5.826577399965018,-0.08988757520114113,0.16538200465889588,-0.6158502488718051,1.4869860253231998e-05,0.0008057998371794385,0.000641047979262515,0.008096256932501059,43.283333
4715,0.3065400069643483,-161.33527754079677,1.1142912389470503,-5.483777842444094,-0.08570358700008203,0.17440690816968377,-0.6139541010808632,1.4163917497248567e-05,0.000785329663534354,0.000601807164545189,0.007011032710586708,43.291667
4716,0.31666369542448747,-161.37380376630773,1.1423333092742556,-5.16430302898925,-0.08144263498008084,0.1832491065065172,-0.6119553699805766,1.3512181945600176e-05,0.0007636954974857083,0.0005651743383766512,0.00615359459565437,43.3
4717,0.32694683196340685,-161.40967657710843,1.16326049475114,-4.868143468686014,-0.07716182424844666,0.19188065148799247,-0.6098609522991248,1.2914688244771182e-05,0.0007414159386117973,0.0005313492760805315,0.0054686406224283375,43.308333
4718,0.33734333046736414,-161.44308085059768,1.1776602863901409,-4.594626056425651,-0.0728742814767626,0.20029836713400434,-0.6076778882752747,1.2370102607221624e-05,0.0007189232939800701,0.0005003867549991866,0.004913973550150768,43.316667
4719,0.3477920979642184,-161.47438940777414,1.1861287935759786,-4.342855831077006,-0.06854792870608266,0.2085021277445272,-0.6054176714237128,1.1876204165691782e-05,0.000696566215682152,0.0004722330231923154,0.004458141369918778,43.325
4720,0.3582477722407733,-161.5037636742822,1.1891690908510972,-4.1116025147290465,-0.0641907205460217,0.21648270019072854,-0.603089798114604,1.1430256794225492e-05,0.0006746223401343254,0.00044675934943464617,0.00407798118209103,43.333333
4721,0.36867541080356264,-161.53126446634934,1.1872208668713677,-3.899477117151817,-0.05983188905736669,0.22423015478159677,-0.6007025015883055,1.1029272706304645e-05,0.0006533030428006691,0.0004237899510500475,0.0037565824450948686,43.341667
4722,0.3790300548465787,-161.55729290850522,1.1807376533666452,-3.705109970126923,-0.05541965729505151,0.23174864091097003,-0.5982672828236703,1.0670197625864656e-05,0.000632761458530767,0.00040312409929821536,0.0034815997852035326,43.35
4723,0.3892800202147161,-161.5819291385363,1.1700824118933324,-3.527114846955819,-0.0509702483346588,0.2390285430797244,-0.5957935062199718,1.0350036874290943e-05,0.0006131056660191933,0.0003845526194712522,0.003243929511659613,43.358333
4724,0.39939291229320756,-161.60528245225757,1.155590053540094,-3.364178677626281,-0.04649102187011517,0.24606164701020666,-0.5932914658345398,1.0065930588778483e-05,0.0005944045235044151,0.0003678686333280331,0.003036806000553181,43.366667
4725,0.4093414757244769,-161.62755435440133,1.1375709450043427,-3.215037402487211,-0.041964019943969325,0.25284640762007954,-0.5907708759407176,9.81519739112834e-06,0.0005766964464806656,0.0003528747824256744,0.0028551218595592644,43.375
4726,0.41910724467259935,-161.64855709138646,1.1162683759421197,-3.078496357323126,-0.03746778646597805,0.25936981114738217,-0.5882397289530105,9.595353645840345e-06,0.000559995455828638,0.00033938748152963585,0.002694954822241775,43.383333
4727,0.42864549933701324,-161.66894067486334,1.09198658175021,-2.953587700674777,-0.03286084700586783,0.2656360251999551,-0.5857133936713637,9.404116747563794e-06,0.000544295692064856,0.0003272389603579738,0.0025532486624847846,43.391667
4728,0.4379427894871944,-161.68860105453518,1.0649296335016023,-2.839279953155595,-0.02819330371551597,0.27163557037056624,-0.5831995946595486,9.239400850959914e-06,0.0005295819729263904,0.0003162780067959482,0.0024275503065654047,43.4
4729,0.4469802116641588,-161.70759382453033,1.0352998113229792,-2.7346707895293374,-0.02347292925291778,0.2773626789296719,-0.5807077394053254,9.099302495334264e-06,0.0005158267963709482,0.00030636962609936253,0.0023158829858189135,43.408333
4730,0.4557380266660214,-161.72591461477208,1.00327959747094,-2.638949037697605,-0.018723019173945032,0.2828100562522912,-0.5782477265943966,8.982085748397931e-06,0.0005029953616917414,0.0002973942890557356,0.0022166229192216195,43.416667
4731,0.4641969923694266,-161.74369111393554,0.9690461003241707,-2.55139173753891,-0.013928771246525796,0.28797366452614714,-0.5758295499077345,8.886165665031538e-06,0.0004910485362166171,0.0002892468409876348,0.0021284177940874708,43.425
4732,0.4723418637371725,-161.76100952146822,0.9327610182313202,-2.471334496057574,-0.009084813778701743,0.2928498842893955,-0.5734622255269253,8.81009167181704e-06,0.0004799448497246518,0.00028183523201448843,0.002050127001799114,43.433333
4733,0.4801581579994017,-161.77786828334132,0.894570016715145,-2.3981732900859267,-0.004209981124707656,0.2974343259622843,-0.5711546292154965,8.752531644423362e-06,0.0004696414485484703,0.00027507925685412815,0.0019807805960686455,43.441667
4734,0.48762763079806776,-161.79432335530817,0.8546110306813905,-2.3313900991125474,0.0006944715487000093,0.30172120607548086,-0.5689168165818491,8.71225737407487e-06,0.0004600953539803472,0.00026890934944164956,0.0019195481794383375,43.45
4735,0.4947408128930626,-161.81045476707163,0.8130182383699301,-2.2704933012314323,0.0056358088306530775,0.3057092027526912,-0.5667562383310292,8.688131616908695e-06,0.00045126504815965146,0.0002632654100845714,0.0018657137715567607,43.458333
4736,0.5014822021009664,-161.8262748052086,0.769911411941243,-2.215061223526572,0.010601840420848292,0.3093933036267853,-0.5646821206011351,8.679096358124507e-06,0.00044310973975615186,0.00025809575882033227,0.0018186586595082914,43.466667
4737,0.50783601211266,-161.8418670392211,0.7254065681848071,-2.164731653808931,0.015602941807145857,0.31276755664437983,-0.5627037554465649,8.684162978266621e-06,0.00043559096947965207,0.00025335620720988704,0.001777846504135121,43.475
4738,0.5138005591071362,-161.85721843034048,0.6796191208885916,-2.1191186097552066,0.02062063077772119,0.3158347496921063,-0.560825920539746,8.702403709554905e-06,0.0004286728987955617,0.0002490092031665404,0.001742811700703526,43.483333
4739,0.5193604951389489,-161.87241008477187,0.6326530585039093,-2.0779453028316945,0.02566611881303318,0.3185882499296265,-0.5590575015397371,8.732944203282974e-06,0.0004223205405463768,0.00024502313173180247,0.0017131517165250908,43.491667
4740,0.5245068321263286,-161.887417066289,0.5846077700985718,-2.040928421610654,0.03071773877360175,0.32102701063005595,-0.5574052310900631,8.774957819800508e-06,0.0004165021328722253,0.000241371654820028,0.0016885180929750278,43.5
4741,0.5292344607813787,-161.9022829478687,0.5355854553194713,-2.0078185781947955,0.03577609340754237,0.3231505197861117,-0.5558743791347652,8.827660676258267e-06,0.0004111882178724098,0.00023803317923787556,0.0016686112815476218,43.508333
4742,0.5335305927584983,-161.9169972215521,0.48567390744845135,-1.9784127998331604,0.04082427826888286,0.3249556374345301,-0.5544724742305457,8.890307757466082e-06,0.0004063512401167949,0.00023499037303884675,0.0016531752759429458,43.516667
4743,0.5373892819317267,-161.93161062885412,0.43496780081557657,-1.9525260999922416,0.04586580619774656,0.3264406865364914,-0.5532045902479615,8.96219005939813e-06,0.0004019666582706294,0.000232229769646109,0.0016419936315190545,43.525
4744,0.5408087171572543,-161.9461206625008,0.3835609843464868,-1.929976237659947,0.050887529366494474,0.3276081551749018,-0.5520741514451403,9.04263232831538e-06,0.0003980119427368269,0.0002297414226178312,0.0016348857812694382,43.533333
4745,0.5437776729820085,-161.96059550022068,0.33153664110384407,-1.910651580515373,0.05589886205206255,0.32845167935497865,-0.5510874016217199,9.130991556771834e-06,0.0003944661338595067,0.00022751862574417085,0.0016317043041684492,43.541667
4746,0.546292293193606,-161.97505650475293,0.2789825880013777,-1.8944299699540532,0.06089463235215103,0.32897060148875734,-0.5502478530469898,9.226656230827548e-06,0.00039131107994718465,0.00022555769537917631,0.0016323325094432595,43.55
4747,0.5483492994146022,-161.98950306487137,0.22598402923037955,-1.8812044499192375,0.06586253917315445,0.32916575547248694,-0.5495584991917527,9.329045947642914e-06,0.00038853038466412954,0.00022385778374393457,0.0016366825616535533,43.558333
4748,0.5499427527175973,-162.0039137313821,0.17261939310139007,-1.870890904050893,0.07078311220020174,0.3290381809819999,-0.5490228949318147,9.437611616654632e-06,0.0003861093719190205,0.0002224207351330622,0.0016446940664742698,43.566667
4749,0.5510732865568433,-162.01836093874314,0.11897943372617538,-1.8634304644845059,0.07566848436264,0.3285859083422173,-0.548642045407733,9.551836127497443e-06,0.0003840354092929345,0.00022125097903286488,0.0016563332765466507,43.575
4750,0.5517350518216241,-162.03283927004094,0.0651400977621736,-1.858781442138022,0.08050433696898832,0.32780847785766687,-0.5484187872874371,9.67123532774576e-06,0.00038229709101997213,0.0002203554845097845,0.001671591221819805,43.583333
4751,0.5519291638586649,-162.04740247730544,0.011189458712931567,-1.8569180165347077,0.08529646454389594,0.326704352516209,-0.5483532546263189,9.795359459526828e-06,0.0003808850657071696,0.00021974372697499664,0.0016904841845558451,43.591667
4752,0.5516544638837633,-162.06199172204,-0.042795579420229934,-1.8578078434561665,0.09001341036176393,0.3252800285938901,-0.5484459878866859,9.923794821693826e-06,0.0003797911664922741,0.0002194277116225421,0.0017130523721911558,43.6
4753,0.5509084438864166,-162.07669033222007,-0.09673264702160261,-1.8614795104217026,0.09466974675112383,0.32352909123473633,-0.5486976205989085,1.0056165810126037e-05,0.0003790087542963384,0.000219421969650289,0.0017393608976515487,43.608333
4754,0.5496952674878292,-162.09152999522883,-0.15053285187267282,-1.8679497952319313,0.09926373103906483,0.32145238374629553,-0.5491061731213998,1.0192137215583585e-05,0.00037853286760082544,0.0002197437131958536,0.0017694991201947453,43.616667
4755,0.5480107271706691,-162.1064877579784,-0.20412421672243936,-1.8772570622288132,0.10377440056456962,0.31905163147166044,-0.5496721231049798,1.033141673431316e-05,0.00037835946838573085,0.00022041292816998384,0.0018035804141588057,43.625
4756,0.5458618898201807,-162.1216446715943,-0.2574107546980706,-1.8894646435781692,0.10821555898993213,0.3163238447571611,-0.5503917974557252,1.0473757831032588e-05,0.0003784864889553024,0.00022145250683385995,0.0018417444178646517,43.633333
4757,0.5432487393143928,-162.13696552882195,-0.3103157056856572,-1.9046350032050268,0.11256229840366933,0.31327422210358985,-0.5512635516878238,1.0618962737134265e-05,0.0003789125150085321,0.00022288851342400586,0.001884154940570199,43.641667
4758,0.5401759105748005,-162.1524706090982,-0.36275130502112557,-1.9228578898892386,0.1168079196924347,0.3099047968920198,-0.552283839557561,1.0766885795985242e-05,0.0003796377454384935,0.0002247503453036282,0.0019310029959037306,43.65
4759,0.5366465997337512,-162.16820748037605,-0.4146297463129816,-1.9442565634154214,0.12095334879666207,0.30621351366696553,-0.5534492606721995,1.091743699679679e-05,0.0003806634818185589,0.00022707106086582602,0.0019825062915849088,43.658333
4760,0.5326656086362027,-162.18417949004987,-0.4658634520397538,-1.9689586448674596,0.12498550804794681,0.3022042465835008,-0.554755557701674,1.1070585784129773e-05,0.00038199238653522174,0.00022988776498768468,0.002038909976875501,43.666667
4761,0.5282428164869722,-162.20044150254796,-0.5163520435807826,-1.9971243198782316,0.1289074891121422,0.29787717223547094,-0.5561965140018432,1.1226365118796995e-05,0.00038362837281844924,0.0002332419596930886,0.0021004876266829593,43.675
4762,0.5233785189029175,-162.21707637063358,-0.5660067101861309,-2.028968650763965,0.13272732288999045,0.2932234512423997,-0.5577687496408815,1.1384875793162831e-05,0.0003855761252788219,0.00023718008442026053,0.0021675397676695503,43.683333
4763,0.5180830685861778,-162.23405527138405,-0.6147302244097421,-2.064675217231799,0.1364211376541498,0.2882539204639488,-0.5594653369193762,1.1546291098308049e-05,0.00038784234554439676,0.00024175412489235427,0.002240396134888082,43.691667
4764,0.5123627532116544,-162.25137643603605,-0.662428743847763,-2.104473489958079,0.1399720871910449,0.2829745950382711,-0.5612804165889891,1.1710861723180342e-05,0.00039043461902239877,0.00024702203583381254,0.0023194147413130094,43.7
4765,0.5062291593200662,-162.2690937554231,-0.708992529072648,-2.148638950504076,0.1433798869853312,0.2773868572790963,-0.5632062251901163,1.1878920955457285e-05,0.0003933620518939522,0.0002530484426619483,0.0024049824541753596,43.708333
4766,0.4996890767625965,-162.28730027402133,-0.7543128713825301,-2.197508667363079,0.14665229084220602,0.2714839255993411,-0.5652363190807049,1.2050890136973743e-05,0.0003966347473677105,0.0002599055243486599,0.0024975109687964633,43.716667
4767,0.4927559443951566,-162.30598425969367,-0.7982773196967518,-2.2514048578788524,0.14976853512711383,0.2652776659052288,-0.5673620171757644,1.2227284437329282e-05,0.00040026452992265345,0.00026767397394025316,0.002597435352186575,43.725
4768,0.48543702901663444,-162.3252283516385,-0.840770344885501,-2.3107442664185824,0.15273069558289576,0.2587635360038688,-0.5695764037752437,1.240871881437749e-05,0.0004042642555834666,0.00027644368279171994,0.002705210905372045,43.733333
4769,0.47775234882171397,-162.34503235894675,-0.8816593521460815,-2.3759352150417925,0.15552129608140122,0.2519561934518594,-0.5718686175358904,1.2595914139609987e-05,0.00040864871320978204,0.00028631495726404323,0.002821309333915352,43.741667
4770,0.46971111655421416,-162.36553646898017,-0.9208088015296095,-2.447522244033437,0.1581541080511739,0.2448438704152805,-0.5742310248520216,1.278970327926787e-05,0.00041343315824460974,0.00029739936778789704,0.0029462096404704358,43.75
4771,0.4613312843846817,-162.38674202142462,-0.9580780109409393,-2.526029525044144,0.16060847740878642,0.23744112696012232,-0.5766533975347223,1.2991037070489243e-05,0.00041863484265960223,0.00030982123295047515,0.0030803919863803065,43.758333
4772,0.4526274136181263,-162.4087010142197,-0.9933196039803331,-2.612074587720739,0.16287435996818908,0.22975394677827748,-0.5791265660291861,1.320098985646242e-05,0.0004242719853108971,0.0003237181809430896,0.003224331002789581,43.766667
4773,0.44361669060225545,-162.43146749388453,-1.0263729969241577,-2.7063434449505395,0.164941553742771,0.22179019211884524,-0.5816407028439519,1.3420764063204884e-05,0.000430364321319405,0.0003392421309749789,0.0033784903681605026,43.775
4774,0.43431864349429505,-162.45517785703643,-1.0570509742937226,-2.8096442167323934,0.16681683944302253,0.2135461518225196,-0.5841854977625124,1.3651693340744613e-05,0.00043693280224596715,0.00035655987596528685,0.0035433189498197035,43.783333
4775,0.42475655049505046,-162.47983640819874,-1.085167641581655,-2.9227871699382546,0.16847722383071162,0.20504271394482806,-0.5867498812819955,1.3895243465059846e-05,0.0004439992892929814,0.0003758536787610809,0.0037192486567295133,43.791667
4776,0.41495386531942935,-162.50550383158742,-1.11051627312158,-3.0467014946674844,0.16991145057609916,0.1962928958140327,-0.5893230953323203,1.4153009682712209e-05,0.00045158603994309155,0.00039731993005095073,0.003906719245738088,43.8
4777,0.4049283170830019,-162.53244025676918,-1.132851240089626,-3.182553835076922,0.17114215501950297,0.18727445987112962,-0.5918962342600746,1.4426708835232146e-05,0.0004597155833532166,0.00042116759158490407,0.004106222117705696,43.808333
4778,0.3947109935975382,-162.56066694152472,-1.1519215331712183,-3.331438349422896,0.1721462255511202,0.17801294966619485,-0.5944573823712207,1.4718164846972846e-05,0.0004684112760751891,0.0004476160688658992,0.004318380076261899,43.816667
4779,0.3843341458860416,-162.5903196443897,-1.167433013411216,-3.4946168168220653,0.1729211139693032,0.16851638695825513,-0.596994998593917,1.502928404242335e-05,0.0004776950744771185,0.00047688785822287493,0.004544118879004956,43.825
4780,0.37382448088630615,-162.6215561202196,-1.1790756355820826,-3.673477747103634,0.1734620411590192,0.15878821565927992,-0.5994995709095118,1.5362016066867305e-05,0.00048758692760187604,0.000509200124295026,0.004784936006717302,43.833333
4781,0.363219680922411,-162.65453089503652,-1.1864874310071265,-3.8694678743561473,0.17376441602522014,0.14883871921096975,-0.6019596963776332,1.5718296448207058e-05,0.000498105034809765,0.0005447508278286493,0.005043367297498723,43.841667
4782,0.35255651265253335,-162.6893722123201,-1.1892852800992286,-4.084075675178879,0.17381614649773666,0.1386841005495872,-0.6043651050047723,1.6099963905347395e-05,0.0005092634343153026,0.0005836989096951826,0.005323696370275532,43.85
4783,0.3418679282542147,-162.72630005627883,-1.187042630456455,-4.318911935877759,0.17361288605800845,0.12832517595683857,-0.6067072833634483,1.650864428810824e-05,0.0005210714037252932,0.0006261360176655989,0.005633065180501143,43.858333
4784,0.33120800469407613,-162.7654370158357,-1.1792677743195372,-4.575391624855965,0.17314351079936682,0.11778932755459157,-0.6089741469539629,1.694559279858062e-05,0.000533533324919391,0.0006720500573481334,0.005983090239923038,43.866667
4785,0.3206308739524687,-162.8070190115309,-1.1654048100160002,-4.854870236833681,0.17240883525708814,0.10708529485526264,-0.6111550096555339,1.741148208229829e-05,0.0005466447403908009,0.000721276115983063,0.0063920932881096695,43.875
4786,0.31018121653625413,-162.85125999789227,-1.144895165691811,-5.158495201986509,0.1713977936582852,0.09622374239544246,-0.6132424483061226,1.7906125034712718e-05,0.0005603924076771294,0.000773438836858842,0.006888028725791156,43.883333
4787,0.29992674432897964,-162.89836716950848,-1.11708691888993,-5.486824751058483,0.17010734176654801,0.08522452904357246,-0.6152257996885535,1.842812658560441e-05,0.0005747570545521248,0.000827884827157178,0.007512115678597735,43.891667
4788,0.28993074368646615,-162.94856403229682,-1.0813160274405447,-5.839775954729386,0.1685310465442677,0.07410278904933044,-0.6170968932686376,1.8974457596259545e-05,0.0005897120190357394,0.0008836128165745074,0.008322460566292574,43.9
4789,0.2802674037432531,-163.0020739361214,-1.0368810172058192,-6.216178443681431,0.16666581995840898,0.0628751066995435,-0.6188471039692376,1.953995867729933e-05,0.0006052290820364745,0.0009392159676874088,0.009396783945332473,43.908333
4790,0.27101388218354927,-163.05911300657212,-0.9830939956451783,-6.613458139492582,0.16450752612850905,0.05155672971092726,-0.6204689276221593,2.0116802653605265e-05,0.0006212842261694843,0.0009928551951167088,0.010831904923578193,43.916667
4791,0.26225225531427926,-163.11974594665747,-0.9193623117599095,-7.027085517300732,0.16204648416542913,0.04018350537129179,-0.6219555736077126,2.069397298650187e-05,0.000637867513281951,0.0010422942293024998,0.012736782379449562,43.925
4792,0.2540786054554322,-163.18429850023477,-0.8450641088763374,-7.450285484721198,0.15929283296814825,0.02874286284918962,-0.6232994094945177,2.125685864644815e-05,0.0006549939124776695,0.0010850264388770523,0.015215038574351213,43.933333
4793,0.24658146797980848,-163.25257766135124,-0.7599621357426574,-7.873432520763167,0.15623360326625288,0.017293355047561507,-0.6244954073150916,2.178710710788851e-05,0.0006727097455248315,0.001118522018448892,0.01833247239173292,43.941667
4794,0.23987879362990996,-163.324716311853,-0.6638612081315735,-8.283663150465278,0.1528874500543003,0.005828088463546205,-0.6255349500041983,2.2262926307207335e-05,0.0006910956247213744,0.0011405861060894671,0.02207225183041871,43.95
4795,0.23405817314369384,-163.40042747790554,-0.5571529440728219,-8.665877827959486,0.14924930384707416,-0.005615838453621205,-0.6264148947268309,2.2660006921064592e-05,0.0007102445292262523,0.0011497726052297399,0.026282203373183988,43.958333
4796,0.2292238025265268,-163.47962926268804,-0.440505794255916,-9.002636310918778,0.14532770787470375,-0.01705355016232074,-0.6271296089539594,2.2953215078718804e-05,0.0007302290301463845,0.0011457594860782184,0.030641410157106808,43.966667
4797,0.22543672699982942,-163.56157496589591,-0.31541262671753,-9.27680439857667,0.14111488093334115,-0.028422831922223127,-0.6276792538237106,2.3119022990421395e-05,0.0007510317133699315,0.001129491559718688,0.03466729562015864,43.975
4798,0.2227653034509529,-163.6455310421171,-0.18377387657456518,-9.472149614183259,0.13662364988820666,-0.039688352948568116,-0.6280615619566722,2.313844054497906e-05,0.0007724740591723682,0.0011030076892379092,0.03779564982411198,43.983333
4799,0.22128619440796055,-163.7308847169765,-0.04782452579551398,-9.574896829195643,0.13187594987760562,-0.05085673610038154,-0.6282713099554168,2.2999897926871652e-05,0.000794141261382263,0.0010689020942756104,0.039516198472818176,43.991667
4800,0.22101396650754565,-163.81673431822506,0.08969799743882322,-9.57815920446053,0.12687588748261683,-0.06190203784420961,-0.6283097640194941,2.2701333080455895e-05,0.0008153463265754082,0.001029653245898609,0.03952339561921459,44.0
4801,0.2219592158845914,-163.9021062660888,0.22594777273544114,-9.480983012234082,0.12164509290805745,-0.0728000364480247,-0.6281760412022703,2.225098568937221e-05,0.000835179440577373,0.0009871026525026159,0.03782008433447737,44.008333
4802,0.224100756969869,-163.98608271966788,0.35817308989170865,-9.28956132276384,0.11620217516294874,-0.08353184007929985,-0.6278710049495563,2.166656534596285e-05,0.0008526117406846986,0.0009422547796471902,0.03471378147997672,44.016667
4803,0.2273886436032005,-164.06790236194578,0.48395620138417916,-9.016135726728109,0.11055805705752421,-0.09408682156858617,-0.627397082159924,2.0972959077620295e-05,0.0008666510460937324,0.000895474024138374,0.030711203182381956,44.025
4804,0.2317635330185453,-164.14684924562525,0.6013207923388757,-8.676575976089316,0.10473607826367382,-0.10445014051405192,-0.6267559610666184,2.0199078575655284e-05,0.0008764960721602316,0.0008468870309863433,0.02636438108175044,44.033333
4805,0.23714312785356417,-164.22232284120827,0.7088232916738653,-8.288890699139015,0.09876184803507196,-0.11460258917595807,-0.6259511615157081,1.937456677464684e-05,0.0008816411812232855,0.0007967592630561927,0.02213853380066574,44.041667
4806,0.24342675009511608,-164.29409195388322,0.8056410352671077,-7.870984257945374,0.09263534683277799,-0.12454307490317525,-0.6249881820377351,1.8527037808855622e-05,0.0008819199767417874,0.0007456813517415289,0.018342039518772366,44.05
4807,0.25053409464729587,-164.36167234120848,0.8913207181595777,-7.438427646309689,0.08641579015002562,-0.13424609025251613,-0.6238692259926435,1.768021898338828e-05,0.0008774843544255614,0.0006945431917404763,0.015121295652103104,44.058333
4808,0.2583615864969477,-164.42508596752336,0.9659267661272226,-7.0046523085892645,0.08011002092794985,-0.14371361484815617,-0.6226004289511847,1.6853011684682426e-05,0.0008687285571600819,0.0006443821832618503,0.012498210887986002,44.066667
4809,0.26680571110207785,-164.48442606336627,1.0298169546949323,-6.5800884074634896,0.07372637630259635,-0.15294205956263726,-0.6211889088916727,1.605938419122173e-05,0.0008562123539377927,0.0005962001066366102,0.01041794817296404,44.075
4810,0.27577216087008716,-164.5397449760928,1.083521768965767,-6.172185143656396,0.0672921885419152,-0.16192149666798844,-0.6196415923370848,1.530880202308698e-05,0.0008405797366345952,0.0005508221081969154,0.008791658545348866,44.083333
4811,0.2851742544680004,-164.59121810911043,1.1277040853844773,-5.7858036880347194,0.06082553294429216,-0.17064961884684385,-0.617965593545037,1.460694089518797e-05,0.0008224906499380998,0.0005088256889517166,0.007525255664291311,44.091667
4812,0.2949234724856338,-164.63927856874292,1.1631262789062153,-5.423787722192811,0.05430221678782795,-0.17913201024958372,-0.6161700291574321,1.3956491627484421e-05,0.0008025735555936242,0.0004705324296847028,0.006534600204305674,44.1
4813,0.3049529139703782,-164.68389435773187,1.1904582154351595,-5.087383328537498,0.047783602995257364,-0.18735461540393725,-0.6142617422952812,1.3357934067088034e-05,0.0007813997348994019,0.00043604017214657283,0.005751135413080533,44.108333
4814,0.31518888698460085,-164.72537209493774,1.2104187611679034,-4.776756495135068,0.04127146521646938,-0.19531657451311832,-0.6122504508412773,1.281019601467586e-05,0.0007594643330851167,0.00040527212812898776,0.005122306611638094,44.116667
4815,0.3255674819864896,-164.76399919871733,1.223676428131524,-4.491241829685023,0.03476883251107443,-0.20301708647909458,-0.6101456412688341,1.23111963894633e-05,0.0007371872995249418,0.0003780312104028352,0.004609172058644833,44.125
4816,0.33603423383138253,-164.79997016745344,1.2308327804749082,-4.229664733853526,0.02829462127151342,-0.2104541555227936,-0.607956392767022,1.1858255186745505e-05,0.0007149145713864768,0.00035404698688599106,0.004183507660503484,44.133333
4817,0.34653567803154556,-164.8335570661207,1.2324494228985128,-3.990574253839219,0.021848050802226026,-0.21762633321112984,-0.6056929539339397,1.1448393526264694e-05,0.0006929232167694913,0.0003330126556673932,0.0038250636623913714,44.141667
4818,0.35702378883523245,-164.8649830476217,1.229027870327361,-3.7723756769475196,0.015434077862274761,-0.2245308645911988,-0.6033657205729126,1.1078545580440984e-05,0.0006714306996847614,0.00031461209507807874,0.0035192975188690725,44.15
4819,0.36745916934748735,-164.894454025775,1.2210138489384121,-3.573414055818173,0.009057209099880848,-0.2311673210886639,-0.6009843170166852,1.0745698824202249e-05,0.0006506028541570043,0.0002985376851783677,0.00325568326375882,44.158333
4820,0.37780872154471795,-164.92226112010405,1.208812465387282,-3.3920564414100975,0.002696917018846224,-0.23753679332997435,-0.5985578594664901,1.0446981364765448e-05,0.0006305607300573088,0.00028450114805730973,0.0030264950458303024,44.166667
4821,0.3880183831020572,-164.948322502783,1.1927724295613236,-3.226862766565034,-0.0035835312539674027,-0.24362433492861063,-0.596101379305856,1.0179711957620475e-05,0.0006113876497338313,0.00027223935224075834,0.002825951770156996,44.175
4822,0.398082936875761,-164.97305771732246,1.173218602203348,-3.0762837296924292,-0.009844009286743526,-0.2494435761176119,-0.5936189943817665,9.941426482050464e-06,0.0005931418627207541,0.0002615166579208819,0.0026496220440774165,44.183333
4823,0.4079596342054353,-164.996552103183,1.1504389642230564,-2.9390524719623334,-0.016069265597956683,-0.2549826168282303,-0.5911244847699766,9.729878678689889e-06,0.0005758505720943488,0.00025212459341782784,0.0024940537402369863,44.191667
4824,0.4176233317180991,-165.01883224414863,1.1246826348616865,-2.8139500725060316,-0.02223104705314482,-0.26024108000926366,-0.5886279584750735,9.543038361210974e-06,0.0005595255704313757,0.00024388088062911163,0.0023564798962642797,44.2
4825,0.4270497720160357,-165.04013466676182,1.0961887552370824,-2.6998786801565893,-0.028358035599977228,-0.2652140917534865,-0.5861397615145075,9.379076978874041e-06,0.0005441632046059169,0.00023662717929911985,0.002234648972423085,44.208333
4826,0.4362145904003278,-165.06049331889596,1.0651627076035173,-2.5958441679938313,-0.03442951005178825,-0.26989933727738197,-0.5836706856188889,9.236350976081813e-06,0.0005297482285479335,0.000230226703710341,0.002126695533898801,44.216667
4827,0.4451007585376567,-165.08001922615634,1.0317955479164804,-2.5009446989419812,-0.04044769775327872,-0.2742960773908212,-0.5812298670495764,9.11338344652799e-06,0.0005162571419186199,0.00022456181254954175,0.0020310542508039813,44.225
4828,0.4536865380319775,-165.0988520649727,0.9962645169216315,-2.414387941554857,-0.046425143109152335,-0.278397935114015,-0.5788279610450305,9.00884521365247e-06,0.0005036594681819489,0.00021953162900247147,0.0019463986635360007,44.233333
4829,0.46195634542457104,-165.11702268858775,0.9587273805028615,-2.3354469368074664,-0.05234711936066307,-0.28220541705925806,-0.5764741055355833,8.92153705113932e-06,0.0004919210398777264,0.0002150499210829584,0.0018715933583728756,44.241667
4830,0.46989376369686725,-165.13458868623124,0.9193316139424744,-2.263477872673261,-0.058207617224199655,-0.2857171088329235,-0.574177777080615,8.850372711113115e-06,0.00048100463849868095,0.00021104316312605775,0.0018056623980267422,44.25
4831,0.4774817943904787,-165.15162357652102,0.8782148350217547,-2.197910726856969,-0.06400660517206502,-0.2889296561452006,-0.5719487048417573,8.794363663407845e-06,0.0004708717209688589,0.00020744883674081015,0.0017477625345716096,44.258333
4832,0.4847096747321241,-165.16822711581815,0.8355085777789543,-2.138236178371956,-0.06975402267027729,-0.29184031478098044,-0.5697948048779076,8.752605422363369e-06,0.00046148367488279255,0.00020421394445315679,0.0016971627134960872,44.266667
4833,0.49156562255384395,-165.18445074808454,0.7913341231249714,-2.08399812916051,-0.07544723234313104,-0.2944476642220406,-0.5677242295709654,8.724265406370778e-06,0.00045280171511833566,0.00020129371176280542,0.0016532288605355017,44.275
4834,0.4980351992772776,-165.2003172698739,0.7458032450182123,-2.034790234971507,-0.08107572771069814,-0.29675048512741525,-0.5657458692989499,8.708572507096665e-06,0.00044478793180619566,0.00019865051266434812,0.0016154105978111006,44.283333
4835,0.5041098090880386,-165.21589801462403,0.699026762882142,-1.990254983093947,-0.08664499421427543,-0.2987464933920462,-0.5638667310096991,8.704808127734154e-06,0.00043740627225606073,0.00019625294168099455,0.001583230291624801,44.291667
4836,0.509776860450337,-165.23120757901575,0.651105244508811,-1.950070753051643,-0.09214384441407278,-0.3004352516703541,-0.5620949067251598,8.71229850415617e-06,0.0004306220348246569,0.0001940750038576967,0.0015562746274598266,44.3
4837,0.5150284554138662,-165.2462958358662,0.60213908546452,-1.9139560309106003,-0.0975729271909229,-0.3018154447391643,-0.560436859844439,8.730408371641268e-06,0.0004244028390725395,0.00019209545646357677,0.0015341870166977274,44.308333
4838,0.5198564476086983,-165.261190678429,0.5522234340304798,-1.8816599274289392,-0.10292682241699046,-0.30288708014952415,-0.5588989162466117,8.758535678736664e-06,0.0004187181343076542,0.00019029723462389884,0.0015166616241115152,44.316667
4839,0.5242537225155965,-165.2759235499529,0.5014507075176422,-1.8529627909036446,-0.10820178311021378,-0.3036499806032743,-0.5574868393849324,8.796107355033478e-06,0.0004135394636803871,0.00018866698240729176,0.001503438160729912,44.325
4840,0.5282144470301419,-165.29052791396532,0.44991126302699264,-1.827673132226803,-0.11339527406276977,-0.3041039618074211,-0.5562057217516374,8.842575967285189e-06,0.00040884046182362675,0.00018719465887796581,0.0014942975150169476,44.333333
4841,0.5317322915768313,-165.30504229276525,0.3976922874718412,-1.8056272658403423,-0.11850648208359664,-0.3042474724321368,-0.5550605389494252,8.897417180358102e-06,0.0004045967911968856,0.00018587321429947053,0.0014890580884576654,44.341667
4842,0.5347985045958796,-165.31945696466693,0.3448737748278114,-1.7866760830785735,-0.12351957320842101,-0.3040830773427791,-0.5540567748743399,8.960127942420964e-06,0.00040078628311916877,0.0001846983266146356,0.001487572715857897,44.35
4843,0.5374117019090588,-165.33383533879254,0.2915442099892153,-1.7707049680571072,-0.1284425555397466,-0.30360810454655757,-0.5531971994289792,9.03022530186377e-06,0.00039738924791705413,0.00018366817662950703,0.0014897264456189387,44.358333
4844,0.5395682765307285,-165.34820104418338,0.237786008777535,-1.7576126574947213,-0.1332709464147629,-0.30282291237805564,-0.5524849783085382,9.107245771421426e-06,0.0003943875070216709,0.00018278329511458826,0.001495434145889837,44.366667
4845,0.5412613826452815,-165.36254066093588,0.18367434448047554,-1.7473100752364654,-0.13798829742359278,-0.30173103753331754,-0.5519240196251708,9.190745245407637e-06,0.00039176477432867736,0.00018204643582188373,0.0015046390672496287,44.375
4846,0.5424891737739329,-165.37688388932972,0.12929054319224137,-1.7397345821831525,-0.14259228490532325,-0.3003328005366731,-0.5515162390023327,9.280299357062149e-06,0.0003895070430448342,0.00018146247060847083,0.0015173120112544141,44.383333
4847,0.5432527232126539,-165.39127244016888,0.07471872622883578,-1.7348434462181632,-0.1470847532770743,-0.298627772909768,-0.5512622255119375,9.375504235893549e-06,0.00038760191132712564,0.00018103835021173942,0.0015334501248925431,44.391667
4848,0.543550290207763,-165.4057434516093,0.020038144265921737,-1.7326117080532477,-0.15146524294217847,-0.2966141936973358,-0.5511631454966364,9.47597767288534e-06,0.0003860382866971342,0.00018078310115313866,0.001553076078582942,44.4
4849,0.5433810744078822,-165.42029429392366,-0.03467364122176721,-1.733020422785077,-0.15572142069925013,-0.29429648382553725,-0.5512194947743889,9.581360651657134e-06,0.0003848067942567665,0.00018070784139804472,0.001576238015842638,44.408333
4850,0.5427404857506563,-165.4349387980263,-0.0893441488534519,-1.7360729105629584,-0.1598446642563312,-0.2916748311347831,-0.5514326693870037,9.691319192368062e-06,0.00038389966470734027,0.00018082581264148185,0.001603009776730585,44.416667
4851,0.5416370820784011,-165.4497263806265,-0.14388200935550371,-1.741795088544719,-0.1638398234419053,-0.28874993657214365,-0.5517993286151301,9.805546501535097e-06,0.0003833111690360841,0.00018115245370316574,0.0016334916312518162,44.425
4852,0.5400649528465058,-165.46463847923255,-0.19821976051279092,-1.7502147216027855,-0.16768779110539578,-0.28552633841539804,-0.5523205839558116,9.923765427154857e-06,0.0003830360656384363,0.00018170557631328144,0.0016678091010624665,44.433333
4853,0.538029445826908,-165.4797127019242,-0.25227152255297525,-1.76139012175845,-0.17138841976669963,-0.2820049075506663,-0.5529934487525271,1.0045731224873235e-05,0.0003830714405870484,0.0001825054366670448,0.0017061160094850863,44.441667
4854,0.5355373434913114,-165.495012917765,-0.3059480128706658,-1.7754057907083733,-0.17494871360419384,-0.2781822651622543,-0.55381412733284,1.0171234580213315e-05,0.0003834153197725648,0.0001835749964742432,0.0017485936587209759,44.45
4855,0.5325885078222108,-165.51052909652546,-0.35917394885014475,-1.792343723395558,-0.17835226606641225,-0.27406436965342457,-0.5547807703511782,1.0300104976117495e-05,0.0003840666388123958,0.00018494020534321604,0.0017954513176232654,44.458333
4856,0.5291822263570528,-165.52627171656127,-0.41187333059601083,-1.8123116297779587,-0.1815878749992222,-0.2696537613268737,-0.5558913610873408,1.0432214349642332e-05,0.0003850261570613629,0.00018663020287211992,0.0018469292832898557,44.466667
4857,0.5253310355093721,-165.5422197187824,-0.4639524044864382,-1.8354259242129791,-0.18463969287973472,-0.26496520867488793,-0.5571392417350894,1.0567481025270286e-05,0.00038629650666120095,0.00018867765864284515,0.0019033005567019633,44.475
4858,0.5210443907019568,-165.5584830558867,-0.5153131765323572,-1.861869669656114,-0.18752546319983104,-0.2599880699635478,-0.5585185017564935,1.0705873974455208e-05,0.0003878806941282853,0.00019111920272047055,0.00196486992056561,44.483333
4859,0.5163208569510602,-165.57507271154353,-0.5658789596219129,-1.8918176437259882,-0.190231845413534,-0.2547248228518919,-0.5600264478483438,1.0847417485357147e-05,0.0003897826788245961,0.0001939960559245078,0.002031974101229816,44.491667
4860,0.5111715775723836,-165.59202729345415,-0.6155505569826115,-1.9254809009389786,-0.1927560317023894,-0.2491788123582879,-0.5616560730465403,1.0992196217166934e-05,0.000392008767041556,0.00019735440060458738,0.00210498685824411,44.5
4861,0.5056018533446205,-165.6093606699358,-0.6642378807362496,-1.9630898920031399,-0.19508625426692058,-0.24335583338705105,-0.5634019918571431,1.1140360623584263e-05,0.000394566120472941,0.00020124614130369078,0.002184316295305733,44.508333
4862,0.4996219846896728,-165.62712223338926,-0.7118382623045468,-2.004920554183626,-0.1972204437747737,-0.23725747770962605,-0.5652570198627769,1.129213281904345e-05,0.00039746362046715685,0.00020572955990156598,0.0022704073830292697,44.516667
4863,0.49324181860506583,-165.64535173426407,-0.7582478063614227,-2.051280261970106,-0.19915289194612515,-0.23088739579481052,-0.5672139356262199,1.1447812905294396e-05,0.0004007113575080595,0.00021087026605633256,0.0023637395680839186,44.525
4864,0.48647387746051507,-165.66406913162626,-0.803357033468041,-2.1025068469322283,-0.20087339936115564,-0.22425490298582043,-0.5692645506194057,1.1607785803738393e-05,0.0004043208413430563,0.00021674215527281248,0.002464825675875978,44.533333
4865,0.4793323741288696,-165.68333183711974,-0.8470469443301099,-2.1589962406133707,-0.20238011725898983,-0.21736318573182603,-0.5714000755186766,1.1772528566421277e-05,0.00040830481914289236,0.00022342849684468862,0.0025742085735408196,44.541667
4866,0.47181837563107515,-165.70334350694114,-0.8892006092576605,-2.221258083877874,-0.20369527728119516,-0.21018082018133905,-0.5736155241250334,1.1942618196814804e-05,0.0004126772281332045,0.00023102328972700713,0.002692454872561676,44.55
4867,0.46395583327659257,-165.72399495560174,-0.9296874197751949,-2.2897187921427973,-0.20478072099391664,-0.20275019009075004,-0.5758990618184548,1.2118740139198976e-05,0.00041745496049109084,0.00023963288583799143,0.0028201506013698285,44.558333
4868,0.4557612726312532,-165.74533559547572,-0.9683690785016171,-2.364929456636922,-0.20562992060658894,-0.19507956048871206,-0.5782411378541472,1.2301697024777434e-05,0.00042265503572869325,0.0002493769821090519,0.00295788892103751,44.566667
4869,0.4472480497117072,-165.76742467627912,-1.0051044672731828,-2.447509325000249,-0.20623572839580984,-0.18717495828230493,-0.5806331647443739,1.2492417510716306e-05,0.00042829578760543994,0.0002603905496767153,0.0031062572588828885,44.575
4870,0.43843475132437854,-165.79033598712078,-1.039733081941239,-2.538157547000106,-0.2065943893674775,-0.17904266609909494,-0.58306517189248,1.2691965334154358e-05,0.0004343973849137397,0.00027282547614123644,0.003265824238694093,44.583333
4871,0.4293428406227262,-165.81412582829523,-1.072081397493317,-2.6376411440647516,-0.20669871915361768,-0.17069491060219472,-0.5855266003101505,1.290154808838021e-05,0.00044098118564535,0.0002868524045514931,0.003437118343534143,44.591667
4872,0.4199929718138646,-165.83890999152013,-1.101957992587275,-2.7468443800003794,-0.20654982250190945,-0.16213266585532693,-0.5880073827453824,1.312252514687826e-05,0.00044806940064330347,0.00030266227036579907,0.0036206082678502034,44.6
4873,0.41040823196372267,-165.86473316097326,-1.1291626041239198,-2.8667011616564237,-0.20613605049507677,-0.15337400995879946,-0.5904971248291132,1.3356414046081577e-05,0.00045568518566509533,0.0003204677856832905,0.003816684890802511,44.608333
4874,0.40061291089502143,-165.89171712085837,-1.1534663748874778,-2.9982872823136204,-0.20545714405425292,-0.1444231622113411,-0.5929855182463959,1.3604894074860961e-05,0.00046385219917652944,0.00034050367100139906,0.004025658822259204,44.616667
4875,0.39063081077380124,-165.91997019372127,-1.1746247326183694,-3.1427733207473305,-0.20450787913460425,-0.13528881247985403,-0.5954628260988734,1.3869805450009129e-05,0.00047259420077453226,0.00036302657389065225,0.004247772126777637,44.625
4876,0.380495791142991,-165.9495962650257,-1.1923521263156458,-3.301424058415041,-0.20328524733347506,-0.12598582150637272,-0.597917380305952,1.4153141934421417e-05,0.000481934763067443,0.0003883126572621282,0.004483262271049552,44.633333
4877,0.3702409115692218,-165.98071360323382,-1.206338317403032,-3.4756055485806585,-0.20178595513429462,-0.11652761404995893,-0.6003384513342155,1.4457033350060558e-05,0.0004918952391989717,0.000416652993082757,0.004732489255558107,44.641667
4878,0.3599037436970144,-166.01322082770358,-1.216279474065385,-3.666591893383308,-0.19998368907687109,-0.10697476212086611,-0.6027150546057312,1.478371372812971e-05,0.0005024941732468634,0.000448344741408766,0.004996204320206871,44.65
4879,0.3495084924799318,-166.0476519488815,-1.2217516620176543,-3.876222192815851,-0.1979137065159445,-0.09725841257325003,-0.605040063659302,1.5135468412365695e-05,0.0005137457136656114,0.00048367452312137377,0.005276058582016803,44.658333
4880,0.3391000423337448,-166.08406541256826,-1.2223371063079418,-4.105990249176475,-0.19556312431960254,-0.08741411276041582,-0.6073025193202026,1.5514555119950473e-05,0.0005256604162989552,0.0005229021588992115,0.005575338793913021,44.666667
4881,0.32873409832612727,-166.1225280955155,-1.217557847673295,-4.357310601580821,-0.19292748084058473,-0.07747914280042736,-0.6094903463086325,1.592308786234494e-05,0.0005382406480465321,0.0005662247157243283,0.0059002724299229165,44.675
4882,0.31844969178879134,-166.16336083736164,-1.206884907926176,-4.631730750033704,-0.1900119964217877,-0.0674387692877844,-0.6115962445018409,1.6362868409489016e-05,0.0005514774913321726,0.0006137319129449694,0.006261928139836657,44.683333
4883,0.30832884688937456,-166.2069152642627,-1.1896221353541572,-4.930387132575074,-0.18684038403262923,-0.05728415558795061,-0.6136054995590532,1.683515609738256e-05,0.0005653524617524978,0.0006653490873402595,0.006678954117439855,44.691667
4884,0.2984126384110321,-166.25308508781467,-1.1652737952811234,-5.253728676748704,-0.18338244746229262,-0.04708424621924385,-0.6155131715866893,1.734035808013654e-05,0.0005798295120494819,0.0007207643806847615,0.007181026174985172,44.7
4885,0.28876267233390124,-166.30215690890824,-1.133166916369364,-5.601823164163326,-0.1796441236811955,-0.036837366294593527,-0.6173115177503926,1.7877628870614778e-05,0.0005948635646575883,0.0007793329738263502,0.007813485110148963,44.708333
4886,0.27942331888026367,-166.35419656019806,-1.0927370343156606,-5.973818120749816,-0.17560887522141524,-0.026579139977913314,-0.6189972414619502,1.844437537441096e-05,0.0006103997796690792,0.0008399925773217787,0.008641579282417655,44.716667
4887,0.2705352073782029,-166.4095300500369,-1.0430630756329495,-6.36677503371393,-0.17132618813356093,-0.016304485338674683,-0.620551378770094,1.9035679189459136e-05,0.0006263832621021274,0.000901184348940423,0.009753712714300389,44.725
4888,0.2621504839428097,-166.46820951669088,-0.9836391825511901,-6.77657806148488,-0.16678177295622773,-0.006040326461194027,-0.6219725615666817,1.9643646695466022e-05,0.0006427503821775263,0.00096081605641115,0.011258491594850083,44.733333
4889,0.2543552493638524,-166.53033542686816,-0.913939293742405,-7.196730085195398,-0.16198322541326365,0.004200321599695189,-0.6232546066088681,2.0256782847176197e-05,0.0006594600318440476,0.0010163178115139499,0.013274959789023898,44.741667
4890,0.24724516490875065,-166.59586380530453,-0.833620592743519,-7.61798349995322,-0.1569436152104098,0.014393139279964507,-0.6243909447312272,2.0859525514612588e-05,0.0006765016274937459,0.0010648159024329326,0.015908133840190866,44.75
4891,0.2408634414409441,-166.66489987137746,-0.7426761811853949,-8.029891245569331,-0.15164028685637582,0.024547752962433222,-0.6253839971590347,2.1432094947281798e-05,0.0006939046479508988,0.0011034580994860347,0.019208554729710857,44.758333
4892,0.2353574674638836,-166.7370334703064,-0.6412619577097239,-8.416837261507336,-0.14612391308632608,0.03461846327741116,-0.6262203100352546,2.195091875846383e-05,0.0007117498324807428,0.0011298930140355304,0.023122487024939277,44.766667
4893,0.2308407341819656,-166.81176443226906,-0.5300864905924276,-8.761648288954538,-0.140434037171286,0.04457548157851503,-0.626892191945168,2.238976087538733e-05,0.000730126036537288,0.0011427228613712687,0.027438838531515297,44.775
4894,0.22731761138182918,-166.88835457430395,-0.4106755701428902,-9.049799495254677,-0.13456297403611184,0.05436250930346398,-0.6274073925901635,2.2721643324369384e-05,0.0007490896921901695,0.001141922012503132,0.03176906137909114,44.783333
4895,0.2249240302548362,-166.96703259198821,-0.2842147129481866,-9.26381989429402,-0.12852971247529899,0.06410015634993843,-0.6277529734242049,2.2921640140199928e-05,0.0007686167079577312,0.001128972265828429,0.03559274616856632,44.791667
4896,0.2236645869387764,-167.04666677209457,-0.15314674731984498,-9.392448488608174,-0.12234591609415432,0.0737134850799041,-0.6279333655798655,2.2969970705676013e-05,0.0007884854188046172,0.0011064586355295555,0.03834967441073607,44.8
4897,0.2235710131521691,-167.12639859823628,-0.019970069151494102,-9.427901242589725,-0.11603839545367697,0.08318959998197957,-0.6279467285617263,2.285488523818574e-05,0.0008082449650547516,0.0010774616859820156,0.039599538271004486,44.808333
4898,0.22461617703369002,-167.20545916335058,0.11266457126989361,-9.369817238465416,-0.10960723203090457,0.09251753141375842,-0.6277971597129345,2.2574660108684874e-05,0.0008271929541097038,0.0010447328156610524,0.03915049392048913,44.816667
4899,0.22682240947070118,-167.28290737298752,0.2421896366143395,-9.22108299339994,-0.10310639212855535,0.10169296115032819,-0.6274791839023112,2.213812487555993e-05,0.0008444449029560275,0.001010124052886006,0.037114089291174046,44.825
4900,0.23008366591063892,-167.35785055893763,0.3661673009502454,-8.994253460709617,-0.09654768251091171,0.11066885859794141,-0.6270035577366376,2.1563476748739238e-05,0.0008590331322357647,0.0009744295316493314,0.03385800353229992,44.833333
4901,0.2344132353938404,-167.4301075750279,0.48287871273731725,-8.700196361740275,-0.08993753538119813,0.11951826912013658,-0.6263618249479149,2.0875893078623027e-05,0.0008700874264137563,0.0009376483051224044,0.029883822736412227,44.841667
4902,0.2396996263373472,-167.49905958681376,0.5907823752389971,-8.356184531529232,-0.08329210721266571,0.12820561980571493,-0.6255623522897669,2.0104280886358666e-05,0.0008769219848989005,0.000899447077506853,0.025690150189121717,44.85
4903,0.2457840342384223,-167.5639657151931,0.6888357438358541,-7.980690293764914,-0.07666204761572226,0.1366550572515576,-0.6246205555846992,1.927816831751767e-05,0.000879156666761476,0.0008595919513781155,0.0216719532299193,44.858333
4904,0.25270461309023257,-167.62535354294275,0.7767410039444191,-7.58394805782917,-0.07001197856550567,0.1449900699594,-0.6235212226913464,1.8425225003889687e-05,0.0008767510450449424,0.0008181526685543453,0.018077818151980892,44.866667
4905,0.26028273485824965,-167.68313679306445,0.8543936498437765,-7.181283896928303,-0.06332548883179948,0.15315361572383798,-0.6222831872475173,1.756933131025183e-05,0.0008698989145812504,0.0007755845609493662,0.015022021646004106,44.875
4906,0.2684730643453138,-167.73682892040094,0.9218063332776535,-6.7817801359095835,-0.05670506432328867,0.16113375160533852,-0.620904954441242,1.6729838099065796e-05,0.0008590438340744824,0.0007325991451240702,0.012514653041982234,44.883333
4907,0.2771605246310593,-167.7868178448763,0.9794753604302876,-6.393664014686579,-0.05011495074044972,0.1689309943891338,-0.6193975488512856,1.5921347594484285e-05,0.0008447515199186562,0.0006900153259963231,0.010506170044761762,44.891667
4908,0.2862604855468139,-167.83333736157329,1.0279573329536684,-6.022222038855758,-0.04355325723147261,0.17654398776404528,-0.6177684411208603,1.5154101924451146e-05,0.0008276641170879721,0.0006486146685813519,0.008918848508321949,44.9
4909,0.2956953503418752,-167.87662516169323,1.0678704044622136,-5.670812632881991,-0.037020883797837315,0.1839693385893931,-0.6160253641675871,1.443459902656873e-05,0.0008084303885402866,0.0006090477120074399,0.007670335524790628,44.908333
4910,0.30539474866084704,-167.91690629173053,1.0998500641834703,-5.34128049303608,-0.030522871107617106,0.19120250430115995,-0.6141762526867289,1.3766322252839934e-05,0.0007876630033439485,0.0005717907924956228,0.006685946775973621,44.916667
4911,0.3152726957670413,-167.95471668197618,1.1246080448022706,-5.034519536920555,-0.024001412490265456,0.19823299277803152,-0.612233717993984,1.3150456774281323e-05,0.0007659121313255315,0.0005371420950825754,0.005903611678883145,44.925
4912,0.32530858847945504,-167.98965666902038,1.1425912335633441,-4.750104303715991,-0.017586053189842826,0.2050621610448376,-0.6101989458503064,1.2586535785380119e-05,0.0007436591263436855,0.0005052419390513298,0.005274363184590426,44.933333
4913,0.3354323203155544,-168.02238745213245,1.1544596130860165,-4.487500224635931,-0.011191565206175194,0.2116860690522523,-0.608084097566645,1.2072947243613617e-05,0.0007212938925002209,0.0004761035663638974,0.004761222678797056,44.941667
4914,0.3455767115335626,-168.05336803145525,1.1607886842544255,-4.245829284257827,-0.004763552196118469,0.2180873166827864,-0.605902420814257,1.1607368059437578e-05,0.000699136834823474,0.00044964851024038486,0.004336568673930729,44.95
4915,0.35572021004730264,-168.08248209975855,1.161982652209335,-4.023718968721204,0.0016316085517440754,0.22426804186319121,-0.6036585921929579,1.1187076526444923e-05,0.0006774444316999012,0.00042573597830969774,0.003980062204538806,44.958333
4916,0.3658305044297553,-168.10963401597417,1.158431394540558,-3.819864931279273,0.007929240445564962,0.23022907308838894,-0.601360302752699,1.080916882151202e-05,0.0006564052746372702,0.00040418725434971173,0.003676891288435599,44.966667
4917,0.3758437743354273,-168.13567024086362,1.1506305729529926,-3.633049132011527,0.014283330640924295,0.23594357030507507,-0.5990234809867608,1.0470719057697164e-05,0.0006361549086018708,0.0003848051514090512,0.0034162045503782347,44.975
4918,0.38574616549477586,-168.16032131553112,1.1388644553568579,-3.461866768140052,0.020597940042460898,0.24141846945854578,-0.5966534673881485,1.016888668900092e-05,0.0006167933261717568,0.00036738852745018467,0.0031899148513193022,44.983333
4919,0.39550452858759777,-168.1837798562772,1.1234570092978058,-3.3050807497453656,0.026884727591914046,0.24664540998192971,-0.5942606884467072,9.90097186789936e-06,0.0005983799655180118,0.00035174051565594775,0.002992006960800382,44.991667
4920,0.4050933945129943,-168.20614552220954,1.1046895745940206,-3.1614977632207872,0.03313642713147905,0.251620591438347,-0.591854346809396,9.664452382887075e-06,0.0005809472827164807,0.000337674878279101,0.002817902358827006,45.0
4921,0.4144867534158621,-168.22756935623673,1.0828237019582994,-3.0300220925840615,0.03936116183347908,0.25633694147256797,-0.5894443010595726,9.45699689251036e-06,0.0005645054645028919,0.00032501927986480246,0.0026640610627630176,45.008333
4922,0.4236627027615201,-168.24817803909377,1.0580944782076735,-2.909634197424633,0.045564196480463566,0.26078855488714975,-0.5870398166350915,9.276465862746646e-06,0.000549048250529835,0.00031361685369009866,0.0025276933359720593,45.016667
4923,0.4325960048041916,-168.26802256126433,1.0307124210800658,-2.799426570540125,0.05173298254057871,0.26496965156674634,-0.5846514302916339,9.120903768258925e-06,0.0005345566856983339,0.0003033265432260576,0.0024065628972203042,45.025
4924,0.4412709458558272,-168.2871670473833,1.0008703298366242,-2.6985312207982206,0.05786074110895281,0.26887907351827056,-0.5822874643492502,8.988526931610325e-06,0.0005210036284580824,0.0002940226872852601,0.002298846178487543,45.033333
4925,0.44966304199143775,-168.305761689409,0.9687523803951009,-2.6062142683953495,0.06396461108991665,0.27250458024969954,-0.57995887349626,8.877708151999591e-06,0.0005083548312473784,0.0002855941678675204,0.0022030366275618074,45.041667
4926,0.457760796721951,-168.32377152313634,0.9345172896888383,-2.521747578150802,0.07001483051574232,0.2758515419359832,-0.5776732320225617,8.786961446416501e-06,0.0004965731956140464,0.0002779432886020403,0.00211786954557102,45.05
4927,0.4655468676129591,-168.3413032245466,0.8983209225552928,-2.4445154492259107,0.07602046424607409,0.27891287068616494,-0.5754398424313475,8.714926023842337e-06,0.00048561818499820203,0.00027098461603946683,0.0020422768950197185,45.058333
4928,0.473002328579003,-168.3584912280811,0.8603092281570913,-2.3739800190439864,0.08199984525399341,0.2816765189978327,-0.5732685903654454,8.660351890550299e-06,0.0004754486387615356,0.0002646437484655759,0.0019753459500042835,45.066667
4929,0.4801185549216101,-168.3752296941789,0.8206090490422788,-2.309593338542738,0.08790643143532302,0.28415472003607545,-0.571166409262245,8.622086455388526e-06,0.0004660241169598662,0.00025885614949837095,0.0019162910613328902,45.075
4930,0.48687854383854173,-168.39163988072278,0.7793482651856228,-2.2509262916350394,0.09375677895487736,0.2863368591186224,-0.5691426729617878,8.599062218295037e-06,0.0004573040508213582,0.00025356614343000343,0.0018644357789657832,45.083333
4931,0.49327187324087785,-168.40779676499776,0.7366482386683708,-2.1975694709636793,0.0995566454022932,0.28821820616166705,-0.5672047713737896,8.590286397092037e-06,0.00044924993526164567,0.00024872587718326313,0.0018191931159507446,45.091667
4932,0.4992837510901648,-168.42362087572403,0.6926134465510162,-2.1491519861095787,0.10526708691247559,0.28980667270857274,-0.5653613406862443,8.594831587024598e-06,0.0004418246951098011,0.000244294467122961,0.0017800538558594983,45.1
4933,0.5049099595222577,-168.43922182649663,0.6473596428396022,-2.1053370892045673,0.11090608070843153,0.2910970455069701,-0.5636176576678625,8.61182801413153e-06,0.0004349937744544068,0.00024023725793564677,0.0017465765528185465,45.108333
4934,0.5101342203785675,-168.45460283610876,0.6009829096286808,-2.0658531177222073,0.11645909055344976,0.2920879706408384,-0.5619825711802637,8.640456747121707e-06,0.00042872379371722513,0.00023652510774916413,0.0017183788486922803,45.116667
4935,0.5149518938082348,-168.4698762119304,0.5535900301027928,-2.030442927835149,0.12194611777332422,0.29277118026410187,-0.5604611432051105,8.679944428470007e-06,0.0004229846333083535,0.0002331338250354481,0.0016951304139264265,45.125
4936,0.5193623566927134,-168.48468701472333,0.5052652904357343,-1.9987767459795114,0.1272516701281509,0.2931977154863526,-0.559056906548144,8.729558640825446e-06,0.00041774775092454303,0.0002300436491939502,0.001676547330781029,45.133333
4937,0.5233382203099826,-168.49969755680164,0.4561109761672901,-1.9708513825427372,0.13255263073870707,0.2932777962097446,-0.5577817198605594,8.788604378310962e-06,0.00041298594562776,0.00022723885342671742,0.0016623896412705744,45.141667
4938,0.5268886949964409,-168.51460565836803,0.4062195987287341,-1.9463704796246637,0.13775153816842234,0.2930595995318324,-0.5566355158723487,8.856421627791582e-06,0.0004086769874748007,0.00022470731664968273,0.001652452301307493,45.15
4939,0.5300014543739381,-168.52944291588787,0.3556721927794691,-1.925204050287649,0.14284398232676648,0.29253912359729145,-0.5556248469551728,8.932382925050003e-06,0.00040479843118530084,0.0002224402775018789,0.0016465667651860744,45.158333
4940,0.5326745013493815,-168.54417910563538,0.3045562541809699,-1.9071993608978368,0.14780997291045345,0.2917262800368134,-0.5547526494935322,9.015892321071914e-06,0.000401330829390944,0.00022043206199652527,0.0016445968951163512,45.166667
4941,0.534901187864861,-168.55888186374278,0.2529560831721845,-1.8922633684446808,0.1526570860444485,0.29061446052842754,-0.5540230699963575,9.1063845305487e-06,0.00039825626364954164,0.0002186798613363196,0.0016464369176398352,45.175
4942,0.5366772896870304,-168.57358093400194,0.2009552940159689,-1.8803084401781387,0.15738230602209866,0.28920308235708614,-0.5534391561701494,9.203324750237755e-06,0.0003955589986160596,0.00021718358344222555,0.0016520093622930322,45.183333
4943,0.5379993207911079,-168.58825600946358,0.14863401070324164,-1.8712526466627732,0.1619682698924528,0.2874996401666233,-0.5530033897980262,9.306208861592997e-06,0.0003932251271042137,0.00021594573074730419,0.001661263811583181,45.191667
4944,0.5388661277282664,-168.6029983832789,0.09607985485631118,-1.8650559831239206,0.1664302924450403,0.28549469937407707,-0.5527171492381648,9.414564077866536e-06,0.0003912424799412092,0.0002149713031817166,0.0016741761654770419,45.2
4945,0.5392751813040078,-168.61782592748298,0.043373440196760114,-1.861682793593435,0.17076176225964326,0.28318924535631324,-0.5525819256368262,9.527949948102995e-06,0.0003896003485340494,0.0002142677816362124,0.0016907470402068316,45.208333
4946,0.5392220152459714,-168.6326997956286,-0.009411784686472826,-1.861105017051747,0.17493929451678744,0.28059319577703473,-0.5525995063276834,9.645959730767912e-06,0.0003882896946750722,0.00021384510640576367,0.0017110018519352896,45.216667
4947,0.5387118515723273,-168.6476204675375,-0.062187621776392935,-1.863298745729921,0.17895357878956553,0.2777148338345577,-0.5527681253316356,9.76822209442936e-06,0.00038730337075163277,0.00021371567280825148,0.0017349913096063058,45.225
4948,0.5377410971428267,-168.66267272831138,-0.11487449621213769,-1.868304423852149,0.18281588482051075,0.27454305003929413,-0.5530885811589454,9.89440303512153e-06,0.00038663495790979886,0.00021389438054629772,0.0017627901245195962,45.233333
4949,0.5363145031575421,-168.6778325871934,-0.1673876606538771,-1.8761297644237518,0.18650933234606154,0.2710898246690423,-0.5535585683419003,1.002420817127666e-05,0.00038627993619921695,0.00021439879377127422,0.0017944976100686017,45.241667
4950,0.5344281020932699,-168.69310950489134,-0.21965400981709116,-1.8868304812360321,0.1900235331952354,0.26735738777947554,-0.5541783076842095,1.0157385200295915e-05,0.0003862346856734784,0.00021524919708527696,0.0018302378071756267,45.25
4951,0.532088251163747,-168.70856545060178,-0.27158142509536065,-1.9004747187214843,0.19336494723295156,0.2633426617932904,-0.5549442785876999,1.0293726705618952e-05,0.0003864976046800652,0.00021646879018515466,0.0018701611732449015,45.258333
4952,0.5292939399211363,-168.7242756884936,-0.3230877669338935,-1.9171718403416698,0.1965400166352453,0.25903611531964293,-0.5558550400033504,1.0433073104677952e-05,0.00038706786539056634,0.00021808392960359104,0.0019144430550488958,45.266667
4953,0.5260525018697196,-168.74017685841338,-0.3740877517839961,-1.9369894237044687,0.19952116575072845,0.254459065190199,-0.5569060973234181,1.0575315937440961e-05,0.0003879464056414944,0.00022012442668163274,0.0019632854697804415,45.275
4954,0.522369874899963,-168.75639885469636,-0.4244839863708624,-1.960084612697544,0.2023297119606663,0.24959422757391356,-0.5580931122095087,1.0720401341710797e-05,0.00038913497955497047,0.00022262369852677234,0.002016917866174398,45.283333
4955,0.5182478739271525,-168.7727770899446,-0.4742077405060032,-1.9865435980203399,0.2049108389318998,0.244481924469048,-0.5594127719065196,1.0868333821065849e-05,0.00039063645870998415,0.00022561934833986383,0.0020755956476172085,45.291667
4956,0.513692529765067,-168.78932746836512,-0.5231697501481986,-2.0165297180987296,0.2072576686810007,0.2391290639191711,-0.5608601093303548,1.1019180284198681e-05,0.000392455437626929,0.00022915319515786644,0.0021396059646240527,45.3
4957,0.5087126288114097,-168.80624338765284,-0.5712597456035751,-2.0502952723821366,0.20940555767379182,0.23350679083861975,-0.562429021053837,1.1173074285411448e-05,0.0003945977624537704,0.00023327192770353857,0.0022092653374697637,45.308333
4958,0.5033156342564234,-168.82356379218197,-0.6183801922529515,-2.0880690396069976,0.21134986771915965,0.22761723736822329,-0.5641135872711733,1.1330220557080564e-05,0.0003970703053212841,0.00023802796290523127,0.002284915856521095,45.316667
4959,0.49750765823688264,-168.841260968362,-0.6644401741470707,-2.1300868407345583,0.21306963590525327,0.2214766177181943,-0.5659080762237907,1.1490899870562922e-05,0.0003998812796044375,0.00024347985987264558,0.002366927388702865,45.325
4960,0.49130017493541983,-168.85942264083397,-0.7093270175694599,-2.176656494204194,0.21457146384809123,0.21507952191467156,-0.5678048950396991,1.1655474157089197e-05,0.0004030405191267874,0.00024969285748948754,0.0024556989038908086,45.333333
4961,0.4847015635631265,-168.87808219481448,-0.7529353704534524,-2.2281071938913084,0.2158471975353455,0.20843129985668077,-0.5697972387017965,1.1824391861295307e-05,0.00040655891424033264,0.0002567398824063915,0.002551652724656059,45.341667
4962,0.4777233693026452,-168.89727991495727,-0.7951505846242845,-2.284807968355899,0.21689048846789596,0.20153783591309693,-0.5718771978175238,1.1998193553517372e-05,0.00041044895604108245,0.0002647022725171144,0.0026552344595609585,45.35
4963,0.4703803387429492,-168.91705797694095,-0.8358485958519158,-2.3471695879728647,0.217695740162517,0.19440664218196174,-0.5740358306470326,1.2177517683579532e-05,0.0004147244530092582,0.00027367070109739016,0.0027669083256356697,45.358333
4964,0.46268510577726185,-168.93746173170808,-0.8749041239551094,-2.4156576929618048,0.2182561109488027,0.1870445970162795,-0.5762647841370506,1.2363106366079476e-05,0.00041940027257206215,0.000283746152558233,0.002887151065068226,45.366667
4965,0.45465192291827417,-168.95853497622156,-0.9121839018330072,-2.49079033629388,0.2185641346145908,0.17946055383435064,-0.5785552189321631,1.2555811071017891e-05,0.00042449276326290964,0.0002950408904035378,0.003016447566902467,45.375
4966,0.446291581120938,-168.98040406797392,-0.9475434555103757,-2.573195976043543,0.21862400512336735,0.17164520935660732,-0.5808992848719513,1.275659797737355e-05,0.0004300196497692164,0.00030767939712551384,0.003155284544557461,45.383333
4967,0.4376249465621709,-169.00306001936946,-0.9808299987000154,-2.6634865178974025,0.21841880960482338,0.16362380944546795,-0.58328636643536,1.2966552747382502e-05,0.0004360005647364839,0.00032179952740895565,0.0033041441075645187,45.391667
4968,0.4286684990556031,-169.02665753653747,-1.0118676130649953,-2.762442793055711,0.21795607379898913,0.1553856320147759,-0.5857072373921107,1.318688403816022e-05,0.0004424557659984029,0.0003375526856203148,0.003463500864739829,45.4
4969,0.4194457530749585,-169.05121859862493,-1.0404751993047887,-2.87084225141786,0.2172228550255685,0.14695292692474615,-0.588150985035978,1.3418925150316989e-05,0.0004494067854810736,0.00035510482336818425,0.003633819436534983,45.408333
4970,0.4099745548159972,-169.07683204949305,-1.0664613321839318,-2.989595391154605,0.21621303186351618,0.13833308266057984,-0.5906084961884712,1.3664132857106723e-05,0.0004568754576582271,0.000374635583369085,0.0038155709826714086,45.416667
4971,0.40028324095430345,-169.10360129572115,-1.0895970065871878,-3.119696811713878,0.21492570486453696,0.12953559585285473,-0.5930682789287655,1.3924082012415379e-05,0.00046488465155488816,0.0003963372911907347,0.004009271606953249,45.425
4972,0.3903903442078605,-169.13165629745922,-1.1096521967376105,-3.2622746243698444,0.21335612985911342,0.12056322993636223,-0.595521772998144,1.4200454203871111e-05,0.0004734565754479273,0.0004204126643163312,0.004215543775614243,45.433333
4973,0.38032843047426884,-169.16108856037826,-1.1263551165276553,-3.418504692734834,0.21149948754410314,0.11143352192163407,-0.5979573978442967,1.4495018175476489e-05,0.00048261396163295757,0.000447070234646571,0.004435259202333768,45.441667
4974,0.37012401915142074,-169.1920621507204,-1.139412033151063,-3.5897214670164717,0.2093540484804357,0.10214910352949491,-0.600365684986219,1.4809598525456161e-05,0.0004923775552238398,0.000476517010270518,0.004669756968077121,45.45
4975,0.3598129848313987,-169.22469091479692,-1.1484933162263227,-3.7772897197633033,0.20691476286740484,0.0927283488360313,-0.6027356360011152,1.514602855391706e-05,0.0005027665265334173,0.0005089477500072208,0.00492122319140171,45.458333
4976,0.3494266404784775,-169.25916052869195,-1.153237928648802,-3.9827113810303683,0.20417868756936652,0.08317606488825408,-0.6050581116290864,1.5506081810813387e-05,0.0005137963660450986,0.0005445284422881783,0.005193285527753078,45.466667
4977,0.33900915182032426,-169.29557856263577,-1.15324117459329,-4.207424095377844,0.2011404920264122,0.07351883999194633,-0.6073219865191869,1.5891375655806518e-05,0.000525478868848742,0.0005833739569103351,0.005491934728228787,45.475
4978,0.3286018014363119,-169.3341496297505,-1.1480517651370323,-4.452932941237772,0.19779920955750116,0.06376504344241728,-0.6095178460137278,1.630323810370421e-05,0.0005378193098550309,0.0006255163407339323,0.005826876519889142,45.483333
4979,0.31825235260353857,-169.3750361565002,-1.1371784164360652,-4.720591121642967,0.19415168662018836,0.053935266758779625,-0.611636021060071,1.6742528556299487e-05,0.0005508163166561541,0.0006708651345198122,0.006213449571729985,45.491667
4980,0.30800746072886,-169.41854156618427,-1.1200623002061403,-5.011683966757532,0.19019877735348492,0.044024839031315044,-0.6136682746545615,1.720940264561109e-05,0.0005644605896775737,0.0007191561358733703,0.006675209994202121,45.5
4981,0.29793135297268203,-169.46479225835245,-1.096112204733631,-5.326871999157701,0.18593905029241348,0.03406792791809919,-0.6156042223212269,1.7703012363146297e-05,0.000578735660302422,0.00076989352024177,0.007247135018556575,45.508333
4982,0.2880691335953064,-169.5139786461997,-1.0647535925718798,-5.666480124833859,0.18136177326626207,0.024084321071317638,-0.6174385518837082,1.822113363382799e-05,0.0005936167682500176,0.0008222827036174845,0.00797916222786479,45.516667
4983,0.2785102904369089,-169.5663322109913,-1.0252584637562816,-6.02961032981218,0.17648208833044615,0.014090344438881235,-0.6191591454287971,1.875972702244727e-05,0.0006090783044816267,0.0008751723940610936,0.008939456701539658,45.525
4984,0.26932917141182,-169.62217333025657,-0.9769244173791126,-6.4143277482403676,0.17130307605026873,0.00408291894664933,-0.6207584865183811,1.9312442771969047e-05,0.0006250919190156005,0.00092701324303097,0.010215050107168461,45.533333
4985,0.26060037896287563,-169.6815859617889,-0.9191653215067317,-6.816922039613223,0.1658217642627423,-0.0059028722458207145,-0.6222305129709095,1.987011220622014e-05,0.0006416385455096298,0.0009758661842858098,0.01190785602945639,45.541667
4986,0.25242581530111663,-169.74492157588057,-0.8513055218710447,-7.23140761697951,0.16004861602945356,-0.015883573970170706,-0.6235660873243435,2.0420310933891615e-05,0.0006587195408125107,0.0010194800442002803,0.01412227185469168,45.55
4987,0.24488041137142288,-169.81197408779383,-0.773091478193982,-7.649419203147875,0.1539798481405016,-0.025793431632319022,-0.624761888984321,2.0947099095814346e-05,0.0006763614589725321,0.0010554711685299865,0.016939038368533083,45.558333
4988,0.23804440789590192,-169.88266777726412,-0.6844175812350518,-8.060154733517804,0.14761798969168483,-0.03560314221151665,-0.6258145556473197,2.1431112484072287e-05,0.0006946269368435565,0.0010816185546440357,0.020377426083612475,45.566667
4989,0.23203373079211184,-169.95702227082256,-0.5853209320650201,-8.449355976183876,0.1409816155308041,-0.04531873856374197,-0.626715971308627,2.1850191375600784e-05,0.0007136059033889996,0.0010962368939969511,0.024347725319207956,45.575
4990,0.22693678278164514,-170.03472065390238,-0.4764102458165809,-8.800955132157343,0.13408082764348553,-0.05491365326982271,-0.627462616431449,2.2180654692359266e-05,0.0007333795417952108,0.0010985319545877702,0.028606995260379846,45.583333
4991,0.22281356555201,-170.11536312264838,-0.3588029463164784,-9.09862450416586,0.12691303627658293,-0.06436531760217278,-0.6280546949024665,2.2399286821135937e-05,0.0007539733175972791,0.0010888493916732652,0.03274905180002375,45.591667
4992,0.2197879751437379,-170.19834218034774,-0.23397987152090038,-9.323894195528846,0.11952328672950652,-0.07366553747288378,-0.6284823666533592,2.2485937732875544e-05,0.0007752895878480356,0.001068647718612324,0.0362511295758309,45.6
4993,0.21789278815768445,-170.28292553666446,-0.1040980445230765,-9.463434441472437,0.11191477841347994,-0.08279129036328095,-0.628747323881895,2.242623076895695e-05,0.0007970143899506224,0.0010401214823368317,0.038578601349723525,45.608333
4994,0.21716460194968285,-170.36828250514984,0.02837263656706846,-9.507732090606083,0.1041055461471042,-0.09172827893591581,-0.6288485276923753,2.2213910405356936e-05,0.0008185876594271277,0.0010056749575462465,0.039336370684712026,45.616667
4995,0.21760452148689283,-170.4536468860084,0.1607854035604431,-9.453876944885023,0.09609684974893339,-0.10047029152337113,-0.6287874272483029,2.1852215514121245e-05,0.0008392043966059414,0.0009673246610789697,0.038392599476920586,45.625
4996,0.21922781892506557,-170.53787384982476,0.2903959520005227,-9.304135401137959,0.08794472778062176,-0.10899272579291075,-0.628560914514913,2.135381847823184e-05,0.0008578950570454236,0.000926362196536116,0.0359209519325618,45.633333
4997,0.2219776252277062,-170.62032458818396,0.4147819239619361,-9.068875274000437,0.0796402218526147,-0.11729487609758127,-0.6281734312914861,2.0739241884397575e-05,0.0008736482230743394,0.0008833778888155248,0.032340623936976655,45.641667
4998,0.2258091617824517,-170.70013199226324,0.5318219406117377,-8.761902314601478,0.07122410922660112,-0.1253624614750076,-0.6276255987400485,2.0034246141251056e-05,0.000885578329495815,0.0008385678680890097,0.028180798304504644,45.65
4999,0.2306533834310092,-170.77671922199795,0.6399286766636889,-8.400000781013908,0.06271804846778992,-0.13319362709765536,-0.6269197849589393,1.9266749473058215e-05,0.0008930432210080948,0.0007921033644563634,0.02394053281940821,45.658333
5000,0.23642060354682318,-170.84966543809017,0.7380447669535457,-8.000843817819966,0.05414079899806124,-0.14078273790147733,-0.626060306415297,1.8463967771962692e-05,0.0008957175141494133,0.0007443937312141542,0.01999203395205817,45.666667
5001,0.24302434496502842,-170.91846611222286,0.8255479551530372,-7.580762441328041,0.045548625071536064,-0.14812019944579616,-0.6250505915093836,1.7650262574035596e-05,0.000893601163324203,0.0006961493720138418,0.016548862654910436,45.675
5002,0.2503608457311743,-170.98330457053547,0.9023961754669334,-7.153986675078003,0.03691581435818575,-0.15521733988274214,-0.6238968766759434,1.6845851588434697e-05,0.0008869690698587242,0.0006482885771713891,0.0136857903152122,45.683333
5003,0.25833890920908664,-171.04399151984583,0.9687433370896261,-6.731812919594941,0.028288964115229884,-0.16206883471122854,-0.6226041599609111,1.6066355900395534e-05,0.0008763001152060339,0.0006017763709288348,0.011381276483302808,45.691667
5004,0.26686438236468163,-171.10061463745268,1.0250303285780384,-6.3227465030882195,0.01968630901515684,-0.168676253631671,-0.6211789463384476,1.532295145780191e-05,0.0008621910802887793,0.0005574733382049529,0.009562917503269845,45.7
5005,0.2758488345594474,-171.15333826543633,1.071847373050294,-5.932640752498067,0.011123346820616425,-0.1750421222541363,-0.6196281459619764,1.462291118622904e-05,0.000845286833162358,0.0005160401805448196,0.008140912901341306,45.708333
5006,0.28521003512203325,-171.2023684812642,1.109861587906973,-5.565143010920744,0.0026146568757679702,-0.18116901908695546,-0.6179591109195596,1.3970316544485131e-05,0.0008262251325205766,0.0004779027045803247,0.007028580300786958,45.716667
5007,0.2948690805130902,-171.24790829376798,1.1397651100321693,-5.222214111268596,-0.005820994311414841,-0.1870576868435823,-0.6161802094306136,1.3366792709917636e-05,0.0008056000565190227,0.00044326340240236463,0.006151966994917917,45.725
5008,0.3047562215528305,-171.2902475064918,1.1622497293577767,-4.904447237334578,-0.014179669835487687,-0.19271028230603518,-0.6142997612997134,1.2812179793350545e-05,0.0007839423463395741,0.00041213952712882405,0.005452438778838801,45.733333
5009,0.31480860670118727,-171.32960377058797,1.1779621962955968,-4.6115431874013355,-0.022445087321785556,-0.1981292671218578,-0.6123263216952811,1.2305093828807432e-05,0.0007617094412274575,0.000384411198043074,0.00488561639573574,45.741667
5010,0.3249658505717819,-171.36625426207658,1.1875165166408739,-4.342606352441941,-0.030614459883417683,-0.20331371136312565,-0.6102694505657303,1.1843371602246537e-05,0.0007392845091935076,0.0003598673783433252,0.004418862337017852,45.75
5011,0.33517752111141114,-171.4004067244253,1.1914631785127878,-4.096338933574392,-0.038674742168308955,-0.20826627129705408,-0.6081380905964012,1.142440742695438e-05,0.0007169815558615597,0.00033824479764509887,0.0040285296533114695,45.758333
5012,0.34540569742403987,-171.43232957949465,1.1903017204848414,-3.871189073743903,-0.046630241720603,-0.21299106264610138,-0.6059397168580078,1.1045394449371073e-05,0.0006950505587304767,0.0003192574027874409,0.003697583844894561,45.766667
5013,0.35558768027687765,-171.4621995331182,1.1844982310419632,-3.6657142353528864,-0.05446664214221343,-0.217477176034264,-0.6036883098701795,1.0703491113327064e-05,0.0006736833007641706,0.0003026172650590846,0.003413714947613963,45.775
5014,0.3657041916618522,-171.49025797231016,1.1744473231381092,-3.47822240918025,-0.06219267991919276,-0.22173267133267566,-0.6013893960689235,1.039593718342899e-05,0.0006530297551117321,0.0002880482740584783,0.003167901602880097,45.783333
5015,0.37570786045894516,-171.5166342352599,1.160515637996203,-3.3072600363379223,-0.06979234396067734,-0.22575191453056054,-0.5990556021658265,1.0120114667490375e-05,0.0006331938220037549,0.00027529372628520594,0.002953465368267727,45.791667
5016,0.38556998844925167,-171.5415327594675,1.1430286067844972,-3.1513656396619187,-0.07727229393837587,-0.22953260280118346,-0.5966961450494007,9.87359005437543e-06,0.0006142495814657232,0.00026412063292799003,0.002765338002648584,45.8
5017,0.3952619396180791,-171.56514906391342,1.122279350482971,-3.009197038774929,-0.08464110070961667,-0.23306890294846758,-0.5943208588170723,9.654128094920321e-06,0.0005962426756107507,0.000254320829035854,0.0025996014635227306,45.808333
5018,0.40475620143249574,-171.58756740796036,1.0985248073222387,-2.8795263601379477,-0.09188483670716494,-0.23636170493865252,-0.5919398904431015,9.459693974917037e-06,0.0005791965259112333,0.00024571058205724106,0.0024531596730234945,45.816667
5019,0.41402840063697566,-171.60893273784436,1.0720010575062624,-2.761229764088011,-0.0990067515772631,-0.23940659216358218,-0.5895631089601336,9.288446058285508e-06,0.000563117236959228,0.00023812917029655863,0.002323517594870315,45.825
5020,0.4230552778787781,-171.62936465504865,1.0429209675457396,-2.6532913149628223,-0.10600689766052039,-0.24219951005704082,-0.5872005174150662,9.138722975857456e-06,0.0005479972014209352,0.00023143693548071168,0.0022086284173116265,45.833333
5021,0.43181668781057725,-171.6489493080841,1.0114763600983674,-2.5547899995641825,-0.11288010587556009,-0.2447395518917321,-0.5848616469844442,9.009027956142904e-06,0.000533818532785796,0.0002255131441602577,0.0021067877294963285,45.841667
5022,0.44029288711436904,-171.66775517821853,0.9778421647823543,-2.4648988197434027,-0.11961873366932729,-0.24702664240846153,-0.5825561854205555,8.898011904898176e-06,0.0005205554712000492,0.00022025383490193928,0.0020165596661134797,45.85
5023,0.4484692644695805,-171.6859097365687,0.9421826342491639,-2.382875564678509,-0.12623267101027197,-0.24905483375126886,-0.5802926117319953,8.804456610804298e-06,0.000508176870786682,0.00021556979105619487,0.0019367226376956553,45.858333
5024,0.4563266017385865,-171.70348436446167,0.9046465935710366,-2.308062789731433,-0.13271843986499743,-0.2508204713313768,-0.5780808071168831,8.727258533822451e-06,0.0004966473280490017,0.00021138464885471882,0.0018662302636845759,45.866667
5025,0.4638534282153401,-171.7205437713284,0.86537313375361,-2.2398620089763743,-0.1390741866389759,-0.25232353572503435,-0.5759285690134885,8.665414042406057e-06,0.0004859298244633113,0.00020763326346282923,0.0018041802652230365,45.875
5026,0.47103186127436647,-171.73712505154063,0.8244893194669038,-2.1777469876630966,-0.1452904174627864,-0.25356358126109296,-0.573845551980268,8.618005712565196e-06,0.00047598564347260805,0.0002042602104626879,0.0017497931005322526,45.883333
5027,0.47785243905151914,-171.75329655175207,0.782118256353189,-2.1212426895145824,-0.15136878930820447,-0.2545391607430914,-0.571838979038305,8.58419041284263e-06,0.00046677666444023717,0.00020121853167215053,0.0017023924369416416,45.891667
5028,0.4843023743038919,-171.76913192466893,0.738375034240041,-2.0699341659883035,-0.15731228826031157,-0.25524498263454487,-0.5699169724426494,8.563188589793556e-06,0.0004582647152865088,0.00019846859774904293,0.0016613918996095931,45.9
5029,0.4903725034755694,-171.7846434007446,0.6933675319090187,-2.0234399087623123,-0.16311000527227132,-0.25568610317588186,-0.5680864859322143,8.554275179314314e-06,0.00045041291479179816,0.00019597717431956642,0.0016262825230949683,45.908333
5030,0.496049668357863,-171.79987183138664,0.6471971011083898,-1.9814311862417695,-0.16875766254786873,-0.255860798824109,-0.5663555558414418,8.556771741542898e-06,0.0004431856170223934,0.00019371661385099014,0.0015966236922779762,45.916667
5031,0.501327112362176,-171.81489101227726,0.5999657306351998,-1.9436175874343773,-0.17426184716346327,-0.2557639662398586,-0.5647301256993772,8.570039899592334e-06,0.00043654944220448223,0.00019166416804706384,0.001572034527552501,45.925
5032,0.5061982167128246,-171.82972582235197,0.5517693350417421,-1.9097355295105323,-0.1796170936002879,-0.2553978801959258,-0.5632158868089687,8.59347580849967e-06,0.0004304725493863128,0.00018980139699398347,0.0015521875586779373,45.933333
5033,0.5106492467255854,-171.844345473634,0.5026918569406051,-1.879548745538534,-0.18480171874448853,-0.2547714861939662,-0.5618205471924294,8.626505695986203e-06,0.00042492494447466815,0.00018811368973292557,0.0015368031472926425,45.941667
5034,0.5146837845510631,-171.85875867670194,0.45283021648640337,-1.8528418725328737,-0.18981014610156674,-0.2538949185074903,-0.5605461546286593,8.668582328456801e-06,0.00041987963972659874,0.00018658985064086577,0.0015256447390990136,45.95
5035,0.5182935036430653,-171.87281129644148,0.40226054133837014,-1.829401767763018,-0.1945921180247699,-0.25280438434662317,-0.5593982155260767,8.719182155773752e-06,0.0004153102809406385,0.00018522174919328243,0.0015185152443761573,45.958333
5036,0.5214620612031515,-171.88712693893552,0.3510820781998409,-1.8092198228537917,-0.19929125889245924,-0.2513805590666799,-0.558384564013353,8.777803322616475e-06,0.0004111931242803601,0.00018400402651455084,0.0015152540652354956,45.966667
5037,0.5241919821288924,-171.90140820926234,0.2993717421591236,-1.7920884243015232,-0.2038240408877589,-0.24968882105747828,-0.55750674047146,8.843964365471562e-06,0.0004075079360795961,0.00018293395724763595,0.0015157312441854399,45.975
5038,0.5264771289980691,-171.9156511885533,0.2472072756692973,-1.777894393309707,-0.20817862142445306,-0.24773522588343036,-0.5567687420413434,8.917203388670897e-06,0.00040423537806491593,0.00018201118189808263,0.0015198490280395644,45.983333
5039,0.5283177076657543,-171.92989209522892,0.19467340988797877,-1.7665497339887863,-0.21235539231801792,-0.24552022053604755,-0.556172204750823,8.997077772534207e-06,0.0004013583304446732,0.00018123758700014616,0.001527539004943719,45.991667
5040,0.5297021781990842,-171.94415354546237,0.14183899520594248,-1.7579900098899213,-0.21634691823674604,-0.2430417711698355,-0.5557222517697956,9.083164350871678e-06,0.0003988610711314156,0.00018061721924615204,0.0015387603213021623,46.0
5041,0.5306401450639167,-171.95845230198827,0.08879663917296052,-1.7521543206287329,-0.2201518896418048,-0.2403077786593905,-0.5554168071628117,9.175060058229797e-06,0.00039673079472392505,0.00018015620482141179,0.0015534993888762637,46.008333
5042,0.531119870583897,-171.97279184497955,0.03561054638948783,-1.7490085466929464,-0.22375780181783259,-0.23732014109524996,-0.5552603978604833,9.272382897185982e-06,0.0003949548702192026,0.00017986274564617204,0.0015717679542575397,46.016667
5043,0.5311595729118932,-171.98708611364262,-0.017622649193610167,-1.7484949977550162,-0.22714249550633728,-0.23411337279476355,-0.5552474476211607,9.374773346571172e-06,0.0003935236919880771,0.00017974708680311302,0.0015936043288733127,46.025
5044,0.5307346616343098,-172.00161610121458,-0.0708447913389607,-1.7506943476352237,-0.2303533113333428,-0.23062145246718369,-0.5553860011700786,9.481895997913787e-06,0.00039242691251168836,0.00017982156012216372,0.0016190712277635176,46.033333
5045,0.529855161175834,-172.0162607376623,-0.12397151089584038,-1.7555778760493386,-0.23335554871108694,-0.2268828112967836,-0.5556724669261701,9.593441661785286e-06,0.0003916588895203893,0.00018010074813748072,0.0016482579029799662,46.041667
5046,0.5285255812002428,-172.03104437657666,-0.1769197645281509,-1.7631763501352937,-0.23614660207620652,-0.222900969606362,-0.5561047138376058,9.709129652863517e-06,0.00039121409642380327,0.00018060145999647232,0.0016812794967606302,46.05
5047,0.5267500615123033,-172.0458443076089,-0.22961585438168575,-1.773494081754481,-0.23869118358188499,-0.21871433576532584,-0.5566804028228506,9.8287103910268e-06,0.0003910880506378747,0.00018134293352645576,0.001718277244287311,46.058333
5048,0.5245124779686176,-172.06115718100625,-0.2819791942055973,-1.7867471872959253,-0.24108045283365873,-0.2142058964746374,-0.5574034103349341,9.95196826489925e-06,0.00039127747627142707,0.0001823469001285437,0.001759420473201037,46.066667
5049,0.5218312804338368,-172.0766619061607,-0.3339250685092502,-1.8029124427160603,-0.2432392014600121,-0.20946642876221494,-0.558266082411156,1.0078724908491291e-05,0.0003917826869842477,0.00018363821553811448,0.001804905844526226,46.075
5050,0.5187082673819401,-172.09240455440872,-0.38537307632543244,-1.8221017758311306,-0.2451664145334134,-0.2044936507496267,-0.5592658479327343,1.02088427069388e-05,0.00039260331369745137,0.00018524462285409904,0.0018549594080243604,46.083333
5051,0.5151504049875903,-172.10836036368082,-0.4362392147490364,-1.8444232856089746,-0.2468481982507074,-0.1993047076357951,-0.5603981738108983,1.0342228512060616e-05,0.00039374062922135195,0.00018719728193684852,0.001909837686490943,46.091667
5052,0.5111608931306183,-172.1245954646597,-0.4864387260810972,-1.8700376292797736,-0.24828719494274715,-0.19389341437831747,-0.5616594389522716,1.0478837724695448e-05,0.0003951969752636848,0.00018953109128133291,0.0019698286087394268,46.1
5053,0.506746669349001,-172.1411389877354,-0.5358824273890828,-1.8991164624888606,-0.24947928281690004,-0.18826424983158668,-0.5630445562799761,1.0618678717551551e-05,0.0003969763184723214,0.00019228520065567395,0.002035252583236164,46.108333
5054,0.5019152593286128,-172.15799093067955,-0.5844811899881973,-1.9318461407968417,-0.2504146781782036,-0.18242958312002966,-0.5645480040098972,1.0761817628631603e-05,0.0003990838594143348,0.0001955035045231293,0.002106463011219075,46.116667
5055,0.49667501014681814,-172.17522914491965,-0.6321374489842887,-1.9684691577778655,-0.2510978016942166,-0.17638306382444427,-0.5661637761780896,1.0908383503951819e-05,0.00040152607999606807,0.00019923519024510157,0.00218384728530796,46.125
5056,0.4910350948455192,-172.1928375643941,-0.6787574183529951,-2.0092229436428948,-0.2515157072822662,-0.17014265787570085,-0.5678854088962787,1.1058573861342553e-05,0.0004043107556640183,0.00020353554342943648,0.002267825585537803,46.133333
5057,0.4850047704134668,-172.21088826149904,-0.7242380758531681,-2.054411950987346,-0.25167049157139687,-0.16370486827090133,-0.5697062334682835,1.1212660667366408e-05,0.00040744698553617215,0.0002084665803932512,0.0023588516889035465,46.141667
5058,0.47859035725517307,-172.22942419899022,-0.7684801057775248,-2.104366654996621,-0.25155659549674647,-0.1570733403035979,-0.5716202915432206,1.1370996748301665e-05,0.00041094530126410027,0.00021409808759285525,0.0024574100736274814,46.15
5059,0.4718096788624726,-172.24847157265074,-0.811363855347399,-2.1594508972366664,-0.25117059305357814,-0.15026029458747978,-0.5736180695651051,1.153402269051678e-05,0.0004148181500909284,0.00022050853740722797,0.002564015240345904,46.158333
5060,0.46466866948806096,-172.26807335093915,-0.8527836004576405,-2.2200791605213266,-0.25050533103486655,-0.14327103655302753,-0.5756934964754535,1.1702274147198297e-05,0.00041907854488905204,0.00022778631180501874,0.0026792028433906866,46.166667
5061,0.45718341214637537,-172.28830278637778,-0.8926089134646678,-2.286730504659745,-0.24956195757044242,-0.13610736107565505,-0.5778374583484789,1.1876389562090912e-05,0.00042374178136834003,0.00023603081753436546,0.002803528962842308,46.175
5062,0.4493728515672477,-172.3091839410207,-0.9307038477930841,-2.3599146422476407,-0.2483352474673768,-0.12878519746762304,-0.5800400765934558,1.2057118269360122e-05,0.0004288241832188157,0.00024535407380086265,0.0029375557902614285,46.183333
5063,0.44124726771787454,-172.3308170010005,-0.9669324977462636,-2.440237680411334,-0.24682473914499664,-0.12130039477359146,-0.5822939764841941,1.2245328784199892e-05,0.00043434289686041427,0.0002558820859903738,0.003081839837125234,46.191667
5064,0.43282654888353705,-172.35322666223234,-1.0011425566576548,-2.52833483695318,-0.24502405667235577,-0.11367155218912155,-0.5845891741648472,1.2442017166218825e-05,0.00044031716807008304,0.000267756440041904,0.0032369211386945903,46.2
5065,0.42412954309213236,-172.37640178705115,-1.0331800233372392,-2.6248893237274626,-0.24292269205253098,-0.10592684917781417,-0.586916161802699,1.2648315059184354e-05,0.00044676707776618194,0.0002811356956171588,0.0034033045308673442,46.208333
5066,0.41516635311314604,-172.4003236034826,-1.0628997166090646,-2.7306540664288876,-0.24050606605026367,-0.09809519490586976,-0.5892679166604997,1.286549673391493e-05,0.0004537137587652223,0.000296196471298605,0.0035814476347793118,46.216667
5067,0.40597533636656485,-172.4254359731399,-1.0900279865216327,-2.8467361090174794,-0.2378185333378311,-0.09010251214240445,-0.5916302858903276,1.3094984504449876e-05,0.00046118060013113993,0.0003131339737903086,0.0037717614703895817,46.225
5068,0.39656835961195525,-172.45169412178626,-1.1143904918540566,-2.9740519619155545,-0.23483724032368428,-0.0819893243254556,-0.5939964090209734,1.3338352178943064e-05,0.0004691890065405994,0.0003321659198185425,0.003974547194736305,46.233333
5069,0.3869881015469952,-172.47947444308966,-1.1356717469492685,-3.1138658842119815,-0.23159059351824293,-0.07370544347614454,-0.5963520916973906,1.3597324779820175e-05,0.00047776222986398067,0.0003535286790850065,0.004190068527705271,46.241667
5070,0.3772491536109526,-172.50851098645865,-1.1536936263462116,-3.2671230050658586,-0.228038705737798,-0.06534765739499068,-0.5986906922897808,1.3873772018113936e-05,0.00048692032667745186,0.00037747915901898565,0.004418531738372156,46.25
5071,0.3673674754115364,-172.5387246243384,-1.1682352590366332,-3.4349744421929507,-0.2241637871167588,-0.056968985090234306,-0.6010055273949326,1.4169692619267747e-05,0.0004966841189454538,0.00040428472538452657,0.004660302587851093,46.258333
5072,0.3573873299277973,-172.5705106606009,-1.1789074885407227,-3.6189659902464584,-0.2199925739195649,-0.0485217691294254,-0.603283861889903,1.4487184798008985e-05,0.0005070742368364698,0.00043421584009457697,0.004916150496804141,46.266667
5073,0.34736710161270196,-172.60424473922248,-1.1852527998293405,-3.820659207624143,-0.21554920130418476,-0.03997011418243819,-0.6055108954142534,1.4828399661910174e-05,0.0005181056698952861,0.0004675387846222575,0.005187569083806497,46.275
5074,0.33730475052511977,-172.63957651942417,-1.1870730995160637,-4.041195448154391,-0.21078948441827985,-0.0314308220667654,-0.607686110881994,1.5195470548021701e-05,0.0005297844630319773,0.0005044978423044572,0.005477411132512144,46.283333
5075,0.3272849752947292,-172.67718163766864,-1.183716556126007,-4.282307004794182,-0.20575980787690046,-0.022811603781672667,-0.6097909845769852,1.5590409315991947e-05,0.0005421167533031706,0.0005452764806630364,0.005791241429059271,46.291667
5076,0.3172828135039788,-172.71712726838265,-1.1749004235216287,-4.545505732523133,-0.2004123318825295,-0.014146215973447432,-0.6118310996337465,1.6014957364033165e-05,0.0005550924932322783,0.0005899741405377741,0.006138607558661067,46.3
5077,0.30744817745941955,-172.7592569273914,-1.1599101610401816,-4.8312090316559795,-0.19480596512486828,-0.005522088493342323,-0.6137773661242653,1.6470387665627528e-05,0.0005687036474559919,0.00063854310901604,0.006535828577393897,46.308333
5078,0.29779294040541354,-172.80391788704983,-1.138256976423949,-5.140373838951974,-0.18892388992856138,0.0030838781816470207,-0.615630381142469,1.695722572589037e-05,0.0005829127870989133,0.0006907258569067657,0.007008673172164494,46.316667
5079,0.28837406921031555,-172.851318321287,-1.1093384200435543,-5.473128581097131,-0.18277051670102729,0.011662360632650411,-0.6173827340032385,1.74748927761719e-05,0.0005976787117827005,0.0007459817506992049,0.00759645729607923,46.325
5080,0.27922209236013257,-172.901824408842,-1.072573335428898,-5.829245859016538,-0.17632769373032087,0.020229704471806297,-0.6190329685539613,1.8021271825305648e-05,0.0006129505837579411,0.0008034053771691519,0.008355948487881298,46.333333
5081,0.27048632587424865,-172.95518868062433,-1.0272153228095477,-6.205613559341864,-0.1696590837191966,0.028702862964444,-0.6205597905481849,1.8592196533959928e-05,0.0006286780967382093,0.0008616585815400628,0.009364599382083227,46.341667
5082,0.26220600306356046,-173.0117602316762,-0.9727261257655768,-6.5991389024207034,-0.16274920631454934,0.03710617526133918,-0.6219632949599672,1.9180861665694663e-05,0.0006447971715464663,0.0009189134108968979,0.01071915099050342,46.35
5083,0.2544630048448208,-173.07158684408037,-0.9086065136937366,-7.0042113953377685,-0.15561170446131836,0.045419976503086074,-0.6232371425429509,1.9777238421912605e-05,0.0006612635609526284,0.0009728989764564464,0.012528747244687114,46.358333
5084,0.2473388896630917,-173.13480565425772,-0.8344612861348877,-7.413133591196155,-0.14825247116225115,0.053648064815286584,-0.6243761707591512,2.0367611088943018e-05,0.000678057916719475,0.0010210214122210346,0.014896249278559422,46.366667
5085,0.24089660663807022,-173.20138831520626,-0.750197858424764,-7.816199663093426,-0.14066868300017354,0.06177429097981051,-0.6253789021648704,2.0934356716628373e-05,0.0006951976069876065,0.0010606243053906043,0.0178856765100227,46.375
5086,0.23527624017672547,-173.27098431673951,-0.6558671614182365,-8.199339610514947,-0.13291809860558365,0.0697720607591899,-0.6262325057648256,2.145617831738166e-05,0.0007127443535548707,0.0010893742907214334,0.021478654194520237,46.383333
5087,0.23053985298307444,-173.34340585107145,-0.5520415469163523,-8.548399594313347,-0.12500007084587048,0.07764100840051827,-0.6269364950129144,2.1908923642715694e-05,0.0007307744911863753,0.0011056782950636269,0.02552439338746034,46.391667
5088,0.2267058100367488,-173.41784209567456,-0.4399958592915181,-8.84955457764524,-0.11693718648331532,0.08530471860785595,-0.6274960653873464,2.2267160741647395e-05,0.0007493597711889468,0.0011091167715021892,0.029713601182663595,46.4
5089,0.22394614671066548,-173.49459811055115,-0.3205463743575283,-9.084703388240596,-0.10873463194135419,0.09289519713293948,-0.6278931237417803,2.250657153666274e-05,0.0007685166096150542,0.0011006153637012706,0.033599256613557886,46.408333
5090,0.22225379026564882,-173.57267352829584,-0.19586844052504104,-9.242496416877314,-0.10040615416063985,0.10034179787002535,-0.6281342535500519,2.2606665527422973e-05,0.0007880908288386544,0.0010822029011276746,0.036656645245866315,46.416667
5091,0.22166644506271627,-173.65119833108204,-0.06822343101589266,-9.313663085602641,-0.09198581691579967,0.10762839304284551,-0.6282175189958872,2.2553545216805818e-05,0.0008077336530477073,0.0010566016667682208,0.03842168342539772,46.425
5092,0.2221891217398223,-173.72936005282307,0.05993818986323027,-9.294626917339015,-0.08349430019013694,0.11474773814841736,-0.6281434319497272,2.2342116251158504e-05,0.0008268567895490838,0.0010264834363333786,0.038618622050009224,46.433333
5093,0.22381284228750897,-173.80642421894868,0.18618445160679312,-9.187248597265194,-0.07494701879163397,0.1217035258191617,-0.6279121824375055,2.1977064659927145e-05,0.0008446666603256514,0.0009938723896260834,0.03724118034818497,46.441667
5094,0.22650600182797856,-173.88168607852435,0.3082250611910501,-8.998827952081268,-0.06635958332366892,0.1284964014406091,-0.6275249741595333,2.1472369124929706e-05,0.000860254445635435,0.0009598613328239827,0.034545317790551144,46.45
5095,0.23021563660647157,-173.95448585035624,0.4240605758075289,-8.741038738341167,-0.05775206466103225,0.13512239494119077,-0.6269841705248586,2.0849465772743928e-05,0.0008727280693473304,0.0009247167306702751,0.030961604890248625,46.458333
5096,0.23484855462441243,-174.02456263371474,0.5322037048885958,-8.428971748322923,-0.04910039095251881,0.14157742876585858,-0.6262966517141523,2.0134539516254694e-05,0.0008813465212196177,0.0008882399899388737,0.02697029685433512,46.466667
5097,0.24038009401383723,-174.0909699148175,0.6313567024964617,-8.076075886553326,-0.040512143060035755,0.14786261363851413,-0.6254581732047881,1.935559707585488e-05,0.0008856272311759438,0.0008501695736369377,0.022990235004691665,46.475
5098,0.2466985219773072,-174.1537959026741,0.7209453162899064,-7.697900599299584,-0.03195100243244473,0.15398090180642926,-0.6244770035785472,1.8539745910351934e-05,0.0008853648017239287,0.0008104837884351775,0.019320492244439887,46.483333
5099,0.2537175070435289,-174.21296364682289,0.8006992371721051,-7.307411213609169,-0.02342433450418433,0.15993387318398244,-0.6233578181409182,1.771126376148922e-05,0.0008806502990474438,0.000769501802626185,0.01612404252781573,46.491667
5100,0.26134641055714464,-174.2684361785421,0.870649553390964,-6.9155292853815356,-0.01494770170247212,0.16571818053871024,-0.6221065531954743,1.6890439299289128e-05,0.0008718111522715573,0.0007278288693394606,0.013452514988349294,46.5
5101,0.26949643476617435,-174.3202833647974,0.931074963704877,-6.5307798837688225,-0.0065324027559319,0.17133106756797695,-0.6207298169705171,1.6093151454562047e-05,0.0008593430814391584,0.0006862245347959224,0.011282794613000408,46.508333
5102,0.27808613448056907,-174.36870684087603,0.982429962867526,-6.159303199145972,0.0018233875475275804,0.1767716421533058,-0.6192341838628381,1.5330999678732254e-05,0.0008438379391885759,0.0006454626004349243,0.009551965603809214,46.516667
5103,0.28704314128508884,-174.41382714478328,1.0252322527341295,-5.805249079675778,0.010101730179512481,0.1820402994760024,-0.6176259362187341,1.4611777664177563e-05,0.000825919591967038,0.0006062252518135261,0.008183313685717626,46.525
5104,0.2962952559061191,-174.45594496131565,1.06008610306901,-5.4712015993297305,0.018313443136455304,0.18713285441245206,-0.6159126766644245,1.3940113923225261e-05,0.0008061949992349911,0.0005690430019094291,0.007102243277587401,46.533333
5105,0.3057584814403957,-174.49553352271656,1.0876545863707467,-5.158658570099813,0.026501144092565,0.19202678729083095,-0.6141057848616532,1.3318153408557635e-05,0.0007852243343302843,0.0005342762777025863,0.006243913232834615,46.541667
5106,0.3153847882766736,-174.53260354042095,1.108465325306037,-4.86785722400714,0.03462283181858534,0.19672584439989363,-0.6122113314354862,1.2746198089200663e-05,0.0007635081702697395,0.0005021250436767846,0.0055556326134859725,46.55
5107,0.3251335937470915,-174.5672855499138,1.1230412086116326,-4.598375072890722,0.04265919923749189,0.20123619829362005,-0.6102349530244452,1.222323839871259e-05,0.0007414690652390811,0.0004726542541830805,0.004996643165749634,46.558333
5108,0.3349452098588971,-174.59983762960147,1.1319175629138214,-4.349604634191342,0.05061533201729693,0.20554519822257417,-0.6081872839252902,1.1747393215399141e-05,0.000719451857240705,0.00044582590880197455,0.004536242919223682,46.566667
5109,0.3447778039715943,-174.6304334095583,1.1355640332653205,-4.1205034139991525,0.05848353264675295,0.20965081565756077,-0.6060765005997805,1.1316257275288523e-05,0.000697736227460358,0.0004215293895228779,0.004151619738748307,46.575
5110,0.3545918222662776,-174.65924141168284,1.1344124087759981,-3.9098910488834027,0.06625751025320421,0.21355005482347392,-0.6039112758476511,1.092714945413929e-05,0.0006765390385188834,0.00039960755010544634,0.0038260018682268826,46.583333
5111,0.36436120597793525,-174.68618782048208,1.1288200566479298,-3.716477517233095,0.07388319543729518,0.2172628530351559,-0.6016981292965757,1.057729256811578e-05,0.0006560232026248736,0.00037987751765941033,0.0035470667108372217,46.591667
5112,0.37402632614599113,-174.7120803463802,1.1192390199404763,-3.539111487101037,0.08149379299517197,0.2207225955134337,-0.5994520916712806,1.026393359574537e-05,0.0006363035982155282,0.0003621459888718241,0.003305735486708328,46.6
5113,0.38356757551154586,-174.73670262508963,1.1059419820859395,-3.376516625908563,0.08901175777171455,0.22395439319632665,-0.5971799137801395,9.984427225094661e-06,0.0006174644659512663,0.00034622070544610556,0.003095185255797893,46.608333
5114,0.3929561587209616,-174.76019913790444,1.089221990248902,-3.227517448229588,0.09643733358779669,0.22695158505529373,-0.5948910248166178,9.736276791003349e-06,0.0005995558933330903,0.0003319166358690781,0.0029102865855042794,46.616667
5115,0.40216958733796454,-174.78261991946454,1.0693350547695792,-3.0909906318958744,0.10375282822009906,0.2297180503324786,-0.5925938581050056,9.517159372108835e-06,0.0005826035964608578,0.0003190606587847511,0.002747098851575712,46.625
5116,0.4111801346447064,-174.80416490482548,1.046530262031911,-2.965928420119451,0.11097538888667585,0.23223805661862415,-0.5902986200182547,9.324933159489453e-06,0.0005666133824288364,0.0003074938312341842,0.0026025449127409822,46.633333
5117,0.41996744855215945,-174.82485887274902,1.0210191981229169,-2.8513750007312613,0.11808554107848786,0.2345159995829857,-0.5880140845284183,9.157635489551126e-06,0.0005515773592706594,0.00029707230561256705,0.0024741716894172965,46.641667
5118,0.4285084842876339,-174.8448893028609,0.9930088206998703,-2.7464790489829896,0.12510255232748935,0.23653483728687147,-0.5857500617386404,9.013473491383393e-06,0.0005374762923663767,0.00028766725657216854,0.0023599953680279464,46.65
5119,0.43678766936598673,-174.86425383331994,0.9626755638155213,-2.650432462105989,0.13200462249009265,0.23830218351531868,-0.5835146627541415,8.890811819039574e-06,0.0005242835626288072,0.00027916426454154675,0.002258382313576006,46.658333
5120,0.44478563281112027,-174.88298266852877,0.9301854280055885,-2.562524307830981,0.13877741522777465,0.23982002062694502,-0.5813172106562728,8.788158123812886e-06,0.0005119663738359449,0.00027146238492050897,0.0021679729658198583,46.666667
5121,0.4524910257176961,-174.90115176178043,0.8956958901561516,-2.482085107964374,0.1454208614851075,0.24108758072013725,-0.5791649714402974,8.704148660760815e-06,0.0005004888198283381,0.0002644730508637721,0.002087620496498422,46.675
5122,0.45988119905166297,-174.91892151476094,0.8593566089126344,-2.4085721737744907,0.1519531005715526,0.24208417455461576,-0.5770684710958501,8.637533790054833e-06,0.0004898121350676442,0.000258118913248536,0.002016349553956535,46.683333
5123,0.46694052794976576,-174.93624881073066,0.821297183435988,-2.341452014471138,0.15834602087473176,0.2428213247659286,-0.5750363941421955,8.587165069285073e-06,0.0004798981958194529,0.00025233268897900375,0.0019533211161140277,46.691667
5124,0.4736629641446911,-174.95320722155844,0.7816491246453611,-2.2802246167248215,0.164603367576958,0.24329752129939852,-0.5730746549864979,8.551982899620569e-06,0.0004707090682136738,0.00024705613105961206,0.001897812252431692,46.7
5125,0.4800308540924636,-174.9698524792169,0.7405306648044182,-2.2244871244634465,0.1707216121073125,0.24350724805197088,-0.571192492931793,8.531005467172506e-06,0.000462206303515858,0.0002422390228362575,0.0018491980924442075,46.708333
5126,0.48603326174398054,-174.98618332834135,0.6980538478986392,-2.1738491253306322,0.17668596790037328,0.24345732183188026,-0.5693971495095111,8.523319521675965e-06,0.0004543536952917982,0.00023783830073981083,0.001806935655645731,46.716667
5127,0.49166347978585706,-175.00224196861086,0.6543298954147501,-2.127956106538332,0.18249413180126856,0.24314888331035053,-0.5676944821636289,8.528072001010064e-06,0.00044711650974680223,0.0002338172722062145,0.001770553831821276,46.725
5128,0.49690772300111397,-175.0180069898616,0.6094568483951809,-2.0865076497586017,0.18812639341188983,0.24259106031646097,-0.5660923513282705,8.5444629486505e-06,0.00044046127204285467,0.0002301449118009238,0.0017396441947148717,46.733333
5129,0.5017553228139785,-175.03365623383493,0.5635398457784833,-2.049264781329358,0.19361271009349043,0.24175657117134888,-0.5645975482250402,8.571739748853737e-06,0.00043435718967166397,0.00022679526451345415,0.0017138533153617313,46.741667
5130,0.5061977027777723,-175.04924756138323,0.5166760977681566,-2.0159941959275938,0.19895456745128473,0.2406393086255491,-0.5632160472771439,8.60919219292341e-06,0.0004287757270074122,0.0002237468903265341,0.0016928759627107244,46.75
5131,0.510234268143986,-175.0644812084392,0.4689494691698723,-1.986395046841843,0.20407066331963025,0.23930864746116498,-0.5619511084592627,8.656148492533966e-06,0.0004236904164235645,0.00022098244388712985,0.0016764507913227388,46.758333
5132,0.5138522812963858,-175.07954782562018,0.4204515041327739,-1.9603335120816536,0.2089939658266782,0.23773237955216867,-0.5608095493449634,8.71197209317846e-06,0.0004190759258308084,0.000218488299332536,0.0016643580376007564,46.766667
5133,0.5170477159385526,-175.09456068045748,0.37127651894718156,-1.9376603818064895,0.2137414995387335,0.23589488943270104,-0.55979521719149,8.776059458347832e-06,0.00041490991319963926,0.00021625418516722886,0.0016564134573262405,46.775
5134,0.5198118772947415,-175.10950042642986,0.32150486473881995,-1.918236271218119,0.2182968916910004,0.23380556900147625,-0.5589131736307024,8.847838237755712e-06,0.0004111717362755308,0.0002142729339848544,0.0016524658573743307,46.783333
5135,0.5221431911941312,-175.1243677747899,0.27122351828893576,-1.9019281020018666,0.2226513971739282,0.23147280778520185,-0.55816593166238,8.926766197769802e-06,0.00040784314727846706,0.0002125402673606409,0.0016523955326490994,46.791667
5136,0.524033258789765,-175.1392342819606,0.22051280216791425,-1.8886610838220452,0.2268100252259648,0.22888626281929506,-0.5575578928018272,9.012330574202778e-06,0.00040490732157051374,0.00021105460703703212,0.0016561120677583536,46.8
5137,0.5254823423994804,-175.1541233373018,0.1694596371307124,-1.878345839908644,0.23076959620480877,0.2260491657701203,-0.5570903704051097,9.104048021944888e-06,0.0004023498072989214,0.00020981695716266161,0.0016635527439261466,46.808333
5138,0.5264852433142373,-175.16900861799041,0.11813965833522973,-1.87091512252274,0.2345134951738731,0.22297404555928874,-0.5567661163040168,9.201464858879553e-06,0.0004001573609774966,0.00020883079565242965,0.001674681156013899,46.816667
5139,0.5270442662368292,-175.1839371618814,0.066640628826432,-1.8663200676263856,0.23804462005549815,0.2196594234655529,-0.5565851320520648,9.304157823403964e-06,0.00039831873349624003,0.0002081020030831855,0.0016894870500797595,46.825
5140,0.5271522379313733,-175.19892993045238,0.015035078627506776,-1.864547987801776,0.24135581568261794,0.21610600801773552,-0.556550156060365,9.411735082849083e-06,0.00039682371557467333,0.00020763884459011056,0.0017079846841714138,46.833333
5141,0.526811729065797,-175.2140121387484,-0.03659182149129225,-1.8655814767646768,0.24444450732756243,0.21231710487029232,-0.5566604373340022,9.523837681564105e-06,0.00039566439710114396,0.00020745198298994575,0.001730213569931802,46.841667
5142,0.5260234467557557,-175.22918115487298,-0.08816018554544057,-1.869418387425786,0.24730121090412205,0.20830208429338912,-0.5569154921892413,9.64014116291628e-06,0.00039483388853306747,0.00020755450793097415,0.0017562373851390928,46.85
5143,0.5247840067880368,-175.2445000548471,-0.13959257034300376,-1.8761031356890874,0.24992814724051787,0.20405270801501754,-0.5573158227115574,9.760357551255711e-06,0.00039432666364600053,0.00020796199819984778,0.0017861444855149422,46.858333
5144,0.5230978904983631,-175.25998463398525,-0.1908033704612164,-1.8856674903933077,0.2523203486545722,0.19957513007025424,-0.5578590519013528,9.884237608424905e-06,0.0003941390853289306,0.0002086926734937282,0.0018200482642612551,46.866667
5145,0.5209695567482122,-175.27560211295187,-0.24171094723184156,-1.898147360807353,0.25446311870742117,0.19488797243458084,-0.5585424890677799,1.0011573286311841e-05,0.00039426844218861735,0.000209767507482585,0.0018580868707320543,46.875
5146,0.5183950189299442,-175.29141691783033,-0.2922398715459967,-1.9136457759284646,0.2563571169508556,0.1899826650233953,-0.5593658268568557,1.0142200473429499e-05,0.00039471308626733213,0.00021121036987068001,0.001900424236996616,46.883333
5147,0.5153796470153538,-175.30746705219318,-0.3423019230215029,-1.9322591376697331,0.25800096094274005,0.1848605707036235,-0.5603254288605447,1.0276002025984933e-05,0.0003954735202116997,0.00021304833275990443,0.001947251406189969,46.891667
5148,0.5119305658585139,-175.3237260006201,-0.3918109484238348,-1.9540804916781591,0.25938175153108584,0.17954049590244528,-0.5614168059292224,1.0412910974353826e-05,0.00039655123021056673,0.00021531191883864494,0.0019987858333553855,46.9
5149,0.5080525583986675,-175.34025142362418,-0.44067801616306856,-1.9792582616747916,0.2605008221873038,0.17401909461630116,-0.5626359293758812,1.055291400612733e-05,0.00039794861702370065,0.0002180353496475205,0.0020552724983929874,46.908333
5150,0.5037470567537161,-175.35710343863525,-0.488817851585819,-2.0079730870836654,0.26135711583856647,0.1682915908326376,-0.5639795307735612,1.0696055217707921e-05,0.00039966941090199484,0.0002212570100727205,0.0021169840362739527,46.916667
5151,0.4990286840291688,-175.37422972351888,-0.5361330166396548,-2.0403669948256455,0.26193622525294447,0.16238709731089757,-0.5654399678154878,1.084244015215232e-05,0.00040171915379720846,0.00022501989247931164,0.0021842220923921447,46.925
5152,0.49389535075459173,-175.39175128304896,-0.5825367032430617,-2.076703291918045,0.2622442764986598,0.15628486054837804,-0.5670145452129677,1.0992240026446851e-05,0.0004041036606534381,0.0002293719270358715,0.0022573158264772137,46.933333
5153,0.4883615378673294,-175.40967803048574,-0.6279230126978395,-2.117206991817357,0.26227586014431326,0.14999874702679558,-0.5686952274742176,1.1145696327483744e-05,0.000406831266312381,0.00023436678841374828,0.0023366239535007834,46.941667
5154,0.48242979252560586,-175.4280607478966,-0.6721995786562734,-2.162171947724603,0.2620255596226482,0.14352917749086974,-0.5704774263625446,1.1303125608676692e-05,0.00040991077767803404,0.0002400643759651077,0.002422530891877338,46.95
5155,0.4761148762552329,-175.4468940996124,-0.7152571287264744,-2.2118859429318025,0.2614852218148096,0.1368955491509297,-0.5723526885331502,1.1464924587239794e-05,0.0004133531659154216,0.0002465315546286612,0.0025154490651125893,46.958333
5156,0.46942822040192517,-175.46624498651363,-0.7569821666914646,-2.2667117849181695,0.26065498344282384,0.1300981978054883,-0.5743134607600499,1.1631575400692558e-05,0.0004171700897721608,0.0002538428237029058,0.0026158139253720718,46.966667
5157,0.46238103692475857,-175.4861478512836,-0.7972611701537965,-2.3270427914788216,0.25952947444839347,0.12314687791269373,-0.5763521588654777,1.180365102202306e-05,0.0004213745151155753,0.0002620813004136587,0.0027240805650354223,46.975
5158,0.45498103947031393,-175.50668910864616,-0.835976268108018,-2.393350910870371,0.25810702929138163,0.11603817380372511,-0.5784621131298698,1.198182078096151e-05,0.0004259808781443147,0.0002713395182766619,0.0028407210165604852,46.983333
5159,0.4472472285161116,-175.52788665638428,-0.8729928144871575,-2.4661134009499204,0.25638253972665404,0.10879047938182389,-0.5806333934550989,1.2166855877419577e-05,0.00043100564169993335,0.0002817204557025876,0.0029662202820516445,46.991667
5160,0.43919440413892546,-175.54984706123147,-0.9081670114368827,-2.545915564051521,0.2543579360460061,0.10139964301246977,-0.582857328549071,1.2359634565261124e-05,0.0004364658897617836,0.00029333830095369933,0.0031010676971232713,47.0
5161,0.43083664156773976,-175.5726290181175,-0.941354693851673,-2.633386183866936,0.25202791534363067,0.09387537398618917,-0.5851255051033897,1.2561146766769227e-05,0.00044238004043396133,0.00030631956964667184,0.003245750815914164,47.008333
5162,0.422193943006884,-175.59626411530633,-0.9723967163926442,-2.7292008007699518,0.24938725531148787,0.08623705282141889,-0.5874280213650679,1.2772497796186657e-05,0.00044876802007238884,0.00032080359582443074,0.0034007554058353407,47.016667
5163,0.4132841963149366,-175.62087635237174,-1.0011154588473288,-2.834165953805949,0.2464370388706403,0.07848220685678722,-0.5897557475392325,1.2994910385084746e-05,0.00045565047779794004,0.00033694282276602064,0.0035665656601775913,47.025
5164,0.404129539742808,-175.64650681738814,-1.0273258199582895,-2.949117759218881,0.24317234946755145,0.07063186667616798,-0.5920986915542638,1.3229724321361387e-05,0.00046304908604617614,0.0003549030923189123,0.0037436730943633595,47.033333
5165,0.39474936121420073,-175.67328334734205,-1.050822039170112,-3.0750374174742694,0.2395924080089916,0.0626873809872966,-0.5944478807813234,1.347839250748995e-05,0.00047098587412278733,0.00037486239799574086,0.003932609237886398,47.041667
5166,0.38516981231761804,-175.70128702689553,-1.0713768665654144,-3.2129599109522595,0.23569543567375337,0.05466507290889961,-0.5967930161139826,1.374247189849482e-05,0.00047948347836789505,0.0003970092729807571,0.004134005547943773,47.05
5167,0.37541836571598014,-175.7306401281902,-1.088736087264855,-3.3640369977101807,0.2314818136874728,0.046573980399447025,-0.5991239829598796,1.4023607188790288e-05,0.0004885638899076311,0.0004215389354367597,0.004348705353795875,47.058333
5168,0.36552184980721264,-175.76148804167232,-1.1026223295042359,-3.52953243913854,0.22695080132736367,0.0384206273162144,-0.6014313775066081,1.4323504300048466e-05,0.0004982479063368391,0.0004486475312591171,0.004577956572348436,47.066667
5169,0.35551363387716933,-175.79393411475934,-1.1127291862814181,-3.7107507076779385,0.2221021261189421,0.030224842976383177,-0.6037049089716752,1.464389029312777e-05,0.0005085547466590021,0.00047852298838197923,0.00482373690092015,47.075
5170,0.34542833498573405,-175.82826808010853,-1.1186829775873073,-3.9091969991377105,0.2169399607922285,0.021968326655833835,-0.6059347809058405,1.4986454621202671e-05,0.0005195004132790936,0.0005113310915239688,0.005089269531062851,47.083333
5171,0.3353023252275984,-175.86450387296142,-1.1201352673712595,-4.1262091375757555,0.21145949668860364,0.01369730907250575,-0.6081116490089421,1.5352766109812855e-05,0.0005310967289363404,0.0005471978750027695,0.005379786938482718,47.091667
5172,0.3251688843073614,-175.90280651971338,-1.1166859255467545,-4.363256581622612,0.20565802566184063,0.005426945891688482,-0.610227693090999,1.5744157992764457e-05,0.0005433503791603054,0.0005861803071278538,0.005703754895585007,47.1
5173,0.31507797834676565,-175.94335162334926,-1.1078589419076927,-4.621678725248857,0.1995414820475438,-0.002826299443632936,-0.6122725877007109,1.6161572637099017e-05,0.0005562627530515026,0.000628232517941779,0.006074557933413046,47.108333
5174,0.30507948899474435,-175.9863556074166,-1.0931364935631624,-4.902668524542608,0.19311383822112382,-0.01105178196698211,-0.6142372638312169,1.6605356294338747e-05,0.0005698267235348478,0.0006731617858686925,0.006512753210130003,47.116667
5175,0.2952303311941592,-176.0320319976392,-1.071952239915258,-5.2070532553840065,0.18638080372435312,-0.0192359006477925,-0.616112561798031,1.7074994521682844e-05,0.0005840269953232404,0.0007205759015806077,0.007048963145939604,47.125
5176,0.28558733335515385,-176.08060610680008,-1.04371282866,-5.535165836115215,0.17934525453466174,-0.027365469902082773,-0.6178907050675998,1.7568782249465183e-05,0.0005988402934458441,0.0007698242530856592,0.007727153133820637,47.133333
5177,0.27621715186127443,-176.13228069956594,-1.0077900622140752,-5.8864808378607965,0.17201391555650825,-0.03542303581081251,-0.6195635028508897,1.808342859204486e-05,0.0006142385504710161,0.000819940583449997,0.008607724873737014,47.141667
5178,0.2672008671411793,-176.18728697692796,-0.9635098806438599,-6.259225191723477,0.1643982838950194,-0.04339890646295509,-0.6211217689360052,1.861360742112234e-05,0.0006301925126367118,0.0008695990459748346,0.00976902342943433,47.15
5179,0.2586027531412332,-176.24577520536442,-0.910306317094642,-6.650328877710332,0.15649930949625304,-0.05127002196758059,-0.6225607308934927,1.9151481684132312e-05,0.0006466769657050174,0.0009171040930742234,0.01130480008119212,47.158333
5180,0.25051014616511097,-176.3078615564254,-0.8476257290411594,-7.054551446091482,0.14833047528394,-0.059016956258251034,-0.6238730493073509,1.968626949021076e-05,0.0006636843008857333,0.0009604428415848589,0.013315071153851391,47.166667
5181,0.2430047439084741,-176.3736189286623,-0.7750678161729055,-7.464498302470197,0.13990032620297166,-0.06662111103095694,-0.6250536288745975,2.0203945567666022e-05,0.0006812303157712144,0.0009974175592879636,0.015885655749190413,47.175
5182,0.23616194471131222,-176.44306040534605,-0.692449328898604,-7.870487132523327,0.1312127547830562,-0.07406343265445225,-0.6260993001127545,2.0687212467703757e-05,0.0006993622657704426,0.0010258840265233555,0.019055252824047103,47.183333
5183,0.23011096526865002,-176.51606575037238,-0.5997321215090933,-8.258818674442521,0.1223041428881359,-0.0813374197691473,-0.6269995482085262,2.1115915389198517e-05,0.0007181572814914823,0.00104407477751068,0.02277264210726566,47.191667
5184,0.22492070364690928,-176.5924063969538,-0.4974229253529075,-8.614933361140942,0.1131786273858214,-0.08842350067233129,-0.6277534512114702,2.146800704998512e-05,0.0007376903158295642,0.0010509286897899474,0.026851134663304865,47.2
5185,0.220667432010569,-176.67180527982896,-0.3863915834268553,-8.922727435597338,0.10384076367717834,-0.09531536689219328,-0.6283586470393696,2.1721185300855403e-05,0.0007580044714820806,0.0010463888636520209,0.030949569992643294,47.208333
5186,0.21744438593813492,-176.75352192113326,-0.2680510141383131,-9.165080415478567,0.09433834709370818,-0.10198613656755343,-0.6288096825683042,2.1855150725214048e-05,0.0007790439267489633,0.0010314554296180349,0.034596563300081325,47.216667
5187,0.2152921927387722,-176.8370926918198,-0.14422226147786155,-9.328278469027701,0.08466293398286022,-0.10843799830301919,-0.6291072252084284,2.1854131656610315e-05,0.000800575010464129,0.001007955832223013,0.03727476239438773,47.225
5188,0.21426066044726788,-176.9216555628657,-0.01716317683555397,-9.401372608568906,0.0748467337939791,-0.11465785465683988,-0.6292488025271595,2.1709259542783883e-05,0.0008221385271668169,0.0009780966660552508,0.03855208163562733,47.233333
5189,0.21436905471338497,-177.00629951687586,0.11060352221521288,-9.3792481031487,0.06491758210265855,-0.12063518407666131,-0.6292339569450577,2.142019899277358e-05,0.0008430299452414965,0.0009439019096519701,0.03821083250971919,47.241667
5190,0.21561716702383418,-177.09016015864333,0.2365199077667418,-9.262980544460962,0.054897636282396474,-0.12636911595883077,-0.6290624839699069,2.0995559971047343e-05,0.0008623525135509484,0.0009068207416379432,0.03631777929284304,47.25
5191,0.21797497174332386,-177.17236372309748,0.35814340474557327,-9.06008431191831,0.0448131207961439,-0.13185404357248975,-0.6287358810137165,2.0451941652685597e-05,0.0008791269428086335,0.000867629295570219,0.03319871312822263,47.258333
5192,0.22139831287723566,-177.25214464948797,0.4733610397237231,-8.782809478258416,0.03469009704193194,-0.1370918968758721,-0.6282554589131691,1.9811833921026102e-05,0.0008924365104401689,0.000826622548169429,0.029332194195728894,47.266667
5193,0.22581946364078337,-177.3289250721931,0.5805143213655657,-8.446816149622926,0.024544846798934854,-0.14208460684780475,-0.6276241133580844,1.9100877023891993e-05,0.0009015588573933439,0.0007839439419836138,0.025214040630301707,47.275
5194,0.23116102464445593,-177.40215311216153,0.6784029425839132,-8.068876901669817,0.014411041296897293,-0.14683398752434637,-0.6268449686106121,1.8345109182614496e-05,0.0009060574664245597,0.000739870399896439,0.021248646608759678,47.283333
5195,0.23733675892273498,-177.47153984241604,0.7663437367990945,-7.665184425973647,0.004306229006774981,-0.15134661962407983,-0.6259218559821229,1.7568695140725776e-05,0.0009058093867625365,0.0006949411126333676,0.01769766418180951,47.291667
5196,0.24425159356056544,-177.53689655956083,0.8440720118027126,-7.250243633433919,-0.005747030332378101,-0.15562628297626216,-0.624859939798793,1.6792406895636807e-05,0.0009009787909138882,0.0006499277058616886,0.014681770809958894,47.3
5197,0.25181865176803075,-177.5981450740674,0.9116592732282784,-6.8357959586777906,-0.015725123505463186,-0.15968379842163172,-0.6236636254331157,1.603289281210729e-05,0.0008919559329757825,0.0006057080027244174,0.012214530988377457,47.308333
5198,0.25994206511722273,-177.65537754182398,0.9694549506487193,-6.431090945850461,-0.02561675526762557,-0.16352279443987677,-0.6223396100395125,1.5302582257875744e-05,0.0008792771088973573,0.0005631242020868552,0.010244997294207381,47.316667
5199,0.2685354652632532,-177.7087100739036,1.017962050240214,-6.042653170683411,-0.03540418049153309,-0.16715062814832135,-0.6208942938933685,1.4610044127142191e-05,0.000863555712867008,0.0005228737186869863,0.008693457538364594,47.325
5200,0.27752195703049715,-177.7582919099186,1.0577734389744677,-5.674708170089478,-0.04506842104860868,-0.17057833401013606,-0.6193338211873398,1.3960573744225329e-05,0.0008454205522428674,0.000485453734338986,0.007475747916484105,47.333333
5201,0.28681878827126867,-177.80434336287072,1.0895452707073947,-5.3298376292666365,-0.05459645124290224,-0.1738086123634644,-0.6176668247979394,1.3356858811633915e-05,0.0008254720468084096,0.0004511534151328913,0.006516234332577421,47.341667
5202,0.296362565663801,-177.84712844541295,1.1139277710705944,-5.0090176103064215,-0.06398329547983732,-0.17684970141095674,-0.6159000192290915,1.2799629658299883e-05,0.0008042601258791356,0.0004200772197940934,0.0057527309039979435,47.35
5203,0.30609889244096516,-177.88676283100472,1.1315224576860852,-4.712277174253195,-0.07319909973370851,-0.17972082668500716,-0.6140397616847237,1.228821680587791e-05,0.0007822656709101922,0.00039218414074355826,0.005136975337013254,47.358333
5204,0.3159564824488242,-177.9235302723093,1.1429437305125136,-4.4391341919801794,-0.08223983304791345,-0.18241803974370405,-0.6120970358630368,1.1821011423871148e-05,0.0007598958188406515,0.0003673293773860453,0.004632823427613467,47.366667
5205,0.3258861964061718,-177.95775558921494,1.1487479742771225,-4.188450725701054,-0.09111550926803559,-0.1849402997064124,-0.610079963768135,1.1395831469774024e-05,0.000737493183972808,0.00034530249734671353,0.004213697557054628,47.375
5206,0.33582856824049434,-177.9898846172163,1.1494687446823562,-3.958926952510553,-0.0998586845456276,-0.1872610261973493,-0.6080000525200081,1.101018298795759e-05,0.0007153346023673364,0.00032585790622866257,0.0038602930013691894,47.383333
5207,0.34575066842119007,-178.0199482104554,1.1455253917930286,-3.74904782048509,-0.10843451819097799,-0.18940094568027366,-0.6058644648071948,1.066145422148424e-05,0.0006936425393812353,0.00030873764858592505,0.0035585725030100315,47.391667
5208,0.3556114280304433,-178.04811783738072,1.137321435679727,-3.557326262783973,-0.1168337339683162,-0.19136155356815088,-0.6036829855967488,1.0347041174954833e-05,0.0006725855089239178,0.0002936863486956683,0.0032983105105395365,47.4
5209,0.365370526720545,-178.07461533021973,1.1252266327197795,-3.3822998215901157,-0.12505899682325858,-0.19313510205812898,-0.6014662021614817,1.0064434621571638e-05,0.0006522895408128153,0.0002804615323921843,0.003071942357204772,47.408333
5210,0.3750025547564977,-178.0996037110526,1.1095605537397992,-3.222520079383652,-0.13310885413705548,-0.19472392059649274,-0.5992221127210268,9.811270835263633e-06,0.0006328455817770942,0.00026883932538346365,0.0028737737480397,47.416667
5211,0.38447713247564974,-178.12328127520163,1.0906181800293182,-3.0766672996734283,-0.14098944060187416,-0.19611907096411074,-0.596960467969986,9.585356557465269e-06,0.0006143125517548832,0.00025861696817986026,0.0026994448328520747,47.425
5212,0.39376696144610257,-178.14574797204074,1.068657936282909,-2.943519756541421,-0.14869073948296568,-0.19732288005470178,-0.5946908925441239,9.384679769613373e-06,0.00059672528777171,0.00024961356218268624,0.002545541870859247,47.433333
5213,0.4028492055868371,-178.16716152595149,1.0439168457991168,-2.821949222795142,-0.15621741880596546,-0.19832879821632582,-0.5924224156255987,9.207408250374306e-06,0.0005800991529087249,0.00024166941764508168,0.002409340347077287,47.441667
5214,0.4116978046931921,-178.18759135526236,1.0166059982711895,-2.710943104800885,-0.1635571545768476,-0.19913937735990764,-0.5901652973933943,9.051881071920563e-06,0.0005644336457987931,0.00023464469452433385,0.002288625983896933,47.45
5215,0.4202997070160444,-178.20716545938515,0.9869190322249264,-2.609556382548673,-0.17071550906557997,-0.1997518255233509,-0.5879268116360817,8.916596475455271e-06,0.0005497171005295484,0.00022841772093723395,0.002181568933105504,47.458333
5216,0.4286301116601482,-178.2259795186112,0.9550336756318796,-2.51697129396755,-0.17768858843407756,-0.2001606205624368,-0.5857175122807625,8.800196805616055e-06,0.0005359271606090617,0.00022288308039690146,0.0020866403155806357,47.466667
5217,0.4366722368294041,-178.24412586334796,0.9211124887182675,-2.4324359749034947,-0.18447597291610926,-0.20036235003582153,-0.5835461051029113,8.701453950671234e-06,0.0005230362549305329,0.0002179498715703684,0.002002544267043524,47.475
5218,0.4444107523554306,-178.26168156243799,0.8853051675864789,-2.3552757373982547,-0.19107577396452466,-0.20035501983260035,-0.581421041335568,8.619254083723508e-06,0.0005110119921132786,0.0002135399342135714,0.0019281753128567436,47.483333
5219,0.45183258996535863,-178.27868975002218,0.8477495031404801,-2.2848816017845834,-0.1974810899422524,-0.20014256044841325,-0.5793502285218962,8.552583509696742e-06,0.000499818820353009,0.00020958627838369757,0.001862584326675844,47.491667
5220,0.4589218929726094,-178.2952166935662,0.8085747048964141,-2.220718870787023,-0.2036892847890271,-0.1997221690960896,-0.5773423967713506,8.500515594928267e-06,0.0004894192051983396,0.0002060316789779232,0.0018049529191130466,47.5
5221,0.46566744013368033,-178.31136055424372,0.7679046351570278,-2.1623093859474904,-0.20970658132153355,-0.199084828201507,-0.5754049822572025,8.4621990738706e-06,0.0004797753954954381,0.00020282743813474364,0.0017545722960320184,47.508333
5222,0.4720512437633421,-178.32733186640942,0.7258585146974866,-2.1092588477112897,-0.21555902717610956,-0.1981924707680531,-0.5735473502769791,8.4368475405624e-06,0.000470849527570382,0.00019993228275595835,0.0017108279585290318,47.516667
5223,0.47807454011418343,-178.3427709173297,0.682531652815725,-2.0610998539633334,-0.2211680303142524,-0.19713607905458935,-0.5717731905029272,8.42373046659063e-06,0.000462605510711675,0.00019731143104794707,0.0016731853243591968,47.525
5224,0.48371910742991564,-178.35793313930247,0.6380321424417675,-2.0175400750130925,-0.22656947609564723,-0.19586774985459052,-0.5700917555487394,8.422165080638778e-06,0.0004550064676660243,0.00019493581821755274,0.0016411843710503872,47.533333
5225,0.48897141769166536,-178.37306544174126,0.5924649618262555,-1.9783213756554143,-0.23179874279461182,-0.1943380188689683,-0.5685108529631796,8.43150991609918e-06,0.0004480185821072579,0.0001927813652935404,0.0016144255032744402,47.541667
5226,0.49383484389844257,-178.38778335818822,0.5459144349168025,-1.9430807637997496,-0.2367756989647739,-0.19264822870888273,-0.5670330158210127,8.451159211000689e-06,0.00044161037848741745,0.00019082839902656156,0.00159256336076765,47.55
5227,0.4982925476180388,-178.40255491706822,0.49848369250116015,-1.9116803334481363,-0.24157711105050375,-0.19069403613262997,-0.5656666833709935,8.480538160176095e-06,0.00043575049050338205,0.00018906117086239525,0.0015753046421845493,47.558333
5228,0.5023410592522348,-178.4171692671545,0.4502535510338155,-1.8838596450972975,-0.24615417652186214,-0.18853428641117545,-0.5644160317569592,8.51909937707143e-06,0.00043041106956436334,0.00018746743499066314,0.001562398056937798,47.566667
5229,0.5059747896588742,-178.43164195742122,0.4013097283680015,-1.85943419634962,-0.25050135431103043,-0.18617432224107694,-0.563285634383139,8.566319937314577e-06,0.00042556577988462567,0.00018603810094411884,0.0015536337937864413,47.575
5230,0.5091881631913734,-178.4460225776798,0.35173678464065344,-1.8382523531121404,-0.2546194900792961,-0.18361058631620314,-0.5622798062712011,8.621699200155772e-06,0.0004211903050716635,0.00018476693779815917,0.001548838898751727,47.583333
5231,0.5119769543088232,-178.46033792722517,0.30161727989909426,-1.8201796917475483,-0.25850563512602054,-0.18084510186765917,-0.561402171722348,8.684757296052824e-06,0.0004172624271091893,0.00018365034300226184,0.0015478742208822976,47.591667
5232,0.5143359143383754,-178.47458041473195,0.25102897680127023,-1.805096566444317,-0.2621501323265123,-0.17788824011471022,-0.5606563964016493,8.755034194241641e-06,0.00041376188868662175,0.0001826871546993117,0.0015506321294199593,47.6
5233,0.5162592440458404,-178.4888307774074,0.20005114379942915,-1.7929252215488953,-0.2655587370635991,-0.17472695504756655,-0.5600460347373168,8.832089296855335e-06,0.0004106705656314745,0.00018187849752683368,0.0015570348198623817,47.608333
5234,0.5177499176956118,-178.50305804114345,0.1487663976145465,-1.7835725735215162,-0.2687212469833372,-0.17137994301607887,-0.5595715496945193,8.915501509549075e-06,0.00040797250970909876,0.00018122769109924763,0.0015670324669790538,47.616667
5235,0.5188022053358634,-178.51731145342887,0.09724920476005827,-1.776991475615017,-0.2716373881116289,-0.16784189070603844,-0.5592358552347253,9.004869716391069e-06,0.00040565281640705963,0.00018074016187333663,0.0015806022014545032,47.625
5236,0.5194128354531594,-178.53163320844888,0.045575611726333794,-1.7731489393470887,-0.27430623281425814,-0.16410977681916739,-0.5590407717399628,9.099813691279744e-06,0.00040369886831899935,0.00018042341910934836,0.0015977473842096344,47.633333
5237,0.5195839425357391,-178.54599936678483,-0.006175839442447671,-1.7720077952994233,-0.2767182523805149,-0.16020017441540618,-0.5589860692295893,9.199975347301606e-06,0.0004020999337656191,0.00018028704980666444,0.0016184970564226409,47.641667
5238,0.5193125230857175,-178.5604412988694,-0.057931548885946475,-1.7735662413439923,-0.2788705174013055,-0.15611314412529206,-0.5590728337449817,9.305020308324781e-06,0.00040084648936655304,0.00018034272541509917,0.001642905661268553,47.65
5239,0.5185986874816211,-178.5749975335661,-0.1096139956975112,-1.7778393989329153,-0.28076220696160353,-0.1518475517107368,-0.5593008285864637,9.414639811561653e-06,0.0003999309357896662,0.00018060427148447106,0.0016710532821309107,47.658333
5240,0.5174457996941871,-178.58966997627556,-0.16114375066529776,-1.7848470738192193,-0.2823880799020879,-0.14741339365806458,-0.5596684521888156,9.528552902649259e-06,0.0003993471774831644,0.00018108776826720265,0.0017030455772561284,47.666667
5241,0.5158525986357559,-178.60452921536643,-0.21244432910027677,-1.794649257473202,-0.2837504271171574,-0.14280018040090117,-0.5601752549553585,9.646508917026676e-06,0.0003990902686146788,0.00018181166434726693,0.001739014087545349,47.675
5242,0.513825426484982,-178.61953171035063,-0.2634351723182239,-1.8072854588993754,-0.28483828290255964,-0.1380318095289578,-0.5608180496625291,9.768290260481629e-06,0.0003991570548509351,0.00018279697352538215,0.001779117025585415,47.683333
5243,0.5113638945694409,-178.63472314943772,-0.31404044092446964,-1.822843664397351,-0.28565007729316155,-0.13310547154907534,-0.5615954767108698,9.893715445406e-06,0.00039954525445055216,0.00018406741717266138,0.0018235398501627298,47.691667
5244,0.5084731598832031,-178.65013572849256,-0.3641766880062175,-1.8414244988498694,-0.286184465303779,-0.12802377091368417,-0.5625041142745808,1.0022642414622088e-05,0.00040025439683394435,0.00018564970946812894,0.0018724966481275535,47.7
5245,0.5051554894227932,-178.66583617614373,-0.41376190630552756,-1.8631618860961519,-0.2864422861261104,-0.12277904911820427,-0.5635411559881649,1.0154972160431164e-05,0.0004012851475620217,0.0001875738619070074,0.001926230250662685,47.708333
5246,0.5014181284936097,-178.68179370077053,-0.46271234038245485,-1.888176896779324,-0.2864141607480665,-0.11739311390813612,-0.5647019550222331,1.0290652661204349e-05,0.0004026397557150395,0.0001898735595307551,0.001985013445865338,47.716667
5247,0.49726851549431883,-178.69803135015815,-0.5109399750056383,-1.9166309118659164,-0.2860976529748891,-0.11187280576076672,-0.5659815553262083,1.042968310528882e-05,0.0004043215032868097,0.00019258648334274624,0.002049149948915763,47.725
5248,0.4927152233152136,-178.71457514155492,-0.5583538842841659,-1.9487104994534776,-0.28549093429492955,-0.1062247833731805,-0.5673744217963382,1.0572118424440404e-05,0.0004063348107282705,0.0001957548362587107,0.002118974511455222,47.733333
5249,0.48777437415276875,-178.73145541838687,-0.604850166327796,-1.9846278620278444,-0.2845963195108413,-0.10045639250757679,-0.5688725347573451,1.0718074189268749e-05,0.00040868521846237535,0.0001994259011509882,0.0021948529617621575,47.741667
5250,0.482422975573499,-178.74866841237113,-0.6503858400482578,-2.024621603309665,-0.28339145076096584,-0.09457790768046734,-0.5704794629873894,1.0867731869595244e-05,0.00041137858801564936,0.00020365274271607467,0.0022771793656535485,47.75
5251,0.4766911124429118,-178.76631799631252,-0.6948235323019272,-2.0689934179229215,-0.2818923012562941,-0.08857997231083012,-0.5721825160504673,1.1021344474951282e-05,0.0004144261561797114,0.00020849450416842553,0.0023663903907404555,47.758333
5252,0.4705811390623337,-178.78447151285837,-0.7380698506086416,-2.1180724160614037,-0.2800948273334059,-0.08245944456974834,-0.5739772124207704,1.1179242573669367e-05,0.00041783754330178323,0.00021401784851957998,0.0024629434537516213,47.766667
5253,0.4641117455580476,-178.80309922848255,-0.7800105359556513,-2.1721825126659238,-0.2779952664504252,-0.07624415271521548,-0.5758541253511136,1.134184077530646e-05,0.0004216247403879333,0.00022029759624808993,0.002567324659733355,47.775
5254,0.4572905434752187,-178.82232302167859,-0.8205320112882245,-2.231756748811828,-0.27559564308775725,-0.06991869090935025,-0.5778070013841718,1.1509644505352861e-05,0.0004258000566237746,0.0002274176946263677,0.0026800402203613002,47.783333
5255,0.45013144986182696,-178.8421603053628,-0.8595150365544777,-2.2972292711425273,-0.27289232252706663,-0.0634990897689457,-0.5798276973207634,1.1683257161873247e-05,0.0004303777709344303,0.00023547257266039884,0.0028016118517207624,47.791667
5256,0.4426520746314936,-178.86261210657665,-0.8968313199176488,-2.369074754168357,-0.26988308193524174,-0.057007177195445964,-0.581907051434628,1.1863387586565933e-05,0.0004353733790944831,0.00024456817847445903,0.0029325687362208325,47.8
5257,0.4348644131882439,-178.88376579434674,-0.9323472013878727,-2.4478656947150754,-0.26656767097879436,-0.05044171408003806,-0.5840375184400476,1.2050857533014053e-05,0.0004408032359967336,0.00025482323955265624,0.0030734362729855354,47.808333
5258,0.42678243170239344,-178.90572439375813,-0.9659157354895763,-2.534247396422302,-0.2629462293978268,-0.04379955849532836,-0.5862110471469126,1.224660912440822e-05,0.00044668543199259263,0.00026637073809552387,0.0032247248656978836,47.816667
5259,0.41842922848695935,-178.92851125627087,-0.9973743797424123,-2.62888899465932,-0.25901951788871713,-0.037101364657490886,-0.5884172760628706,1.2451712059441927e-05,0.00045303954883245027,0.00027935929664462826,0.0033869148609217397,47.825
5260,0.4098202068238354,-178.95222606541145,-1.0265556069310982,-2.73257424369919,-0.2547867502583449,-0.03034861140686354,-0.5906481070438362,1.2667369839077562e-05,0.0004598854156326759,0.0002939541892866023,0.0035604401985864513,47.833333
5261,0.4009756336648133,-178.97692765570974,-1.0532765569699216,-2.846142209892814,-0.2502476422236413,-0.023555846365895666,-0.592894385484881,1.2894924461190718e-05,0.0004672442168551646,0.00031033827954211586,0.003745681927808578,47.841667
5262,0.39191888536514097,-179.00272209164362,-1.0773287743015114,-2.9705409096009676,-0.24540446262504928,-0.016727858386087865,-0.5951464871386924,1.3135858643319517e-05,0.0004751376722589435,0.00032871215640974024,0.003942967990027974,47.85
5263,0.38267249605319564,-179.0296975131158,-1.098492632166255,-3.1067940546311315,-0.24025762701285175,-0.009876239482880356,-0.5973953843409157,1.3391794104365363e-05,0.00048358739255150725,0.0003492937791459169,0.004152588177924459,47.858333
5264,0.37326611318592806,-179.05796180575334,-1.116513619927132,-3.2560180995374655,-0.23481135167930162,-0.0030103170209820266,-0.5996307862259681,1.3664484101570644e-05,0.0004926147221670736,0.00037231620406475384,0.004374855306100449,47.866667
5265,0.3637279921725926,-179.0876033954984,-1.1311237332207233,-3.419396253928621,-0.2290682858967961,0.0038537825035383074,-0.6018433196710912,1.3955797465631153e-05,0.0005022392022066245,0.0003980236900049561,0.00461021719106796,47.875
5266,0.35410602749520065,-179.11895281136856,-1.1419444364225364,-3.598321274701263,-0.22304023729076952,0.010752513800605847,-0.6040198247344578,1.4267690670020612e-05,0.0005124782101803818,0.0004266641195412814,0.004859488252031441,47.883333
5267,0.3443996528548913,-179.15170078668586,-1.1488024287991008,-3.7938527383468634,-0.21671453936324925,0.017574815665736616,-0.6061587638225567,1.460216345463599e-05,0.0005233429579974399,0.00045848043501772956,0.005124167879824371,47.891667
5268,0.3346745406364892,-179.18650926154257,-1.1511567889083574,-4.00768628252381,-0.210105983517687,0.024424282101236212,-0.6082445583890618,1.4961192161685257e-05,0.0005348456827702327,0.0004936848726347396,0.0054072669733197095,47.9
5269,0.32496211387655927,-179.22326601156075,-1.1486698382245044,-4.240954924438594,-0.20321775885117715,0.03123003604693941,-0.6102702188473658,1.5346632498265506e-05,0.0005469871249436044,0.0005324463322837614,0.005714027951959927,47.908333
5270,0.31530935817675715,-179.2620513706076,-1.1409028615267027,-4.494794613411672,-0.19606128643607587,0.03796476906921109,-0.6122263968064041,1.5760083572836268e-05,0.0005597615744805054,0.0005748464228962141,0.006053589443101652,47.916667
5271,0.30575812834803096,-179.30312369157843,-1.1273616607154835,-4.770317010185745,-0.18863790723616786,0.044634667726805605,-0.6141058533074544,1.620270047390521e-05,0.0005731531747684689,0.0006208362277722941,0.006441024863388406,47.925
5272,0.2963612217500381,-179.3466646798345,-1.10751314109719,-5.068203854457084,-0.18095567121977707,0.05122902213764828,-0.615900271976089,1.6674947231138378e-05,0.0005871363891341267,0.0006701814493460465,0.006900098335799943,47.933333
5273,0.28717874129846666,-179.39282667092309,-1.0807920180943178,-5.388550572163628,-0.17302672060212587,0.0577322668734885,-0.6176012078965861,1.7176279431738263e-05,0.0006016746083071132,0.000722395094351796,0.007466620977885392,47.941667
5274,0.2782724205359961,-179.44178207645933,-1.0466151726432864,-5.730711417724524,-0.1648612451840707,0.06413349605381165,-0.6192012412748165,1.7704749097288938e-05,0.000616721030056588,0.0007766662462629087,0.008191947218155114,47.95
5275,0.26971006871993636,-179.49363662397346,-1.0044109193684687,-6.092911254943177,-0.15647483065572054,0.07041394535337905,-0.6206931740780102,1.8256537300575762e-05,0.0006322229204492626,0.000831797040088942,0.009145589872289325,47.958333
5276,0.2615634584886692,-179.54862329909463,-0.9535915308224393,-6.4721109406088555,-0.14787329389908344,0.07657930234619893,-0.6220704237299864,1.882543596432232e-05,0.0006481279550147455,0.000886165065374853,0.01041504073821624,47.966667
5277,0.25386558938282605,-179.60640386172122,-0.893940724405221,-6.8638412351407725,-0.13908200655984151,0.08254446129202653,-0.6233338752524985,1.940232730922464e-05,0.0006643937941889222,0.0009377424649108055,0.012099751669377608,47.975
5278,0.24678359035358538,-179.66785896189955,-0.8245346497091716,-7.260459179886423,-0.13009587122249136,0.08844636808810367,-0.6244636233912146,1.9974760448579878e-05,0.0006810087529357411,0.0009841971431871917,0.014297780522188306,47.983333
5279,0.2403574434115201,-179.73254056871107,-0.7454630969528472,-7.652978227705444,-0.12093859627179583,0.09420243320997822,-0.6254616456547334,2.0526695975865216e-05,0.0006979738133029901,0.001023089718309088,0.017074078507457385,47.991667
5280,0.23466910281681944,-179.80038225888006,-0.6567829607120206,-8.029965896980052,-0.1116204508576016,0.099810922691844,-0.6263235324796191,2.103862703803849e-05,0.0007153354456661836,0.0010522152139993295,0.020425293539246107,48.0
5281,0.2297322610498242,-179.87066372320922,-0.5592624635613475,-8.379757016408988,-0.10218002386383489,0.10518375416986543,-0.6270551277662272,2.1488273248264386e-05,0.0007331668007501785,0.0010699849372876056,0.024236031625340354,48.008333
5282,0.2256808584211972,-179.94351758093305,-0.4533190133678647,-8.686841906143043,-0.09261910779362223,0.1103952284495467,-0.6276440926855648,2.1851970132778423e-05,0.0007515542930256277,0.0010757992326815614,0.028254584421074338,48.016667
5283,0.22258190172389303,-180.01849878732256,-0.3401457445218706,-8.936672671315419,-0.08295364766385864,0.11544312959949657,-0.6280876442372786,2.2106656029394855e-05,0.000770516379529254,0.00107018068645173,0.03208781237821025,48.025
5284,0.22048669687961295,-180.09501632468337,-0.22137177412965303,-9.116252224204212,-0.07320197383089193,0.12032203218557522,-0.6283841120477147,2.2232299442891425e-05,0.0007899510773449433,0.0010547286720634357,0.035258356704226224,48.033333
5285,0.21945933861249053,-180.17251606644837,-0.09888397208762706,-9.214544273575367,-0.06337479038665121,0.12505241500530487,-0.6285284735958977,2.2214475735147698e-05,0.0008095720324778749,0.001031736278339086,0.03730830379015409,48.041667
5286,0.21956987483019255,-180.25018881510073,0.02509727029649204,-9.223809224788571,-0.053506816125129246,0.12965714722695493,-0.6285129731971484,2.2046477427994988e-05,0.0008288633004293096,0.0010036097001639144,0.03791966271285496,48.05
5287,0.22074388159219388,-180.32711332977175,0.14802211427414758,-9.146678629022222,-0.043612805566116214,0.1340872512217554,-0.6283478693577675,2.173041414241281e-05,0.0008470851506716793,0.000972339042947393,0.03700835252103083,48.058333
5288,0.22295385695596523,-180.40259748925305,0.2676605209347707,-8.988567359784138,-0.033705384497209605,0.13834321063687866,-0.6280347249974125,2.1277210496296852e-05,0.0008633818326836601,0.0009391942733723001,0.03474770172275755,48.066667
5289,0.2261624214390942,-180.47596396763208,0.3820109519030402,-8.759000290925778,-0.023806143436276694,0.1424284711911999,-0.6275746256859251,2.0705308071105863e-05,0.0008768775823009459,0.0009046697672416437,0.031503903667838465,48.075
5290,0.23031063135296118,-180.5466802254617,0.4894333567708826,-8.470820106632809,-0.013929585854806754,0.1463449245451596,-0.6269702085217329,2.003834457503102e-05,0.0008868023348436899,0.000868751709963415,0.027726874548045132,48.083333
5291,0.23531338930961923,-180.6145584682514,0.5887768326557968,-8.138732409623705,-0.004056185505915924,0.15008628834538112,-0.6262269285856755,1.9302432380308297e-05,0.0008925997981905809,0.0008312839292046097,0.02384003185377373,48.091667
5292,0.24112511489293045,-180.67884950053042,0.6790908922676252,-7.776087683824015,0.005730273916758202,0.1536711904164685,-0.6253437789510858,1.8523602050785475e-05,0.0008939917674640955,0.000792256628849723,0.020165871628983655,48.1
5293,0.2476295397453042,-180.739951453582,0.7601333891736933,-7.396895250182199,0.015502517258308306,0.15707907503915836,-0.6243303202788556,1.7725724931177066e-05,0.0008909693174567287,0.000751949864515107,0.016902586962913257,48.108333
5294,0.2547841834230239,-180.79713537660194,0.8316050615851347,-7.011546374216227,0.02514610491890777,0.16034520502978655,-0.6231850457988887,1.69292415081945e-05,0.000883780588768546,0.0007109143281655196,0.014132515844451578,48.116667
5295,0.26248375191089257,-180.8507916279174,0.8937794866127003,-6.629701383479531,0.03470485707995298,0.16345472051264226,-0.621916907563377,1.6150508470123028e-05,0.0008728428309543798,0.0006698702211809643,0.011856681308179929,48.125
5296,0.2706432330118056,-180.90104273924032,0.9470166264185083,-6.258358710707735,0.04417186892855982,0.16640439526768563,-0.6205327839098865,1.5401798693921005e-05,0.0008586976304147604,0.000629574296964061,0.010026180920069308,48.133333
5297,0.2791693875288274,-180.94837183561884,0.9918760032884086,-5.9025573869310675,0.05359115601885538,0.1691659075393986,-0.6190423219772089,1.4691648828973608e-05,0.0008419403760527597,0.0005907103599498819,0.00857096089604971,48.141667
5298,0.2880195052094804,-180.99256498305053,1.0287771800851089,-5.565073757687914,0.06289363828003575,0.17177114460597853,-0.6174476308324878,1.4025426576520711e-05,0.0008231733126206704,0.0005538229259867982,0.007418007058233571,48.15
5299,0.2971343170582576,-181.0336064995802,1.0582351887959052,-5.247778162707313,0.07203573926167013,0.17423984023010358,-0.6157546938689243,1.3405935539154122e-05,0.0008029536630441812,0.0005192923027058955,0.006501851336917084,48.158333
5300,0.3064230197810439,-181.0723544103175,1.0809612252485905,-4.9516896076650765,0.08111633490473055,0.17650808580711272,-0.6139768306152379,1.2834033133060487e-05,0.0007817811705418941,0.00048733928203931274,0.005768016815895584,48.166667
5301,0.31585361552109004,-181.10866068050186,1.0974078472184643,-4.676620306027046,0.0900731116944637,0.17860954938786125,-0.6121176162251352,1.2309183516968576e-05,0.0007600989675540131,0.00045804853815925063,0.005173230860165851,48.175
5302,0.3253705372735043,-181.14270650763783,1.1080883087027127,-4.4221541717332915,0.0988949063605364,0.18054118082452997,-0.6101861946966887,1.1829884410186707e-05,0.0007382720351936431,0.0004313967290940974,0.004684615323872565,48.183333
5303,0.3349272814372305,-181.17473270224684,1.1134850774338807,-4.187435175722266,0.10758425297433172,0.1822957832637324,-0.6081910790140032,1.1394027909318519e-05,0.0007166001601105637,0.000407283348666025,0.004277567164719225,48.191667
5304,0.34448494152201875,-181.2049276087226,1.1140319328372132,-3.97137415947253,0.11613777526439377,0.18387105913368842,-0.6061402176441462,1.0999164098228982e-05,0.0006953216991014106,0.00038555751766116347,0.003933896040941995,48.2
5305,0.3540038569227451,-181.23345681833771,1.1101272427113482,-3.7728137667012107,0.12454904852441788,0.18526343634134107,-0.6040426361960388,1.064269255204958e-05,0.0006746197554828212,0.00036603947230425535,0.003640210336758272,48.208333
5306,0.36344773329726066,-181.2604910332191,1.102134781825543,-3.5905456980074635,0.13281502586770755,0.18646725922530794,-0.6019075035391751,1.0321996913672339e-05,0.0006546312560964036,0.00034853681243282234,0.003386617459300681,48.216667
5307,0.37278577255740236,-181.28615272985428,1.0903785823475105,-3.423353919735513,0.14092700111134146,0.1874828214889296,-0.599743515746785,1.0034533136020707e-05,0.000635454238144624,0.00033285605889284576,0.0031657498131314643,48.225
5308,0.3819871271360857,-181.31068325714287,1.0751658979549341,-3.2700695165284044,0.14889999844273105,0.18829044569743814,-0.5975600481950034,9.777883652440726e-06,0.0006171540224308798,0.0003188103291585437,0.0029720554136564025,48.233333
5309,0.3910247767667586,-181.3342118542,1.0567645499113216,-3.1295851699715005,0.15673088299268956,0.188883717476538,-0.5953661766212247,9.549787789192075e-06,0.0005997700663690166,0.00030622415014595764,0.0028012797719788084,48.241667
5310,0.3998802333742424,-181.35656654740274,1.035391871137868,-3.0008381879226667,0.1643639822803136,0.18930689641681908,-0.5931693628079493,9.348154579665021e-06,0.0005833208910769378,0.00029493597736295784,0.0026501096857624367,48.25
5311,0.40852718013731776,-181.37794494497874,1.0112800487876252,-2.882880897173457,0.17181156662288566,0.18954329597712752,-0.590979388135252,9.171063721296452e-06,0.0005678073206359092,0.0002847992630955816,0.0025159268513781224,48.258333
5312,0.4169440618414218,-181.39855700753884,0.984640557485815,-2.77483141914109,0.17909133787528397,0.18957107964518277,-0.5888052404116327,9.016760312223655e-06,0.0005532186873673539,0.00027568264429383597,0.0023966140722468513,48.266667
5313,0.42511198844893183,-181.41845070780894,0.9556562003107464,-2.675878002457495,0.18619237293128782,0.18939434113541773,-0.5866555177308889,8.883644157987431e-06,0.0005395351090712663,0.00026746934716240955,0.0022904334881471535,48.275
5314,0.4330084863305533,-181.43776425931267,0.924501846124093,-2.585307153844204,0.19312018322120308,0.1889975406666837,-0.584540021838158,8.770256956906129e-06,0.0005267298498161818,0.0002600562733443485,0.002195940697024211,48.283333
5315,0.4406219916498705,-181.4565031635923,0.8913312594907379,-2.502425172582099,0.1998603887619966,0.18839293731278164,-0.5824658263371045,8.675268845509291e-06,0.0005147723557273312,0.00025335289274228844,0.0021119181021705623,48.291667
5316,0.4479331041299192,-181.47473133408366,0.8562906520300989,-2.426643932176424,0.20640710322626707,0.18757780555693812,-0.5804422342285102,8.597464354467578e-06,0.0005036279757980224,0.00024728009205193037,0.0020373329968852625,48.3
5317,0.4549276660711044,-181.49251113736403,0.8195170446627843,-2.3574172872477153,0.21275689809569706,0.18655059624990827,-0.578477216515483,8.53572971065249e-06,0.0004932611543552293,0.0002417690313890081,0.001971299690705258,48.308333
5318,0.46159308347984596,-181.5098787983405,0.7811380105121842,-2.294249380707466,0.21890264233514842,0.18531479813565913,-0.5765783307119945,8.48904062602879e-06,0.0004836355563758612,0.00023676004531543858,0.0019130550514779542,48.316667
5319,0.4679184541089069,-181.52688088559734,0.741274896872323,-2.2366938607373017,0.22484035387908274,0.18387154004151643,-0.5747526291425642,8.456451374996484e-06,0.00047471481417017496,0.00023220164538460318,0.0018619389778088723,48.325
5320,0.47388872127152326,-181.5435804416234,0.7000412840336431,-2.184370201893367,0.23056755215671573,0.18221574148750724,-0.5730083246538554,8.437085087852961e-06,0.0004664630663172068,0.00022804961018860778,0.0018173789689191642,48.333333
5321,0.4794939758273494,-181.55997408878673,0.6575441038668504,-2.1369142001542145,0.2360721707125125,0.1803586729247635,-0.5713520735867689,8.430125382013454e-06,0.00045884624935266347,0.00022426617402829583,0.0017788772471075936,48.341667
5322,0.4847278289646371,-181.57611577278547,0.6138901237935889,-2.0940013425632262,0.24135453000297047,0.17829916349122313,-0.5697893574132246,8.434808974597943e-06,0.00045183162044301915,0.0002208193185730119,0.0017460020377818184,48.35
5323,0.48957704281124304,-181.59204772248057,0.569176213263115,-2.055364604889633,0.24640980024662015,0.17603554394586515,-0.568327555452051,8.45041943819791e-06,0.000445387631624434,0.00021768213756018077,0.0017183794409683102,48.358333
5324,0.494034371289227,-181.60779747441546,0.5234987787957359,-2.0207496306873436,0.25123334989940244,0.17357118195746413,-0.5669720992855057,8.476282127661519e-06,0.0004394853062150391,0.00021483230374065218,0.001695686447312918,48.366667
5325,0.4980906387303989,-181.62337865851003,0.47694826029652143,-1.9899365984242774,0.2558173692867199,0.1709119524996677,-0.5657288137791581,8.511759837476408e-06,0.00043409741545472167,0.00021225159915506397,0.0016776460484367911,48.375
5326,0.5017396054832364,-181.63884921861927,0.4296164449998016,-1.962735354735478,0.26016305083386987,0.16805300115950134,-0.5646024162701555,8.556249406472353e-06,0.0004291989327042977,0.00020992551884909915,0.0016640227545953218,48.383333
5327,0.5049789112179146,-181.65404026811316,0.38158513090153057,-1.938923306569196,0.26423563352252905,0.16504966407503152,-0.5635961772773721,8.609179012814588e-06,0.0004247666826555007,0.00020784293054649407,0.0016546187352170678,48.391667
5328,0.5077933835977009,-181.66924653067883,0.3329422473586413,-1.9184392323637993,0.26807168067450754,0.1618318484987582,-0.5627171043320257,8.670006146510521e-06,0.00042077894463990267,0.00020599578407883484,0.0016492718799152124,48.4
5329,0.5101808961880909,-181.68444988637043,0.28377292424662925,-1.9011411101120792,0.27166080400595083,0.15841403667983325,-0.5619678934117508,8.738216333297823e-06,0.0004172172695734494,0.00020437889901282289,0.001647851043403161,48.408333
5330,0.5121397489566711,-181.69961670703537,0.2341597542412924,-1.8869043690931757,0.2749908206167988,0.15481548620327457,-0.5613508051870446,8.813322160600214e-06,0.00041406454230315666,0.00020298977069057203,0.0016502554153709343,48.416667
5331,0.5136662199351402,-181.7147747938452,0.18418398911168174,-1.8756451887711934,0.27805849468228533,0.15103835626913398,-0.5608684347924563,8.89486292329297e-06,0.00041130507667603417,0.00020182841531402908,0.0016564128835582443,48.425
5332,0.5147573357667767,-181.7299238666017,0.13392469744561697,-1.8672909037887713,0.28085654785663694,0.14709269587112467,-0.5605228372006064,8.982404724171458e-06,0.0004089249742131552,0.00020089726852619231,0.0016662784845882966,48.433333
5333,0.5154124698007445,-181.74511034540973,0.08346477428767812,-1.8617946016630067,0.2833856885254837,0.14297605681984316,-0.5603150108565597,9.075540950957114e-06,0.00040691204574492656,0.00020020110472406476,0.0016798335895360898,48.441667
5334,0.515629110948122,-181.76034663858226,0.03288172656667699,-1.8591238301439652,0.2856403256297999,0.1386948987126097,-0.560246233473462,9.17389310736426e-06,0.00040525553654919633,0.0001997470094155517,0.0016970847639788409,48.45
5335,0.5154056060517891,-181.77566174234698,-0.017745966637419158,-1.859266886917099,0.2876173982802237,0.13425122742662415,-0.5603171894712494,9.277112007239907e-06,0.00040394642179605075,0.00019954436700387083,0.0017180637372158495,48.458333
5336,0.5147395386600605,-181.79109579356683,-0.06834094070630022,-1.8622350555699694,0.2893144578932343,0.12964366825899093,-0.5605284795711069,9.38487926349556e-06,0.0004029772960397333,0.00019960489193477336,0.0017428270889755172,48.466667
5337,0.5136369855073631,-181.80661449562106,-0.11881942283173587,-1.8680189034233299,0.29072343291770525,0.12489443706459578,-0.560877685256654,9.49690907837099e-06,0.0004023424773952029,0.0001999426958533077,0.0017714563551500689,48.475
5338,0.5120956840920969,-181.82225499333765,-0.16910587234068575,-1.8766647722583119,0.29184133099320403,0.12000338365397974,-0.5613647104260392,9.612950262595061e-06,0.0004020369781939263,0.00020057433379315498,0.0018040578066142246,48.483333
5339,0.51011531500522,-181.83809196994505,-0.21911960679765372,-1.8882454809650056,0.29266982338477554,0.11495997218500453,-0.5619885158534357,9.732788596001636e-06,0.00040205768558135437,0.00020151897234675124,0.0018407634616994918,48.491667
5340,0.5077021563203477,-181.85410095876492,-0.26877691159471434,-1.9028104877858036,0.29320172245159676,0.10978422259139649,-0.5627456682173747,9.85624940582708e-06,0.0004024030894958239,0.00020279858553111065,0.0018817310794743236,48.5
5341,0.5048559774572677,-181.8703241559006,-0.3179993917977688,-1.9204619762287771,0.2934340310784044,0.10447565857213666,-0.5636344727276681,9.983200378605324e-06,0.0004030725150660358,0.00020443808561393772,0.0019271446741075953,48.508333
5342,0.5015828860709669,-181.88676229092343,-0.366701898945241,-1.9412983683669682,0.29336222604418916,0.09904758126062259,-0.5646509485096244,1.0113554671643774e-05,0.00040406705663446077,0.0002064656190583629,0.001977215864562794,48.516667
5343,0.4978895634333185,-181.9034546391174,-0.4147955832528239,-1.96545211508512,0.2929858900909581,0.09350243074840753,-0.5657906647583966,1.0247274234437652e-05,0.00040538881938605826,0.00020891281823629966,0.0020321839453229956,48.525
5344,0.4937769268957588,-181.9204806854695,-0.4621962360718769,-1.9931037111418086,0.292304374376287,0.08783038170961881,-0.567050693893615,1.0384373397838923e-05,0.0004070409802398392,0.0002118151845619417,0.0020923159851526634,48.533333
5345,0.4892529738936496,-181.93783005678299,-0.5088145298107725,-2.0244162520706617,0.291311874001814,0.082049800450976,-0.5684256635546167,1.0524922768015178e-05,0.0004090286130178958,0.00021521253840037138,0.0021579083095122696,48.541667
5346,0.4843259715612013,-181.95553530613375,-0.5545565335271114,-2.0595949183455486,0.29000654207124604,0.07616710155551981,-0.5699098971526199,1.0669053352318898e-05,0.0004113578437453329,0.0002191493675708872,0.0022292865292666843,48.55
5347,0.47900425164965366,-181.9736188573677,-0.5993276667015505,-2.098870580397512,0.28838544324843335,0.07019232458751154,-0.5714974946291594,1.0816960946000242e-05,0.00041403596202833063,0.00022367539916772817,0.0023068049896641948,48.558333
5348,0.4732958563519402,-181.99210006817043,-0.6430323876527616,-2.1425052218847513,0.2864451505502845,0.0641370665099853,-0.5731824535884875,1.0968910788189977e-05,0.0004170715502688846,0.00022884616604535392,0.002390846698629205,48.566667
5349,0.46720972399649247,-182.0110486441636,-0.6855667671897402,-2.1908155888545555,0.2841856502748029,0.05799948574461495,-0.5749583363229441,1.1125242466630405e-05,0.00042047464545502726,0.00023472364131322228,0.0024818229057403107,48.575
5350,0.46075734074619507,-182.03050602029833,-0.726822344583073,-2.2441428099570135,0.28160572383720817,0.05178727192628795,-0.5768178286465796,1.1286375063867425e-05,0.0004242567324829249,0.0002413770625316843,0.002580170304856822,48.583333
5351,0.45394732556544604,-182.0505438645224,-0.7666887477620047,-2.3028885891526127,0.27870349101430797,0.04550049696152042,-0.5787543360949379,1.1452812491016349e-05,0.00042843053911096674,0.0002488836830084718,0.0026863482832544822,48.591667
5352,0.4467949262315455,-182.0711784871511,-0.8050462558015392,-2.3674683594789374,0.27547757353861935,0.039156729926716836,-0.5807593044064991,1.1625148957827221e-05,0.00043301054747277735,0.0002573296763326146,0.0028008363348464844,48.6
5353,0.43931144370039343,-182.09249837961707,-0.8417693122612195,-2.438388161563008,0.2719271149911063,0.0327544525429707,-0.5828252762597244,1.1804074402863703e-05,0.00043801221880570353,0.0002668109161447539,0.0029241286205055994,48.608333
5354,0.4315125575603041,-182.11454052888976,-0.8767247891018618,-2.516181610918254,0.26805108275316175,0.026308332458738107,-0.5849435881810298,1.1990379757865437e-05,0.0004434526678898734,0.0002774340426355175,0.003056729265914326,48.616667
5355,0.4234139879169367,-182.13736378583388,-0.9097705781920554,-2.6014552136674207,0.26384901977297476,0.01982854978554503,-0.5871056430100486,1.2184961790230238e-05,0.0004493501548521467,0.00028931719020948177,0.003199147542395383,48.625
5356,0.41503371973636766,-182.1610313411605,-0.9407523353924359,-2.6948830550778005,0.2593215342267439,0.013325944642463354,-0.58930236191761,1.2388827093530907e-05,0.0004557241743547048,0.00030259077641150517,0.0033518946004070576,48.633333
5357,0.40639064016641,-182.185623384923,-0.9695027809864141,-2.7972215487802283,0.25446960579167666,0.006808819301338115,-0.5915246168875395,1.2603094748380851e-05,0.0004625951883898451,0.00031739803460773745,0.003515483419769952,48.641667
5358,0.3975028392894505,-182.21126168254406,-0.9958392389233424,-2.9093343828642086,0.2492931887851563,0.00027727039674569444,-0.5937637087448638,1.282899692013009e-05,0.000469984508989966,0.00033389519537243347,0.003690437416057649,48.65
5359,0.3883914720272,-182.23802258315334,-1.0195669967830674,-3.032142717100601,0.24379285878765689,-0.006254335330125782,-0.5960104344470153,1.306787648815611e-05,0.00047791435302439516,0.00035225115469216363,0.003877314513032104,48.658333
5360,0.3790833450926978,-182.26600406645156,-1.0404627479044009,-3.1666602561132455,0.23797220785606493,-0.01277473705410021,-0.5982545838163787,1.3321180233430174e-05,0.0004864072535242242,0.00037264578648603305,0.004076761459224368,48.666667
5361,0.3696017823362607,-182.29528990101466,-1.0582965371049657,-3.313989223400056,0.23183260894082014,-0.01926680467709527,-0.600487255772533,1.3590445547879078e-05,0.0004954849819347884,0.00039526723963186116,0.004289605617564045,48.675
5362,0.35997416862390214,-182.3260494385907,-1.0727962986674868,-3.475373796243502,0.22537582942936588,-0.025730644085517763,-0.6026990809184711,1.3877278329914603e-05,0.0005051687727080281,0.0004203067513704723,0.004517034582590869,48.683333
5363,0.35023162651462114,-182.3583943224783,-1.0836701766057446,-3.652096790495467,0.21860594508512182,-0.03214975473648055,-0.6048804400208565,1.4183318929073392e-05,0.0005154781881686637,0.0004479515237077221,0.004760870312913497,48.691667
5364,0.3404057970580026,-182.39244221963153,-1.0906009504674674,-3.8455139177293614,0.21152707192556966,-0.03850641003065559,-0.6070222952290517,1.451019166081739e-05,0.0005264299390087852,0.00047837270789081586,0.005024029723063817,48.7
5365,0.3305314554004034,-182.42837032084987,-1.0932260917172398,-4.057063833019971,0.20414259034956667,-0.044792838558718726,-0.6091156844928733,1.4859432398386102e-05,0.0005380371003791529,0.0005117086182003741,0.005311237004163455,48.708333
5366,0.3206519301777084,-182.46631995553528,-1.0911412762670785,-4.288128314123166,0.19646159047453976,-0.05099150958420671,-0.6111507359846162,1.5232387858213883e-05,0.0005503078034913871,0.0005480420955865159,0.005630074284170645,48.716667
5367,0.3108159005400822,-182.506595829863,-1.0838600822077034,-4.540118100843061,0.18848681143013252,-0.05711461363404662,-0.6131175707010322,1.5630078150501124e-05,0.00056324306649884,0.0005873693079949764,0.005992495197631736,48.725
5368,0.3010617166777233,-182.54924304383394,-1.0709530376910463,-4.814140913737087,0.18022731036738937,-0.06311887247990677,-0.615009461074057,1.6053013882015685e-05,0.0005768353231351353,0.0006295618424997977,0.006416850210964574,48.733333
5369,0.2914278401466249,-182.59453020512584,-1.0519100391885137,-5.111257977774211,0.17167937366127786,-0.06900054510804197,-0.6168205817821455,1.6500960105676654e-05,0.0005910704480186511,0.0006743152013790983,0.006930671838354097,48.741667
5370,0.2820062213973612,-182.64263030135066,-1.0260734415237152,-5.431547697785392,0.16287398671916728,-0.07474798367523369,-0.6185364306673388,1.6972641299510216e-05,0.0006059287303400408,0.0007210965389104321,0.007573838369328335,48.75
5371,0.27283679209436656,-182.6937548409776,-0.9929083900365263,-5.774823004223071,0.15380769883302522,-0.08034411587657028,-0.6201536321748843,1.7465376707245577e-05,0.00062137746894148,0.0007690859452285657,0.008401373124357044,48.758333
5372,0.26399162819035105,-182.74805706045194,-0.9518066499511574,-6.139593625461874,0.144497518151792,-0.08577037042097481,-0.6216642369332672,1.797466197347907e-05,0.0006373857162471252,0.0008171325429645798,0.009485669016556888,48.766667
5373,0.2555456365880343,-182.80578146090917,-0.9021503826165143,-6.523047860846213,0.134950699876561,-0.09102453387045151,-0.6230612774940306,1.8493723263046673e-05,0.0006539252358104696,0.0008637318037014864,0.010915155945453132,48.775
5374,0.24757289807883248,-182.86698570285952,-0.8434423871081155,-6.920523861882549,0.12518570282522876,-0.09608090992682115,-0.6243392597232595,1.901308467592993e-05,0.0006709794675013172,0.0009070556244689535,0.012786890156495912,48.783333
5375,0.24016036932020576,-182.93180036258332,-0.7752305445696156,-7.325119176534024,0.11521546873330119,-0.10093493370095015,-0.6254918445506309,1.9520238377487938e-05,0.0006885542949074496,0.0009450543344376062,0.015189861128990081,48.791667
5376,0.2333944286538112,-183.00021792361133,-0.6972737805957717,-7.7274323676533525,0.10505795179356242,-0.10557312526317042,-0.6265138902395608,1.999953247973417e-05,0.0007066834252786153,0.0009756512729800709,0.01817556211461355,48.8
5377,0.22736100265134104,-183.07219138256534,-0.6095736223610484,-8.115580247481368,0.09472554831589183,-0.10998840662097015,-0.6274010946605321,2.043242468775003e-05,0.0007254288280111535,0.000997026260831319,0.021717834224491344,48.808333
5378,0.22214546733183146,-183.14755450960038,-0.5124677633750075,-8.475372263124905,0.08423164817802481,-0.11417350419589944,-0.6281496263318497,2.079825481313831e-05,0.0007448660698223646,0.001007944442711886,0.025670030897967766,48.816667
5379,0.21783556063182183,-183.22592102257587,-0.40672069333838723,-8.790791023312407,0.0736024701598157,-0.11811847874497969,-0.6287552894738503,2.107563169464703e-05,0.0007650483964897302,0.0010080389008978643,0.02973740981670561,48.825
5380,0.21450451267731446,-183.30663422761697,-0.293622680951814,-9.045688433767511,0.06287841302348483,-0.12180642579004142,-0.6292153943506971,2.1244401432691892e-05,0.000785947741611385,0.0009979321237292796,0.03348816687638874,48.833333
5381,0.2122082158839118,-183.38928482156822,-0.17478760923731892,-9.225709250419863,0.052053207348417396,-0.12524709162090267,-0.6295285079495987,2.1287994408445014e-05,0.000807386323547052,0.0009791149465598439,0.036421696307743445,48.841667
5382,0.21099409933535226,-183.4729991387596,-0.052335286592969675,-9.319407771263045,0.041164866994670056,-0.1284330437286292,-0.6296927184587028,2.119575608107994e-05,0.0008289756592448549,0.0009535721470344413,0.03808463403878548,48.85
5383,0.21088792424314493,-183.55694598520608,0.07137849487654194,-9.32044297701413,0.03023601951967577,-0.13136721948046787,-0.629707034616556,2.0964725921739472e-05,0.0008500882759692664,0.0009232760264431869,0.03820126474557828,48.858333
5384,0.21188775533970355,-183.64026335796115,0.19388772457109305,-9.228720328286473,0.019288280150197682,-0.13405090967003813,-0.6295719407196312,2.060038760824216e-05,0.0008698894209313177,0.0008897626623328051,0.0367593844455915,48.866667
5385,0.21397452862609692,-183.7220645349231,0.31280639186036324,-9.050016688842197,0.00835069697385168,-0.13648973501105474,-0.6292879553691323,2.0116164250972464e-05,0.000887431149336028,0.0008539508105568334,0.034011267471567894,48.875
5386,0.2171171623402433,-183.80154628302154,0.42601548012860335,-8.794960721674673,-0.0025490167408100148,-0.13869847396851395,-0.6288551093125193,1.9531744954009727e-05,0.0009017834738503042,0.0008162414854608375,0.030389681455628204,48.883333
5387,0.22123183226956517,-183.87817400818633,0.5318305145196698,-8.478997856549528,-0.01340463076958744,-0.14067102004015072,-0.6282789927021232,1.887064151026226e-05,0.0009121671926419917,0.0007767999856480522,0.026381036248806142,48.891667
5388,0.2262530144818312,-183.95136847733372,0.628989208074289,-8.117962364761866,-0.024183705803683776,-0.142422516477204,-0.627561541085734,1.8157604385981755e-05,0.0009180671780960959,0.0007358362030764792,0.022409297847013187,48.9
5389,0.2321033704829992,-184.020803630347,0.7167184756207436,-7.727649236655613,-0.03487030244996835,-0.14396733675090154,-0.6267056570926262,1.7416314466130972e-05,0.0009192672171793374,0.000693772150384863,0.01877158766443528,48.908333
5390,0.23869452698176993,-184.08626664835754,0.7946581950323982,-7.32258743914982,-0.045445372608881165,-0.14531720700446424,-0.6257157023224379,1.6667708487640342e-05,0.0009158409862845456,0.0006512640048062258,0.01562586631766325,48.916667
5391,0.24593776668264639,-184.1476916953944,0.8628023686984225,-6.91496076993601,-0.055894474854418355,-0.14648406953689905,-0.6245964599072411,1.5929047371063648e-05,0.0009081034008908208,0.0006091112818555467,0.013015769667100515,48.925
5392,0.25374247295882096,-184.20510166026745,0.9214084838062683,-6.514419147395502,-0.06620178006458814,-0.14747846925946378,-0.6233537824519599,1.5213632477090139e-05,0.0008965390782254681,0.0005681270480839827,0.010909965210974152,48.933333
5393,0.26202241773729734,-184.25859691623035,0.9709164907348523,-6.1280123754168425,-0.07635258428354272,-0.14831165536414553,-0.6219939295783935,1.4531000286469865e-05,0.0008817308494534433,0.0005290247124665417,0.009239033023280838,48.941667
5394,0.2706966780553896,-184.30834933905533,1.0118804832260373,-5.760496339629679,-0.08633579528605392,-0.1489937176094348,-0.620523581535178,1.3887398759409357e-05,0.000864296868248187,0.0004923493160833726,0.007922260734181329,48.95
5395,0.27968903829466146,-184.35457358653665,1.0449113933879448,-5.414761953751233,-0.09614216105292546,-0.14953281750883265,-0.6189500254721245,1.3286386891298161e-05,0.0008448434581300414,0.0004584547533717117,0.006883356058032365,48.958333
5396,0.28893730104845716,-184.3974900270883,1.0706222041276416,-5.092140967308518,-0.10576410587870498,-0.1499416704345554,-0.6172794845537743,1.2729445471456607e-05,0.0008239342926956428,0.00042751502146433183,0.006057574107352669,48.966667
5397,0.2983735071117292,-184.4373860451701,1.0896325918381697,-4.793042954697227,-0.11520000294692163,-0.15021946531580124,-0.6155205798649336,1.2216527395414712e-05,0.0008020698981633286,0.00039955492051482776,0.00539348807891159,48.975
5398,0.3079471396299205,-184.47430947838697,1.1024856730189088,-4.5170482208444325,-0.12441739548979701,-0.15039820731422443,-0.6136800498730614,1.174652912832243e-05,0.0007796844638316996,0.00037448733671790015,0.0048518535039429505,48.983333
5399,0.3175917931616687,-184.50885132563045,1.1097786907378486,-4.263296821050974,-0.13345902959265366,-0.15043237439982884,-0.6117689930264666,1.1317658797673544e-05,0.0007571410246865189,0.0003521488748690971,0.004403541413007195,48.991667
5400,0.3272669276407907,-184.54108825791317,1.1119753118398155,-4.0305415402947995,-0.14230054242485385,-0.150344494060767,-0.6097947207111624,1.092772562453918e-05,0.0007347419077448345,0.0003323314340472201,0.004027142395634645,49.0
5401,0.3369326634937233,-184.57120518750114,1.1095143333048538,-3.8173936640883706,-0.15093506468900822,-0.15014118826685874,-0.6077653679744681,1.0574341586394831e-05,0.0007127272907034893,0.00031480489344417153,0.0037070684963751107,49.008333
5402,0.3465449798909006,-184.59945501791339,1.1028065244689258,-3.6224439013191976,-0.15936505042166169,-0.14981256133396678,-0.6056909194025099,1.0255068361769366e-05,0.0006912838617271529,0.00029933450752556346,0.003431916724092379,49.016667
5403,0.3560723626681476,-184.626020721904,1.0922086247736107,-3.444237762390889,-0.16758878684591078,-0.1493593201640626,-0.6035795760955178,9.96751641394438e-06,0.0006705544519450925,0.0002856924653675044,0.003193253752300855,49.025
5404,0.3654834820574794,-184.65104607212518,1.0780408558800412,-3.2813956229566403,-0.1755999151189678,-0.14878460278075292,-0.6014402085507626,9.709405060015765e-06,0.0006506421604761954,0.00027366478128089736,0.0029847651956925337,49.033333
5405,0.3747493828741362,-184.674714025721,1.0605955151214768,-3.1326116451953814,-0.18340002501819,-0.1480819240791707,-0.5992818095523491,9.478598357653937e-06,0.0006316178405092294,0.00026305514822828045,0.002801637365949514,49.041667
5406,0.3838420203129598,-184.6971520166451,1.0401330194055793,-2.9966786298032386,-0.19098379455160144,-0.14725104670032335,-0.5971137514245765,9.273121920491682e-06,0.0006135259679771409,0.0002536865398150701,0.002640128394602901,49.05
5407,0.3927337885738308,-184.7185407242834,1.0168935377649457,-2.8724879606009974,-0.19835475519529747,-0.1462783160499331,-0.5949458446119357,9.091167135655035e-06,0.000596390048148309,0.0002454013111501519,0.00249727292517806,49.058333
5408,0.40140926552888295,-184.73893037336322,0.9910827388006597,-2.7589928465665854,-0.2055038722506222,-0.14517650679416594,-0.5927853347047677,8.931087035979636e-06,0.0005802172294392074,0.00023806040310453178,0.0023706760168606678,49.066667
5409,0.40984590748271466,-184.75845902062227,0.9628968192117806,-2.6552749056941716,-0.21243239044274365,-0.14393608314051762,-0.5906415123718851,8.791386339806856e-06,0.0005649996468666936,0.00023154197657219576,0.002258377790904894,49.075
5410,0.418026004063611,-184.77720060706463,0.932510876564578,-2.5604917766639645,-0.21913518960701314,-0.14255970376434546,-0.5885227372111638,8.670709829169898e-06,0.0005507198767921069,0.00022573993852438207,0.0021587461688319523,49.083333
5411,0.42592817334778504,-184.795300315093,0.9000905725826848,-2.473902812365535,-0.225616023396503,-0.14103101503404605,-0.5864385521614479,8.567828659167478e-06,0.0005373527494322976,0.00022056231027499842,0.0020704078823263554,49.091667
5412,0.4335388414845485,-184.8128005577524,0.8657831297157187,-2.3948190325088565,-0.23186822331894277,-0.1393564426053471,-0.5843966303764075,8.481626795292839e-06,0.0005248685300855731,0.00021592966291840727,0.00199219425732035,49.1
5413,0.4408450545678385,-184.82973804475617,0.8297254604548651,-2.3226232995955973,-0.2378852628840474,-0.13754293484924823,-0.5824045462147794,8.411087464849058e-06,0.00051323324832962,0.00021177362779440078,0.0019231061015807396,49.108333
5414,0.44782984894699507,-184.84621264435884,0.7920478587236731,-2.256781088297544,-0.24366771235584006,-0.13558002151143247,-0.5804710297665432,8.35528072646412e-06,0.0005024103898701549,0.00020803556796554742,0.001862284083360911,49.116667
5415,0.45448257391062247,-184.86227683828943,0.7528714733943157,-2.196798966570507,-0.24921293951710144,-0.13346862180276628,-0.5786031026941661,8.313352201143165e-06,0.0004923629993002866,0.0002046653837455589,0.0018089848407079447,49.125
5416,0.4607904681373043,-184.87796874098203,0.7123090200049594,-2.142240711319474,-0.2545155718863377,-0.13121155342664081,-0.5768083430314945,8.28451276039134e-06,0.0004830535115691196,0.0002016204467665284,0.0017625650544721273,49.133333
5417,0.46674262591674415,-184.89335944459629,0.6704692491584898,-2.09272084075602,-0.25957567509426344,-0.1288027848946421,-0.5750937525123552,8.268029604191116e-06,0.00047444505035389747,0.00019886468993303427,0.0017224669601976458,49.141667
5418,0.47233175862022353,-184.908447612787,0.6274539297852032,-2.0478807148500953,-0.2643858748397978,-0.1262549091072156,-0.5734651862035947,8.263218450914645e-06,0.00046650174316148463,0.00019636780161082034,0.0016882070868030272,49.15
5419,0.47754746134630804,-184.92330556363862,0.5833616605072984,-2.007420423771886,-0.2689467928407917,-0.12355988365077795,-0.5719292704949263,8.269436837275759e-06,0.0004591886891791244,0.00019410454599989656,0.001659367641400675,49.158333
5420,0.482381016530815,-184.9379664260998,0.5382859470754543,-1.9710670221499362,-0.2732548255383579,-0.12071948131520129,-0.5704919980394032,8.28607854814709e-06,0.00045247293186859963,0.00019205417649515474,0.001635588063882546,49.166667
5421,0.48682421750131694,-184.9524414859471,0.4923157952331185,-1.9385757614676442,-0.2773040446620647,-0.11774109818645949,-0.569159040416566,8.312568958270376e-06,0.00044632344648191604,0.00019019993861289964,0.0016165590288790752,49.175
5422,0.4908717387777983,-184.9667669164375,0.44554025180033435,-1.9097329962289384,-0.28109307649812443,-0.11462558255109316,-0.567935005828697,8.348361261517165e-06,0.0004407112734966357,0.00018852864699614214,0.0016020172779203183,49.183333
5423,0.49451573481818195,-184.98098797659347,0.3980436021721726,-1.8843588914773435,-0.28462007733338496,-0.11137007511142993,-0.5668250441048036,8.39293347993286e-06,0.0004356092545409622,0.00018703032941587072,0.001591741150275601,49.191667
5424,0.49774949757182924,-184.99513051815654,0.34990756871147294,-1.862293570263035,-0.2878813467729173,-0.10797697187084854,-0.5658337356519257,8.445786232428465e-06,0.00043099255423813585,0.00018569793690341826,0.001585546770550183,49.2
5425,0.5005710262792898,-185.00921546674823,0.30121593017501447,-1.843393816061592,-0.2908750139120543,-0.10445074972886526,-0.5649639633098206,8.50644112367518e-06,0.00042683852613143786,0.00018452709993497761,0.0015832851484521555,49.208333
5426,0.5029753940143299,-185.02325837378226,0.25204708593681635,-1.827541369424468,-0.29359700544378325,-0.10079664776141756,-0.5642192365300069,8.574439697133652e-06,0.00042312610906946674,0.00018351593411706894,0.0015848396260583245,49.216667
5427,0.5049585625751295,-185.0372840941417,0.20247891803920118,-1.8146398084931812,-0.2960445471638455,-0.09701722479092423,-0.5636025167300276,8.649342950243777e-06,0.0004198363490655286,0.00018266488850370014,0.0015901238850199592,49.225
5428,0.5065167996056257,-185.05133810798745,0.152589010746614,-1.8046171942525768,-0.29821670271650214,-0.09310879172536228,-0.563116385661384,8.730731305753938e-06,0.0004169522782201868,0.00018197663169337055,0.0015990802868857538,49.233333
5429,0.5076517062427665,-185.0653803214735,0.10245564677768414,-1.7973931514401476,-0.30010717558923033,-0.08909395149665658,-0.5627614624710601,8.818205020670226e-06,0.00041445887533620465,0.00018145597930670714,0.001611678528146321,49.241667
5430,0.5083650217623251,-185.0794311791108,0.05215870550714218,-1.7929204717169234,-0.30171567361960744,-0.0849773374505018,-0.5625380139049183,8.91138496583747e-06,0.0004123423862531794,0.00018110982814757213,0.0016279148748398647,49.25
5431,0.5086382937390869,-185.0934971900628,0.0017509484064417013,-1.7911859735131934,-0.30302960849923877,-0.08076472171080432,-0.5624523346700363,9.009913781476265e-06,0.0004105904237327576,0.0001809471611626816,0.0016478111163400542,49.258333
5432,0.5084811661868733,-185.10765707554754,-0.04867559680715401,-1.7921852278291361,-0.30405709772387035,-0.07644435437997178,-0.5625016041605269,9.113457417806486e-06,0.0004091945714767122,0.0001809790257766707,0.001671416394241362,49.266667
5433,0.5078936586292528,-185.12191610235274,-0.0990461598544353,-1.7959207457920068,-0.30479450413460646,-0.07202515910314025,-0.5626857021299785,9.22170687730662e-06,0.00040814645113303346,0.00018121864510976457,0.0016988040076853879,49.275
5434,0.5068777344179183,-185.13631046338992,-0.1492822887608236,-1.8024191520523176,-0.3052413321901922,-0.06750704983386772,-0.5630035879294949,9.33438034834044e-06,0.00040743924251562114,0.00018168146526833446,0.0017300729748421422,49.283333
5435,0.5054311480468013,-185.15091260904475,-0.19930942695916795,-1.8117390989479734,-0.3053964822195224,-0.06287852721625789,-0.5634552263836544,9.451225591900315e-06,0.0004070674682085481,0.00018238529079836084,0.0017653479330429404,49.291667
5436,0.5035564291504601,-185.16569485027566,-0.24905204683055127,-1.8239235256286692,-0.30525437598768174,-0.05815957251705843,-0.5640387776926371,9.572022632102373e-06,0.0004070275700024036,0.000183350455511769,0.0018047800120945254,49.3
5437,0.5012607333593382,-185.18068901869069,-0.29842490629497304,-1.839047964306592,-0.30481580763214544,-0.05335278046781977,-0.5647506679145369,9.69658669554821e-06,0.0004073172901001088,0.00018459995107263913,0.001848547735853886,49.308333
5438,0.49854684647786857,-185.1958836513102,-0.34735176495360215,-1.8571963826062268,-0.3040765836312774,-0.04847377556466287,-0.5655883989666315,9.824771415988506e-06,0.00040793517427602395,0.00018615971337649381,0.0018968564314785826,49.316667
5439,0.49541584507441155,-185.2113344940259,-0.39575425531957653,-1.878495511112294,-0.30303485276893727,-0.04351799737229579,-0.5665497106062393,9.95647233053475e-06,0.0004088812663399408,0.0001880588470051299,0.0019499403406500677,49.325
5440,0.4918724187789461,-185.22708747357711,-0.4435483107897974,-1.9030886262477023,-0.30168947105297234,-0.0384848204214266,-0.5676309490583723,1.0091630663287591e-05,0.0004101573564971193,0.00019033000130552682,0.00200806330977763,49.333333
5441,0.487924165287617,-185.243128535892,-0.49064885072900055,-1.931119326563251,-0.30003821928568547,-0.033392499086790685,-0.5688273205891342,1.0230237419792907e-05,0.0004117665496868471,0.00019300976232347988,0.002071518926655782,49.341667
5442,0.4835801263099084,-185.25947342736188,-0.536965919853948,-1.9627643453011947,-0.2980811017294214,-0.028250750916710428,-0.5701333743435972,1.0372337767651955e-05,0.0004137129999380778,0.00019613903751293315,0.002140631226080839,49.35
5443,0.4788451301070468,-185.27614480904685,-0.5824143105415737,-1.99823101046717,-0.295815891216637,-0.023067497277838918,-0.5715447154414462,1.0518035721515355e-05,0.00041600186240144696,0.00019976360489096245,0.002215754236054205,49.358333
5444,0.47372408528627297,-185.29324761612546,-0.6269001499233675,-2.0377874688284594,-0.29324174498499733,-0.01782724340568572,-0.5730566996962065,1.066749917670962e-05,0.0004186399633604315,0.00020393467496271963,0.002297273222923342,49.366667
5445,0.46822645496255094,-185.31076643307009,-0.6703295258053575,-2.081685159147175,-0.29035710890601735,-0.012551273396045058,-0.5746631426495673,1.0820965335561802e-05,0.00042163584199001304,0.00020870969361961355,0.0023856027406273274,49.375
5446,0.4623645575955929,-185.32877886276918,-0.7125939381994517,-2.1302454769808925,-0.28716355381007924,-0.007234519138384293,-0.5763568927079836,1.0978746468604952e-05,0.00042499924868909407,0.0002141529245313241,0.00248118590407105,49.383333
5447,0.4561456951681981,-185.3472851352228,-0.7535965623081744,-2.183797266803775,-0.28365852170623074,-0.0018952717878073808,-0.5781321334126709,1.1141236002938103e-05,0.00042874090801088625,0.00022033650014320312,0.0025844886585862665,49.391667
5448,0.4495818082817658,-185.3663346756438,-0.7932251579788451,-2.242729467651379,-0.2798425706798523,0.003461301266953617,-0.5799816097988205,1.1308914954599783e-05,0.0004328733429597424,0.00022734114151155022,0.0026960000708361174,49.4
5449,0.4426905401970709,-185.38593290685208,-0.8313583724388184,-2.3074529255360003,-0.27571962176161285,0.00881675189652848,-0.5818964407329094,1.148235861549763e-05,0.0004374103339327155,0.0002352573244122787,0.002816223992609745,49.408333
5450,0.4354791528525981,-185.40621026327238,-0.8678745407439525,-2.378490577945056,-0.27128648949298395,0.01418591908994483,-0.5838706303575705,1.1662243403654723e-05,0.0004423662926990511,0.0002441863360662873,0.002945670040180419,49.416667
5451,0.4279652785806092,-185.42717960533506,-0.9026401473520259,-2.456361173585126,-0.26654641512763383,0.019549616407475334,-0.5858953266215116,1.1849353876549538e-05,0.00044775782023761363,0.0002542416501092053,0.003084846472497552,49.425
5452,0.42016429906150593,-185.44885491984476,-0.9355196257579032,-2.5416407814577813,-0.26150204627988344,0.024888240924545276,-0.5879623864934861,1.2044589611462612e-05,0.00045360230754541497,0.0002655498931426118,0.0032342475790932035,49.433333
5453,0.4120912107472155,-185.47136887520233,-0.9663561721192434,-2.6350329448775263,-0.25615304141528755,0.03021189392763126,-0.5900638724028133,1.2248971463111374e-05,0.0004599183554637778,0.00027825185752932487,0.003394344838922369,49.441667
5454,0.40376521894254147,-185.4947834247359,-0.9949839107860464,-2.7372731843678317,-0.250502461390622,0.03550999547714145,-0.5921909064942262,1.2463647036382895e-05,0.00046672583518419814,0.0002925038917818732,0.0035655719228796408,49.45
5455,0.395208012826235,-185.5191478255834,-1.021223690778321,-2.8491607174321207,-0.24455541888591137,0.04076742706500529,-0.5943342297563181,1.268989462729846e-05,0.00047404525314421585,0.00030847833917404686,0.0037483190271788347,49.458333
5456,0.38643850833921817,-185.54456362624197,-1.0448824163786734,-2.971605102464943,-0.2383134820335119,0.045979978434652416,-0.5964855727846332,1.2929124470160766e-05,0.0004818973139228143,0.00032636356526771445,0.0039429368132124715,49.466667
5457,0.37749622141739675,-185.5713404090158,-1.0656782605623114,-3.1057106304424256,-0.23177917484486008,0.05119157330546646,-0.5986320653011722,1.3182876210616523e-05,0.0004903031664931428,0.0003463632885085662,0.004149762278711673,49.475
5458,0.3683768098298283,-185.5991502818335,-1.0835024922760466,-3.252293508498268,-0.22496070047857564,0.056289190488028044,-0.6007717727643261,1.3452811012511482e-05,0.0004992809030809779,0.00036869655321732325,0.004369132052679301,49.483333
5459,0.35913683373660116,-185.62852238018834,-1.0979635599697366,-3.412747352140554,-0.2178579182950835,0.06136385107907573,-0.6028888105553775,1.3740695337794635e-05,0.000508852196714663,0.0003935875713774028,0.004601629509277072,49.491667
5460,0.34977718408562153,-185.65912344894764,-1.1089164478863915,-3.5880140022791878,-0.21048691046416598,0.06630246577608681,-0.6049807899687899,1.4048373044745915e-05,0.0005190316969294357,0.00042126691627430285,0.004848137997200654,49.5
5461,0.3403638509857047,-185.69154186027507,-1.1158821956919458,-3.7796294101573245,-0.2028446546817948,0.07120072673221058,-0.6070313132416059,1.4377722350439993e-05,0.000529835702431771,0.00045195150789345957,0.005110412743689524,49.508333
5462,0.3309118934260579,-185.72568166797322,-1.1185992106206395,-3.9887411892496787,-0.19494149440905673,0.07599552433468058,-0.6090361292359106,1.4730590732311825e-05,0.0005412701163344079,0.00048583880003165273,0.005391456004918637,49.516667
5463,0.321460675617011,-185.761726088255,-1.116670756887618,-4.216641294779972,-0.1867835557206504,0.08068490804905387,-0.6109863841375407,1.5108703007007722e-05,0.000553338376815504,0.0005230753781714249,0.005696645155852536,49.525
5464,0.3120597425894938,-185.79981888711873,-1.1096549060484617,-4.464456399150103,-0.17838490474090377,0.08525902292551796,-0.6128721216096917,1.551353248515181e-05,0.0005660361022198366,0.0005637287282611991,0.006035043657326148,49.533333
5465,0.30274444445852916,-185.84010913268267,-1.097119554383664,-4.733199150109732,-0.16975080743309898,0.08970369671586477,-0.6146872561289352,1.5946125526124688e-05,0.0005793484844728703,0.0006077457169676545,0.006421322120380126,49.541667
5466,0.2935679209236366,-185.88283141839432,-1.078540072102203,-5.023582795861659,-0.16088776186963671,0.09402171218645737,-0.6164231974821406,1.6406871132130392e-05,0.0005932525518163481,0.0006549007187916034,0.006878372759756125,49.55
5467,0.28458797587757634,-185.92804493559746,-1.0534052566151273,-5.335657760679452,-0.15181941446434238,0.09818732379008926,-0.6180717009495293,1.68952062717707e-05,0.0006077144085169646,0.0007047371043540018,0.007440334063916628,49.558333
5468,0.27586084117866755,-185.9760481102449,-1.021136458886162,-5.669015636546945,-0.14254397286697879,0.10221202968256875,-0.6196260400140295,1.7409250126814577e-05,0.000622690534030189,0.0007565012689806317,0.008155851414608652,49.566667
5469,0.26745274655064627,-186.02694417407648,-0.981184915646208,-6.022055779079291,-0.13308068352527225,0.10608023769980125,-0.6210789221330894,1.7945373754722547e-05,0.0006381322387660519,0.000809089182986403,0.009090446045481529,49.575
5470,0.2594054551672674,-186.0809393018628,-0.9330737455756444,-6.392413644527322,-0.1234231669836665,0.1097825025451779,-0.6224283385761288,1.8497723564574385e-05,0.0006539906777388396,0.0008610096607829281,0.010326458881011854,49.583333
5471,0.2517808439500079,-186.13761876893815,-0.876520991296564,-6.775619650970447,-0.11364089372614289,0.11324476089529237,-0.6236696914865205,1.9057748514801414e-05,0.0006702314502227307,0.0009104018512627457,0.011958395843098425,49.591667
5472,0.24475433553673392,-186.19796571809255,-0.81054709675013,-7.16437735852135,-0.1036896983166278,0.11661454401399297,-0.6247815676405757,1.9613801585029666e-05,0.0006868422917217272,0.0009551114043206777,0.014080514103200293,49.6
5473,0.23834587495417608,-186.26148585983285,-0.7352934181477826,-7.5505757377757385,-0.0936110330426835,0.11980383835475295,-0.6257687492070453,2.0150871778579876e-05,0.0007038186142314375,0.0009928658835259441,0.01675759629588953,49.608333
5474,0.23263065330411148,-186.32814046982088,-0.6507813839398535,-7.923650280407679,-0.08341280002589577,0.12281221211410774,-0.6266274635088055,2.065067005312342e-05,0.0007212032228995824,0.0010215839294413877,0.019993882025377253,49.616667
5475,0.22769229040522934,-186.39772236125032,-0.5573274963952545,-8.270833543633492,-0.07311496658063701,0.12563822365011315,-0.627352971696123,2.1092239423505348e-05,0.0007390662064563752,0.0010397134533817244,0.023691812086476777,49.625
5476,0.22360083645871862,-186.46990835432103,-0.4556390887523795,-8.57832713905029,-0.06273490773710823,0.12827742656186655,-0.6279424701848741,2.1453136618603765e-05,0.0007574768441553854,0.0010465590751740307,0.027620960176991574,49.633333
5477,0.22042379267395712,-186.54425818905008,-0.3468068124078372,-8.831978232146257,-0.0522917826297448,0.13073009256959667,-0.6283929702361002,2.1711235011445955e-05,0.000776458872416658,0.0010424857168935284,0.03141721809550171,49.641667
5478,0.21820564536989734,-186.62024102938366,-0.232336309517875,-9.01923391667094,-0.041799179474710964,0.1329922858724733,-0.6287037403814735,2.1847005449116157e-05,0.0007959263460153194,0.0010288729789282823,0.03462785055503345,49.65
5479,0.21699378020327698,-186.69720583763726,-0.11404933993915946,-9.12958814860356,-0.0312779094516162,0.1350701134739388,-0.6288722203297533,2.1845948293076312e-05,0.0008156233610576124,0.0010077966208927,0.03680466775937354,49.658333
5480,0.216808388816792,-186.77446823643277,0.005967050974468723,-9.156908164455533,-0.020741681225856103,0.13696609209014418,-0.6288979129822894,2.1700676620888247e-05,0.0008350791092710539,0.0009815037070704065,0.03761823707081556,49.666667
5481,0.21765147892508452,-186.85125703248082,0.12549184586503437,-9.09993386352784,-0.01021236651024508,0.13868237949006892,-0.6287808981395928,2.1412167266295254e-05,0.0008536155572880361,0.0009518959509138364,0.03695184588327373,49.675
5482,0.21950400909416307,-186.9268899568211,0.24237183454537276,-8.962554714892786,0.0002982625556180929,0.14022216204150936,-0.6285222104173032,2.0989854451470094e-05,0.0008704076772176021,0.0009201976431907234,0.034932552775750414,49.683333
5483,0.2223327140354914,-187.0006905306309,0.3546303046516413,-8.752998025090967,0.010771355030305673,0.14159070140473456,-0.6281230483452478,2.0450512943832123e-05,0.0008845897280538224,0.000886921991989841,0.03188592964671586,49.691667
5484,0.22608912127320294,-187.0721188390193,0.4606111792413794,-8.482801051957576,0.02119515501816148,0.14279385036135492,-0.627585208859112,1.9816191904787012e-05,0.0008953777654988958,0.000852094529361403,0.028238546077985864,49.7
5485,0.23068853794606392,-187.14096905222084,0.5591070004518076,-8.166088128520547,0.0315874642623588,0.1438152206812008,-0.6269146090799701,1.9111680340134216e-05,0.0009021776979087344,0.0008155875749736808,0.024410663737541423,49.708333
5486,0.2360999526411022,-187.20640081126885,0.649072149322831,-7.815496288746705,0.04186551048875062,0.14469887134937065,-0.6261086394051232,1.836205782340302e-05,0.0009046604085202528,0.0007773984806884285,0.02073662509951865,49.716667
5487,0.24222316624646875,-187.26844969479663,0.7300726163062312,-7.444872052323082,0.052048465974547896,0.14543127956368793,-0.6251745458591262,1.759061756138625e-05,0.0009027572720454716,0.0007378018394018627,0.01743385292948986,49.725
5488,0.24896427108835006,-187.32735118013852,0.802030305810693,-7.065917046991758,0.062169175770598106,0.14598928442204925,-0.6241190872693628,1.6817531518809162e-05,0.0008966565361689694,0.0006973442769130649,0.01460408564361081,49.733333
5489,0.25627987484865655,-187.3824864260712,0.8648457653940651,-6.687410906474563,0.07213555218442198,0.1464334300605459,-0.6229415906389233,1.6059176827680855e-05,0.0008867439919869705,0.0006567444648339165,0.01226150363242953,49.741667
5490,0.26406795740392336,-187.43424644495263,0.918897796018489,-6.317245160815996,0.08197873435323064,0.14673624430614743,-0.6216514090684337,1.532797848889293e-05,0.0008735191376073335,0.0006167698761586682,0.010367352158391432,49.75
5491,0.2722415002024833,-187.48311540544745,0.9646902341265039,-5.9608361910409196,0.0917377645755151,0.14686105620290296,-0.620256822129072,1.4632719340016731e-05,0.0008575551889850003,0.0005781245466398394,0.008856248965071095,49.758333
5492,0.2807659529067629,-187.52853577567302,1.0025295052870178,-5.621424052678505,0.10130964015040936,0.146891575238461,-0.6187582198343373,1.3979043417311314e-05,0.0008394413594303962,0.0005413781910864266,0.007656642227427607,49.766667
5493,0.2895474144847484,-187.57139066049302,1.0331110012069722,-5.301482356073157,0.11077926848723973,0.14674754522794373,-0.6171674200077356,1.337002346224787e-05,0.0008197283700856307,0.000506935887208588,0.006702777349351425,49.775
5494,0.29853968828598854,-187.61145195189258,1.0568800777721836,-5.0020327925930195,0.12008137267269832,0.14647910901260167,-0.6154891121993263,1.2806778304630877e-05,0.0007989278686722213,0.0004750416815518065,0.005938637091495958,49.783333
5495,0.3076926409357459,-187.64886610442613,1.0743525936616327,-4.723318855632378,0.1292031604126553,0.1460989539410125,-0.6137297057114993,1.2288984616320463e-05,0.0007774838161733429,0.0004457970216667542,0.0053196841813577585,49.791667
5496,0.31693935760446473,-187.6841092610544,1.0860911177226504,-4.465138160487168,0.1381719841958794,0.14556552725610897,-0.6119000676042001,1.1815323629292321e-05,0.0007557719387095742,0.0004191914142254203,0.004811674957678809,49.8
5497,0.3262410247189686,-187.71726337562663,1.092541365088316,-4.226703984019457,0.14696813860064648,0.1448951958862298,-0.6100067713733613,1.1383840711339754e-05,0.0007341078030233253,0.0003951333766580753,0.004388821789294364,49.808333
5498,0.3355561472871782,-187.74850712571143,1.094135879643179,-4.007036834458964,0.15558518103563487,0.14408824604312034,-0.6080578438523148,1.0992207664576337e-05,0.0007127432045319146,0.000373477147956234,0.0040320621007295925,49.816667
5499,0.34484436960555365,-187.77801380607866,1.0912736332434705,-3.805033487379076,0.16401661128527278,0.1431429454842788,-0.6060620109003538,1.0637921685647127e-05,0.000691875270925145,0.000354045382334484,0.003727352630676073,49.825
5500,0.35407216363461463,-187.80596747964523,1.0843173279791136,-3.6194935463580453,0.17226090698348837,0.1420549519226582,-0.604027386163473,1.0318444261436963e-05,0.0006716544069636631,0.00033664621204302394,0.003464326984362217,49.833333
5501,0.36321006501232994,-187.83248358901704,1.0735895579574997,-3.449214078018798,0.18030921484391707,0.1408295955308392,-0.6019618964195246,1.0031293271572926e-05,0.0006521903805576681,0.0003210854605593671,0.0032352796617041075,49.841667
5502,0.3722238967467302,-187.85776225307492,1.0593967224624943,-3.293057780829661,0.18816297304535268,0.13945231020857854,-0.5998752048786684,9.774101305813439e-06,0.0006335589428560145,0.0003071748081809247,0.003034416239451753,49.85
5503,0.3810868441584181,-187.88188754709165,1.042004225242088,-3.1499125601807263,0.19581122149300972,0.13792906815264397,-0.5977759198662647,9.544649871300601e-06,0.0006158098498110934,0.0002947369676111444,0.0028573032039002928,49.858333
5504,0.38977465702147696,-187.9049593786855,1.0216552980609346,-3.0187275827877063,0.20324718415085563,0.1362619408302359,-0.5956725428387022,9.340884375948652e-06,0.0005989706555094446,0.00028360843020852844,0.0027004952916892637,49.866667
5505,0.39826390175189075,-187.92713398245147,0.9985766628765315,-2.8985308109261356,0.2104726667714284,0.13443921484663204,-0.5935738089989688,9.160917651276212e-06,0.0005830512273069782,0.00027364073108311355,0.002561265406563738,49.875
5506,0.4065343997533157,-187.948425277452,0.9729653119375754,-2.788419311967844,0.2174722979343835,0.1324773193354111,-0.591488015236862,9.003025682718874e-06,0.0005680479083380361,0.0002647006354931197,0.0024374143779993117,49.883333
5507,0.4145621120942438,-187.96900514831876,0.9450140459160717,-2.6875913417456543,0.22425039267891453,0.13035617112389167,-0.5894247557655441,8.865638307553126e-06,0.000553946435178317,0.0002566696325307211,0.0023271418127913425,49.891667
5508,0.4223338858430392,-187.9888735539973,0.9148882634292401,-2.595271121436786,0.2307943656822095,0.12809443081682462,-0.5873910879806232,8.7473276164657e-06,0.0005407257392365481,0.00024944304409233066,0.0022289478962413656,49.9
5509,0.42983038713070887,-188.00816596642898,0.8827499959136538,-2.5107922614240055,0.23710655814528028,0.12567700546291444,-0.5853958345071935,8.646794407931237e-06,0.0005283580725393816,0.0002429289184175378,0.002141572780617484,49.908333
5510,0.43703677329200424,-188.02689447074928,0.8487428482755669,-2.4335305800027123,0.24317603881550082,0.12311692656660105,-0.5834467835328225,8.562855262194654e-06,0.0005168124827280285,0.00023704686254245934,0.0020639435178158084,49.916667
5511,0.44393629224609454,-188.0451604370911,0.813005447366412,-2.3629411966910507,0.24900238115253231,0.12040435203442142,-0.5815523354501642,8.494429590090318e-06,0.0005060555008168147,0.00023172688781943326,0.001995140935318108,49.925
5512,0.4505181859167935,-188.06294359888773,0.7756625657740454,-2.2985035484776604,0.2545736797713896,0.11755973244438715,-0.5797192972044817,8.440527753496319e-06,0.0004960528314754912,0.0002269082865812975,0.0019343714326288933,49.933333
5513,0.45676977198049856,-188.08032012366172,0.7368360448457492,-2.239770187162104,0.2598890718286794,0.11457840123692763,-0.5779549921836624,8.400240006450445e-06,0.0004867692972212581,0.00022253862487563088,0.0018809486411438458,49.941667
5514,0.462677614927407,-188.0972945578175,0.6966370129365841,-2.186335509407379,0.26493909011167455,0.11147290342258553,-0.576266937286304,8.37272680055496e-06,0.00047817013287388977,0.00021857279917646046,0.0018342761660516424,49.95
5515,0.4682240120678531,-188.11400171155663,0.6551745317943728,-2.1378712925178007,0.26972665755007924,0.10821968107697971,-0.5746638526220865,8.357210211437824e-06,0.00047022175276399594,0.0002149722215032992,0.00179383539294702,49.958333
5516,0.47340603023419087,-188.1304491267964,0.6125541817258906,-2.0940259210391186,0.2742479993073695,0.10483081154814695,-0.5731501099206577,8.35296655567378e-06,0.0004628928289358216,0.0002117040626045009,0.0017591743601284853,49.966667
5517,0.4782140420226469,-188.14666878331738,0.568874249115242,-2.0545113801993105,0.2784986599785404,0.10130990040688556,-0.5717318542338745,8.359319747132254e-06,0.00045615218571745046,0.00020874062644226567,0.0017299018790475167,49.975
5518,0.4826381879399696,-188.162694432595,0.5242287133538919,-2.019075213973683,0.2824742224827607,0.09765950470618372,-0.570415153593681,8.375636005711875e-06,0.00044997043836565064,0.0002060588048468214,0.0017056797271856037,49.983333
5519,0.4866698515407589,-188.17857442715302,0.47870939397078927,-1.9874961867059786,0.286172209063935,0.09387776191595124,-0.5692055386704521,8.401319360890592e-06,0.0004443202366070524,0.00020363959965044164,0.0016862170645126594,49.991667
5520,0.49030486048496624,-188.19428277517207,0.43240505399919316,-1.9595557169615143,0.28958547571968724,0.0899844540599528,-0.5681069995658694,8.43580796170402e-06,0.0004391762081456894,0.00020146771328755238,0.0016712658141974468,50.0
5521,0.49353694137343035,-188.20985656540805,0.38540253705069577,-1.935081306900004,0.2927119142012648,0.08598082355722352,-0.5671239246770083,8.478571099088196e-06,0.0004345144513975501,0.00019953120408736097,0.0016606172662974562,50.008333
5522,0.4963596117812233,-188.225343326595,0.33778637088878466,-1.9139288217079522,0.295549866890804,0.08186452744578736,-0.5662605301474808,8.529106970463172e-06,0.00043031302373480686,0.00019782119501818033,0.0016540984360428688,50.016667
5523,0.4987679259058419,-188.24072974533348,0.2896373940882614,-1.8959602243224547,0.29809326658407365,0.07765110855358848,-0.5655203112476468,8.586941026526263e-06,0.0004265520316889223,0.0001963316372767676,0.001651569361086026,50.025
5524,0.5007574733017492,-188.256100779065,0.24103956416007152,-1.8810813179052728,0.3003440157030212,0.07332682379607375,-0.5649063301286001,8.651624846846511e-06,0.00042321344815845135,0.00019505911027199716,0.0016529212567331336,50.033333
5525,0.502324967129563,-188.271427242227,0.19207080380006597,-1.869189414999031,0.3022955059655639,0.06891190443247278,-0.5644210212035989,8.722735513821166e-06,0.00042028107567331744,0.00019400267976554258,0.0016580742085514492,50.041667
5526,0.5034657936046668,-188.28676813124503,0.142810147120628,-1.860226281605193,0.30394678823001836,0.06439992111624068,-0.5640669399644678,8.799875427255004e-06,0.00041774043515121974,0.0001931637678100165,0.0016669763923237335,50.05
5527,0.5041798294469507,-188.30211085439245,0.09333689489455228,-1.8541252047943915,0.3052942194731332,0.05980656671517731,-0.5638449492635662,8.882672537634398e-06,0.00041557896837006534,0.0001925460878421386,0.0016796026206956675,50.058333
5528,0.504466113897838,-188.31749111247598,0.043730431551118325,-1.8508525786402816,0.3063367703948275,0.05513276423630782,-0.5637558639054059,8.97078091109273e-06,0.0004137854519574276,0.00019215557940752132,0.0016959537558304877,50.066667
5529,0.504320791216839,-188.33294018859687,-0.005934622931526783,-1.850398025753159,0.30707108133746935,0.050380488462523305,-0.5638010908685038,9.063881665098801e-06,0.0004123501922954444,0.00019200040790413018,0.001716055976088387,50.075
5530,0.5037440779586236,-188.3484916032313,-0.0555791141945862,-1.8527617540032313,0.30749571360161365,0.04555154453636567,-0.5639804567385167,9.161684231746726e-06,0.00041126543129009165,0.0001920909836715363,0.0017399608904446005,50.083333
5531,0.5027378914790119,-188.36413912777172,-0.1051247001961704,-1.857947682753687,0.30760807778567884,0.040660234722734,-0.5642929456136165,9.263927882849802e-06,0.00041052479622088415,0.0001924400121076141,0.001767745152727537,50.091667
5532,0.5013020458651943,-188.3799114408049,-0.15449450937194328,-1.8659917793005787,0.30740595394750864,0.03571015733142889,-0.5647378832847915,9.370383546027658e-06,0.00041012315235530733,0.00019306255529036488,0.0017995107837467006,50.1
5533,0.49943994430494226,-188.39582277886873,-0.2036080821970779,-1.8769377682245663,0.30688830751525487,0.030709841040766173,-0.5653131743110833,9.480855906076939e-06,0.00041005694767779264,0.00019397616319713097,0.0018353856079757077,50.108333
5534,0.49715086106633855,-188.41193293914694,-0.2523879212665517,-1.8908698186977793,0.3060528721868944,0.02565389218405794,-0.5660176939972471,9.595185746099122e-06,0.00041032379274663297,0.0001952010151837102,0.0018755234300972489,50.116667
5535,0.49443949820491934,-188.4282481002839,-0.30075219182644936,-1.9078661900513574,0.3048983401453908,0.02055409872456627,-0.5668483429262243,9.713252581118672e-06,0.0004109230676250252,0.00019676014212567918,0.001920104985287171,50.125
5536,0.4913129315701784,-188.44475418334554,-0.34861732512708765,-1.9280149303815919,0.30342456728936684,0.01542877181301511,-0.5678010194087383,9.83497751890065e-06,0.000411855253483716,0.0001986796176193736,0.001969338327335632,50.133333
5537,0.4877690791231583,-188.4615586773325,-0.3959040188846763,-1.9514810926667445,0.30162804407248156,0.010259469536409601,-0.5688741328183596,9.960326372211442e-06,0.00041312175632355296,0.00020098880742235874,0.002023459408537687,50.141667
5538,0.48381884852327395,-188.4786396084164,-0.44252227979033526,-1.9783897110333037,0.29951006579619305,0.005068076224386139,-0.5700618806464295,1.0089313089463251e-05,0.000414726184562876,0.00020372080263331114,0.0020827334801853175,50.15
5539,0.4794650424272523,-188.49604348278623,-0.48838854510587687,-2.0089263148369074,0.2970681367620355,-0.0001438604250543961,-0.5713606690181875,1.0222003395763959e-05,0.0004166726944941077,0.0002069126768329928,0.0021474544222244867,50.158333
5540,0.47471414410985485,-188.51380970608017,-0.5334128592525987,-2.043296061166218,0.29430133299659916,-0.005371740159049141,-0.5727655562968924,1.0358518737675697e-05,0.0004189672185119941,0.00021060597495241247,0.002217946497262309,50.166667
5541,0.4695775183994718,-188.53192442670883,-0.5775010218769597,-2.081706050786676,0.29121174073933515,-0.01059464712443242,-0.5742699610669838,1.0499040501490471e-05,0.0004216170448152248,0.00021484720320747404,0.002294563854643331,50.175
5542,0.4640603503451866,-188.5504676088316,-0.6205588499434996,-2.124439418591972,0.28779724722153044,-0.015818384795142477,-0.5758689398380349,1.0643814466046653e-05,0.00042463031441817797,0.0002196883115443924,0.002377689898681208,50.183333
5543,0.4581802126845385,-188.5694621714857,-0.6624754914572474,-2.171775602938517,0.2840629902327522,-0.021031397333632722,-0.5775538161783906,1.07931555515749e-05,0.0004280169900666217,0.00022518744304128385,0.0024677371072052666,50.191667
5544,0.4519370283752802,-188.58899855279833,-0.7031589036898508,-2.224082930082148,0.28000238237395947,-0.026239646898569453,-0.5793208605527213,1.0947452782653939e-05,0.000431787319107323,0.00023140959871173692,0.0025651419268178915,50.2
5545,0.44534480924435044,-188.60906679439017,-0.7425004846977787,-2.2817121049509703,0.2756189743865237,-0.03141989622632478,-0.5811621836933714,1.1107174535811624e-05,0.000435954387772096,0.00023842743680227324,0.0026703684662825575,50.208333
5546,0.4384157924939741,-188.62972629511245,-0.7803843402967602,-2.345091354103858,0.270913823399363,-0.036567394486210686,-0.5830703547837333,1.1272873898329359e-05,0.000440532228926033,0.00024632193785808983,0.002783902599051865,50.216667
5547,0.4311623146038154,-188.65103144626056,-0.8166902532449497,-2.4146977119394846,0.26588798116967904,-0.04167452007889745,-0.58503788639857,1.1445194003620409e-05,0.0004455362291720354,0.00025518340674496944,0.002906247344821307,50.225
5548,0.4236002606634411,-188.67302709075273,-0.8512877952256857,-2.4910548892236486,0.26054494483619745,-0.046729975427635864,-0.5870563463525759,1.162487329443471e-05,0.00045098323733783825,0.0002651123390439014,0.0030379189198289306,50.233333
5549,0.41573873963086955,-188.69591730853818,-0.8840323406965768,-2.574839432894597,0.25487632322542114,-0.051761015285236196,-0.5891191473986669,1.1812750407569055e-05,0.000456891172068588,0.00027622027709636287,0.0031794410156830402,50.241667
5550,0.4076035540679253,-188.71956374374753,-0.9147839341086145,-2.6665972214887006,0.2489000259124691,-0.0567063926479163,-0.5912154216608635,1.2009768577796929e-05,0.0004632800528170147,0.00028863108275586474,0.003331339190091884,50.25
5551,0.399205821942464,-188.74415859354102,-0.9433801148391059,-2.767137799690689,0.24260929775341158,-0.06158649443696631,-0.5933383057097882,1.2216978639970678e-05,0.0004701696619197519,0.00030248044569979764,0.0034941461146957963,50.258333
5552,0.3905663647242476,-188.76981490958661,-0.9696388340487911,-2.8773003447234298,0.23600607109848376,-0.06639918131815727,-0.5954786274929906,1.2435540190917097e-05,0.000477581731112957,0.0003179171641664365,0.0036684055883973218,50.266667
5553,0.3817062997711183,-188.7966280909727,-0.9933674982257754,-2.997999166347374,0.22909328804572515,-0.07113525115852437,-0.5976274375319561,1.2666720374440752e-05,0.0004855384026271414,0.00033510273382027895,0.003854690487958532,50.275
5554,0.37265728193007436,-188.8246224323372,-1.0143503902727335,-3.130171205657041,0.2218853958235107,-0.07576909512298156,-0.5997736473207943,1.2911888526330739e-05,0.0004940620827373944,0.0003542101298737675,0.0040536508805319015,50.283333
5555,0.3634392376733524,-188.85394625124695,-1.0323609057943208,-3.274936134194094,0.21438176353827354,-0.08029936500076623,-0.6019094484377975,1.3172504798010482e-05,0.0005031736244445386,0.0003754211872830898,0.004266097180020293,50.291667
5556,0.35407558189850585,-188.8846674943342,-1.0471606882457138,-3.4334492199728075,0.20659012400691107,-0.08470461690910686,-0.6040266229340315,1.3450100935310623e-05,0.0005128938535432906,0.0003989227787504603,0.004493160348869166,50.3
5557,0.34459551353060014,-188.91692579806667,-1.0584672086664921,-3.6069860675255456,0.1985162672763163,-0.08897750509270048,-0.6061161669928931,1.3746250329322748e-05,0.0005232425268764255,0.0004248994842617603,0.004736561402234783,50.308333
5558,0.33503072799074923,-188.95089563880367,-1.0659624435413073,-3.7969130213562123,0.19016421608642783,-0.09311462618031965,-0.6081691787550022,1.4062522953083295e-05,0.0005342367657465147,0.00045352387163182206,0.004999020648644536,50.316667
5559,0.3254104949447878,-188.98667731007052,-1.0693233681175969,-4.004604771426988,0.1815436377028138,-0.09709411236913494,-0.6101779688163769,1.4400420457324247e-05,0.0005458899211840584,0.0004849419163316384,0.005284904875428036,50.325
5560,0.31578000496232117,-189.0244436589268,-1.068148042884788,-4.231440226010365,0.17266656770324143,-0.10090970315762761,-0.6121323393533635,1.4761285267757882e-05,0.0005582112299038594,0.0005192513484710612,0.005601235647464281,50.333333
5561,0.306180904621551,-189.06443438496393,-1.0619981283753734,-4.4788036590059965,0.16353594737951535,-0.10456206177392263,-0.6140238446740247,1.5146175499968308e-05,0.0005712022537590684,0.0005564745196752242,0.005959070713373751,50.341667
5562,0.29665497097043897,-189.10675712723128,-1.0504355721104373,-4.747842802025322,0.15416810589453117,-0.10802612123641524,-0.6158450007359871,1.555569793589006e-05,0.0005848569394655619,0.0005965226189476588,0.006375459011493643,50.35
5563,0.2872575055537342,-189.15167600788044,-1.0329224315567918,-5.039486161677564,0.1445695680704476,-0.11130430758910013,-0.6175868390566911,1.598979093437933e-05,0.0005991615646032852,0.0006391493385354424,0.006876040135563697,50.358333
5564,0.2780412720625216,-189.19937979562997,-1.0089212626238033,-5.354177756400902,0.13475232832316122,-0.11438324552114525,-0.6192421140648756,1.6447448708686306e-05,0.0006140929823037811,0.0006839007844457463,0.007498001058031251,50.366667
5565,0.26906917519503726,-189.25006822385703,-0.9778490885571861,-5.691626199602062,0.12473062814825102,-0.11725356277787459,-0.6208030163374191,1.6926384451915104e-05,0.0006296214006445308,0.0007300603002559507,0.008293214396770185,50.375
5566,0.2604044507691517,-189.30389294007287,-0.939135899473578,-6.050556664244613,0.1145221494651048,-0.11989968887212221,-0.6222630107649502,1.7422636832661326e-05,0.0006457126991466768,0.000776600559496295,0.009330369845164341,50.383333
5567,0.2521182938857426,-189.36105389863565,-0.8921970864898976,-6.428378322116672,0.10413904941561794,-0.12231621632204265,-0.6236155179976447,1.7930139768471248e-05,0.0006623351821330767,0.0008221569490677987,0.010694497573394942,50.391667
5568,0.24428748016671858,-189.4216586928765,-0.8365130943735726,-6.820699663497043,0.09360179809445002,-0.12449199368880097,-0.6248543506905216,1.844029794009884e-05,0.000679467159529191,0.0008650439200389695,0.012480918538678918,50.4
5569,0.2369895275563705,-189.4859049038975,-0.7716286699196748,-7.221191086533502,0.08291300588205756,-0.12642787244586048,-0.6259743918088145,1.894163950086208e-05,0.0006971063711350411,0.0009033361242185707,0.014780390190668643,50.408333
5570,0.23031381257552416,-189.55372435598935,-0.6972887812492813,-7.620768342464073,0.07210346879428833,-0.12811146128088244,-0.6269697408586065,1.9419656044439542e-05,0.0007152787374587081,0.0009350379150680468,0.01765248419568366,50.416667
5571,0.22434486690404923,-189.62503078454864,-0.6134739904324009,-8.00799995420302,0.06119319925040476,-0.1295368569547431,-0.6278360516343313,1.9856963206545398e-05,0.0007340382445896955,0.0009583332795667323,0.021087470021824123,50.425
5572,0.2191706068482777,-189.69959171358096,-0.5204833408533964,-8.369017210713048,0.05020812549444493,-0.13070104097031304,-0.6285689259736045,2.0233928424577592e-05,0.0007534568876230756,0.000971897576326402,0.024963896333685082,50.433333
5573,0.21486798368438942,-189.77711234378626,-0.4190007182604993,-8.688571757819451,0.03916369515815975,-0.13160340076454552,-0.6291655287480118,2.0529873579790557e-05,0.000773592666074144,0.0009751828804454163,0.029017420875001435,50.441667
5574,0.21150956819646755,-189.85709133283626,-0.3101600060168461,-8.950857961298938,0.02808509972165895,-0.1322439941642506,-0.6296231141382201,2.0724859366789925e-05,0.0007944383551054532,0.0009685787307780239,0.032844084968753844,50.45
5575,0.20915765074673304,-189.9389379362583,-0.19551787715586574,-9.14121687710802,0.016991221763677542,-0.13262821679217893,-0.6299393361026953,2.0801888645175054e-05,0.0008158529035768487,0.0009533422492468788,0.03595617126013205,50.458333
5576,0.2078536179883519,-190.0218970607285,-0.07704998271759972,-9.248191583623845,0.005906168142105168,-0.13275928786585278,-0.6301131655022206,2.0749171562759266e-05,0.0008374964734064497,0.000931285534663839,0.03788938506151445,50.466667
5577,0.20762282771709112,-190.10514386719566,0.04299945224776863,-9.264906857468377,-0.005147671825417736,-0.13264532429952955,-0.6301438185781485,2.0561980904283917e-05,0.0008587969204200506,0.0009043126941651543,0.038331058073885045,50.475
5578,0.2084733369019274,-190.18784464480922,0.1622752925460214,-9.190080139203962,-0.016152394835762283,-0.13229868806425862,-0.6300306896918163,2.024361906152706e-05,0.0008789672221918422,0.0008739825229806341,0.037215308623765875,50.483333
5579,0.21038125061491697,-190.26911284890562,0.27844502605624855,-9.02880900724895,-0.027080938260686294,-0.13172799413109368,-0.6297752543734308,1.980520142701003e-05,0.000897083295303465,0.0008412794148386208,0.03474093547402161,50.491667
5580,0.21331370086084483,-190.34821840406127,0.38944717302322923,-8.790905019949784,-0.03791931517030585,-0.13094938412358464,-0.6293781828206861,1.926430365773554e-05,0.0009122113526169043,0.0008066544003306152,0.03130419832173945,50.5
5581,0.2172099977476649,-190.42450404409493,0.4935617683171795,-8.490286727157676,-0.04864815111509119,-0.12997431275832716,-0.6288422282990256,1.8642779353980954e-05,0.0009235393050686154,0.000770261756950164,0.02737970167024764,50.508333
5582,0.22200346852773098,-190.49743835448348,0.5895048514343528,-8.142440649000262,-0.05924888749997405,-0.12882090554307554,-0.6281697671020768,1.796428085300681e-05,0.0009304893423702369,0.0007322417004417107,0.023403256384749917,50.516667
5583,0.22761502771158865,-190.5666510153328,0.6764442561804018,-7.763084412123503,-0.06970576712217123,-0.1275059917771028,-0.6273642010561705,1.7251967577781004e-05,0.0009327734561678401,0.0006929144270372056,0.019696868550068778,50.525
5584,0.2339605234055829,-190.63191618368626,0.7539625812782651,-7.366666621257756,-0.08000491511228107,-0.1260469657320013,-0.62642947620912,1.652675975756939e-05,0.0009303970290449427,0.0006528335602206913,0.016446281600898092,50.533333
5585,0.24094952685228432,-190.69315663472966,0.8219991867192179,-6.965613373175066,-0.09013514177747887,-0.1244570922554952,-0.6253707708872082,1.5806273400212572e-05,0.0009236171596460857,0.0006127232789475208,0.013718718539217528,50.541667
5586,0.24849517778015384,-190.75039979889698,0.8807602887555406,-6.569743782571813,-0.10008712250361164,-0.12275021330471712,-0.6241934521593394,1.5104399435703863e-05,0.0009128782437323901,0.000573360832459135,0.011499040253677609,50.55
5587,0.2565186471261458,-190.80373377491065,0.9306303018895384,-6.186278007730087,-0.10985225535741784,-0.1209435819906448,-0.6229025964339536,1.4431371286810973e-05,0.0008987391073682827,0.0005354632111468728,0.009726872175753971,50.558333
5588,0.2649396110055547,-190.85330429799535,0.9721173001651007,-5.820324619918603,-0.1194207847983553,-0.11905101194268623,-0.6215046624037243,1.3794144309326133e-05,0.0008818069672091849,0.0004996097546141893,0.008325086158740034,50.566667
5589,0.27368435801742347,-190.89932186628903,1.0057966216980128,-5.475054459639923,-0.12878749270121556,-0.11708305370921282,-0.6200063329788333,1.3196938166005857e-05,0.000862689796995692,0.0004662068322087827,0.0072174144134320335,50.575
5590,0.282688680132578,-190.94197156329525,1.0322521800653248,-5.152112176900489,-0.137944141982116,-0.11505680912170278,-0.6184139851616796,1.2641813922067676e-05,0.0008419610762081032,0.0004354882595289074,0.006337302523074158,50.583333
5591,0.2918840530308932,-190.98143960584108,1.0520711346401963,-4.852165795074578,-0.14687775773428052,-0.11298678011553341,-0.6167361060275895,1.2129213826170107e-05,0.0008201375649042645,0.00040753779162956087,0.005630826425072139,50.591667
5592,0.3012102770074477,-191.01827319367462,1.0658627542538814,-4.574907235614185,-0.15561729508330716,-0.11083336617776465,-0.6149810851470642,1.165843275013683e-05,0.0007976727870554702,0.0003823213985823496,0.0050562450235322335,50.6
5593,0.3106196053319044,-191.05253986208712,1.0741206232403315,-4.319563442001935,-0.16414152726208617,-0.10862560697419321,-0.6131562192570161,1.1227996763818215e-05,0.0007749527367814873,0.00035972179860011173,0.004582175018009768,50.608333
5594,0.32006629270044795,-191.0844886054577,1.0773269613075769,-4.085012544340398,-0.17245006880090344,-0.10636299364484782,-0.6112694986906101,1.0835955948379094e-05,0.0007522957724469934,0.0003395674808194909,0.00418547788139727,50.616667
5595,0.32950680592784487,-191.11433670342026,1.0759199992756914,-3.869970461844247,-0.18053945096515422,-0.10404595584096352,-0.6093295154465611,1.0480104979578141e-05,0.0007299588969034152,0.00032165735192322135,0.003849192567300085,50.625
5596,0.338902270852627,-191.14229710038867,1.0702962225935972,-3.6730604171806243,-0.1884076612388571,-0.10167237627073483,-0.6073448721821616,1.0158140925411535e-05,0.0007081450441412338,0.00030577878630979536,0.00356087646688135,50.633333
5597,0.3482198912600181,-191.1685591728888,1.0608095936772153,-3.4928821168338597,-0.19605314336853802,-0.0992414602869126,-0.6053237234830935,9.8677710394169e-06,0.0006870097951813663,0.0002917202402802845,0.003311338524837613,50.641667
5598,0.3574257258240642,-191.19330960152598,1.0477823152366208,-3.3280989993542653,-0.20347321554358924,-0.09674803502729702,-0.6032752116163145,9.60678272383879e-06,0.0006666675959319089,0.0002792794243252318,0.0030937100107333495,50.65
5599,0.3664944131572125,-191.21668019473327,1.0314968939419684,-3.177412661189509,-0.2106643567764902,-0.09419612434437853,-0.6012072285147992,9.373086623491129e-06,0.0006471995528572125,0.0002682681818149583,0.0029027720156088385,50.658333
5600,0.37539829431823224,-191.23882761655042,1.0122135290406986,-3.0396315993234153,-0.2176242243141113,-0.09158047832088868,-0.5991287221108654,9.164738418889171e-06,0.0006286577068671526,0.0002585148745349327,0.002734493248911326,50.666667
5601,0.384110986979139,-191.2599592951942,0.9901718677800193,-2.9136560362127075,-0.2243554172731191,-0.08888088052477601,-0.5970488660849672,8.979947901525345e-06,0.0006110716862349773,0.00024986524472268064,0.0025856968396031185,50.675
5602,0.39261188735567026,-191.28010687832608,0.9655756739109855,-2.7984653764174374,-0.23084763295232985,-0.08611376606188381,-0.5949758838229879,8.817078195060606e-06,0.0005944533319946724,0.0002421821546395507,0.0024538322634422363,50.683333
5603,0.4008847768960783,-191.29935764334004,0.9386144241163051,-2.693120656003009,-0.23709851269877769,-0.08328251856633438,-0.5929172202367509,8.67463874856317e-06,0.0005787996173714735,0.0002353446611954576,0.0023368218864244996,50.691667
5604,0.4089113804298174,-191.3177374840453,0.909459096373581,-2.596781671927324,-0.2430997578175075,-0.08040271776965507,-0.5908810568975134,8.551274976976488e-06,0.0005640955178282272,0.00022924679695637164,0.0022329480009849884,50.7
5605,0.41666891967741965,-191.3354174020093,0.8782763173099845,-2.508713835976044,-0.24885250296993636,-0.07745228264034403,-0.5888769721727944,8.44575639619643e-06,0.0005503178034601998,0.00022379622696471754,0.002140771481652886,50.708333
5606,0.42414297324261246,-191.35255911771023,0.8452188220544203,-2.4282378781717044,-0.25436077720014044,-0.07440903591585014,-0.586912602584247,8.356964112671641e-06,0.0005374384603184915,0.00021891284116031198,0.0020590709775818936,50.716667
5607,0.43132330262087715,-191.36912172345563,0.8104179563544757,-2.35472071505135,-0.2596153727957424,-0.07130039033721162,-0.5849945514463267,8.283877973413449e-06,0.0005254248613642524,0.0002145273632678326,0.0019868040523709474,50.725
5608,0.43819222674151714,-191.38527167517657,0.7740064603758225,-2.2876368645091834,-0.2646182716680226,-0.06809836563749062,-0.5831314565112495,8.225564568336051e-06,0.0005142408762179316,0.00021058013101724304,0.0019230775286651234,50.733333
5609,0.44473593759355357,-191.40105811771645,0.7361031354996439,-2.2264977791007348,-0.26936456003568193,-0.06480384874568594,-0.5813309794433201,8.181166435965233e-06,0.0005038498359022079,0.00020701995372442186,0.0018671192590392195,50.741667
5610,0.45094790854737515,-191.41644334347936,0.6968179689436106,-2.1708401760639524,-0.27384803722265344,-0.06144150281432668,-0.5795987464765753,8.149892030455252e-06,0.0004942147641003515,0.00020380310275690483,0.0018182612268744997,50.75
5611,0.45681337293001106,-191.43155874267148,0.6562600440551285,-2.120293940379214,-0.27806870648293136,-0.05798835386585416,-0.5779426078485976,8.131006769505731e-06,0.00048529802261545877,0.00020089241954347026,0.0017759260351107088,50.758333
5612,0.4623250212049605,-191.44640128939264,0.6145298789653008,-2.074496821831472,-0.28202212875434646,-0.05445799116679731,-0.5763682492703288,8.12382548326512e-06,0.0004770636121105166,0.0001982565331414402,0.0017396123171836645,50.766667
5613,0.4674718357450897,-191.461013258871,0.5717233309296259,-2.0331424233141187,-0.2857045362872193,-0.05085056722254454,-0.5748822926774232,8.127705682326053e-06,0.000469476350225954,0.000195869190901709,0.0017088867366253579,50.775
5614,0.47224766382524613,-191.475445159051,0.5279354839163882,-1.9959531669236856,-0.28911507234832473,-0.047163660710883265,-0.57348982268683,8.14204199758484e-06,0.0004625029935653462,0.00019370867945980904,0.0016833751684218593,50.783333
5615,0.47664186197428626,-191.48975665839237,0.4832548772145676,-1.9626961467856512,-0.29225032207265356,-0.04339098188542942,-0.5721970679892101,8.166261456326302e-06,0.0004561117409243939,0.00019175732409133008,0.0016627563562433799,50.791667
5616,0.480652002978454,-191.50388861364053,0.43776762556317633,-1.9331304033517167,-0.2951062040612668,-0.03956128201912113,-0.5710076584123488,8.199819720531612e-06,0.00045027323312259637,0.00019000107589077793,0.0016467560201974827,50.8
5617,0.4842668770554221,-191.5179559425919,0.3915574204947952,-1.9070943898821529,-0.29768104744330237,-0.03565136930644805,-0.5699276151719915,8.24219798152716e-06,0.00044495942796733977,0.00018842914990994125,0.0016351431684640688,50.808333
5618,0.48748413464933793,-191.53191986494997,0.34470626117546355,-1.884404889114086,-0.29997175678134047,-0.031683668149955956,-0.5689601066701249,8.292900707028142e-06,0.0004401451409616944,0.00018703373642117875,0.0016277250981325707,50.816667
5619,0.4902980397151908,-191.5458292612023,0.29729455445766556,-1.8649276393868839,-0.30197656278105284,-0.027654207000939138,-0.5681090679104587,8.351453899202002e-06,0.0004358067187275227,0.00018580974566707604,0.0016243451406705767,50.825
5620,0.4927069177697856,-191.55967678784154,0.24940216609324597,-1.8485318018946444,-0.30369406265240634,-0.023575911622232496,-0.5673769517497667,8.417404007490825e-06,0.00043192268648410237,0.0001847546171186921,0.0016248795392950384,50.833333
5621,0.4947009212330012,-191.5735922944525,0.20110486272006092,-1.8351526982199449,-0.3051211814875005,-0.019419529984855407,-0.5667684351998081,8.490317321643828e-06,0.000428473212086985,0.00018386815652543515,0.0016292355116053535,50.841667
5622,0.49628343819305204,-191.58745375153248,0.1524796094466049,-1.8246652008942987,-0.306256473822271,-0.015232913542147494,-0.5662838892843113,8.569779907788237e-06,0.00042544129801562675,0.00018315244456222727,0.0016373491040905532,50.85
5623,0.49744773097057343,-191.60137856004516,0.10360154617972625,-1.8170367108182242,-0.30709758180330843,-0.010990585392156664,-0.5659264925405931,8.655397864689117e-06,0.00042281087082121936,0.0001826117001508476,0.0016491847102265095,50.858333
5624,0.49819387596133186,-191.61534118881625,0.05454593205556164,-1.812207546534993,-0.3076431768882839,-0.0067109711178434065,-0.565697049008336,8.746798068704886e-06,0.000420568310699015,0.00018225228451487335,0.0016647332856460338,50.866667
5625,0.4985187672658464,-191.62940669297393,0.005387538418935026,-1.8101637045208427,-0.30789090394821733,-0.002384716925735213,-0.5655970447828859,8.84362922489853e-06,0.0004187014560707114,0.00018208264612680207,0.0016840120914307303,50.875
5626,0.49842693397886234,-191.643492527785,-0.04379775839491415,-1.8108590125954884,-0.3078420087499023,0.001951947302874228,-0.5656253178797356,8.945563282013762e-06,0.0004172000810885389,0.0001821133629062316,0.0017070640130774522,50.883333
5627,0.497912433639348,-191.65775022408891,-0.0929361781593878,-1.8143419713424216,-0.3074918971896194,0.006334723242196151,-0.5657836310111609,9.052297118368353e-06,0.00041605489696246064,0.00018235712708444867,0.0017339576690994327,50.891667
5628,0.4969778987867335,-191.67216993992687,-0.1419512141272562,-1.8206236008573364,-0.3068400333719793,0.010749340265636563,-0.5660708067725594,9.163554585049843e-06,0.0004152590223752562,0.00018282892088301544,0.0017647870274074414,50.9
5629,0.4956260183548814,-191.68669583513605,-0.19076972501605405,-1.8297180894985685,-0.30588692275235474,0.015167263258418173,-0.5664853548771979,9.27908879975225e-06,0.0004148067769184926,0.0001835460596280791,0.0017996718226706131,50.908333
5630,0.4938588558297147,-191.7013629456158,-0.23931477205131702,-1.841684450332154,-0.3046320842018463,0.019587681919117268,-0.5670256860741626,9.398684699351989e-06,0.0004146937707137449,0.00018452829366090128,0.001838758477801653,50.916667
5631,0.49167555096524124,-191.71623040563557,-0.2875119009862178,-1.8566109547337464,-0.3030723628953017,0.024016601767863313,-0.5676908122953748,9.522161863682019e-06,0.0004149170515586613,0.00018579803738428142,0.0018822200897737954,50.925
5632,0.48908350669531103,-191.73127907627173,-0.3352794154729518,-1.874572146052968,-0.30121066091474136,0.028436148738700685,-0.5684769440111139,9.64937763435912e-06,0.0004154755191735411,0.00018738060330519713,0.0019302575028187054,50.933333
5633,0.4860845346581411,-191.74663422122484,-0.3825341103841784,-1.8957154246067769,-0.29904253874631476,0.03287132174456292,-0.5693817251220172,9.780230472807339e-06,0.0004163688731407804,0.00018930441836350937,0.0019830992909364155,50.941667
5634,0.48268335179898764,-191.76221879243408,-0.42920113939172616,-1.9201394901652262,-0.29657079099169936,0.037285804335397875,-0.5704016544520363,9.914663633472357e-06,0.0004175984675631918,0.00019160146537231356,0.002041001975249325,50.95
5635,0.4788856424673086,-191.77809279090664,-0.475194471900532,-1.9480107880415138,-0.2937947073337,0.04168407202618271,-0.5715326943911622,1.0052669099805722e-05,0.0004191669850124665,0.00019430744267248884,0.002104252634280632,50.958333
5636,0.47469544363458854,-191.79434171856659,-0.5204271407352117,-1.9795319391288484,-0.29071075565735605,0.04607690592047669,-0.572771060688234,1.0194291786394423e-05,0.00042107839007851275,0.00019746232844012536,0.0021731675762517925,50.966667
5637,0.4701212212169846,-191.81096427600025,-0.5648102206172539,-2.0148972523483533,-0.2873211829281657,0.050449047117832435,-0.5741114388005715,1.0339634104402e-05,0.00042333823637184564,0.00020111090859027366,0.002248092580484953,50.975
5638,0.465171971338575,-191.8279106028529,-0.6082568876435395,-2.054308524302209,-0.28363166656308997,0.05477118922410307,-0.5755481797639722,1.0488860819634048e-05,0.0004259531691046931,0.00020530323784566034,0.0023294027425376576,50.983333
5639,0.4598544563555905,-191.8452657015323,-0.6506712507425553,-2.098051801032914,-0.27964001127341,0.059051966800894466,-0.5770761145533172,1.064220415833892e-05,0.00042893100133209304,0.0002100951638248785,0.0024175027769581,50.991667
5640,0.45417705126738045,-191.86304674864704,-0.6919577963402207,-2.1464191583077787,-0.27534832614340166,0.06327981448367673,-0.5786894478430883,1.0799969257108339e-05,0.00043228112585441393,0.00021554923422881125,0.002512824004368677,51.0
5641,0.44815063125310656,-191.881413921178,-0.7320007141666367,-2.1998000138584404,-0.27075081404472495,0.06748159097290893,-0.5803815505767598,1.0962539949391685e-05,0.0004360143956088741,0.00022173536887594672,0.0026158229085538882,51.008333
5642,0.4417865772704707,-191.90032455054734,-0.7706981550473777,-2.2585370973166174,-0.26585452072283167,0.07162695751852818,-0.582145570664136,1.113038488451326e-05,0.0004401428820809825,0.00022873209064070676,0.002726972444643175,51.016667
5643,0.43509806127633927,-191.91975524085134,-0.8079407868693722,-2.3230207636408626,-0.26066753732556464,0.07569135750574837,-0.5839741142033288,1.130406384879414e-05,0.00044467996037080525,0.00023662702051150352,0.0028467619555578505,51.025
5644,0.4280962019148622,-191.9397911106562,-0.843607415628739,-2.39374051745264,-0.25518938125998,0.0796778843754005,-0.585860330718516,1.1484234057166942e-05,0.00044964018177754,0.00024551787547907633,0.002975690217492878,51.033333
5645,0.42079486812287337,-191.96057784524666,-0.8775587812049935,-2.4712705663042955,-0.2494156275219558,0.08360310949915575,-0.5877966293760974,1.1671656498194439e-05,0.0004550396606473763,0.00025551375763313116,0.003114255675591294,51.041667
5646,0.41322373090347,-191.9822240007844,-0.9096238823346883,-2.5562158269604813,-0.24335264857519662,0.08747408081156188,-0.5897713847700728,1.1867202213661243e-05,0.00046089573971270874,0.0002667364767636237,0.003262942616859024,51.05
5647,0.40537291745751736,-192.0044857257812,-0.9397390679343514,-2.649079248191163,-0.23701649692703883,0.09120373255731237,-0.5917833826900256,1.2071858002413756e-05,0.000467224799086635,0.0002793217942405814,0.003422198580452451,51.058333
5648,0.3972707929744901,-192.0276893422281,-0.9676925828333196,-2.7507177981996502,-0.23039528467289136,0.09484990079469434,-0.5938215403601776,1.2286730841520976e-05,0.00047404819686258165,0.0002934178194035269,0.00359248079493835,51.066667
5649,0.3889517057421289,-192.05200550475925,-0.9932663951637337,-2.8619717492563748,-0.22349216319414655,0.09842906802701998,-0.5958737150052293,1.2513050722430225e-05,0.00048138626681602743,0.0003091885383421589,0.0037741949397535643,51.075
5650,0.3804275066755515,-192.07729159608496,-1.0163183609415627,-2.983582878825178,-0.21632888135974257,0.1018803536123405,-0.5979337097985586,1.2752171149064324e-05,0.0004892574741075118,0.00032681349910714213,0.0039676988013002895,51.083333
5651,0.3717183079555364,-192.10374914154468,-1.0366289090141967,-3.1165723631476214,-0.20889907953981598,0.10522090714912408,-0.5999935399170003,1.3005565302752153e-05,0.0004976818356402224,0.00034648443676208254,0.004173381470314189,51.091667
5652,0.3628438645395423,-192.13143532868108,-1.0539849796691103,-3.2619540139017125,-0.20121088108317176,0.10843312665273329,-0.6020456386803629,1.3274816639863145e-05,0.0005066791956623498,0.0003684048995875903,0.004391702921329473,51.1
5653,0.35383356662487486,-192.1604490150875,-1.068130247593445,-3.4208292336072255,-0.19327395321059135,0.11150905294691832,-0.604080642627482,1.356160175135405e-05,0.0005162688876639754,0.00039278498243660144,0.004623344158193495,51.108333
5654,0.34471885602230506,-192.1909174705811,-1.078779494645304,-3.5943755348526047,-0.18509630091932433,0.11444473021504255,-0.6060893298747216,1.3867661660178264e-05,0.0005264676064407374,0.00041983475149152223,0.004869429226070773,51.116667
5655,0.3355270435674882,-192.22293665719766,-1.0856414655467461,-3.7838043695526986,-0.1766877859561548,0.11722667075948384,-0.6080640152422766,1.419475775878359e-05,0.0005372883939920763,0.00044975369526273557,0.005131908868015657,51.125
5656,0.3262680469523587,-192.2565021294277,-1.088466264905387,-3.990347620342459,-0.16806258730153695,0.11981662029563962,-0.6100011942008342,1.4544607402605152e-05,0.0005487405318827191,0.0004827144319840881,0.0054141936347070815,51.133333
5657,0.3170335376507262,-192.2921278210369,-1.086672260250404,-4.215343863804812,-0.15921401358217527,0.12229003667666205,-0.6118811628777892,1.4918793346345756e-05,0.0005608316814062651,0.0005188386805006163,0.005722177513676059,51.141667
5658,0.3078349660628461,-192.32978545430365,-1.0799606941754776,-4.459865175576072,-0.15015914040775627,0.12459804400711565,-0.6137019412203326,1.531863586307741e-05,0.0005735523348141128,0.0005581756624294556,0.006065300225172348,51.15
5659,0.29870307955723985,-192.3696582450721,-1.0679172228427936,-4.724978750195068,-0.1409002770953721,0.12673153709449544,-0.6154581562511898,1.5745022954573537e-05,0.0005868898513648285,0.0006006551818509593,0.006458719303135175,51.158333
5660,0.28971496349299714,-192.4118622836994,-1.0499970551884248,-5.011131158357564,-0.1314692374828344,0.12868862970717013,-0.6171366046960535,1.6198190934132762e-05,0.0006008245550246248,0.0006460427855183855,0.006925742436712552,51.166667
5661,0.2809093491265781,-192.4566335533705,-1.025712634939318,-5.318626725460926,-0.12186361624506234,0.1304672732570983,-0.6187326258736756,1.6677439898889955e-05,0.0006153217110699009,0.000693884289117168,0.007500594178409088,51.175
5662,0.27234466583115413,-192.5041358104446,-0.9945304242130151,-5.646945155273073,-0.11209749977396194,0.13206173626549483,-0.6202389547867576,1.7180786256367605e-05,0.0006303410735774544,0.0007434498153629737,0.008231532422476514,51.183333
5663,0.2640813214552688,-192.55454296888172,-0.955914333227139,-5.994664836141478,-0.10218191265019404,0.13346792824894194,-0.6216491627373782,1.77045587916693e-05,0.0006458372218607559,0.0007936820861873205,0.00918297661064174,51.191667
5664,0.25618707124296924,-192.60798752935167,-0.9093456873633127,-6.359071056249835,-0.09213254959949309,0.1346811415681828,-0.6229567369297712,1.8242952839339123e-05,0.0006617659114055245,0.0008431682847995542,0.0104352258472176,51.2
5665,0.24872892516785258,-192.66452995817963,-0.8543877799478579,-6.735932781375122,-0.0819695105335394,0.13569186930115146,-0.624156413589135,1.8787584722650935e-05,0.0006780918653040072,0.0008901542529243391,0.01207921850235846,51.208333
5666,0.24171031091405723,-192.7240949613606,-0.7909283631070175,-7.120561350692883,-0.07170675289338035,0.13644958005410215,-0.6252536816113495,1.9327117856399922e-05,0.0006947998315557878,0.0009326271240387759,0.01420354812406502,51.216667
5667,0.2353479195427912,-192.78706790798515,-0.7181937757016281,-7.502415533115547,-0.06135108993248065,0.1370579586352364,-0.6262217438055298,1.9847095653164227e-05,0.0007119183473851087,0.0009684959146239038,0.016873940507670587,51.225
5668,0.2296533269226222,-192.85318210080857,-0.6364628723921983,-7.8721992989762635,-0.05092258579427269,0.13746546992200806,-0.6270667010064771,2.0330004961708633e-05,0.0007294766144142056,0.0009957968833556351,0.02009202134210808,51.233333
5669,0.2246974463662881,-192.92224635015916,-0.546043941335241,-8.217866027035662,-0.04043844258085782,0.137668478340717,-0.6277855008750889,2.07558015783142e-05,0.000747544063526617,0.0010130766250527412,0.023762804700469264,51.241667
5670,0.22055552993854172,-192.99399149163386,-0.44755053225816194,-8.525862497484383,-0.029913475762363285,0.1376709476448816,-0.6283744161074469,2.1103068225606762e-05,0.0007661908978280344,0.0010196713941405013,0.02766362272248041,51.25
5671,0.21727222969237758,-193.068252867907,-0.3419479239681148,-8.783168776202448,-0.01932941110962305,0.13746709417969402,-0.6288335905149679,2.1350714079260478e-05,0.0007854406390619463,0.0010158850814131826,0.031441301044966105,51.258333
5672,0.2149442593190178,-193.14405837412164,-0.23069681071193826,-8.975224341110431,-0.008769625618657958,0.1370748872337146,-0.6291550537287077,2.1480141291316213e-05,0.0008052147075498455,0.0010029584396381449,0.034654403042005025,51.266667
5673,0.21357309737994493,-193.22125742824508,-0.11545490968125825,-9.093125946638414,0.0018165544557947018,0.13648023651083696,-0.6293427983602062,2.1477502096131495e-05,0.0008252547379315177,0.000982756492533733,0.03685967198170828,51.275
5674,0.21319428645127128,-193.29891307570355,0.0017204312144744793,-9.129690539604807,0.012377234919875392,0.1356905780985962,-0.6293944579887935,2.1335696626552543e-05,0.0008451027509486699,0.0009573401056006998,0.0377246960669628,51.283333
5675,0.2138340012253106,-193.3760184402123,0.11862236105401157,-9.082136381894347,0.022859915740622457,0.13473094779182335,-0.6293071655681736,2.1055611074393043e-05,0.0008640902840917191,0.0009284556536791822,0.03712177267478518,51.291667
5676,0.21546709255927574,-193.45215741304486,0.23321923382137236,-8.954033173282257,0.033290500394056594,0.133598805086793,-0.6290831539144046,2.0646200287504984e-05,0.0008813925798015527,0.0008972423001903439,0.03516363727747741,51.3
5677,0.21806029503136543,-193.5266453700433,0.34355043391346,-8.753077025967327,0.043651491167151016,0.13229964560298,-0.6287239964946544,2.0123461181323633e-05,0.0008961405010019223,0.0008642092589297542,0.032162595105539024,51.308333
5678,0.22155522761218643,-193.59920163458554,0.4480441939047635,-8.490675628178638,0.0539650166741037,0.13081765513955762,-0.6282332614205901,1.9508506568525317e-05,0.000907539830298685,0.000829431170554577,0.028538089074446986,51.316667
5679,0.22591608431154359,-193.6687240980065,0.5451982615976054,-8.179267820852752,0.06413965176391119,0.1292055774078843,-0.6276101787848087,1.8825177064195388e-05,0.0009149830736587848,0.0007928501172950836,0.024709418786964005,51.325
5680,0.2310603556215073,-193.7352271901609,0.6342043126166172,-7.8330407647489135,0.07420771825231379,0.12744605012532634,-0.6268598180895296,1.8097631645786144e-05,0.0009181081804536232,0.0007545407099235953,0.021018235136647904,51.333333
5681,0.2369114510217704,-193.79879514657148,0.714601488315573,-7.465039359814009,0.08419565897964128,0.12551847748352843,-0.6259861943327512,1.734839674428675e-05,0.0009168318517746773,0.0007148405471352918,0.017687599036231648,51.341667
5682,0.24340707442074794,-193.85869987161635,0.7859940272173838,-7.0867650936148845,0.09402056114345997,0.12348522903213753,-0.6249912359138723,1.659703206182517e-05,0.0009113209336010091,0.0006743412029273168,0.014825464220914287,51.35
5683,0.2504613538267661,-193.915166298465,0.848499411786153,-6.708128287385285,0.10370177600012831,0.1213307652206912,-0.6238808377738339,1.5859431750907878e-05,0.0009019338527740113,0.0006337908745142633,0.012451784303483746,51.358333
5684,0.2579991860442196,-193.96824145355302,0.9023631835915119,-6.336757833050152,0.11323001512442049,0.11906293312830357,-0.622660015020885,1.5147701374829365e-05,0.0008891640455816391,0.0005939699004837218,0.010529630129211254,51.366667
5685,0.26594603657251176,-194.01809732429828,0.9479856508084281,-5.978301080853472,0.12260346944403287,0.11667976867218086,-0.621334638933717,1.4470410204934221e-05,0.0008735733746631691,0.0005555833341948191,0.008994674174384666,51.375
5686,0.27423074938912373,-194.06480335991603,0.9858244174276584,-5.63669233925232,0.13180347413671262,0.11419516877932688,-0.6199111390424873,1.3833073210890871e-05,0.0008557406546047463,0.0005191936327417489,0.007775483461174833,51.383333
5687,0.28277985397828803,-194.10863814200277,1.016425130620426,-5.3144091872672305,0.1408295949758273,0.11159722154041216,-0.6183976051048424,1.3238723389744567e-05,0.0008362233959606427,0.0004851933095503471,0.0068054046142465895,51.391667
5688,0.2915511027443358,-194.14965762385617,1.0402749103909297,-5.012464984021601,0.14966761696759898,0.10891569103822807,-0.6167977702236814,1.268848450347908e-05,0.0008155350170904354,0.0004538096286184691,0.006027823710169865,51.4
5689,0.30048220496764905,-194.18812319049957,1.057911500142134,-4.731334004181234,0.1583146691617322,0.10614300375916115,-0.6151200215870022,1.218207223724998e-05,0.000794121988715624,0.00042512778531989285,0.005397595897019617,51.408333
5690,0.3095218848291245,-194.22425494076944,1.0698360379330052,-4.4707696922758835,0.16676630935026313,0.10327829397760926,-0.6133719138783311,1.1718234204128168e-05,0.0007723683868005399,0.0003991219580869312,0.00487993570443412,51.416667
5691,0.31862174476470784,-194.25826994839463,1.0765196840759341,-4.230109191699816,0.17501756572410218,0.10031869548449543,-0.6115615453086457,1.1295091174924831e-05,0.0007505939934113414,0.000375686583919491,0.004448729660348065,51.425
5692,0.32774174724348504,-194.29030725228895,1.0783856117415143,-4.008389268160586,0.18305892655664877,0.097274307464075,-0.6096963598311147,1.091039963809291e-05,0.0007290589604645103,0.00035466416231076615,0.004084644368196206,51.433333
5693,0.336845028894258,-194.32057024256076,1.0758308772961767,-3.8044845567903383,0.190888490367892,0.09414180214136687,-0.6077840225035889,1.0561743024099707e-05,0.0007079685419375045,0.0003358676541080682,0.0037734548120363924,51.441667
5694,0.34589502303246406,-194.3491864523947,1.0692127391978297,-3.617231823618506,0.19849668516731364,0.09092860204180132,-0.6058329538613034,1.0246667254745365e-05,0.0006874803268868257,0.00031909756058166926,0.0035046697525317866,51.45
5695,0.3548578214325384,-194.3763663867782,1.058865140216461,-3.4454355925224256,0.2058826436205115,0.08762350545304495,-0.6038517790186179,9.962772230333966e-06,0.0006677121391335717,0.0003041538466029645,0.003270490532964034,51.458333
5696,0.36370551920442107,-194.4021840605969,1.0450770300238583,-3.287917277063333,0.21303616794069272,0.08424087654223339,-0.6018484680918788,9.707769238718217e-06,0.0006487484925082502,0.0002908439355612258,0.0030650442295250113,51.466667
5697,0.37240641954249415,-194.4268679386999,1.0281279641390977,-3.143568546761448,0.21995801151219124,0.08075903254259165,-0.5998324470303249,9.479513530858616e-06,0.0006306455738357445,0.0002789874461872938,0.002883843567528318,51.475
5698,0.3809422561269999,-194.45040648606727,1.0082476748143687,-3.0112995918593475,0.22663627021011024,0.07720794514469125,-0.5978105443263646,9.276020648147453e-06,0.0006134380479214,0.00026841886726705025,0.002723389356778216,51.483333
5699,0.3892845125112108,-194.4730012531759,0.985667187579484,-2.8901478668955543,0.23307057328959283,0.07356647859031022,-0.595792408285203,9.09546919154629e-06,0.0005971406832171818,0.0002589884568322898,0.002580913341414298,51.491667
5700,0.39741265895243877,-194.49472178968708,0.960585992386528,-2.779197554110859,0.23925424306176923,0.06984184393140459,-0.5937861876881284,8.936197863307306e-06,0.0005817553779913203,0.0002505623388693352,0.0024541744691372537,51.5
5701,0.40530913127236806,-194.5156363800325,0.9331870482110864,-2.6776037814283273,0.24518243108207624,0.06604047733061512,-0.591799580532656,8.796696180216135e-06,0.0005672726754376175,0.00024302178559551787,0.002341333467919024,51.508333
5702,0.4129536029203639,-194.5358363826054,0.9036411668332404,-2.584613493241138,0.2508502758774555,0.0621610004261525,-0.5898412174426473,8.675592937518599e-06,0.0005536742537428467,0.00023626220348216427,0.0022408588916131788,51.516667
5703,0.42032793424380255,-194.55543951913023,0.8721075385258956,-2.499541827820743,0.25625534595099403,0.05819360900274232,-0.5879193943210008,8.5716436977907e-06,0.000540936125851564,0.00023019195070504874,0.002151457924874151,51.525
5704,0.42742010651696805,-194.57442756278854,0.8387266505296992,-2.4217426152643733,0.26139045890897517,0.054162285541340935,-0.5860409435289429,8.483717759320762e-06,0.0005290301523290357,0.0002247310710085637,0.002072028485621697,51.533333
5705,0.43421245106111456,-194.59291287736534,0.8036362033236298,-2.3506657241300046,0.2662529266065612,0.050055748711918126,-0.5842142704268105,8.410785400582015e-06,0.0005179245633758446,0.0002198100822821774,0.0020016261418554756,51.541667
5706,0.44069361098762544,-194.6109013507732,0.7669605886242342,-2.2857888284949683,0.27083776924670855,0.0458900092660769,-0.5824461541421886,8.351906297568807e-06,0.000507586560889418,0.00021536881869350176,0.0019394341147040836,51.55
5707,0.4468493926246289,-194.62848932104424,0.7288205786826167,-2.2266646494830713,0.27514279660181085,0.04165559007738055,-0.580744148459061,8.306218563143181e-06,0.0004979821704065108,0.00021135537851253407,0.0018847450408463209,51.558333
5708,0.4526688032426159,-194.64569482977885,0.6893273528316854,-2.1728761780773893,0.2791637730525501,0.03736338650955244,-0.5791149090116763,8.272929138521638e-06,0.0004890777316669751,0.00020772516270538461,0.0018369435144352769,51.566667
5709,0.4581418648550612,-194.66252001776354,0.6485859459852273,-2.124046578261737,0.28289681932787686,0.033028394177185054,-0.5775647387680857,8.251305162153115e-06,0.00048084000979932656,0.00020444003940598974,0.0017954944105621786,51.575
5710,0.4632547343682672,-194.6791238263076,0.6067014536312048,-2.079877022526619,0.2863408516225161,0.02862021608227765,-0.5761009569506859,8.240666483887196e-06,0.0004732366375944486,0.00020146760193579373,0.0017599326830692492,51.583333
5711,0.46800251230013734,-194.6954566104181,0.5637697091812631,-2.0400484543527804,0.28949256306978927,0.02416713850424382,-0.5747282123054347,8.240379302703549e-06,0.000466237188057509,0.00019878050397918078,0.0017298537066486495,51.591667
5712,0.4723742821974781,-194.71157298533055,0.5198834777159578,-2.004310817964589,0.2923485730861502,0.019667091370949977,-0.5734527269160892,8.24985057819672e-06,0.00045981200596512985,0.00019635592237491077,0.0017049083555108636,51.6
5713,0.4763626903450029,-194.72749425368855,0.47513274866026517,-1.972430934661942,0.2949064593935417,0.015127282047271222,-0.5722795280471141,8.268523540798944e-06,0.00045393356106895584,0.0001941750698642748,0.0016847961032759266,51.608333
5714,0.4799626677499872,-194.74321583070935,0.42960483061660415,-1.944194684438158,0.29716480586816435,0.010562321423056482,-0.5712127696362296,8.295873890711003e-06,0.0004485760284917028,0.00019222278420768583,0.0016692606678126933,51.616667
5715,0.4831673487755048,-194.75877835252825,0.3833846820497743,-1.9194288755141498,0.2991218509690766,0.005973111482777197,-0.5702569183166899,8.331406749481178e-06,0.0004437151397284918,0.000190487180211659,0.0016580861705228443,51.625
5716,0.48596802371104564,-194.77428232087863,0.33655583133267664,-1.8980030028238026,0.3007744174225797,0.0013421250211017495,-0.5694167728479164,8.374654315710645e-06,0.0004393286227658358,0.00018895935957528282,0.001651093489036912,51.633333
5717,0.48836211449133704,-194.7897123505673,0.28920001020767294,-1.8797715247644995,0.30212161150316985,-0.0033137507451011087,-0.568695053253259,8.425174121201944e-06,0.0004353965155093459,0.0001876331780768013,0.0016481372204200575,51.641667
5718,0.49034494883082996,-194.80509017645045,0.24139650997469142,-1.8646240225349007,0.30316157572720165,-0.007988838363884886,-0.5680948425572934,8.482547762726151e-06,0.0004319002989383935,0.00018650504400946196,0.0016491040017196127,51.65
5719,0.4919128912528416,-194.8204440591712,0.19322419262156698,-1.8524705592788804,0.3038927805070012,-0.012679538253957724,-0.5676186395295613,8.546380181073356e-06,0.0004288233205974902,0.00018557376676932197,0.0016539104915647587,51.658333
5720,0.49306509816614186,-194.83575234844386,0.14476085149416137,-1.8432234993439274,0.30431582901912385,-0.01736720171422687,-0.5672678108169198,8.616299361999301e-06,0.00042615068630915125,0.00018484044111462632,0.0016625018701884142,51.666667
5721,0.49379846935580596,-194.85107524899504,0.09608428770534043,-1.8368392547932733,0.3044288471798014,-0.022058040351956,-0.5670441186861995,8.691956427692064e-06,0.0004238689325370273,0.00018430835314145144,0.001674850903251347,51.675
5722,0.49410910474910424,-194.86646592503985,0.0472700639944859,-1.833292889346704,0.30422876968429424,-0.026756039219317837,-0.5669492770413196,8.773026127115164e-06,0.00042196641051327584,0.00018398295123323404,0.001690956795561548,51.683333
5723,0.49399648846331873,-194.88194039733918,-0.001605032134656508,-1.8325619773314776,0.3037148161642875,-0.03145385024385678,-0.5669836668045475,8.859207666275133e-06,0.0004204333927230072,0.0001838718329238172,0.00171084482675722,51.691667
5724,0.493462853308449,-194.8974093467499,-0.05046764407925421,-1.8346079973392513,0.3028914627311112,-0.03611222434934963,-0.5671465258054131,8.950225836461615e-06,0.000419261612706512,0.00018398474836718538,0.0017345661099045096,51.7
5725,0.4925067771059236,-194.91304041166887,-0.09923589734000236,-1.8394881943396406,0.30175252017608956,-0.04076951617336418,-0.5674379047916772,9.04583243060085e-06,0.00041844397836669615,0.0001843335916565315,0.0017621981603554524,51.708333
5726,0.4911309943866002,-194.9287646944495,-0.14783591022832426,-1.8472042546106893,0.3003019838395086,-0.045392401854196476,-0.5678562855441178,9.14580798002296e-06,0.00041797513174556043,0.00018493259765587632,0.0017938435702366574,51.716667
5727,0.4893316189038717,-194.94470847370482,-0.19619162685574623,-1.8578437516580522,0.29853188861794433,-0.05000549472366752,-0.5684018601760946,9.249963743628317e-06,0.0004178509346339335,0.0001857983380275979,0.0018296317822058747,51.725
5728,0.48711647299734184,-194.96080645936763,-0.244222717210524,-1.871438145554023,0.2964492422580264,-0.054576467113523354,-0.5690709698078514,9.35814400016318e-06,0.0004180693932858996,0.00018694997357496232,0.0018697190594464343,51.733333
5729,0.484484666555517,-194.9771127250539,-0.29185380200486555,-1.8880874916085078,0.2940505961232863,-0.05910762358462292,-0.5698623065528361,9.470228548598616e-06,0.0004186291202339031,0.00018840932095681224,0.0019142891349600687,51.741667
5730,0.481444162777435,-194.99362855617588,-0.3390004214578943,-1.9078833235057844,0.2913401544325895,-0.06358607238342384,-0.5707716167523093,9.586135514732497e-06,0.00041953063685631496,0.00019020114160086258,0.001963554526254149,51.75
5731,0.47799592020413834,-195.01040576695974,-0.38558431817985184,-1.9309648962538652,0.2883151021263842,-0.0680124845119529,-0.5717964817243667,9.705824387231193e-06,0.00042077524036812007,0.0001923533756957869,0.0020177562997527824,51.758333
5732,0.47414690916534863,-195.02746327630675,-0.4315201766233365,-1.9574759483729125,0.2849778426927796,-0.07237798396743023,-0.5729324299487505,9.829299359091598e-06,0.0004223660716431559,0.00019489748545075498,0.002077165961270955,51.766667
5733,0.46990792598480674,-195.044856716497,-0.4767138742670818,-1.9875932176394646,0.28133019213034116,-0.07668414562682985,-0.5741736474982011,9.956612924563342e-06,0.0004243073661736255,0.00019786879776888174,0.002142085393247918,51.775
5734,0.4652804632578233,-195.06253774577755,-0.5210917350138838,-2.02149311606885,0.27737675759197783,-0.08090128763622542,-0.5755168361417083,1.008786975239014e-05,0.0004266040955777416,0.00020130698920789436,0.0022128457601491244,51.783333
5735,0.46027029025929134,-195.08064682030786,-0.5645575893706328,-2.0594464400040873,0.2731098308914126,-0.08505235675024578,-0.5769572164014356,1.0223230855795065e-05,0.0004292633721630191,0.0002052563823195789,0.0022898125522603555,51.791667
5736,0.4548909185181358,-195.09913427264414,-0.6070168651635824,-2.1016746409696285,0.2685412036889923,-0.08910788281853374,-0.5784876142294367,1.0362918066210134e-05,0.00043229388342503656,0.00020976676955844768,0.002373381467152247,51.8
5737,0.44913749756428645,-195.1181660332471,-0.64838253468951,-2.148540107730583,0.2636539996921729,-0.09309257187865182,-0.5801058991109621,1.0507218762523167e-05,0.00043570498733068626,0.00021489377930669675,0.0024639787372751657,51.808333
5738,0.44303047052127864,-195.1376480040808,-0.6885480967748409,-2.200310931463392,0.2584686043289391,-0.09696488342022459,-0.5818026337475215,1.0656490950307935e-05,0.0004395093476266778,0.0002206998212223124,0.0025620631525117565,51.816667
5739,0.43657871168792484,-195.157720264235,-0.7274015636309387,-2.2574063792561447,0.2529777443411628,-0.1007422008503756,-0.5835715744549934,1.0811168494519527e-05,0.00044371948595265916,0.00022725450325656587,0.0026681202026964507,51.825
5740,0.4297973727323382,-195.1782970852589,-0.7648388604444052,-2.3201854293921955,0.24719994938450157,-0.10438410908046478,-0.5854046937561891,1.0971766500425755e-05,0.00044834964001338415,0.00023463586228893797,0.0027826584698591827,51.833333
5741,0.42269741444604847,-195.1996164772705,-0.8007258065368862,-2.38921007707843,0.2411187579304427,-0.10792928908221605,-0.5872950926138307,1.1138886784004534e-05,0.0004534150250263415,0.0002429307509976167,0.002906209872576023,51.841667
5742,0.41529085107718994,-195.22164140399354,-0.8349487779432001,-2.4649708307969482,0.23474668427106746,-0.11134605667046071,-0.5892355747607898,1.1313223371554916e-05,0.00045893253987673425,0.00025223657258497615,0.0030393169565000556,51.85
5743,0.40759368164318455,-195.24449680609132,-0.8673638056289505,-2.5480944730896025,0.2280815522935851,-0.1146414559419014,-0.5912179418445196,1.1495567834303428e-05,0.00046492073061412954,0.0002626614465094132,0.003182537701666066,51.858333
5744,0.3996207657029312,-195.2681826918495,-0.8978359526180889,-2.639213090688879,0.2211350032091588,-0.11779125010714456,-0.593234392487389,1.1686813969058911e-05,0.00047139926346763134,0.00027432559856627913,0.0033364334585215317,51.866667
5745,0.39139943590057397,-195.29281786749596,-0.9261855002732939,-2.7390781861105027,0.21391226978219519,-0.12080027600299587,-0.5952741778627975,1.1887961512769115e-05,0.0004783891803102753,0.0002873615867702593,0.003501575832403512,51.875
5746,0.3829417684791997,-195.3183645333376,-0.9522713352708274,-2.8484477951605585,0.20643004552645677,-0.12363368231562721,-0.597330613293027,1.210011814014872e-05,0.0004859110298273242,0.00030191539919491376,0.003678535954835457,51.883333
5747,0.37426617295507686,-195.34505398266253,-0.9758929016069365,-2.9683149051987883,0.1986764281582094,-0.1263133177623865,-0.5993956417310309,1.2324499003766336e-05,0.0004939872288040667,0.0003181453518859683,0.0038679286490226755,51.891667
5748,0.36539820485770386,-195.37293728112198,-0.9968464070303181,-3.099648027172957,0.1906656496326269,-0.12882232498639418,-0.6014598334978557,1.2562422894334373e-05,0.0005026408432469833,0.00033622261943962905,0.004070433678731712,51.9
5749,0.35635871875710623,-195.40213095119546,-1.0149127709488395,-3.2435540385099326,0.18240232834107378,-0.13115343787852607,-0.6035152682612088,1.2815303175899874e-05,0.0005118942660276562,0.000356328549255404,0.004286883419387349,51.908333
5750,0.34717526301693236,-195.43276290413397,-1.0298394859890285,-3.4012293398428,0.17389377937878533,-0.13330079970544173,-0.6055529398551807,1.3084631189183526e-05,0.0005217696414403022,0.0003786511878386559,0.004518413154421368,51.916667
5751,0.33787660051878027,-195.46495657323348,-1.041351918819526,-3.5739503862382103,0.16514940359981392,-0.13525532998832557,-0.60756413889924,1.3371949496655968e-05,0.0005322872793997911,0.00040337945938898875,0.004766702765176187,51.925
5752,0.3284966771267918,-195.49885478615366,-1.0491379993922711,-3.76306486384505,0.15617943949206167,-0.13701044399956683,-0.6095396899226392,1.3678811003181656e-05,0.000543464846033071,0.0004306937853515176,0.0050343830814336575,51.933333
5753,0.3190665392803334,-195.53461163533504,-1.0528649424208272,-3.9699868589610623,0.14699221121239872,-0.13855718536808506,-0.6114717564219657,1.4006719086050614e-05,0.0005553157218008702,0.0004607525582483636,0.005325661909283847,51.941667
5754,0.30962302868427494,-195.572323128059,-1.0521719559728775,-4.1960822118908,0.13760787670813598,-0.1398778835380756,-0.6133520707071812,1.4357042958635282e-05,0.0005678486543986901,0.0004936725651825245,0.005647294731956872,51.95
5755,0.30020689005499374,-195.61235673227253,-1.0466017248004817,-4.4428686739330825,0.1280112471682839,-0.14099099272580545,-0.6151724743879659,1.4730900676152973e-05,0.0005810658880171523,0.0005295018454661146,0.006009997831962378,51.958333
5756,0.2908649901876969,-195.65474382681955,-1.0357237215708708,-4.711432102372528,0.11823726988322268,-0.1418677767961309,-0.6169246263470808,1.512900194979677e-05,0.0005949616719131949,0.0005681875515062854,0.006430345484235597,51.966667
5757,0.2816497495353608,-195.69960128913425,-1.0190506911168524,-5.002618023073936,0.10831166375892819,-0.14249490372919052,-0.6186002736670763,1.5551441092742217e-05,0.0006095210009091497,0.0006095288070956647,0.006933406161358017,51.975
5758,0.27261091677932375,-195.74735383944812,-0.996001434020345,-5.3171233860630425,0.09821494678214487,-0.14288881263398887,-0.620192812058177,1.5997431159287238e-05,0.0006247192050071504,0.0006531261723288921,0.0075558306202543795,51.983333
5759,0.2638135126224896,-195.79792300339759,-0.9660654170482478,-5.654436046452553,0.08800387754285177,-0.1430181998761537,-0.6216941568951789,1.6464978257737576e-05,0.000640524409842358,0.0006983303974818012,0.008349034459835392,51.991667
5760,0.2553167872684191,-195.85173101370864,-0.9286155153205548,-6.013591235120495,0.07765949205780391,-0.14289772174342785,-0.6230985131500971,1.6950495972815737e-05,0.0006568988757134602,0.000744185712406828,0.009381755836156313,52.0
5761,0.24719146295917588,-195.90889433216196,-0.8830921717907704,-6.391974007801965,0.06720687824697656,-0.1425171156699383,-0.6243994073775355,1.744837854347448e-05,0.0006738067068435086,0.0007894050626585267,0.010739816302727396,52.008333
5762,0.23951254288234863,-195.9694626737851,-0.8289975530747719,-6.7852100075073185,0.056676381062115797,-0.14186709084474855,-0.6255909438610423,1.795057271401379e-05,0.000691220989636182,0.0008323732093241407,0.01252072124224611,52.016667
5763,0.2323622550052135,-196.0335888283678,-0.7658753013129543,-7.186863713003474,0.04607762523896331,-0.1409520340745624,-0.6266672874967874,1.8446212663372764e-05,0.0007091340180952475,0.0008712170248959624,0.014819391338302092,52.025
5764,0.2258233190617013,-196.10124854733039,-0.693469226958717,-7.588015461951051,0.03543491043618403,-0.13976963167956302,-0.6276235574439021,1.892142261072186e-05,0.0007275656525180401,0.0009039613220458269,0.01770161719881071,52.033333
5765,0.2199758203243301,-196.17234923788683,-0.6117600452580023,-7.97734813663187,0.02476870309634413,-0.1383188447326048,-0.6284559819229687,1.9359423232895987e-05,0.0007465671367937796,0.0009287719893617079,0.021165765180534434,52.041667
5766,0.21490963335327082,-196.24671642562197,-0.5209984469302907,-8.34095798501838,0.014096351310830903,-0.1366079784806905,-0.6291598094054808,1.9741091588796043e-05,0.000766212392286518,0.0009442614634274865,0.025099053561053564,52.05
5767,0.2106996246076812,-196.32400260016772,-0.421862889933481,-8.663561463991304,0.0034392034604034494,-0.13463944675303105,-0.6297324066090261,2.0046079266897324e-05,0.0007865660973170345,0.0009497778409781401,0.029243164195536138,52.058333
5768,0.20741482144191264,-196.40373390879887,-0.3154485069528671,-8.929399838375808,-0.007183246255380552,-0.13241940616689296,-0.6301714167745488,2.0254514301877324e-05,0.0008076342635750126,0.00094558572950136,0.03319446800426577,52.066667
5769,0.20511947661454397,-196.48528944501237,-0.20327451853038117,-9.123607921255488,-0.017751138722682937,-0.12996058638347813,-0.6304741515216232,2.0349149502263702e-05,0.0008292949197622693,0.0009328240333532514,0.03645699562576887,52.075
5770,0.20385190296141165,-196.56793132576308,-0.0872695483495989,-9.234708376957583,-0.02824535165549621,-0.12727143336260416,-0.630639909168208,2.0317611450792724e-05,0.0008512285020301535,0.0009132172032667033,0.03854915001691542,52.083333
5771,0.2036407455017625,-196.65082570569828,0.030371824161351577,-9.255532618242066,-0.03864685477446506,-0.12436854303888199,-0.6306674232861781,2.0154297850006998e-05,0.0008728805905302237,0.0008886282753555743,0.03913538954503923,52.091667
5772,0.2044827578978628,-196.73311406863874,0.14731876240418115,-9.185129136949376,-0.04893733372426399,-0.12126350775034124,-0.6305575403815602,1.9861437347985072e-05,0.0008934719976208411,0.0008606143938474777,0.03812754932261188,52.1
5773,0.20637124083024597,-196.8139533885853,0.26131289716137013,-9.027752370821972,-0.05910295467812439,-0.11798020642487655,-0.630309467100296,1.944901791634325e-05,0.0009120770258873133,0.000830176433626587,0.035709585663428016,52.108333
5774,0.20926420567567375,-196.8925766681588,0.37030015774071023,-8.793521247727387,-0.06912877475570824,-0.1145343296655593,-0.62992508483536,1.8933550553046135e-05,0.0009277410015186568,0.00079777333894904,0.0322738585208147,52.116667
5775,0.21310352048224684,-196.96832545331847,0.4725849371203714,-8.496222627394076,-0.07900033881733985,-0.11094372802860569,-0.6294068226146428,1.833600262476853e-05,0.0009396231031897449,0.0007635470497836424,0.02830193173127445,52.125
5776,0.21782454286844735,-197.04061495939843,0.5668814982370796,-8.151296136909528,-0.08870001418599892,-0.1072365512289913,-0.6287568228177851,1.7679386400382547e-05,0.0009471103293495825,0.0007275999394401786,0.0242435614917699,52.133333
5777,0.2233426402580952,-197.10920975901774,0.6524044460462468,-7.774621900884521,-0.09822945825915158,-0.10341886428648639,-0.6279793187007092,1.6986481130421585e-05,0.0009498793741613631,0.0006901998177937053,0.020436844538129592,52.141667
5778,0.22957552702569461,-197.17384975567012,0.728726937284822,-7.380598713461394,-0.10757587532747705,-0.0995137932748413,-0.6270781041238638,1.6278069926443077e-05,0.0009479080176980599,0.0006518472302662661,0.017081264713283688,52.15
5779,0.23644543901484397,-197.23442269854255,0.7957637705751189,-6.981360757717115,-0.11673372020873467,-0.09554545880141689,-0.6260565601801931,1.5571823796004544e-05,0.0009414338298502519,0.0006132254107731839,0.014254065643472598,52.158333
5780,0.24385981390888734,-197.29097215355233,0.853716189877013,-6.586973880234712,-0.1256963525360227,-0.09152487429032445,-0.6249209046121599,1.4881810589237676e-05,0.0009308868847455519,0.0005750919543221434,0.011946149452991137,52.166667
5781,0.25174317978309335,-197.34356587417344,0.9029487186152888,-6.204655805768976,-0.13445938246127345,-0.08747437599542655,-0.6236757336054881,1.421851877974822e-05,0.0009168237442123757,0.0005381640131883686,0.010099405808672149,52.175
5782,0.2600116046586499,-197.39241446669868,0.9439727764335077,-5.8396255495767075,-0.1430202483656666,-0.0833993944209885,-0.6223280985490174,1.358918972113076e-05,0.0008998558895026187,0.0005030372708698822,0.008636632124275822,52.183333
5783,0.2685894793973055,-197.43780496145556,0.9773658142387966,-5.495086900589727,-0.15138047363579757,-0.07929818374861318,-0.62088506418819,1.2998332582482806e-05,0.000880602688313178,0.00047014494011235713,0.00748009298535782,52.191667
5784,0.27742031706320097,-197.47983097326005,1.003672653914623,-5.172627881080232,-0.1595318360092493,-0.07520315905990398,-0.6193517504963789,1.2448281000135727e-05,0.000859653042107573,0.00043975294540224815,0.006561243403333485,52.2
5785,0.28645437339796315,-197.51843734622722,1.02340951722942,-4.872826268432653,-0.16745829554828004,-0.07117554521676328,-0.6177331735394833,1.1939717435986174e-05,0.0008375377999826152,0.0004119780945834846,0.005824212465654894,52.208333
5786,0.2956046667439566,-197.55447570160524,1.0372516729407195,-4.595682428489518,-0.17518520868861426,-0.06711514372729041,-0.6160423790740308,1.1472135983061042e-05,0.0008147188732723055,0.00038681746304503094,0.005225581133386731,52.216667
5787,0.3048317524645972,-197.58803016073884,1.0456747249031304,-4.340329708798082,-0.18270386357950363,-0.06305194242111807,-0.6142851646149744,1.1044237045532822e-05,0.0007916005787646586,0.00036418194016081426,0.004732397638560613,52.225
5788,0.31409443826810846,-197.6196482836504,1.049181041717893,-4.105561660727162,-0.19003243960333804,-0.05892739151061725,-0.6124685682581255,1.0654211491649526e-05,0.0007685149406963464,0.0003439238854194985,0.0043203286675910875,52.233333
5789,0.3233536312210417,-197.64914275126566,1.048143499305804,-3.890196357426401,-0.19714297391820507,-0.054814514417227594,-0.6106001388141749,1.0299966424542683e-05,0.0007457295667801475,0.00032586219179652257,0.003971490941423667,52.241667
5790,0.33256977986252945,-197.6767329332657,1.0429534127435884,-3.69289383680284,-0.20403281695175357,-0.050710352884256404,-0.6086884115810703,9.97928770358869e-06,0.0007234554998733735,0.00030979964916419677,0.0036727810002775917,52.25
5791,0.3417072798974784,-197.70268218766228,1.0339683900788497,-3.512283234706324,-0.21070189551540255,-0.046598500875091174,-0.6067419580170886,9.689952779394875e-06,0.0007018555782794517,0.00029553676223865034,0.0034145110931669965,52.258333
5792,0.35073451298542124,-197.72713927431653,1.0214994261028743,-3.3470358414302255,-0.21714503027851306,-0.04248183507393187,-0.6047692470604759,9.42980436558106e-06,0.0006810511305621863,0.00028288051243585184,0.0031894384665650806,52.266667
5793,0.3596226761048997,-197.74986787122268,1.0057950000701872,-3.1959120571831843,-0.2233431062293156,-0.038446281107744396,-0.60277877620635,9.1967958406147e-06,0.0006611282821450866,0.0002716496416659136,0.0029920718068877266,52.275
5794,0.368350961858146,-197.77137037579783,0.987138539819429,-3.0576596815883086,-0.22931245771635053,-0.03441488868221556,-0.6007777666068191,8.989016330598903e-06,0.0006421440282286037,0.00026167747450068504,0.0028181841765371625,52.283333
5795,0.3768893518324879,-197.79192757618307,0.9657730143449818,-2.9312060705339507,-0.235050426383171,-0.03034972736043339,-0.5987760046814141,8.80470076819636e-06,0.0006241300886859083,0.00025281339634904626,0.0026644485008271053,52.291667
5796,0.38522361260781,-197.81151157107743,0.9418909511128906,-2.8155149274731612,-0.24055227830963,-0.02628208225735291,-0.5967799981804552,8.642231772169912e-06,0.0006071007734641873,0.00024492285478225784,0.002528196844535567,52.3
5797,0.3933286049501263,-197.83033904858482,0.9156895344772744,-2.709693103165621,-0.2458137942112612,-0.022182704384813352,-0.5947991416248344,8.50013324502312e-06,0.0005910534259834754,0.00023788662131734217,0.0024072664549116283,52.308333
5798,0.40119152762470284,-197.84838404900276,0.8873310664407228,-2.6128855575533585,-0.2508311395767891,-0.018079296014534098,-0.592840105888787,8.37706201243951e-06,0.0005759751365954981,0.00023159985983503247,0.0022998677602782294,52.316667
5799,0.40879356197265415,-197.86579761337745,0.8569775943701956,-2.524352586102855,-0.25560071002182505,-0.013954189591458529,-0.5909112203243264,8.271795999520932e-06,0.0005618429841096478,0.00022597086387894275,0.0022045084889056963,52.325
5800,0.4161179078422633,-197.8826652036605,0.8247748340134344,-2.44342308516327,-0.26011777951264714,-0.009803788046331453,-0.5890204913221209,8.183222536459349e-06,0.0005486282722203112,0.00022091980781671367,0.0021199261120707284,52.333333
5801,0.42315187479246447,-197.89902428044024,0.7908557589409653,-2.3694810401471713,-0.2643790853685132,-0.005635537196562232,-0.5871749761495415,8.110326245927233e-06,0.0005362981820597937,0.00021637748626157616,0.0020450444788591496,52.341667
5802,0.42988307107170576,-197.91489911350294,0.7553441243563983,-2.3019741508683578,-0.26838154349520715,-0.0014594900356769192,-0.5853816957131185,8.052177405772795e-06,0.000524816718908053,0.000212284129898847,0.0019789414562410832,52.35
5803,0.4362981158282402,-197.9304460900352,0.7183627304849496,-2.2404285454432755,-0.27212130888736513,0.0027509445830786465,-0.5836479574446638,8.00792126560914e-06,0.0005141462198201731,0.00020858833019627663,0.0019208228716690262,52.358333
5804,0.44238752175894036,-197.94561073341424,0.6800176608675134,-2.1843883722068274,-0.2755961730852946,0.0069667790731645935,-0.5819800048507561,7.976768382844769e-06,0.0005042487290521082,0.00020524604949497698,0.0018700012393036978,52.366667
5805,0.4481379496879876,-197.96051738446837,0.6404166080960598,-2.13348127911456,-0.2788010664141102,0.011208317328013478,-0.5803850891132797,7.957985920481086e-06,0.0004950862114750352,0.00020221978450094132,0.0018258821913879316,52.375
5806,0.45354036520730395,-197.97517949352263,0.5996582870510848,-2.08735247696738,-0.28173345368954966,0.015466424607287574,-0.5788692110123197,7.950890169907567e-06,0.0004866220074453549,0.00019947778858462253,0.001787949953760365,52.383333
5807,0.4585874907027749,-197.9896272168674,0.557838664996446,-2.0456862994803995,-0.2843916206191903,0.019737103752136487,-0.5774377590122316,7.954839979718375e-06,0.00047882056760694005,0.00019699342147982092,0.001755758484331901,52.391667
5808,0.463269080464657,-198.00390180510936,0.5150481987271661,-2.0082131719664464,-0.28677168776881734,0.02401990644182129,-0.5760968285494638,7.969231214648725e-06,0.00047164765570899416,0.0001947445779741047,0.001728923010412306,52.4
5809,0.4675781885278943,-198.0180596878727,0.4713766646310037,-1.9746925619105744,-0.2888708403988534,0.0283193886501411,-0.5748514264309887,7.993492191095324e-06,0.00046507121846750494,0.00019271320375345794,0.0017071127592850415,52.408333
5810,0.47151061303202824,-198.03204116319475,0.4269073199689073,-1.9448865167807194,-0.2906909075087116,0.03260706759521899,-0.5737055761543569,8.027079881484394e-06,0.00045906104377743657,0.000190884876291579,0.001690045369132536,52.416667
5811,0.4750595783909718,-198.04588441643503,0.38172289601329545,-1.91861005538316,-0.2922298852070947,0.036882642298373326,-0.5726638434238175,8.069476892092238e-06,0.0004535885751382765,0.00018924845445722978,0.0016774827729449519,52.425
5812,0.4782149920044041,-198.05973114445808,0.3359053709577225,-1.8957334012984337,-0.29347919222783986,0.041176269613223036,-0.5717315727035143,8.120189182953063e-06,0.0004486275134240527,0.0001877957818645722,0.00166922656381429,52.433333
5813,0.48097737748986047,-198.07346567733148,0.2895326019388144,-1.8760740839581358,-0.2944457362491555,0.04544378449647194,-0.570910749181806,8.178744433086883e-06,0.0004441543427002387,0.00018652145506752165,0.0016651141971681638,52.441667
5814,0.4833408150964687,-198.0871956939045,0.24268433565175832,-1.8595347953129748,-0.2951238089783304,0.049706081504231454,-0.5702050118261122,8.244690867142606e-06,0.00044014674900530064,0.0001854226014024433,0.0016650176541309922,52.45
5815,0.48530057019329553,-198.10091088464551,0.19543420033740583,-1.8460102272159353,-0.2955130721366141,0.05394954513476729,-0.5696174009386757,8.317596708241219e-06,0.00043658474602408756,0.00018449874732144342,0.0016688400311146987,52.458333
5816,0.48685400418666747,-198.1146733771797,0.14786013465757117,-1.8354287652553622,-0.2956104802598043,0.05818211459396685,-0.5691500664832979,8.397050058449417e-06,0.00043345048190543417,0.00018375168426411882,0.001676514478288285,52.466667
5817,0.48799962901881605,-198.12846245214232,0.10003595031879649,-1.827715796922718,-0.2954178931164879,0.06238733522187307,-0.5688045371711877,8.48265919670615e-06,0.0004307279356542123,0.00018318539802846288,0.0016880022973413012,52.475
5818,0.48873483980651294,-198.1422757920098,0.05203362594666321,-1.8228212454921862,-0.29493581383386147,0.06655399603764046,-0.5685823986069034,8.574053270065865e-06,0.0004284027994526556,0.00018280599841131073,0.0017032923577766355,52.483333
5819,0.4890595804388774,-198.156150009833,0.0039292665204595295,-1.8207189393753582,-0.29416358889615984,0.0706825977339016,-0.5684841827362644,8.670883345403436e-06,0.00042646266757032596,0.00018262169696662056,0.0017224004200346388,52.491667
5820,0.4889717301723191,-198.17010330823584,-0.044205491441070756,-1.821398786328894,-0.293100337017166,0.07476779154196693,-0.5685107584420552,8.772823780110066e-06,0.00042489668714439425,0.00018264283030445096,0.001745368224285292,52.5
5821,0.48847118636922887,-198.18418713203175,-0.09229513037892748,-1.8248744417132403,-0.2917435338792825,0.07881398936954702,-0.5686620949169067,8.879573921556963e-06,0.00042369587903944115,0.0001828818939090401,0.0017722637075508938,52.508333
5822,0.4875588183796795,-198.19844346748323,-0.1402636856211152,-1.8311735320210825,-0.29009131131506843,0.08282256174673205,-0.5689375774557459,8.990860087588712e-06,0.0004228528519834548,0.00018335363258628203,0.0018031805916541614,52.516667
5823,0.4862376064398483,-198.21279533807208,-0.1880397669303001,-1.840303029714382,-0.28815279704485974,0.08676044977329937,-0.5693356677623129,9.106437835033929e-06,0.0004223617062796509,0.00018407514797737223,0.0018382385513010825,52.525
5824,0.48450670435612003,-198.2273337644723,-0.23554785922272506,-1.8523430093896478,-0.28592121012750565,0.09064248104267002,-0.5698556965633073,9.226094476286916e-06,0.0004222178126642794,0.00018506595829171493,0.0018775844601341878,52.533333
5825,0.4823689246609578,-198.24211584110023,-0.28270876423441144,-1.8673781260572602,-0.28339378799852777,0.09447344758721643,-0.5704956102380027,9.349651878887253e-06,0.000422418378109883,0.00018634827327325095,0.0019213921467937242,52.541667
5826,0.4798288826196277,-198.2571152766344,-0.3294458480891594,-1.885483628914161,-0.2805763263917701,0.0982342434751854,-0.5712525458615979,9.476969537958791e-06,0.00042296196032681613,0.00018794720314544472,0.0019698626672827323,52.55
5827,0.47689014032865745,-198.2723511814638,-0.37568107644966925,-1.906770396168077,-0.2774701066139844,0.10191824967271679,-0.5721236955373147,9.60794789620853e-06,0.00042384831252679074,0.0001898909474661865,0.002023225594662385,52.558333
5828,0.4735568334720327,-198.28775760447135,-0.4213412315868303,-1.9313400202979818,-0.27408573380306,0.10549518354834823,-0.5731058274435347,9.742531924798663e-06,0.0004250786163621196,0.00019221112704256795,0.002081739575572459,52.566667
5829,0.4698334639767673,-198.30349600461318,-0.46633571173831684,-1.9593957942456037,-0.27041049571356707,0.10899709471759575,-0.5741953585906686,9.880714954362515e-06,0.00042665548177129643,0.00019494302604719375,0.0021456943017474674,52.575
5830,0.4657270736911053,-198.3195241698296,-0.510583368330077,-1.9910911073339228,-0.2664540664545701,0.1123997079519953,-0.5753877377891623,1.0022542818695305e-05,0.00042858295571990095,0.00019812626991967599,0.002215407737716484,52.583333
5831,0.46124335314048887,-198.33595643588737,-0.5539919985154759,-2.0266650375175224,-0.2622082993666729,0.11571996755837893,-0.5766786015862952,1.0168118295851959e-05,0.0004308662861914381,0.000201805060568291,0.002291228641006524,52.591667
5832,0.45638909478724166,-198.35279012837196,-0.5964748046066924,-2.0663406800657005,-0.2576785502469947,0.11894268274992645,-0.5780630723708767,1.0317605839150148e-05,0.0004335122072913379,0.00020602892998509704,0.002373534206910454,52.6
5833,0.45117292102763246,-198.37002123577108,-0.6379407217608487,-2.1103685365142733,-0.25287190781176866,0.12205253632560448,-0.5795355806955457,1.0471236627158538e-05,0.0004365288917036952,0.00021085318118952405,0.0024627311187051487,52.608333
5834,0.4456146284573305,-198.38784843028478,-0.6782604677827361,-2.1591073018730516,-0.24777656338681514,0.12508725475225488,-0.5810873135861462,1.0629313845742104e-05,0.0004399258103759988,0.00021633955060529616,0.0025592538658288874,52.616667
5835,0.43969589426736244,-198.40630769103848,-0.7173765140346234,-2.2129229733287743,-0.2423800760418888,0.12803081184504167,-0.5827199349878359,1.0792218314454743e-05,0.00044371232331676856,0.00022255750671666824,0.0026635514851067418,52.625
5836,0.43346535227282035,-198.4250709123638,-0.7551547793204093,-2.2719957209791675,-0.23675271583669044,0.13079758327528235,-0.5844165093743476,1.096041454935945e-05,0.00044790316846327787,0.00022958444170842774,0.0027761063125677204,52.633333
5837,0.42691418130175757,-198.44444170629686,-0.7914933486124576,-2.3368785805302688,-0.23085509607716123,0.13343997203151103,-0.5861759216783253,1.1134456472710346e-05,0.00045250896921234445,0.0002375062109502512,0.0028974071512702314,52.641667
5838,0.42005445028194727,-198.46449538497643,-0.8262702571898792,-2.4080588429563012,-0.22468732676047937,0.1359574249328517,-0.5879912384337522,1.1314993338136657e-05,0.00045754483591717613,0.0002464190716488179,0.00302795455214638,52.65
5839,0.4129022251454325,-198.48526614682564,-0.8593554672130083,-2.486053382031759,-0.21825744991244395,0.13833970303294585,-0.5898544945988573,1.150277604921853e-05,0.00046302721470209917,0.00025643033097195127,0.0031682489282097615,52.658333
5840,0.40545832762985956,-198.5068194567441,-0.890635936885578,-2.5714683174684114,-0.21156230108073942,0.140577408630964,-0.5917616898887809,1.1698662883866888e-05,0.0004689734027563559,0.0002676592180221638,0.003318781469743435,52.666667
5841,0.39776634530214455,-198.52907993765902,-0.9199325367464025,-2.664852769844428,-0.20464052956345918,0.1426445011231429,-0.5936979978367088,1.190362465881606e-05,0.000475403856838735,0.00028023752701476854,0.003480038914410504,52.675
5842,0.38982871787557666,-198.5522059075609,-0.9471048116226023,-2.766983101041959,-0.19747833253668887,0.1445503482603693,-0.5956593134270083,1.2118748324099828e-05,0.00048233577827178856,0.0002943104186736197,0.003652471865920392,52.683333
5843,0.38166467865462705,-198.57633791971145,-0.9719711693695895,-2.8786903901335124,-0.19007284735572338,0.14630221505351115,-0.5976374212217004,1.234523886673472e-05,0.0004897895125856733,0.00031003686573084375,0.003836519737334463,52.691667
5844,0.373295173139229,-198.6014342956184,-0.9943613385865825,-3.0007681950078253,-0.18244933173077946,0.14787108728924134,-0.599623961805138,1.2584418947726957e-05,0.0004977857130667505,0.000327589651466929,0.004032612709386793,52.7
5845,0.36474114202675295,-198.62766313093346,-1.0140622142094755,-3.1342150944439515,-0.17460333444630857,0.14926659474994777,-0.6016108974810758,1.283772400639537e-05,0.000506344937056561,0.00034715313170681294,0.004241226773315607,52.708333
5846,0.35602851367196103,-198.6551054159089,-1.0308480975867482,-3.280045567149638,-0.16654626770782638,0.15048144945431366,-0.6035894190248218,1.3106691509871606e-05,0.0005154873283674475,0.000368921757115613,0.0044629525309817395,52.716667
5847,0.3471804216493993,-198.6839232413704,-1.0444686112020847,-3.4394081720238137,-0.15827702149260922,0.15151865592200678,-0.6055518095514344,1.3392942117167798e-05,0.0005252314114513129,0.00039309513780579097,0.004698649236027004,52.725
5848,0.33822575895016754,-198.71417477710625,-1.0546600074850456,-3.6134347390753683,-0.1498137220481806,0.15236399254726302,-0.6074895679245267,1.3698149550326504e-05,0.0005355939978552612,0.000419871237873681,0.004949700940466283,52.733333
5849,0.3291985612782036,-198.74608463818058,-1.0610950587598538,-3.8034098824586007,-0.14115236831389572,0.1530288187971744,-0.6093937169129002,1.4023994977521429e-05,0.0005465885389059696,0.00044943471399925416,0.005218445772978922,52.741667
5850,0.32012888738323414,-198.77973239876985,-1.0634599254663022,-4.010542642834546,-0.13231026910407284,0.15349792018717467,-0.6112568149835383,1.4372100750323224e-05,0.0005582233817264532,0.0004819426408742294,0.005508800191383129,52.75
5851,0.31105251160585984,-198.81527793057577,-1.0613878117363233,-4.23606780535832,-0.12329586882800164,0.15376816330712872,-0.6130709529565893,1.4743937502399487e-05,0.0005705016278783711,0.0005175010012174014,0.005827278899609963,52.758333
5852,0.3020130907040813,-198.8528820460403,-1.0544666404358307,-4.481102168672535,-0.11412123488105004,0.15383755010469902,-0.6148275080077407,1.5140696766021864e-05,0.0005834192231163985,0.0005561360565678827,0.0061843980360491374,52.766667
5853,0.2930506625593265,-198.89266384345945,-1.0422795519974026,-4.746573376100289,-0.10480391782465899,0.15369564864303503,-0.6165195042111797,1.556312053144312e-05,0.0005969628869536037,0.0005977566869805747,0.006596602536602006,52.775
5854,0.2841340819281287,-198.93444810369525,-1.024659424473925,-5.033497368789869,-0.09538377486646772,0.1532659381548652,-0.6181537028682528,1.6011279700881115e-05,0.000611110738345609,0.000642107625146016,0.007088803903246308,52.783333
5855,0.27547148853108305,-198.97919796512582,-1.0004666814642054,-5.341589653206197,-0.08580552059157853,0.1527053259063147,-0.6196942865251014,1.6484303690069447e-05,0.0006258471038323742,0.0006887133622021559,0.007698017774550415,52.791667
5856,0.26704382600661364,-199.02671212486604,-0.9694881777833495,-5.670493829642105,-0.07611376779235922,0.15193351812696573,-0.6211484630086546,1.6980026352144618e-05,0.0006411172922612199,0.0007368350832096725,0.008474529566024826,52.8
5857,0.258908286676186,-199.0771464720866,-0.9312097104063983,-6.018787421480231,-0.06632254086895877,0.15094586175546015,-0.6225103855098217,1.7494581275438e-05,0.0006568783386800443,0.0007854152369314636,0.009485350325437904,52.808333
5858,0.2511276901648686,-199.1306291134653,-0.8851356144048501,-6.3838092541828155,-0.056448303586317534,0.14973866379971498,-0.6237743456264476,1.8021981321090362e-05,0.0006730901833999588,0.000833056981798718,0.010813133108971668,52.816667
5859,0.24375787072490107,-199.1875024255229,-0.8307749155486542,-6.761774875500766,-0.04646972959144426,0.14831430336426396,-0.6249367522599957,1.8553695871600248e-05,0.0006897240471225873,0.0008780443612586733,0.012550330423231006,52.825
5860,0.23690787086092452,-199.24743403950453,-0.7677860985576979,-7.145588301839208,-0.03646909520234379,0.14667353143670803,-0.6259867354401429,1.9078311509908e-05,0.0007067746701314254,0.0009184327109283728,0.014785275040769985,52.833333
5861,0.23062934124542658,-199.3106142170574,-0.6959774092684963,-7.527616486486598,-0.026429462330386996,0.1448141624554378,-0.6269233242983202,1.9581356441675184e-05,0.0007242585637397259,0.0009522003781075522,0.017576651805799648,52.841667
5862,0.22500257620548275,-199.3769976126528,-0.6153313407204075,-7.897472580857991,-0.01636304300598495,0.1427414933529043,-0.6277416901679919,2.004544354188086e-05,0.0007422300563486189,0.0009775253772179335,0.020919548241268324,52.85
5863,0.22010101137738672,-199.44639707223055,-0.5261417744372512,-8.24294971859821,-0.006287740708430073,0.14045701443823266,-0.6284383852756623,2.045087602760071e-05,0.0007607655818992429,0.0009930766444314336,0.02470614789594782,52.858333
5864,0.21599458051208478,-199.51856522030278,-0.4290190719911733,-8.55054472862147,0.0037855374285151165,0.13796394132409368,-0.6290104397199616,2.0776792836556646e-05,0.0007799375166576955,0.000998295098036667,0.02869717735733602,52.866667
5865,0.21275367828772215,-199.5930688186929,-0.32495615190543903,-8.806093024886495,0.013836824299399355,0.13527074206979875,-0.6294544314795103,2.1002874143244138e-05,0.0007997659645132863,0.000993548077051934,0.032522250326658585,52.875
5866,0.21041330092683463,-199.66964441425918,-0.21527630955878807,-8.997390152829844,0.02388294631262984,0.13236568987554226,-0.6297709438321205,2.111145414376564e-05,0.0008201537031604859,0.0009800678226328306,0.03572571638280819,52.883333
5867,0.2090364727528896,-199.74742246558012,-0.10173958662640625,-9.112931801325034,0.03387568015601511,0.12927093867146705,-0.6299555344506192,2.1089759104714618e-05,0.0008408297156134585,0.0009596618903019784,0.03785941669023879,52.891667
5868,0.2086446586893382,-199.8254938353384,0.013586674556982481,-9.146062641409582,0.04377360125246925,0.12600197563428822,-0.6300078464953005,2.093177821624082e-05,0.0008612991032808172,0.0009342422176124861,0.03859704680494003,52.9
5869,0.20924204825840936,-199.90336075828077,0.12867338975444872,-9.094967134092546,0.053593216796234584,0.12255991603332861,-0.6299280488844224,2.0639341274140803e-05,0.0008808570992334516,0.0009053999162695391,0.03782904739357236,52.908333
5870,0.21081085583949433,-199.98053252823232,0.24150483717402635,-8.962940714510806,0.06334697743141332,0.11893545271530626,-0.6297174217168438,2.0222125518321774e-05,0.0008986510129059478,0.0008741416709096442,0.0356910487601635,52.916667
5871,0.21332712585555536,-200.05607494739067,0.3500685703152092,-8.757463012846127,0.07299052211327314,0.11515338993004248,-0.6293763525469093,1.969654995179439e-05,0.0009137891650520539,0.0008408908458522973,0.03251838425895771,52.925
5872,0.21675302342660302,-200.12926202139766,0.4526746642118429,-8.489566507665591,0.08249928827262437,0.11123915438459828,-0.6289055816593696,1.908379448146414e-05,0.000925463512255171,0.0008057062879733107,0.028748903713206056,52.933333
5873,0.2210289371658402,-200.19975434566496,0.5480733914061284,-8.172688652702602,0.09187864327312197,0.10719292832654453,-0.628307650520882,1.8407395941593658e-05,0.0009330592207821627,0.0007685849588011461,0.02481288437824834,52.941667
5874,0.22607905569982598,-200.2672100253224,0.6353656194665417,-7.821113464754527,0.10111636298620241,0.10301929745113161,-0.6275866618763641,1.769093220443963e-05,0.0009362259550403034,0.0007296983418990122,0.021051397556296075,52.95
5875,0.23183471567694677,-200.33138701951762,0.7140170919818416,-7.448024353236015,0.11020372951816972,0.09873102966703189,-0.6267454303440703,1.6956165971069186e-05,0.0009348971698405011,0.0006894869078871201,0.017681924783739686,52.958333
5876,0.23821498371541375,-200.3921280836182,0.7838162496870494,-7.065395099602493,0.11912629493200814,0.09433986950670654,-0.6257886444744981,1.6221802204828115e-05,0.0009292570061803307,0.0006486276857594593,0.014804452054734055,52.966667
5877,0.24514604687508237,-200.44943850744764,0.8448287413357959,-6.682939759001287,0.12788032214743544,0.08985301630444349,-0.6247203945321952,1.550289719883958e-05,0.0009196872958890408,0.0006079225428764238,0.012429788228974888,52.975
5878,0.2525526922577669,-200.50333402653433,0.8973025353466462,-6.30835143487803,0.13645506472006577,0.08528374899714228,-0.6235456760697128,1.481078518785907e-05,0.0009066971752324679,0.0005681720761657292,0.010514118465983498,52.983333
5879,0.2603702824858602,-200.55386083864732,0.941609380418146,-5.947153217626171,0.14484275211560227,0.08065224805123967,-0.6222686756698103,1.4153374118596322e-05,0.0008908605231764972,0.0005300739113220857,0.008988314200467196,52.991667
5880,0.2685210003398848,-200.60125575381522,0.9782511222403262,-5.603350688246505,0.15303939896327154,0.07595170763671291,-0.6208967652903564,1.3535637989867314e-05,0.0008727609879934795,0.0004941645019092324,0.007778160132683644,53.0
5881,0.276944932408494,-200.6456659746676,1.007735645829251,-5.279237632116241,0.1610385771756874,0.07119495472859719,-0.6194355234876534,1.2960197614985566e-05,0.0008529608723632768,0.0004608006181842985,0.006815494805990444,53.008333
5882,0.28557698634172607,-200.6873263824386,1.0306045052584354,-4.976070610567739,0.16883403648283166,0.06638025054727327,-0.6178925822003329,1.2427873399178467e-05,0.000831971843851904,0.0004301707559889898,0.0060432682154672995,53.016667
5883,0.2943617479683843,-200.72636155158543,1.0473661062810458,-4.694179572175954,0.17641453473502097,0.06152604872414431,-0.6162750765190982,1.193818549855963e-05,0.0008102460743011795,0.00040232298333408835,0.005416290250083282,53.025
5884,0.3032542216090902,-200.76303813843796,1.0585199728796193,-4.433165588873992,0.18378206127204852,0.05662735210782762,-0.6145893015859072,1.1489764146548372e-05,0.0007881698793924145,0.0003771984175891082,0.004900099073096387,53.033333
5885,0.3122121085966986,-200.79748267859597,1.0645161868631585,-4.1922885135598795,0.1909296863444173,0.051701673742803676,-0.6128419898151686,1.1080673162640732e-05,0.0007660630260898943,0.00035466433372485095,0.004469005953636185,53.041667
5886,0.32119180119755675,-200.82989526031997,1.0657858591588023,-3.970570425486848,0.19785271191330725,0.046750716031996695,-0.6110410686811857,1.070865683092697e-05,0.0007441843829874132,0.00033454188379678526,0.004104097367126411,53.05
5887,0.3301512836880476,-200.86048000433416,1.0627266823036559,-3.7668837406410773,0.20454565161880858,0.04177228863465148,-0.6091950959931148,1.037132012471338e-05,0.0007227400523479877,0.00031662826112567556,0.0037914844407069704,53.058333
5888,0.33905393772084363,-200.88945135844338,1.0557004266346106,-3.5800051454139794,0.21100460784935404,0.03675898939864304,-0.6073123947695541,1.0066253700804012e-05,0.0007018906425089912,0.0003007128299812605,0.0035209314126446846,53.066667
5889,0.3478730961394585,-200.91688317349235,1.0450177002718304,-3.408677392814625,0.21722489263220773,0.031730578663444566,-0.6053998918686795,9.791116248785044e-06,0.0006817571645006844,0.00028658819909055486,0.0032848264948172694,53.075
5890,0.3565736535191546,-200.94301251394376,1.030982436133628,-3.251722046376296,0.22320154778333046,0.026668356275551256,-0.6034669672125277,9.543685073732262e-06,0.0006624254950999814,0.00027405720220465517,0.0030774395087862258,53.083333
5891,0.36513382983541975,-200.96785982912965,1.0138464376287761,-3.1079699458187164,0.22892990091852153,0.02159918512313091,-0.601520646647688,9.321886336209972e-06,0.0006439554279627103,0.00026293719987717154,0.002894366170233706,53.091667
5892,0.3735260755243337,-200.9916224028498,0.9938565987449154,-2.976351874547215,0.23440597497022064,0.01650768982631086,-0.5995697188408189,9.12380657195906e-06,0.0006263826412042533,0.00025306188893723286,0.002732169558742833,53.1
5893,0.38172877851111836,-201.01433992778533,0.9712247618233915,-2.85586058674842,0.23962504493656211,0.011412349255331033,-0.5976220451084657,8.947695393320632e-06,0.0006097253759602574,0.0002442819684494856,0.002588105932729383,53.108333
5894,0.38971828954409965,-201.036211860688,0.9461565001188623,-2.745582757202957,0.24458274556725582,0.006291558652154438,-0.5956863348579599,8.791959963323418e-06,0.0005939870899008434,0.00023646469624297606,0.0024599495210313733,53.116667
5895,0.3974772158501687,-201.05726059184946,0.9188277278181562,-2.644663734106802,0.24927541127978312,0.0011639346558444674,-0.5937700963027794,8.655155775123812e-06,0.0005791605367924862,0.0002294929807590289,0.002345860540280058,53.125
5896,0.4049876797229268,-201.07755577575492,0.8894039278213604,-2.5523329783685176,0.253699568982988,-0.00396461845301684,-0.5918811731879703,8.535974555172651e-06,0.0005652292896382988,0.00022326412967620322,0.002244300949285053,53.133333
5897,0.4122344049243137,-201.09713032769088,0.8580360414448448,-2.4678850633644394,0.2578532131794993,-0.009080312206362172,-0.5900269324863423,8.433231546013519e-06,0.0005521704925407187,0.00021768852191609368,0.0021539683311273343,53.141667
5898,0.41919941211069156,-201.11613452094437,0.8248705888825889,-2.3907038776352088,0.2617313217516615,-0.014200976390060486,-0.5882155728639775,8.345852506658374e-06,0.0005399564368542485,0.00021268825668773232,0.002073750189824564,53.15
5899,0.42586648464012783,-201.1346523949003,0.7900405214803282,-2.3202284410180765,0.2653289621639201,-0.019329489887716562,-0.5864549644548145,8.272861374450923e-06,0.0005285568567432259,0.00020819585116764913,0.002002687431090208,53.158333
5900,0.4322274302848053,-201.15262567291202,0.7536645461169699,-2.2559193062714655,0.26864840299091985,-0.024432321465048402,-0.5847508956079135,8.213368582315936e-06,0.0005179398603611313,0.0002041530421042898,0.001939949794696487,53.166667
5901,0.43826724870123607,-201.17017640087352,0.7158616732370402,-2.1973332721504018,0.27168445046505274,-0.02952431565737345,-0.5831109558535718,8.16656023745222e-06,0.0005080715658896014,0.00020050970857490852,0.0018848183998505937,53.175
5902,0.44397523011262274,-201.18732070607746,0.6767403900589025,-2.144052239880385,0.2744361945941384,-0.03459328720189123,-0.5815415653702285,8.131688768334893e-06,0.0004989184827802141,0.00019722289355986216,0.0018366668957582985,53.183333
5903,0.44933992831263286,-201.2041530989442,0.6364068009986575,-2.095717936323183,0.2768993976562119,-0.0396492331726085,-0.5800492863218186,8.108064419121205e-06,0.0004904473886383924,0.00019425595956221712,0.0017949504415522668,53.191667
5904,0.45435244303560635,-201.22062840255154,0.594956684651013,-2.0519854610155015,0.279076102051589,-0.044664572798857306,-0.5786398861782575,8.095047929756833e-06,0.0004826260775733503,0.00019157783505905187,0.0017591948375851427,53.2
5905,0.4590006695738338,-201.23689042163986,0.5524880622773691,-2.0125876325464476,0.28095846877550146,-0.0496644602466729,-0.5773199224760326,8.092044179234188e-06,0.0004754233923445871,0.00018916238554861226,0.0017289891805204875,53.208333
5906,0.46328123347946853,-201.25291404901458,0.50909267751951,-1.9772434347642542,0.28255037817641393,-0.054628474796402496,-0.5760933311623945,8.098496863284927e-06,0.00046881012685069407,0.00018698783932368058,0.0017039775639583346,53.216667
5907,0.46718438506189336,-201.2687166879646,0.4648565057476927,-1.9457255135539553,0.28385038517462186,-0.05954772845113793,-0.5749656855400402,8.113883896234591e-06,0.0004627578601303402,0.00018503632544691857,0.0016838548248061227,53.225
5908,0.4707016851364912,-201.28439556740958,0.41986675007633567,-1.9178490102409957,0.2848526289234458,-0.0644364828768887,-0.5739420111351479,8.13771377527348e-06,0.00045724034677120066,0.00018329347329776872,0.0016683609119730344,53.233333
5909,0.4738285540015042,-201.29992078916598,0.3742052709645196,-1.8934225886991833,0.2855606162813509,-0.06927369063928568,-0.5730260054222912,8.169522585587912e-06,0.0004522333910505839,0.00018174806855805517,0.0016572765615591664,53.241667
5910,0.4765577047974377,-201.31535644444176,0.32795330903709546,-1.8723053606489972,0.2859702172467072,-0.07406490222827036,-0.5722219305320165,8.208871634627966e-06,0.0004477143719396345,0.0001803917697345179,0.0016504206510585282,53.25
5911,0.478890981722988,-201.33072754785712,0.2811964202337239,-1.8543551034888983,0.2860844519414305,-0.07880602327009781,-0.5715311100279006,8.255345724139028e-06,0.00044366279094172796,0.00017921887694615974,0.0016476468511120136,53.258333
5912,0.4808208374733143,-201.34600264654128,0.23400678539738198,-1.8394557196383934,0.2859055902602726,-0.08347560025931382,-0.5709573804543316,8.308551871315887e-06,0.0004400590095277985,0.00017822614366376396,0.0016488413957444644,53.266667
5913,0.4823377580200126,-201.36122326652523,0.18645607097910868,-1.8275313529741517,0.28542923901162565,-0.08807268682424176,-0.5705049202494256,8.368118626037502e-06,0.0004368858374601202,0.00017741262398758632,0.001653921624227897,53.275
5914,0.48344763908177196,-201.376472603872,0.13863245594697599,-1.8185109115010625,0.2846550062032194,-0.09261072602394653,-0.5701730382478312,8.43369577444675e-06,0.00043412871340843903,0.00017677955966954376,0.00166283439674634,53.283333
5915,0.48414474187211254,-201.39170268670318,0.09060409265879238,-1.812329110580951,0.283587561813872,-0.09706382532689697,-0.5699642280646857,8.504954359081744e-06,0.0004317734745404451,0.00017633031877006274,0.0016755539872895238,53.291667
5916,0.4844266446697277,-201.40700802334277,0.0424485536793341,-1.808970040415269,0.2822200016533146,-0.10144703780932549,-0.569879708238955,8.581587192647958e-06,0.0004298082427195886,0.00017607032317985106,0.001692082699678124,53.3
5917,0.4842919708402531,-201.4223328328984,-0.005763756652570974,-1.8083946494670142,0.2805604472220299,-0.10573285792335022,-0.5699200916671874,8.663309642471816e-06,0.0004282228916049264,0.0001760070708209737,0.0017124493538247544,53.308333
5918,0.48374084497778236,-201.4377805992072,-0.05395341251042664,-1.8106225937707388,0.27860148614585734,-0.10993879164536956,-0.5700852451036387,8.749860740412166e-06,0.0004270089337769266,0.00017615010070900128,0.0017367100708158764,53.316667
5919,0.482775590760057,-201.45335296695993,-0.10204405962001302,-1.815660749562225,0.27634698148273795,-0.11405378505347505,-0.5703740812978401,8.841004589756103e-06,0.0004261593477625899,0.00017651110177964514,0.0017649470737177645,53.325
5920,0.48139516829862256,-201.46894145287274,-0.1499704959519488,-1.8235056464232133,0.27381225437455897,-0.11803578303837403,-0.5707862261414861,8.936532065197716e-06,0.00042566835735187284,0.0001771039570670903,0.0017972694064542492,53.333333
5921,0.4796015610567177,-201.48473064574853,-0.1976477287274492,-1.83425406514228,0.2709804585645519,-0.12192390061887019,-0.571320108354349,9.03626277233703e-06,0.00042553197820410636,0.0001779447725622049,0.0018338150065301637,53.341667
5922,0.4773902958681623,-201.50075959685353,-0.24500668726080715,-1.8479879133026929,0.2678471247725055,-0.12571450794365627,-0.5719757800113447,9.140047281985756e-06,0.0004257476075358181,0.00017905219495655935,0.0018747484664647482,53.35
5923,0.4747735448065255,-201.51691480327764,-0.2919657638150697,-1.864740200984531,0.2644359552864225,-0.12936686504316627,-0.5727480706703956,9.247769693388946e-06,0.00042631495206018466,0.0001804475079561549,0.0019202642845265864,53.358333
5924,0.4717527947737791,-201.53329477641097,-0.3384452326426396,-1.8846435221109197,0.2607388992193137,-0.13289450575287517,-0.5736347177870249,9.359350352526151e-06,0.00042723379881512105,0.00018215475599255587,0.0019705865291111406,53.366667
5925,0.46833106882515707,-201.55002890478093,-0.3843599376609882,-1.9078630226573237,0.2567434987286893,-0.13631767137550654,-0.5746327357602514,9.474748895736012e-06,0.00042850569158847435,0.0001842011494576207,0.0020259697407960142,53.375
5926,0.4645156574185658,-201.56699987055126,-0.42963453160720627,-1.9344989127110659,0.25247263733356734,-0.1395931329446601,-0.575737646249164,9.593967623526441e-06,0.00043013375735785777,0.0001866174372376221,0.002086699115075616,53.383333
5927,0.4603106430681377,-201.58427307549235,-0.47418560052742437,-1.964741312348668,0.24792351603692775,-0.14272397530250414,-0.5769456731320007,9.717055102887938e-06,0.0004321222322494265,0.00018943802787798998,0.0021530938220851894,53.391667
5928,0.45572537085593384,-201.6018733680434,-0.5179237902425554,-1.9987880238459164,0.24310158706553958,-0.14570363548222476,-0.5782513135735006,9.844110041990298e-06,0.00043447701778758955,0.00019270157539737697,0.002225506601621204,53.4
5929,0.450762821491929,-201.61990813341095,-0.5607610837899532,-2.036903882392647,0.23799715385582523,-0.148542767875188,-0.5796506823462771,9.975285491616903e-06,0.0004372050595365519,0.00019645144275108392,0.002304323500148769,53.408333
5930,0.4454343501022917,-201.63839423441078,-0.6026018030970969,-2.0793448245308497,0.2326178313667456,-0.1512311030077856,-0.5811373423634734,1.0110793393688477e-05,0.0004403153581194238,0.000200736347485153,0.002389964847289513,53.416667
5931,0.43974792749488006,-201.65736610931054,-0.6433519913674317,-2.1264112586001715,0.2269674198075194,-0.15376086622746546,-0.5827056710200244,1.025090942884153e-05,0.0004438178942817256,0.00020561091343738978,0.0024828837231974784,53.425
5932,0.4337148528826044,-201.67672681951743,-0.6829220810078219,-2.178382383999923,0.2210723071293909,-0.15609544134597536,-0.5843490060635798,1.0395978132314495e-05,0.0004477242755077184,0.00021113637532482773,0.0025835661469555404,53.433333
5933,0.42734101919983236,-201.69681288483915,-0.7211885473236396,-2.235771815274106,0.2148893918966366,-0.15829191823483738,-0.5860620534958985,1.054641819365015e-05,0.0004520474076720547,0.00021738108525561002,0.0026925319833229224,53.441667
5934,0.42064707324075523,-201.71742872681102,-0.7580491122384568,-2.2988955040090193,0.20846593291934404,-0.16029314142268977,-0.5878355010552809,1.070272817753851e-05,0.00045680235337260805,0.00022442225973023222,0.0028103232006212284,53.45
5935,0.41364183981224195,-201.73872825745974,-0.7933838995674277,-2.3682849531403476,0.20178947341041886,-0.16211359570081094,-0.5896632116604359,1.0865492312535218e-05,0.0004620043779865931,0.00023234587492337711,0.0029375073421806877,53.458333
5936,0.40633833804675046,-201.7607402078614,-0.8270727006717953,-2.4444687443714046,0.19487001262710124,-0.16374085641166009,-0.5915379301416686,1.1035386166014e-05,0.00046767083687232936,0.00024124832135266155,0.0030746692256759457,53.466667
5937,0.39875188644369786,-201.78355669440344,-0.8589784911978738,-2.5280674810594097,0.18770911713382965,-0.16517470191140757,-0.5934518665143079,1.1213182346825679e-05,0.0004738206292899794,0.0002512371107541949,0.003222408104751891,53.475
5938,0.39089445491510044,-201.8072363266531,-0.8889661545882532,-2.619757981877867,0.1803131942313074,-0.16640522267479152,-0.5953981579822497,1.1399755688773624e-05,0.00048047392741422065,0.0002624320425955223,0.0033813295139186236,53.483333
5939,0.3827875238881443,-201.831861524215,-0.9168725256763308,-2.720296522567854,0.17268994986612485,-0.16742908981363122,-0.5973677207344019,1.1596087626159615e-05,0.00048765273925655645,0.00027496583737542964,0.0035520487688854322,53.491667
5940,0.37444974692661337,-201.8575261242381,-0.9425277857384369,-2.8305291764384974,0.1648449395090937,-0.16824192074052582,-0.5993524127754738,1.1803269058252271e-05,0.00049537943333868,0.0002889849546401367,0.003735187206409415,53.5
5941,0.36590003383430986,-201.88424440192654,-0.9657611695957113,-2.9513414129203746,0.1567984699169255,-0.16882477444567254,-0.6013442841177413,1.202250094301781e-05,0.0005036771588626412,0.00030464971516988305,0.003931391681392293,53.508333
5942,0.3571598362963148,-201.91217962155483,-0.9863634378316842,-3.083797545500951,0.14854818909030762,-0.1691824756466419,-0.6033350960519898,1.225509138302656e-05,0.000512569679235916,0.0003221332467774671,0.004141383854131001,53.516667
5943,0.3482549731591835,-201.9414369676561,-1.004108608575045,-3.2290164245964323,0.14010463664375056,-0.1693095579294869,-0.6053160142112916,1.2502447759076346e-05,0.0005220806843591946,0.0003416205448612815,0.004366029868741998,53.525
5944,0.3392120011756534,-201.9721691038401,-1.018743454951698,-3.388240417763654,0.1314720656853408,-0.16920517806396498,-0.607278532748171,1.2766061778520662e-05,0.0005322327142206083,0.0003633049396783762,0.004606488205111514,53.533333
5945,0.33005756373999734,-202.00445831844985,-1.0300057686373572,-3.5627536641741244,0.12266830857331494,-0.16885644203541286,-0.609214658992135,1.3047484443197326e-05,0.000543046512535215,0.0003873826952975545,0.004864458237548504,53.541667
5946,0.3208233486613612,-202.0384865759142,-1.0375827387503003,-3.7539755323157653,0.11369791110703388,-0.16826352219065804,-0.611115933997708,1.3348287180085854e-05,0.0005545403448423336,0.00041404343263073794,0.005142609285099084,53.55
5947,0.3115455200231733,-202.07449449537995,-1.0411128501224085,-3.9634088796050424,0.10455887836702056,-0.16743113771500842,-0.6129737088604116,1.3670004205048276e-05,0.0005667282487186719,0.0004434574684991657,0.00544522297291427,53.558333
5948,0.30225955547575745,-202.11252474946525,-1.0402465832070744,-4.19241790745488,0.09528390969796643,-0.16633910058805718,-0.6147802801361036,1.401405017492424e-05,0.0005796182529423075,0.00047575716100707003,0.005779178817789734,53.566667
5949,0.2930087944842229,-202.1527646201301,-1.0345595723752556,-4.442390487159914,0.08588533866214895,-0.1649858149964141,-0.616527292282229,1.4381605080120177e-05,0.0005932115819435454,0.0005110082753374102,0.006155476642924116,53.575
5950,0.28383582599950447,-202.19539882470968,-1.0235999167704715,-4.714572186952584,0.07637693784030852,-0.16336628011836282,-0.6182075173939785,1.4773457488391345e-05,0.0006075003372137676,0.0005491760378334754,0.0065912758587238045,53.583333
5951,0.27479385507970433,-202.24066093068868,-1.0068482558842773,-5.00991018340185,0.06676829546874513,-0.16148235650690973,-0.6198128394387887,1.5189797723512152e-05,0.0006224672952316327,0.0005900804679062878,0.007112657867323666,53.591667
5952,0.2659322571163786,-202.28868546367482,-0.9837954092133757,-5.32884432560141,0.05708429379499434,-0.15932440012836216,-0.6213369710564988,1.5629951829031648e-05,0.0006380844050300217,0.0006333441851798282,0.007757914760610164,53.6
5953,0.2573152942684814,-202.33969645546645,-0.9538548998973956,-5.671079168972591,0.047337936828546735,-0.15689605440531557,-0.6227722380813557,1.609205178796352e-05,0.0006543157265122108,0.0006783341323855806,0.008581144420241493,53.608333
5954,0.24901531775058025,-202.3938486595013,-0.9164352583200082,-6.035142116270877,0.037552061602523897,-0.15420062172784652,-0.624110986607467,1.6572643612816718e-05,0.0006711187697455261,0.0007241093368106084,0.009654826274536477,53.616667
5955,0.24108415954954848,-202.45133550060197,-0.8710154899273339,-6.418550969987659,0.02773655860748794,-0.1512298841754621,-0.6253500764570912,1.7066247990823547e-05,0.0006884500991103778,0.0007693854853102998,0.011069608387685007,53.625
5956,0.23360690447061075,-202.51228572795466,-0.8170488104147238,-6.816618411746658,0.017910946774006373,-0.14799231730727636,-0.6264822301387974,1.7564921122808657e-05,0.0007062798759978692,0.000812544081062272,0.012928783036529872,53.633333
5957,0.22665832986903436,-202.57677514106527,-0.7541319683681219,-7.222662133513148,0.00809275532262489,-0.14448904380234603,-0.627502937210952,1.805787819315875e-05,0.0007245967900901573,0.0008516991547921453,0.015332401412501676,53.641667
5958,0.22031848168727947,-202.64480473686035,-0.6820185570335687,-7.627493187969627,-0.0016998297787929723,-0.1407240809125364,-0.628407794593642,1.853128426744124e-05,0.0007434214350397291,0.000884858156774149,0.018349090447173463,53.65
5959,0.2146792356862512,-202.71625798914627,-0.6006790871763301,-8.01903651775999,-0.01144627489932787,-0.1367100393645511,-0.6291914339879969,1.896835939655292e-05,0.000762809657312319,0.000910171498983872,0.02197481516860591,53.658333
5960,0.2098194538765784,-202.79094048790523,-0.5104243098814979,-8.383192266105759,-0.02113271343670555,-0.13245379557508324,-0.6298507070223517,1.934993618197877e-05,0.0007828401677950523,0.000926241750287488,0.026085480143063142,53.666667
5961,0.20581017501708734,-202.8684753801984,-0.41197436240345764,-8.704417677701477,-0.030738651931832044,-0.12796254054118106,-0.6303834041055176,1.9655595243655985e-05,0.0008035861020643788,0.0009324287577527149,0.030402381985528575,53.675
5962,0.20272567115811985,-202.94835081352085,-0.3064477207982676,-8.96649935722687,-0.040247083305879575,-0.12325293535491018,-0.6307863337832931,1.986540480133064e-05,0.0008250603303280956,0.0009290252436684285,0.03449481914184723,53.683333
5963,0.20062188703670777,-203.02994197783647,-0.19540374806726782,-9.154816608818946,-0.04964491069927839,-0.11833876314802048,-0.631057709448397,1.9962094083523073e-05,0.0008471393636713558,0.0009172015256364132,0.03783918013833662,53.691667
5964,0.19954066773711876,-203.11247415723128,-0.0807871299817048,-9.257934156374303,-0.05891663958158403,-0.11323795040005484,-0.6311960938136487,1.9933323480942743e-05,0.0008694936064758112,0.0008987070471963509,0.03993560631139817,53.7
5965,0.1995013857129071,-203.19510577832264,0.0351926188450063,-9.269498090247914,-0.06804878322120109,-0.10796776160563883,-0.6312011075972396,1.9773576772951037e-05,0.0008915459409458265,0.0008754040167253626,0.04044655042900747,53.708333
5966,0.20050124818777287,-203.27696325118703,0.150223821160676,-9.189155574515802,-0.07702802819852438,-0.10254671545498968,-0.6310731864825512,1.948519663602152e-05,0.0009124882985218755,0.0008488222570697261,0.03929976132751349,53.716667
5967,0.20252040920444506,-203.35720803729225,0.2620805039291734,-9.022380320713141,-0.08584449618775634,-0.0969962735937916,-0.6308129342833648,1.9078267696420616e-05,0.0009313630281066565,0.0008199120354710736,0.036706690408353976,53.725
5968,0.20552265796902341,-203.43507594961807,0.3687750106867405,-8.779635128905571,-0.09449088438235578,-0.09134043883434151,-0.6304212160755618,1.8569347264565605e-05,0.0009471915464126065,0.0007890722170435514,0.03308883896594992,53.733333
5969,0.2094477617163166,-203.50992999172092,0.4686809705245023,-8.475232200855096,-0.10295907356611343,-0.08559952678378467,-0.6299005182255368,1.797936213824347e-05,0.0009591161269091496,0.0007563873788928761,0.02895033295884762,53.741667
5970,0.21422596846282876,-203.58128422617247,0.5606064805834932,-8.124997301818937,-0.11124422302807176,-0.07979475155338106,-0.6292535523486656,1.733118995225608e-05,0.0009665187948930308,0.0007219157620021351,0.024753160996620976,53.75
5971,0.21977882176165447,-203.6488213993199,0.6437997046616974,-7.7446632824143755,-0.11934405070661377,-0.0739446393867435,-0.6284836517705944,1.6647408083718705e-05,0.0009690833498610176,0.0006858934645489155,0.0208380616666911,53.758333
5972,0.22602904778498525,-203.71221485358632,0.7178607114549939,-7.348445979857918,-0.12724988039021054,-0.06808746296173032,-0.6275938798332185,1.5948556840489558e-05,0.0009668000848499037,0.0006488000001993831,0.017401628337373264,53.766667
5973,0.2328865775312009,-203.7714608045502,0.7827784334289662,-6.948625621254066,-0.13496330018810307,-0.06223410247911555,-0.6265894483367519,1.5252054026006503e-05,0.000959921976455017,0.0006113061197768722,0.014515754012976676,53.775
5974,0.24026473135614865,-203.8270246722017,0.838871829082722,-6.554636662217802,-0.14250666614146304,-0.056341076770121214,-0.6254758555289156,1.4571746501403732e-05,0.0009489013334677305,0.0005741610942987514,0.012165314406253753,53.783333
5975,0.2480858976874305,-203.87867223427133,0.8864462684343998,-6.173619902380843,-0.14985683347295609,-0.05046893600407604,-0.6242582227220361,1.3917941837470086e-05,0.000934314042392713,0.0005380804274550539,0.01028718067829073,53.791667
5976,0.2562807091383166,-203.9261505526836,0.9259142093599758,-5.810481574760781,-0.15699822974015037,-0.04469913712679669,-0.622941454451844,1.329775170051043e-05,0.0009167907113571502,0.0005036614698361196,0.008800669945202389,53.8
5977,0.2647668929872001,-203.97054241810628,0.9580133090738584,-5.468064117165055,-0.16396497904742097,-0.038907087268136256,-0.6215337777484732,1.2715594646450417e-05,0.0008969627137593187,0.0004713426892088628,0.007625908022467582,53.808333
5978,0.2734364456577757,-204.01200250570423,0.9833424217879922,-5.148534602172937,-0.170720320232437,-0.03310207198890704,-0.6200494639670092,1.2173754838383412e-05,0.000875431793896096,0.00044140146521729997,0.0066926095049337124,53.816667
5979,0.2823315237243515,-204.0500583824653,1.0022347915709164,-4.8510769323529574,-0.1772998346410633,-0.027424794382405495,-0.618478101443644,1.1672920359163978e-05,0.0008527584216915978,0.00041396643147225673,0.005943545930417132,53.825
5980,0.29134842095056246,-204.0853295631265,1.015336692784268,-4.57609518537953,-0.18368719385411839,-0.021812189507570995,-0.6168352745092367,1.1212580296603637e-05,0.0008293957512843984,0.00038904839899897955,0.00533493791244943,53.833333
5981,0.3004340269106034,-204.1181447489402,1.0231638380951056,-4.3228090955412055,-0.18988016973897667,-0.016251044458984454,-0.6151292038018432,1.0791450568762243e-05,0.0008057475568971846,0.0003665721407798481,0.004833435245708497,53.841667
5982,0.30954576792810257,-204.14870705607984,1.0261681300835128,-4.090084920647807,-0.1958765924053621,-0.010747826034848059,-0.6133672288761345,1.040775053272743e-05,0.0007821500768869528,0.0003464038932707837,0.004414326801231852,53.85
5983,0.3186377493520069,-204.17696699217976,1.0247409119586244,-3.876732427556008,-0.20166864936612885,-0.005356669257918674,-0.6115583166250809,1.0059420814438068e-05,0.0007588748472173075,0.00032837476300144613,0.004059470865436697,53.858333
5984,0.3276840048346417,-204.20334402200874,1.0192762765325083,-3.6812389551274887,-0.20726375745163983,-3.698856575745471e-05,-0.6097083287563603,9.744283638373151e-06,0.0007361379581393831,0.0003122986201108146,0.0037555495036883683,53.866667
5985,0.336645864489673,-204.22816867644934,1.0101313329101083,-3.5022598847671875,-0.21265488160984722,0.005242194752085996,-0.6078264007080337,9.460149637780818e-06,0.0007141018845961167,0.0002979857673287505,0.0034927242697465853,53.875
5986,0.34549216710470093,-204.25162304978232,0.9976097454808553,-3.338474356022212,-0.21783586503521296,0.010486116866816261,-0.6059208611142349,9.204893295771022e-06,0.0006928883849726329,0.00028525160772208634,0.003263629208593087,53.883333
5987,0.3542007050141698,-204.2737746842195,0.9819716144023134,-3.1886022834943883,-0.22280550922539194,0.015678378758171095,-0.6039986806064473,8.976496957313086e-06,0.0006725835818925578,0.0002739219243112156,0.0030626786345207342,53.891667
5988,0.36274721434609375,-204.2947509444006,0.9634606277102626,-3.051468427590652,-0.22756007209073448,0.020817740042795834,-0.6020677270586511,8.77307487638287e-06,0.0006532424724012533,0.00026383589912750907,0.002885571510021478,53.9
5989,0.37110592254178093,-204.31480073725484,0.9423088888953673,-2.925998949649414,-0.2320903618845405,0.025933743242955665,-0.6001366657334907,8.592884303357391e-06,0.0006348959909373514,0.0002548475894658489,0.0027289295362737213,53.908333
5990,0.3792607123129058,-204.33388484217096,0.9187029038017275,-2.8111830908548097,-0.23639791610955624,0.030993158675543517,-0.5982123051646229,8.434326689248168e-06,0.0006175566781539196,0.0002468261991541654,0.00259004685172748,53.916667
5991,0.38718853921108964,-204.35226659743338,0.8928374699459558,-2.7061349886567685,-0.24047100029121554,0.036034793050692314,-0.5963033660685944,8.295941905925803e-06,0.0006012207831301844,0.00023965553110316307,0.002466729132171751,53.925
5992,0.39487469757286764,-204.36991208275626,0.8648696381131046,-2.6100217262653853,-0.2443106013224659,0.04103008997188874,-0.5944168356249291,8.176399839902393e-06,0.0005858739692216372,0.00023323316306559952,0.002357161076441222,53.933333
5993,0.402301686615319,-204.38697862516798,0.8349572794940137,-2.5221118743922966,-0.24790870100696927,0.045997569172112146,-0.5925605557842119,8.074489064897327e-06,0.0005714924887546153,0.00022746931040664228,0.002259828694344382,53.941667
5994,0.4094569967845243,-204.40343856689378,0.803235374576478,-2.4417239164321085,-0.2512671827059923,0.050912428023986066,-0.5907412633663709,7.989105295746234e-06,0.0005580466254071484,0.00022228565602603101,0.0021734518263862644,53.95
5995,0.41632374055705196,-204.41947269448877,0.7698414924768315,-2.3682785346289514,-0.25437489767049926,0.055802461586498896,-0.5889669000818386,7.91923949065454e-06,0.0005455018322840569,0.00021761418356160714,0.002096941844303514,53.958333
5996,0.4228890940349019,-204.43515402899845,0.7348984322571221,-2.3012400794949524,-0.25722661787478035,0.060670759736865774,-0.587244445393614,7.8639667914413e-06,0.0005338215076501718,0.00021339604781017425,0.002029363446685118,53.966667
5997,0.42914591872420926,-204.45038011572302,0.6985137595841474,-2.24009431604623,-0.25983091933155905,0.0654767019312919,-0.5855793776590136,7.822436004835584e-06,0.0005229675114753051,0.0002095805477257984,0.0019699109467933057,53.975
5998,0.4350788030405571,-204.46528552603948,0.6607987475262719,-2.184434205559398,-0.2621773882670886,0.07024000655537685,-0.5839793414467236,7.793860045998416e-06,0.0005129003337295411,0.00020612421732541056,0.00191789010660903,53.983333
5999,0.4406781728295298,-204.47995490228806,0.6218581886783846,-2.133878206331383,-0.26426050443882454,0.07496956679896692,-0.5824503949039036,7.777507741098301e-06,0.0005035817145900657,0.00020298997553390362,0.001872698427691965,53.991667
6000,0.44593684817074797,-204.49435033663573,0.5817869568730928,-2.0880647138472304,-0.2660845853334702,0.07964299679517764,-0.5809978478319852,7.772696387192821e-06,0.0004949741286176048,0.00020014639404534657,0.0018338139711725407,54.0
6001,0.45084428735014775,-204.5085865677236,0.5406811123059787,-2.046706087473755,-0.26764020790010684,0.08427820568922578,-0.5796278252784214,7.778785410935734e-06,0.00048704100386271756,0.0001975670773109747,0.0018007859195677827,54.008333
6002,0.45539230392376956,-204.5226485362756,0.4986278216184307,-2.009523212825828,-0.2689289616890332,0.08885944373218121,-0.5783456799358545,7.795171077865113e-06,0.0004797477978654605,0.00019523009923218571,0.0017732246667530756,54.016667
6003,0.45957694566534674,-204.53648140651438,0.4557119331190444,-1.976251061539478,-0.26995899254974076,0.09336108058956866,-0.5771554068434923,7.82128201583589e-06,0.0004730618688159241,0.0001931175402369253,0.0017507958862436948,54.025
6004,0.4633881921631291,-204.55026490604683,0.4120215719762631,-1.9467159900015532,-0.2707133580100633,0.09781989791146231,-0.5760625469890457,7.856575536839807e-06,0.0004669520596495491,0.00019121507569552188,0.0017332150936537854,54.033333
6005,0.46682054981557825,-204.56393161624982,0.3676341541896086,-1.9207126794568172,-0.2711998711699703,0.10220710144425156,-0.5750711703500325,7.900534828411932e-06,0.00046138992279333294,0.00018951163468287617,0.0017202411642472763,54.041667
6006,0.4698673518243758,-204.57757607986747,0.3226311984315221,-1.8980979134725295,-0.2714098293060557,0.10653757009597428,-0.5741854782124877,7.952666718360666e-06,0.00045634904144053665,0.00018799911500069866,0.0017116739700711152,54.05
6007,0.4725270443294137,-204.59110610909366,0.2770880921818945,-1.8787004033016448,-0.27135649841532294,0.11077669175353107,-0.5734079594912491,8.012500104119038e-06,0.00045180530730011927,0.00018667214804981154,0.0017073501071024207,54.058333
6008,0.4747936674765317,-204.60466374024668,0.2310849717864626,-1.862434130115737,-0.2710255665333923,0.11495254800112796,-0.5727421467548046,8.079584886446877e-06,0.00044773621297253345,0.00018552788915903208,0.0017071412058934107,54.066667
6009,0.476663511143537,-204.6182260244983,0.18469480417477172,-1.849191825949527,-0.2704213594202178,0.11904888268075935,-0.5721906715228624,8.15349147716029e-06,0.00044412162345858897,0.00018456589238464573,0.0017109503793570858,54.075
6010,0.47813369372777126,-204.63180453161,0.1379915564059907,-1.838892455698829,-0.26954492886186704,0.1230589486582802,-0.571755663859983,8.23381072270576e-06,0.00044094342880006404,0.00018378797630646523,0.0017187114167815758,54.083333
6011,0.4792023471811694,-204.6454279414528,0.09104991460880157,-1.8314765104442978,-0.26839564636462815,0.12698076976079117,-0.5714386876992759,8.32015424559789e-06,0.00043818544224925843,0.0001831981429806597,0.0017303871871014946,54.091667
6012,0.47986858672834776,-204.659063202363,0.04394131187426487,-1.8268851481620578,-0.26698116614471196,0.13079596286128808,-0.5712407423312856,8.412155165841246e-06,0.00043583327854067886,0.0001828025325724574,0.001745968443872975,54.1
6013,0.4801286777076147,-204.67283537148148,-0.0032589996487037954,-1.8251250176695037,-0.2652870614589607,0.134527544187255,-0.5711633982963332,8.509469168109283e-06,0.0004338742522822598,0.00018260938297423948,0.001765473510792298,54.108333
6014,0.4799844796986868,-204.68663778939302,-0.050481760198342565,-1.8261473361313858,-0.26333210858573786,0.13813795556182026,-0.5712062836637828,8.611775916975262e-06,0.0004322977903321483,0.00018262910069107388,0.0017889470104487284,54.116667
6015,0.4794343010960027,-204.7006216512145,-0.09764899143577677,-1.8299991345754976,-0.26109845344985316,0.14165684157599795,-0.5713698010192765,8.718780733722994e-06,0.0004310946397878477,0.0001828742082263492,0.0018164609245812382,54.125
6016,0.4784866820520115,-204.71490017978493,-0.14467069300628563,-1.8367190569694158,-0.2585769642507247,0.14510534150383197,-0.5716510352495968,8.830216595590181e-06,0.0004302574182927769,0.00018335953618969504,0.0018481130233840837,54.133333
6017,0.47712900576623757,-204.72913909488204,-0.19151350697661992,-1.8462651307196023,-0.2558130901989046,0.1483828119709996,-0.5720530715505915,8.945846386194312e-06,0.00042977923384853416,0.00018410235096190549,0.0018840255360279298,54.141667
6018,0.47536891158130573,-204.74358322406906,-0.2380812711125792,-1.8587533510677314,-0.2527792593685551,0.1515442478788919,-0.5725727024962907,9.065465475214993e-06,0.0004296567529406242,0.00018512216961810983,0.001924353848818838,54.15
6019,0.4732110650251574,-204.75816154027316,-0.2843013249449913,-1.8742269780541523,-0.24949232705474403,0.15456207705488045,-0.5732073409799372,9.188904422605458e-06,0.00042988716849107905,0.00018644131025617446,0.0019692780773352477,54.158333
6020,0.47066189366048383,-204.77317420730108,-0.3300739027634141,-1.8928677886737406,-0.24591264536366278,0.15750146697983672,-0.5739536317730247,9.316032026416572e-06,0.00043046883223658345,0.00018808489319524523,0.0020190074288592764,54.166667
6021,0.46771484968195925,-204.78820419662185,-0.3753660483147361,-1.9146582768427864,-0.24210616494027706,0.16024532626573618,-0.574811754389121,9.446758646323883e-06,0.00043140109935595926,0.0001900814564910691,0.002073775683678989,54.175
6022,0.4643785072917671,-204.8035111323864,-0.4200761598373482,-1.9398081177668107,-0.23804088743019003,0.16284856637378087,-0.5757772077960814,9.581039779808376e-06,0.0004326862383388179,0.00019246251406157306,0.0021338548523322284,54.183333
6023,0.4606692381932439,-204.8192814108885,-0.46409357230002846,-1.9685202370335124,-0.23369815329011198,0.1653474476791151,-0.5768430526328576,9.718879802126539e-06,0.00043432721932249753,0.00019526359638733854,0.0021995434513733406,54.191667
6024,0.4565832269483804,-204.83543054149962,-0.5073573161136073,-2.0009520551975464,-0.2290937983975688,0.16770609949900972,-0.5780079656913064,9.86033611651646e-06,0.00043632686427708063,0.0001985247120363501,0.0022711641317529263,54.2
6025,0.4521267816706754,-204.8518517202729,-0.549792269367696,-2.0372622378189447,-0.2242536596672125,0.16988816472109827,-0.5792674859592579,1.0005523610649014e-05,0.0004386908803405524,0.00020229041560750714,0.00234907438883272,54.208333
6026,0.4473056554616055,-204.86870436950525,-0.5913012888210858,-2.077742019549034,-0.2191589948461425,0.17191744411554907,-0.5806171200221413,1.0154619267224829e-05,0.00044142638843054595,0.00020661025964020233,0.0024336647688957993,54.216667
6027,0.4421292091024872,-204.8858956749264,-0.6318005554791366,-2.1226092043892497,-0.21383585571613464,0.17376173978130993,-0.5820511981555582,1.0307867105865627e-05,0.0004445420808713612,0.00021153980661854435,0.00252535331962392,54.225
6028,0.43659896320532043,-204.90374195932054,-0.6711795150028994,-2.1722985873198595,-0.20823627325603727,0.1754731345437967,-0.5835660598679567,1.0465583388405173e-05,0.0004480478461390938,0.00021714087103391367,0.0026245884136092638,54.233333
6029,0.4307432081176888,-204.9218978571763,-0.7093424131522872,-2.2269658005279465,-0.2024400126567602,0.17697257735512884,-0.5851506308770535,1.0628162199444713e-05,0.0004519559557474902,0.00022348305097950923,0.002731839662332092,54.241667
6030,0.42455870161935505,-204.9405652084252,-0.7461924467242754,-2.2870790791625146,-0.19641790894390904,0.1782848570613155,-0.586802375135555,1.0796081010910648e-05,0.00045627741235872176,0.00023064329716335525,0.0028475991878242203,54.25
6031,0.4180481781166476,-204.95999776277145,-0.7816097209954483,-2.35318238222228,-0.19013402659505552,0.17944184492635326,-0.5885169401947384,1.0969906335941545e-05,0.00046102673827347373,0.00023870770826437193,0.0029723788135019415,54.258333
6032,0.4112507810301572,-204.97996505330164,-0.8154590653062197,-2.42559417348952,-0.1836551919821972,0.18039482091371628,-0.5902804348117009,1.1150299928764696e-05,0.00046622100452041454,0.00024777274658728375,0.003106698793151419,54.266667
6033,0.40416628164046764,-205.00056803414657,-0.847634639366655,-2.504884236221356,-0.17697294870953006,0.18114426729443908,-0.5920893872781499,1.1338024321106626e-05,0.0004718746246836216,0.0002579451823867687,0.0032510748911898178,54.275
6034,0.3968083258242204,-205.02194414341903,-0.8779939943844778,-2.5916916282685056,-0.17007882828387363,0.18170002074822722,-0.5939367031137901,1.1533947845309237e-05,0.00047800550968837434,0.00026934340765107453,0.0034060263866589075,54.283333
6035,0.38919693751560874,-205.04414510422117,-0.9063853511268896,-2.6866673759647495,-0.1629832612052376,0.1820573352242611,-0.5958138097878786,1.1739049360120877e-05,0.0004846328429503085,0.00028209853802362803,0.00357205937340114,54.291667
6036,0.38134256301501757,-205.06722623232181,-0.9326659486949798,-2.7905445028135762,-0.155693184180272,0.18220685896679006,-0.5977146523394455,1.1954421534926498e-05,0.0004917761253108137,0.00029635474599404727,0.0037496637801541113,54.3
6037,0.3732671054468626,-205.0912807429774,-0.9566564149440345,-2.90413835485857,-0.14821431074835656,0.18214892373985184,-0.5996305532123953,1.2181272101586997e-05,0.0004994566462411655,0.00031226914914909146,0.003939331486759,54.308333
6038,0.36499125037168856,-205.11638930436138,-0.978169884313707,-3.028334253434795,-0.1405552518368564,0.1818796560748589,-0.6015534261918629,1.242092209554208e-05,0.000507695506614812,0.0003300116579306093,0.004141568190604804,54.316667
6039,0.3565381644115697,-205.1427022673528,-0.9969902276646709,-3.1641375086571872,-0.13271411366857494,0.18140415704948762,-0.6034749443964758,1.2674799633259853e-05,0.0005165136471702295,0.000349763361441708,0.00435694990628343,54.325
6040,0.3479274410213993,-205.17028593624696,-1.0129065467417013,-3.3125862738526464,-0.12470441942415604,0.18071175271760817,-0.6053879606350082,1.2944427541022739e-05,0.0005259311174913076,0.0003717140694025587,0.004586215994410695,54.333333
6041,0.33919068739782066,-205.1992980265462,-1.0256502052656409,-3.474830866524014,-0.11652882753600552,0.17980762456907834,-0.6072830996956109,1.3231402341956175e-05,0.000535967250876755,0.00039605662052902936,0.004830466073501831,54.341667
6042,0.3303489122953834,-205.22974142358382,-1.034985085147338,-3.651999822849296,-0.1082157354067901,0.1786714413386206,-0.6091538256765261,1.3537361083196376e-05,0.0005466380020539543,0.00042297999488680865,0.005091434194218916,54.35
6043,0.32143644068797617,-205.26180604061997,-1.0405910389100224,-3.8453719620731994,-0.09976578294231354,0.17731022055764187,-0.6109913149265771,1.3863931956103318e-05,0.0005579571276065595,0.0004526559333983476,0.005372017940252764,54.358333
6044,0.3124762409547806,-205.2958607964729,-1.0421113740667785,-4.056437638025702,-0.0911465549542842,0.17573723409904413,-0.6127897214764486,1.42126633523781e-05,0.0005699329239047271,0.00048522410685519107,0.005676978607717029,54.366667
6045,0.30352385633674095,-205.3316404135758,-1.0392197024785554,-4.286026669013062,-0.08244842352947733,0.17392102199101336,-0.614537426234648,1.458492641206285e-05,0.0005825693242375439,0.0005207707041121775,0.006014039165949615,54.375
6046,0.2946106139572019,-205.36953345556284,-1.0314878072130007,-4.535482635463205,-0.0736402701346233,0.17187781889433623,-0.6162285604080888,1.4981779480420666e-05,0.0005958592855648269,0.0005592922179813021,0.0063955086349359435,54.383333
6047,0.28577928889542636,-205.4096779445757,-1.018486799871554,-4.805722980221552,-0.06473953713204245,0.16960374482304144,-0.6178558689127502,1.540378867995142e-05,0.0006097886627309493,0.0006006630485432783,0.006840343333535406,54.391667
6048,0.27707578639360875,-205.45228455064162,-0.9997403336094155,-5.097404491999852,-0.055752610650077535,0.16709979345896475,-0.6194124781659409,1.585079892619634e-05,0.0006243341763033974,0.0006445865658947753,0.007376869781106144,54.4
6049,0.2685525661452101,-205.49753000497032,-0.9747454689784643,-5.4106351447976735,-0.0466932070562812,0.16436593720150816,-0.6208913719634612,1.6321645877466346e-05,0.0006394639993875784,0.0006905440832400972,0.008045842987753649,54.408333
6050,0.2602621012288119,-205.54558385023233,-0.9429943985083717,-5.744843345296165,-0.03757544405688568,0.16140005511433,-0.6222866067086927,1.681380835092704e-05,0.0006551393733221826,0.0007377426367214958,0.008903354791460243,54.416667
6051,0.2522667561242254,-205.5966231297187,-0.9039561516335873,-6.09842808909681,-0.028411958172626355,0.15820465471717884,-0.6235916616942655,1.7323009868435537e-05,0.0006713198219506723,0.000785073827742175,0.010022511098222886,54.425
6052,0.24463130156806182,-205.65082288942355,-0.8571215303479685,-6.4685141432876065,-0.019212687852067964,0.15478175988499165,-0.6248007619300763,1.784279248869422e-05,0.0006879689429695241,0.0008310986099595803,0.011491788675447215,54.433333
6053,0.23741575246979402,-205.7084760614526,-0.802012691737448,-6.850887049648022,-0.009965161851540403,0.1511291271985671,-0.6259098937846181,1.8364109689371978e-05,0.0007050641798569437,0.0008740796322256141,0.013407417404309374,54.441667
6054,0.23069571839170502,-205.76947710801437,-0.7383262565967887,-7.2389161511216225,-0.0007129271445207407,0.14724606273578716,-0.6269135517913896,1.887502041591993e-05,0.0007226090117371434,0.0009120848307588435,0.015856698591033683,54.45
6055,0.224566135443274,-205.8335924488887,-0.6658998421692364,-7.623317389315945,0.00849500140231251,0.1431504893428072,-0.6278043365795506,1.936058741547196e-05,0.0007406386546961244,0.0009431639033005737,0.018890063577111368,54.458333
6056,0.21908696539543257,-205.90097413769928,-0.5847425211012129,-7.993781612657007,0.017679367363061436,0.13883925373370493,-0.6285806346589989,1.9803097475586803e-05,0.000759217144315274,0.0009656056988067219,0.022482340608428346,54.466667
6057,0.21433632120333568,-205.97145403726412,-0.495162778624547,-8.3374616139579,0.026827572930242224,0.13431968779677325,-0.6292384408766282,2.018276436824881e-05,0.000778432143495435,0.000978254024571516,0.026493341000443465,54.475
6058,0.21037787118040413,-206.04471395661142,-0.39785408293302865,-8.640538993180702,0.03592145237087311,0.12959443847340993,-0.6297757088458785,2.047899784280695e-05,0.0007983568708466297,0.000980751959187349,0.030641514923959022,54.483333
6059,0.20728048338119173,-206.12034450638066,-0.2938462640556218,-8.888595728820695,0.04494891689677624,0.1246741621847175,-0.6301892262085615,2.0672208281041765e-05,0.000818998022720955,0.0009736558276709782,0.03451384998431503,54.491667
6060,0.20509414991694516,-206.1980041349228,-0.18450360454115913,-9.068707414750758,0.05391928480486554,0.11955492041645406,-0.6304774733536062,2.074596597121407e-05,0.0008402243504868804,0.0009583159370234348,0.037624502574059346,54.5
6061,0.20386127855613922,-206.2766803894089,-0.07172149420161769,-9.170292690037918,0.06277461025274211,0.11426595125181292,-0.6306386868628777,2.0689171946498545e-05,0.0008617053932478068,0.0009365432185281284,0.03952017903122809,54.508333
6062,0.20360215273388108,-206.35590866996503,0.04257709424636735,-9.187290579451105,0.0715315431722213,0.10880263395723626,-0.6306724489395176,2.049778557222449e-05,0.0008828773642618448,0.0009101476480458956,0.0399035296056514,54.516667
6063,0.20432418387799567,-206.434831807919,0.15623738947318108,-9.118393586723538,0.0801663679270523,0.1031838815157869,-0.6305782685160666,2.0175672294198396e-05,0.0009029636900057308,0.0008805376342435726,0.03871849053722946,54.525
6064,0.20601417539715602,-206.5126960398964,0.2671751804663792,-8.96764415593749,0.0886668562286618,0.09742345066759694,-0.6303565439832796,1.9734322918851226e-05,0.0009210516343745931,0.0008485297005366443,0.036166331341726594,54.533333
6065,0.20863574006890942,-206.58884906889543,0.3735074273037672,-8.743947007534429,0.09702351860234609,0.0915290332410806,-0.6300090361161286,1.9191483021989322e-05,0.0009362142182751147,0.0008144242228631542,0.032640206563310965,54.541667
6066,0.2121471658042953,-206.6625756019338,0.47361069651670756,-8.459266183400088,0.10521794393542602,0.08552853627772622,-0.6295367871953086,1.856902418737951e-05,0.0009476443334659596,0.0007782614712669642,0.02861149614478502,54.55
6067,0.2164879252624184,-206.73362806643237,0.5663360234188248,-8.127600761625692,0.11326080537132448,0.07941107545316113,-0.6289422737724117,1.78905161577856e-05,0.000954759134592694,0.0007401124756261823,0.024517536956942768,54.558333
6068,0.22158343914662426,-206.8015745712374,0.650832696152053,-7.763564268805021,0.12113238434374365,0.07319456138331139,-0.6282292689162964,1.717899343921546e-05,0.0009572612113961492,0.0007002758617928864,0.020685879983883784,54.566667
6069,0.22736778057549606,-206.86613265405157,0.7266253440790409,-7.380415432992398,0.12882489726707433,0.06690111736349609,-0.6274001107870826,1.6455254424991892e-05,0.0009551455269789946,0.0006593239566385725,0.017310373479903038,54.575
6070,0.2337630811812394,-206.92718077285042,0.7935721538172987,-6.99001202729056,0.13633088883558372,0.06054417235017819,-0.6264589408889714,1.573679924712698e-05,0.0009486548837396492,0.0006180335900370687,0.014466118015793927,54.583333
6071,0.24069534510619114,-206.9846815229286,0.8517797803305052,-6.601962081344717,0.14364533283360584,0.0541396358570294,-0.6254098103327057,1.5037406164018102e-05,0.000938219543212889,0.00057725716352185,0.01214324939469651,54.591667
6072,0.24808547636654546,-207.03873705857663,0.9015606720028182,-6.223775432118267,0.150763234062935,0.04769222280301784,-0.6242582893442361,1.436719126395061e-05,0.0009243847083889556,0.0005377961200016903,0.01028357365192725,54.6
6073,0.25586281516279374,-207.0894925370786,0.9433427085470882,-5.860744354165676,0.15768131984957104,0.04120840238588414,-0.6230096159926429,1.3732991786212954e-05,0.0009077489907251325,0.0005003108608514971,0.008809472605537914,54.608333
6074,0.2639608352977101,-207.13703390113216,0.9776073718464854,-5.5164142959638705,0.16439255858421525,0.03470940570444226,-0.6216694109523001,1.313890205545457e-05,0.0008889116580772635,0.00046527786056378196,0.007642780789446971,54.616667
6075,0.2723201064115654,-207.18154042500325,1.004880229013167,-5.192808691849888,0.17089553673499547,0.028206206284232673,-0.6202432088520673,1.2586852898925028e-05,0.0008684377518993964,0.0004329854941268985,0.006714516104176435,54.625
6076,0.2808774714207525,-207.22323124059622,1.0257038167294141,-4.89093523628439,0.17718455140899286,0.02170352364995349,-0.6187383166405406,1.207715556355463e-05,0.0008468361845148386,0.00040355608034067786,0.005968349375737035,54.633333
6077,0.28958333735519604,-207.26230269927595,1.0405916445496723,-4.610847528822911,0.1832584815642082,0.01521086902484715,-0.6171608145972084,1.1608976667240546e-05,0.0008245528963925058,0.00037697968418447096,0.005360479127119951,54.641667
6078,0.2983849887272797,-207.29895933219484,1.050038719391731,-4.352103495290305,0.18911189071608375,0.00873481514342822,-0.6155184062805906,1.118071851906906e-05,0.0008019650493401217,0.00035315047749643767,0.004857962475951296,54.65
6079,0.30723959471172363,-207.33339279780586,1.0544994383498436,-4.113807310984063,0.19474280715651315,0.002282945796712805,-0.6138180022574203,1.0790318974498494e-05,0.0007793864655385518,0.0003318997482625789,0.004436468685139905,54.658333
6080,0.31610358418934015,-207.36592073639454,1.0544098867618603,-3.894839938867565,0.20014601541564883,-0.004164758786401975,-0.6120675942847243,1.0435470942644759e-05,0.0007570708524068339,0.0003130228399982156,0.004078203681807738,54.666667
6081,0.3249369099140513,-207.39653916517753,1.0501348684628014,-3.694012413869336,0.20531628236416027,-0.010567506960539784,-0.6102754006748096,1.0113781404330553e-05,0.0007352200535875436,0.0002962997346233616,0.0037701454798293697,54.675
6082,0.33371087356696916,-207.4254867184783,1.0420246260557322,-3.5099812467673557,0.21025369734039664,-0.016934902076003507,-0.6084481116104882,9.82287939287015e-06,0.000713990927324639,0.00028150904530366256,0.0035027176306120997,54.683333
6083,0.3423929575925875,-207.4528939889998,1.0303914214292054,-3.3414792764951837,0.2149546294959552,-0.02325768898306237,-0.6065938508074606,9.560484626417291e-06,0.0006934995661154547,0.00026843774563441587,0.003268789144031711,54.691667
6084,0.35095521362652266,-207.4789409036818,1.0155210986311254,-3.1872622410060796,0.2194154489732613,-0.029539998860934523,-0.6047203997676598,9.32445058458635e-06,0.0006738299581329115,0.00025688686236825326,0.003062956659350247,54.7
6085,0.35936966839581985,-207.50374791792638,0.9976693874876722,-3.0461675576819043,0.22363192057973594,-0.03577595109613797,-0.6028360955491845,9.112786082266657e-06,0.0006550389607801037,0.00024667445883709403,0.0028810467522234874,54.708333
6086,0.36761176429117665,-207.5274569260222,0.9770693417913651,-2.9170999041045933,0.22759957842928705,-0.04196706291776165,-0.6009490079905845,8.923663482900793e-06,0.0006371618855535876,0.00023763672915428459,0.002719769634193883,54.716667
6087,0.3756647443946381,-207.55007490500242,0.9539218071987847,-2.7990272379844017,0.23132297344383823,-0.048087152835525865,-0.5990657896802939,8.755417236502347e-06,0.0006202162870047453,0.0002296278712284607,0.0025764809602601365,54.725
6088,0.38350138185709565,-207.57178227931774,0.9284256518159105,-2.691046384342886,0.23479217044323658,-0.05415023928378502,-0.597195864821637,8.606536287243409e-06,0.0006042042239049035,0.00022251919437120843,0.0024490214434462615,54.733333
6089,0.39110958343328567,-207.59260591487288,0.9007500856965414,-2.5922850173440604,0.23801208356540335,-0.06013870474379723,-0.5953453593878043,8.475654187061685e-06,0.0005891184379521226,0.0002161979432636176,0.002335591132100709,54.741667
6090,0.3984669261140351,-207.6127200927665,0.8710616421344838,-2.5019961637506003,0.24097218940956514,-0.06607007929942185,-0.5935230924138747,8.361535849848944e-06,0.0005749415118647029,0.0002105657581769723,0.0022346778855107333,54.75
6091,0.40556142210979745,-207.6321366596014,0.8395043011052604,-2.4194692050818016,0.24367642010430027,-0.07192644316415857,-0.5917354998095904,8.263065074679849e-06,0.0005616509260335269,0.00020553724086895626,0.002144991577119548,54.758333
6092,0.41237530975914155,-207.6509930552812,0.8062187005132996,-2.3440925015216534,0.24611611775769426,-0.07772062133988973,-0.5899905713436634,8.179231228906835e-06,0.0005492186580100553,0.00020103847789459492,0.0020654272488921308,54.766667
6093,0.4188962157423418,-207.66923731324783,0.7713267764701309,-2.2752871430760897,0.2482990028100847,-0.08342115466984411,-0.5882950185349758,8.109117209945244e-06,0.0005376142447140545,0.00019700570976457108,0.0019950295784687934,54.775
6094,0.4251036251521866,-207.68702187552427,0.7349512628654817,-2.212575449794136,0.2502118414210975,-0.0890463051459821,-0.5866577389147033,8.051887917350598e-06,0.0005268049844654501,0.00019338411658914318,0.0019329716257786207,54.783333
6095,0.43099249863668315,-207.70434764190702,0.6972035684031238,-2.1554798478480244,0.251861465345152,-0.09458074813284602,-0.5850835812367529,8.006780144170989e-06,0.0005167586303342818,0.0001901267106109353,0.0018785324363732219,54.791667
6096,0.4365486043438389,-207.72131220282637,0.6581910454117881,-2.103608715251923,0.2532403560451059,-0.10003241476714324,-0.5835797723893472,7.973093037252954e-06,0.0005074411734763007,0.00018719335580185314,0.0018310864233114295,54.8
6097,0.44176445442321505,-207.7378875651756,0.6180122486226588,-2.05658256453763,0.2543562156126318,-0.10537965188524244,-0.582151661703173,7.95018019299024e-06,0.0004988195770159293,0.0001845499464557935,0.0017900884248238916,54.808333
6098,0.4466292913438359,-207.75418229791813,0.5767656698386295,-2.0140925083368586,0.25520079653156447,-0.11063531218619459,-0.5808053837759413,7.937442496511565e-06,0.0004908610908634232,0.00018216768352052895,0.001755065499142099,54.816667
6099,0.45113602089054844,-207.7702155270489,0.5345434602465418,-1.9758457832087484,0.2557762144252491,-0.11579094379345212,-0.5795459413590183,7.934322123404782e-06,0.0004835344007239421,0.0001800224408893864,0.0017256073288376454,54.825
6100,0.4552738694220477,-207.78605775717799,0.49143411905000306,-1.941600569308098,0.256076325328052,-0.12085075988932446,-0.5783792199903577,7.940297369557626e-06,0.00047680936141454404,0.00017809423885354253,0.0017013601813377903,54.833333
6101,0.45904238411196285,-207.80163650975817,0.4475232679184303,-1.911100603761736,0.25611723175324286,-0.1257852378571292,-0.5773080202216847,7.954878410287202e-06,0.0004706579390839901,0.00017636679065901966,0.001682020541129703,54.841667
6102,0.4624307347375498,-207.81705652640994,0.40289399362263123,-1.8841721467933956,0.25588808029351323,-0.13060799782648938,-0.5763378817529317,7.977603678109913e-06,0.0004650527436302558,0.00017482711497656596,0.0016673315668565834,54.85
6103,0.46543223884066137,-207.83235140029103,0.3576267868698069,-1.860646619541723,0.2553880243603834,-0.13531564265113594,-0.5754729763796127,8.008037130786637e-06,0.0004599690350200192,0.00017346521862346675,0.0016570775305109516,54.858333
6104,0.46804231470450325,-207.8475598562816,0.31180176992103364,-1.8403781139590087,0.2546161519924687,-0.13990675778288497,-0.5747166492692111,8.045766031403412e-06,0.00045538405925113,0.00017227382673928223,0.001651081049556181,54.866667
6105,0.47025529594290244,-207.86273407497515,0.2654967253571119,-1.8232489036450505,0.2535685518920621,-0.14438307203039621,-0.5740723218188002,8.090399310590716e-06,0.0004512768201003725,0.00017124816426680094,0.0016492002790253293,54.875
6106,0.4720688491065718,-207.877725029891,0.21878155027956933,-1.8091108232027073,0.25227218839031385,-0.1486963560003103,-0.5735421949194245,8.141566464799134e-06,0.0004476283445406322,0.00017038578463444114,0.0016513265401985901,54.883333
6107,0.47347816693297495,-207.89281129201817,0.17174135683448316,-1.797941287072786,0.250690115193518,-0.15290588453706722,-0.5731289290327245,8.198916871980355e-06,0.0004444212521489245,0.0001696863984656308,0.0016573835824132824,54.891667
6108,0.4744817659244832,-207.90786347636342,0.12444501407445577,-1.7896345087510965,0.24884660319514032,-0.1569686474971193,-0.5728339414325635,8.262119583841639e-06,0.0004416401873544194,0.00016915184300445027,0.0016673238125526491,54.9
6109,0.47507775324402524,-207.92286203929837,0.07696428645655143,-1.7841299555681558,0.24675034482835093,-0.16086961764341828,-0.5726584899591993,8.330863484698396e-06,0.00043927137980943464,0.00016878594711684935,0.0016811294290218295,54.908333
6110,0.4752648717606362,-207.937941845685,0.029378025408620695,-1.7814247136597372,0.24438536533126248,-0.16463199891063338,-0.5726033625666153,8.404857782158804e-06,0.0004373027750677524,0.00016859450172922473,0.0016988111953416582,54.916667
6111,0.47503767328611385,-207.9530855182916,-0.018247598511677607,-1.7814993164022752,0.2417575164448526,-0.16823955744769153,-0.5726702953953713,8.483832857857479e-06,0.0004357239806132584,0.00016858530452773244,0.0017204069827197591,54.925
6112,0.47440020145749356,-207.96835648447876,-0.06583209734876673,-1.7843625380184256,0.23886377212631443,-0.17169855802708095,-0.5728579371999739,8.567541448739224e-06,0.00043452688743737106,0.00016876813300752315,0.0017459831458567269,54.933333
6113,0.4733526883013188,-207.9836677210283,-0.11330802755173237,-1.7900030041813548,0.23572499296660135,-0.1749778273797805,-0.5731657703425315,8.65576007197452e-06,0.0004337043069706724,0.0001691548387223791,0.0017756331569697425,54.941667
6114,0.4718954030709093,-207.99919238835454,-0.1605945962522452,-1.7985019390681725,0.23231710107571252,-0.17810775869076825,-0.5735929772215907,8.748290756377911e-06,0.0004332506655415961,0.00016975935485193043,0.0018094796620703442,54.95
6115,0.47003136606073004,-208.0148929149956,-0.20761879737855457,-1.809895201459723,0.22865359037825322,-0.18106907135797118,-0.5741376487225829,8.844963058651163e-06,0.000433162026882645,0.00017059794755150572,0.0018476730238258061,54.958333
6116,0.46776384287822326,-208.0308207146398,-0.25430265573223837,-1.824263938059927,0.22473248560178213,-0.18386305475649,-0.5747975292978014,8.945636361059293e-06,0.0004334357770377047,0.00017168926514161517,0.001890393498532854,54.966667
6117,0.4650944436393624,-208.04690925674248,-0.3005773146896587,-1.841673276327551,0.220572880604925,-0.18646348661408885,-0.575570573585345,9.05020242241664e-06,0.0004340706820627343,0.00017305458119651297,0.0019378514018566603,54.975
6118,0.46202863590252546,-208.06322436542743,-0.3463609564726861,-1.8622471292020613,0.21617164220306365,-0.1888752577510134,-0.5764533552619144,9.158588195848337e-06,0.0004350672065597474,0.00017471792205378878,0.001990289982610968,54.983333
6119,0.4585700815355422,-208.079851634098,-0.3915720953784166,-1.886140930666273,0.21152081820849067,-0.19110562293419017,-0.5774427218550302,9.27075891297082e-06,0.00043642703306141003,0.0001767064474256452,0.0020479845720238715,54.991667
6120,0.4547243201824272,-208.0967723958101,-0.43613257188529597,-1.9134970568623675,0.206633148320324,-0.19313934184522508,-0.5785347434016598,9.386721509172694e-06,0.0004381534273722239,0.0001790508028981313,0.0021112438835207154,55.0
6121,0.4504924631687218,-208.11410854217456,-0.479959805431776,-1.9445368550100293,0.20149280083574178,-0.1949880449282172,-0.5797265098496357,9.506528324623144e-06,0.0004402510711277442,0.00018178540212558333,0.0021804122060630547,55.008333
6122,0.4458901871341141,-208.1317129190884,-0.522968540321104,-1.9793997433261374,0.196142682850161,-0.19661384117230352,-0.5810108072143008,9.6302811422892e-06,0.0004427267637889095,0.00018494900034264392,0.0022558699271306736,55.016667
6123,0.44092266048418444,-208.1496472780589,-0.5650733484753059,-2.0183372208562558,0.1905813962688151,-0.19801775123288948,-0.5823832194259192,9.758135463674642e-06,0.000445587489959635,0.00018858493288401035,0.002338034257819779,55.025
6124,0.4355950034547301,-208.168038660075,-0.6061812690541254,-2.0616611706744883,0.18479479587248357,-0.19921153937652952,-0.5838391547966619,9.89030507923823e-06,0.00044884213128870736,0.0001927418767617685,0.0024273600306513148,55.033333
6125,0.42991842112006295,-208.18691070711228,-0.6461955861873664,-2.1096760198759834,0.1787920005343919,-0.20018819004009702,-0.5853722079065422,1.0027067102438129e-05,0.0004525015393466753,0.000197474622172012,0.002524338431292792,55.041667
6126,0.42390050562257453,-208.20631580445405,-0.6850200100542522,-2.1627400183958545,0.17257561082423198,-0.20094366235788352,-0.5869768443327591,1.016876731899528e-05,0.0004565777747192376,0.0002028447077546905,0.0026294957336888995,55.05
6127,0.4175531297081745,-208.22631542281354,-0.7225473991636204,-2.221257423649596,0.16614876510643145,-0.20147615803157512,-0.5886462930100246,1.0315825813435992e-05,0.00046108478710579906,0.0002089212597498551,0.0027433927469114193,55.058333
6128,0.41088660922385667,-208.24692589580405,-0.7586733339661212,-2.285661641275669,0.1595239054975364,-0.20177463853735533,-0.590374145346773,1.0468742887356119e-05,0.0004660379067385674,0.00021578196791163565,0.00286661970601695,55.066667
6129,0.4039147064045037,-208.2682530181987,-0.7932747121127365,-2.356479611995694,0.15269764312387452,-0.20184319172245554,-0.5921530785326595,1.062810514540522e-05,0.0004714542284856736,0.0002235139388720252,0.002999794885117048,55.075
6130,0.3966520510039478,-208.29034093557544,-0.8262272559438717,-2.4342684635643077,0.1456803153279215,-0.20167488010726392,-0.5939755896799784,1.079459168684899e-05,0.0004773522062781002,0.0002322150142200329,0.0031435545459961383,55.083333
6131,0.38911286209287843,-208.31323853625264,-0.8574007115098358,-2.5196524339300663,0.13848228364222648,-0.20126250283065183,-0.5958343517686572,1.096898020872055e-05,0.0004837516574974853,0.0002419947091739017,0.0032985485981767773,55.091667
6132,0.38131344036593884,-208.33700609111486,-0.8866527446969352,-2.613331423329212,0.13111356439049146,-0.2006005902272783,-0.5977216317896552,1.1152152668257877e-05,0.0004906739182039359,0.0002529752432817133,0.0034654360873581217,55.1
6133,0.37326956375036624,-208.36180747070472,-0.9138202494325143,-2.716143357479176,0.12356464783712753,-0.19969522391416492,-0.5996299759241179,1.1345100135885417e-05,0.0004981415621097965,0.00026529252100579345,0.0036448812932970407,55.108333
6134,0.365003456838492,-208.3875963979707,-0.938744091250574,-2.8288860683058026,0.1158716701476864,-0.19852737816010232,-0.6015506203588037,1.1548926401381592e-05,0.0005061784602132203,0.00027909723227102236,0.003837552377100372,55.116667
6135,0.3565327703166133,-208.41451436434141,-0.961238624295672,-2.9525588938813927,0.10803327087862423,-0.19709858758023702,-0.6034761568058356,1.1764849137601541e-05,0.0005148087061625689,0.0002945543203234463,0.004044147108792381,55.125
6136,0.3478819651967845,-208.4427786531863,-0.9810787432823741,-3.0883030309283495,0.10003732151916948,-0.1954184622487325,-0.6053979448194478,1.199419756337832e-05,0.0005240571789390728,0.0003118431444218747,0.004265430778974752,55.133333
6137,0.3390751195161199,-208.4723151049336,-0.9980661875313196,-3.237169492606947,0.09193064315769797,-0.19346429981626265,-0.6073078578622338,1.223840544316854e-05,0.0005339480884846941,0.00033115653918070804,0.004502306640236937,55.141667
6138,0.3301381310861464,-208.50344588137932,-1.0119207153916516,-3.4005665356270267,0.08368525975374734,-0.1912518746364061,-0.6091978417755667,1.2498996334712966e-05,0.0005445046773253703,0.0003526956951623048,0.004756007505126949,55.15
6139,0.3211010929966262,-208.53607840327527,-1.0223983939356085,-3.5796982764754492,0.07535645880754763,-0.1887596233350168,-0.6110595072416508,1.2777558669801836e-05,0.00055574820589627,0.0003766668105405266,0.005028331423355304,55.158333
6140,0.31199381130099263,-208.57046092846778,-1.0291772783853164,-3.7760829657370194,0.06693588493926518,-0.18599431678368328,-0.612885155724601,1.3075706285104084e-05,0.0005676965192806846,0.000403268930095755,0.005322150479441494,55.166667
6141,0.3028544505830862,-208.60686841419968,-1.0318812962610642,-3.991290273525479,0.0584153077941327,-0.1829636874701736,-0.6146661317810129,1.3395019099378376e-05,0.0005803630472015153,0.00043268216680976147,0.005642108834762416,55.175
6142,0.2937328529567061,-208.64538688464864,-1.0301124655035856,-4.226679931037846,0.049825797796651035,-0.17966703770690956,-0.6163924546192557,1.3736958336639739e-05,0.0005937541347120329,0.00046504799283232027,0.00599571986934582,55.183333
6143,0.28464565567368816,-208.68618458213413,-1.0235088643224937,-4.483755103289576,0.04117915727648859,-0.1760882014937855,-0.6180612712156314,1.410274619141489e-05,0.0006078657707543575,0.0005004395543257694,0.006395012641084166,55.191667
6144,0.27565172457490555,-208.72943307135608,-1.011574141565308,-4.7636709749437305,0.03249553608460141,-0.17223438541308686,-0.6196627060683503,1.4493203622495736e-05,0.0006226889533883997,0.0005388236293098594,0.0068589709565472605,55.2
6145,0.26679864875659487,-208.77532888313894,-0.9938068006166038,-5.067328007869747,0.023789615833638884,-0.16810537360209382,-0.6211901079545523,1.4908534055139088e-05,0.00063820106689237,0.000580014059767824,0.00741648948467317,55.208333
6146,0.2581394154097643,-208.82404130473148,-0.969675157972058,-5.395066837472694,0.015081759269136125,-0.16370173830717172,-0.6226369681351711,1.5348043341498877e-05,0.0006543688331774089,0.0006236155124802217,0.008110120912066917,55.216667
6147,0.24973187165398758,-208.87579685099954,-0.9386066455405457,-5.7464894976987875,0.006382705442993159,-0.159026374620048,-0.6239971040977932,1.5809793358034274e-05,0.0006711497383335514,0.0006689627839577044,0.008999923219899914,55.225
6148,0.2416444916861855,-208.93077768405504,-0.9000120468500508,-6.119965692015119,-0.002290841204332909,-0.15408573183609883,-0.625263825890408,1.6290191838231503e-05,0.0006884961223353368,0.0007150665251232168,0.010166188202878202,55.233333
6149,0.23394989498187074,-208.98913487314672,-0.8533261853952941,-6.512307132839872,-0.010921544193216273,-0.14888705767661567,-0.6264310629309787,1.6783536297595663e-05,0.0007063613302359019,0.0007605789972850211,0.011708731072071746,55.241667
6150,0.22672759325087327,-209.05101127858666,-0.7980283432719901,-6.918319750894258,-0.019497471578424432,-0.1434399051548411,-0.6274929122207029,1.7281555312813114e-05,0.0007247105280171776,0.0008038056717757709,0.013739265370206059,55.25
6151,0.2200457908818382,-209.11643598124,-0.7337728385091357,-7.33071557708076,-0.027997807534111914,-0.137746412921899,-0.6284461481912612,1.777302504075482e-05,0.0007435328184363882,0.0008427897438586259,0.016362377521046717,55.258333
6152,0.21399303942672146,-209.18540415425423,-0.6603280674434163,-7.739288656842997,-0.03641041545108111,-0.1318205198757977,-0.6292854240027764,1.8243584818122865e-05,0.0007628558406783877,0.0008754942818088904,0.019642732060055273,55.266667
6153,0.208655025225655,-209.2577520879724,-0.5777524821272417,-8.131170464725251,-0.04471708868159937,-0.1256771672893786,-0.6300064636795083,1.867589352814455e-05,0.0007827448567429843,0.0009000728453168597,0.023557716719724328,55.275
6154,0.20410568964735107,-209.333224161953,-0.48645888489121725,-8.491563775436417,-0.052903703327910355,-0.11932631987430808,-0.6306068031947061,1.9050277689769378e-05,0.0008032905020164004,0.0009152025963011613,0.027947181488657998,55.283333
6155,0.20042137309052846,-209.41143450788582,-0.3872361604134206,-8.80412590863765,-0.060959869764046534,-0.11278347779485912,-0.6310834287880225,1.934599747261855e-05,0.000824573765333666,0.000920388916643227,0.032481626239399555,55.291667
6156,0.1976496713218488,-209.4919741119395,-0.2813082364293148,-9.05341578851081,-0.06888289559781859,-0.10604621199086504,-0.6314363469839606,1.954311472351996e-05,0.0008466003343453405,0.0009161095918042764,0.03667502234289503,55.3
6157,0.19588601004857795,-209.57381405520314,-0.17036678894129945,-9.223278136485721,-0.0766404097804244,-0.0991788397301368,-0.6316583871163847,1.962478781068588e-05,0.0008692253613913249,0.0009037156793191108,0.039963918414162664,55.308333
6158,0.19512928941482935,-209.656348788513,-0.056444843059445554,-9.304833612121994,-0.08423344947817411,-0.09217004722716397,-0.631753053858191,1.9579531174232183e-05,0.0008920637098731017,0.0008850516451932726,0.04184022548443198,55.316667
6159,0.19540436639809733,-209.73871194631005,0.05823589464155556,-9.292695097078527,-0.0916581273505196,-0.08504590315752548,-0.6317186832148601,1.9403031591423735e-05,0.0009144774343236317,0.0008619927071620037,0.04200032627732539,55.325
6160,0.19669486704619937,-209.8201824074147,0.17142171337047116,-9.188519489456098,-0.09891584546873142,-0.07780860465529686,-0.6315567981051283,1.9099015571128826e-05,0.0009355917552965924,0.0008359798376227378,0.04043661379974656,55.333333
6161,0.1989893755657324,-209.89974747623916,0.28089481743734307,-8.998814085866355,-0.10599352406923841,-0.0705028838092988,-0.6312663692182219,1.867889378292884e-05,0.0009543989028405891,0.0008078268149440813,0.03743318705144401,55.341667
6162,0.20224918785171606,-209.97636751195222,0.384662357143599,-8.735477804215979,-0.11287420839551367,-0.06318760790208032,-0.6308480418949552,1.816025661107586e-05,0.0009698931331168293,0.0007778061269133259,0.033470180649136906,55.35
6163,0.20639667482500448,-210.05003542112132,0.4814018722003299,-8.414217203290011,-0.11958865811897695,-0.05581462457472993,-0.6303061107183433,1.7564619411313873e-05,0.000981221923376852,0.0007459294304899013,0.029082688423778893,55.358333
6164,0.21130534809806462,-210.12029598339535,0.5700694792627794,-8.053137304395506,-0.12609903304309442,-0.04838935494232538,-0.6296507102115126,1.6914989633483307e-05,0.0009878056847658625,0.0007122361326628969,0.02473265823091485,55.366667
6165,0.21701566864807215,-210.18630246045322,0.6498466193718349,-7.663732256468037,-0.13244849352615887,-0.04102995008304576,-0.6288691854709005,1.6233752998648815e-05,0.000989404643429337,0.0006769601265925128,0.020741001656152225,55.375
6166,0.22337834208749355,-210.24822769163777,0.7205720924905306,-7.262373043785788,-0.13861907970593504,-0.033699182403505674,-0.6279742260020031,1.554090136890155e-05,0.000986043883568288,0.0006406063102758796,0.017283077157449523,55.383333
6167,0.23031083605712255,-210.30603563114252,0.7822979959601274,-6.8605408105410985,-0.14461368486352721,-0.026415718559572404,-0.6269701784289058,1.4853168071400759e-05,0.0009780385130174958,0.0006038638231533646,0.01440719249153076,55.391667
6168,0.23773500573273115,-210.35977553467075,0.8352964289935697,-6.467061619358385,-0.1504370336512374,-0.019198530576981253,-0.625861508647002,1.4183680341093767e-05,0.0009658905298631506,0.0005674846951558652,0.01208095243371726,55.4
6169,0.24557291069691872,-210.40958078325673,0.8799968073031528,-6.088384479865293,-0.15609244578332224,-0.012062871656621192,-0.6246536225563545,1.3542067818869491e-05,0.0009502111720050613,0.0005321728571511051,0.010230699673603176,55.408333
6170,0.2537509347868267,-210.4556578385275,0.9169239374773175,-5.728795751262963,-0.16158308088766085,-0.0050187598687395215,-0.6233524145266718,1.2934856374296678e-05,0.0009316557219947617,0.0004985078813828794,0.008769953354148867,55.416667
6171,0.2622002545979172,-210.49830115502667,0.9466544081276989,-5.390808140541789,-0.16691085642863598,0.0019351450985527125,-0.6219642545160509,1.23659938116459e-05,0.0009108726286436527,0.000466910069421944,0.007616310535721892,55.425
6172,0.2708578140972234,-210.53772327840153,0.9697523297612188,-5.075618688620189,-0.17207627938362358,0.008786178913602753,-0.6204958257793418,1.1837401344748256e-05,0.0008884690314525109,0.00043763893611828967,0.0066992849872751625,55.433333
6173,0.27966640615311356,-210.57420787621933,0.986776228411575,-4.783404159842759,-0.17707933064437018,0.015534121307386068,-0.6189540487061614,1.1349484920655352e-05,0.0008649902340911627,0.00041081209271395016,0.005962429651315981,55.441667
6174,0.2885712382972267,-210.60775267484016,0.9982157148850463,-4.513784125435102,-0.18192300364414823,0.022129031836791917,-0.617346612018773,1.090157362828758e-05,0.0008409099455364823,0.0003864343133990612,0.00536237562936952,55.45
6175,0.2975277049785365,-210.6393076679576,1.0046505300418178,-4.265559301294783,-0.1865919256686766,0.02869700463197713,-0.6156804754711712,1.049227627951955e-05,0.0008166294658724485,0.00036442734838368845,0.004866682211021527,55.458333
6176,0.3064999113469009,-210.6686110059438,1.0064443785180603,-4.037614599721973,-0.19109634826571398,0.03514958372467318,-0.6139618922372065,1.011975477590723e-05,0.0007924782002174677,0.0003446594983624794,0.004451367333266907,55.466667
6177,0.31544571476868133,-210.69599487603256,1.0040145530911595,-3.828626700433564,-0.19542715004209885,0.04150819032181452,-0.6121991602727261,9.781928859257818e-06,0.000768718913055148,0.0003269656955229114,0.00409890462560383,55.475
6178,0.32432238757947723,-210.72144146462807,0.9977041194620277,-3.6373121274921543,-0.19958529197119987,0.047729251635348434,-0.6104016238863561,9.476625436474814e-06,0.0007455585202650046,0.0003111657746370519,0.0037964047196284083,55.483333
6179,0.333108494444716,-210.74533025715684,0.9878498993767367,-3.4621692098559698,-0.20356523168703003,0.05385258421739062,-0.6085750638149041,9.201680120131883e-06,0.0007231566554570079,0.0002970762620958141,0.0035343318768963844,55.491667
6180,0.3417769966909671,-210.76781355263466,0.9747385729990231,-3.3018760130762175,-0.20736380672332527,0.0598766935625416,-0.6067269121319978,8.955000190873972e-06,0.0007016270386009345,0.0002845189847019598,0.003305550403592677,55.5
6181,0.35030198599516627,-210.78943304017415,0.9586638195071339,-3.15515697979105,-0.2109505403586404,0.06588508580314463,-0.6048648920768257,8.734605938272309e-06,0.0006810478697410874,0.0002733260236303448,0.0031046347621852583,55.508333
6182,0.35865920099103227,-210.80991794322577,0.9398224688420608,-3.020908632061412,-0.21434259461395658,0.07179531664881447,-0.6029968468553162,8.53865196017655e-06,0.0006614685028211938,0.0002633427068704299,0.002927375167574446,55.516667
6183,0.36682821068315713,-210.82947822821856,0.9184324532395801,-2.8980569876453135,-0.21752952336336018,0.0776269430740014,-0.601130166312002,8.36543546917447e-06,0.0006429152665694209,0.0002544285060207064,0.0027704654571643087,55.525
6184,0.3747885160843181,-210.848140081281,0.8946792455920128,-2.7856385072437417,-0.22051219032306413,0.08336219716825508,-0.5992725846208934,8.213395580384668e-06,0.0006253956025949458,0.0002464574407708768,0.0026312525025332795,55.533333
6185,0.38252167399605896,-210.86611745735235,0.8687456292745107,-2.6827710890582472,-0.2232761109238069,0.08902652053045126,-0.5974316442983089,8.0811073427208e-06,0.0006089026910305149,0.0002393175845567942,0.0025075742937743888,55.541667
6186,0.39000686337464613,-210.88316063614144,0.8407695487080808,-2.588665103066571,-0.225845246555485,0.09454293956089402,-0.5956157065285278,7.967272294166068e-06,0.0005934186741051808,0.0002329102162201509,0.002397640541888903,55.55
6187,0.39723795203796597,-210.89989510455993,0.8109322701594447,-2.5025778328985053,-0.22817017694901698,0.10003571188860379,-0.5938297225417356,7.870707566392131e-06,0.0005789183809438383,0.00022714877811718236,0.002299955017187729,55.558333
6188,0.4041906528752819,-210.91586805535962,0.7793372367719565,-2.4238751763957636,-0.23029207653233505,0.10538281838017673,-0.5920832152262686,7.790333606648366e-06,0.000565368471505115,0.0002219576643002212,0.0022132487405108854,55.566667
6189,0.4108624899051012,-210.93160470669054,0.7461389823206132,-2.351964986951147,-0.23216588602804641,0.11069127089271807,-0.5903803490877446,7.725163418165147e-06,0.0005527340581873627,0.00021727125087780947,0.0021364420111397225,55.575
6190,0.4172291402433381,-210.94682700425435,0.7114341456489187,-2.2863416255917715,-0.2338172183468649,0.11587917157586651,-0.5887308711758077,7.674290862156395e-06,0.0005409753809754492,0.0002130326612956341,0.002068606798820671,55.583333
6191,0.42328693248575716,-210.9616749933469,0.675340663048966,-2.2265152654134397,-0.23523829317549222,0.1209667386745594,-0.5871392562538482,7.636881246718174e-06,0.0005300541431161732,0.00020919294850903236,0.0020089433103272886,55.591667
6192,0.42902530016214824,-210.9761443922003,0.637960711782589,-2.172060822133175,-0.23643322059226937,0.12593962512411522,-0.5856116936161407,7.612161677771438e-06,0.0005199300486381233,0.0002057100930753085,0.0019567610755563134,55.6
6193,0.43443698544511045,-210.99064989409854,0.599413996275602,-2.1226496637191112,-0.23735332147664262,0.13088425803284262,-0.5841534254450605,7.599413186714941e-06,0.0005105634145683427,0.00020254826027710218,0.0019114625656409903,55.608333
6194,0.4395048933914822,-211.00470613697942,0.5597646041745038,-2.077897842327807,-0.2380592207017733,0.13567162095756413,-0.5827722808967595,7.597963654542448e-06,0.0005019152362230079,0.00019967705176334748,0.0018725280832301663,55.616667
6195,0.44422491792279206,-211.01860183680833,0.5191184297361697,-2.037533747687169,-0.2385190916636562,0.14035992554406568,-0.5814724816267823,7.607181974472054e-06,0.0004939495766092791,0.00019707102505505002,0.0018395108147903421,55.625
6196,0.44859140415628507,-211.0323231136497,0.4775620125057157,-2.0012809461551875,-0.23873887016241535,0.14493561808494362,-0.5802585037376952,7.626472762770756e-06,0.00048663135693024557,0.0001947090367433781,0.0018120245587064097,55.633333
6197,0.45259943815975817,-211.04611741806127,0.4351920364964349,-1.9689428792772614,-0.23868621396556738,0.14944798134063458,-0.5791344445048946,7.655272188435193e-06,0.00047992716543320056,0.00019257384354842613,0.00178973850097234,55.641667
6198,0.456239921238943,-211.05977014165506,0.39207655622714727,-1.9402783255992524,-0.23839360056578673,0.15383480687861312,-0.5781054022216883,7.693044559714285e-06,0.0004738054308639774,0.0001906517119269053,0.0017723697398761482,55.65
6199,0.45950622400742347,-211.0733271872555,0.34829534206287655,-1.9151150138417612,-0.23785752910673694,0.1580968924826849,-0.5771756068221838,7.73927969615257e-06,0.00046823733814311066,0.00018893211657633566,0.0017596812920703826,55.658333
6200,0.4623931434745897,-211.08685185858465,0.303928048417321,-1.8933066830827967,-0.23707173570169346,0.1622396457859291,-0.5763486810452876,7.793490878867498e-06,0.0004631964160575443,0.0001874074400689845,0.0017514766809931506,55.666667
6201,0.464895470033971,-211.1003413877919,0.2590490575810391,-1.874716965723332,-0.23604005660409727,0.16625274169918638,-0.5756280311380242,7.85521341289922e-06,0.0004586583673292775,0.00018607275108934772,0.001747596587554746,55.675
6202,0.4670107987216266,-211.1138301608013,0.2137356776663293,-1.8592330647569562,-0.23476153115160478,0.17013556540527344,-0.5750160219955458,7.924003739853905e-06,0.00045460112977181835,0.00018492561934258637,0.001747916617815314,55.683333
6203,0.4687339661545074,-211.1273011499698,0.1680579212438658,-1.8467581414334597,-0.23324246457023684,0.1738744473431599,-0.5745155715542553,7.999439012701088e-06,0.0004510044814887735,0.00018396597305186778,0.0017523447995141184,55.691667
6204,0.47006362807031066,-211.14075067516944,0.12208929944207308,-1.8372087749111432,-0.23148897028992,0.17746023444410583,-0.5741282387247256,8.08111715278032e-06,0.00044785052129319314,0.00018319598378874967,0.0017608203873293988,55.7
6205,0.4709967791307029,-211.15430615546978,0.07590695766638736,-1.830558274803531,-0.22948284658893497,0.18091338260176518,-0.5738558040074412,8.168657260260627e-06,0.0004451230810694258,0.0001826199851483021,0.0017733122756611486,55.708333
6206,0.47152759206564643,-211.16769069503164,0.02956191543815566,-1.8266991151281464,-0.22727755752882653,0.18416035191332003,-0.5737006094670749,8.261700429873213e-06,0.0004428080137400236,0.00018224447193946765,0.001789817192252127,55.716667
6207,0.47166480106662867,-211.1814178143048,-0.016834523036535355,-1.8257210153076975,-0.2247887040502242,0.18731315917982325,-0.5736604671802781,8.359910903694794e-06,0.0004408936027149109,0.00018207794725357335,0.0018103626735204827,55.725
6208,0.4714035206761013,-211.19515213446854,-0.06323560682231963,-1.827531748790009,-0.2220811378046144,0.19028518538425393,-0.5737368988749879,8.46297744985525e-06,0.0004393683916654838,0.00018213123384682454,0.001834998590494633,55.733333
6209,0.47074098066740044,-211.2090353316704,-0.10956636104286221,-1.8321833053901195,-0.21913281083904554,0.19309859017274073,-0.5739305344404313,8.570615190358505e-06,0.0004382234195695657,0.00018241720763998115,0.001863805625082502,55.741667
6210,0.4696800636406035,-211.22307095358389,-0.1557519980217696,-1.8396954465175013,-0.21594979694516475,0.19574609342354735,-0.574240075913169,8.682567616349503e-06,0.00043745177694322405,0.000182951061514513,0.001896891370149972,55.75
6211,0.4682224097520815,-211.2372532515704,-0.20172057985700545,-1.8501054899108778,-0.21253967296467077,0.19821786339258324,-0.5746643182973431,8.798608871711614e-06,0.0004370478015309037,0.00018375035746833235,0.001934391000898291,55.758333
6212,0.46636918932593674,-211.25160559311,-0.2473993098130219,-1.8634789082378043,-0.2089042975255984,0.20050998111712,-0.5752019250869633,8.918546310266673e-06,0.00043700734875096804,0.00018483516160221726,0.0019764681633473668,55.766667
6213,0.4641235838116482,-211.26623578490265,-0.29270672082464605,-1.8799246578286437,-0.2050293283269392,0.2026362350819484,-0.5758507128011717,9.042223306224714e-06,0.0004373279056453482,0.00018622824085890114,0.002023315533806483,55.775
6214,0.4614904820004212,-211.28103074205453,-0.3375733707339939,-1.899496349211249,-0.20094574924670258,0.20456494235039988,-0.5766077548011811,9.16952232603552e-06,0.0004380083463617481,0.0001879553670732155,0.0020751540601615507,55.783333
6215,0.4584694071172092,-211.2960798724779,-0.38192403630837785,-1.9223447901694546,-0.19664180445195373,0.20630384171118454,-0.5774714177455765,9.30036823750955e-06,0.00043904879579385485,0.00019004538316565447,0.0021322362295459725,55.791667
6216,0.45506985436865044,-211.311394782363,-0.4256730634061963,-1.9486006247095091,-0.1921256708069722,0.2078482690092444,-0.5784369770016711,9.434731891186206e-06,0.00044045144791624583,0.00019253068329640503,0.0021948458578890263,55.8
6217,0.45129237099352876,-211.32700430706663,-0.46874648656820467,-1.9784388061310179,-0.1873986921352825,0.2091928115466065,-0.5795020366307712,9.572633941452829e-06,0.0004422191993144447,0.00019544751944820625,0.002263297084313001,55.808333
6218,0.4471465057457429,-211.34293616272907,-0.5110554205266011,-2.0120457296910335,-0.1824662822432132,0.2103351075053683,-0.5806614427280714,9.714148968213836e-06,0.00044435706755691594,0.0001988364141477512,0.0023379375118604134,55.816667
6219,0.4426372262064456,-211.35927431062984,-0.5525121021530318,-2.0496649568747647,-0.1773205328435338,0.21128028339290383,-0.581911147132876,9.859409839925208e-06,0.0004468709544077243,0.000202742658514192,0.0024191456260567205,55.825
6220,0.4377702111647955,-211.37601367735326,-0.5930330117979556,-2.091534688949977,-0.17197297710213355,0.21201668767747991,-0.583246716209272,1.0008612389026517e-05,0.00044976845125698644,0.0002072169382192136,0.0025073309831170803,55.833333
6221,0.432555907050317,-211.39317435933393,-0.6325232358869327,-2.137928512694073,-0.16643219200447495,0.21253913894047868,-0.5846622551174528,1.0162020363238705e-05,0.00045305882679386856,0.00021231579713138206,0.0026029353296521908,55.841667
6222,0.4270042920901109,-211.41083086914327,-0.6708812715274513,-2.1891799139106682,-0.1606955300048721,0.21285069722233893,-0.5861518915813695,1.0319970585392538e-05,0.00045675244507358546,0.0002181023658802674,0.002706428817946493,55.85
6223,0.4211231996662141,-211.4290165723616,-0.7080097564410036,-2.245647454432499,-0.15476893941332998,0.21294547479680406,-0.5877102286266904,1.048287836680585e-05,0.00046086098563703347,0.00022464722895766586,0.0028183061602119084,55.858333
6224,0.41491631889792,-211.44792376984418,-0.7437977200216148,-2.307815590201014,-0.1486239465423061,0.2128385205539283,-0.5893328425928804,1.0651243133225821e-05,0.000465397886704687,0.00023202913609046068,0.0029390855381952294,55.866667
6225,0.4084085955370472,-211.46721103546295,-0.7781510481595897,-2.375929793595192,-0.14235374220254912,0.2124745507775518,-0.5910097207566114,1.0825654289083776e-05,0.0004703790108196568,0.00024033626241770243,0.003069301169047748,55.875
6226,0.40160113177990037,-211.48736100292356,-0.8109233687644445,-2.45072233916316,-0.13586902241263824,0.21190779404489832,-0.5927370481483835,1.1006796669479849e-05,0.00047581962254640174,0.00024966573961507507,0.0032095058002810962,55.883333
6227,0.39452293788100584,-211.50811001088536,-0.8419964201625613,-2.532569234227157,-0.129249170006965,0.21109767618906677,-0.5945039409760768,1.1195455996278169e-05,0.0004817380952292404,0.00026012677500421175,0.0033602471342504955,55.891667
6228,0.3871775441130873,-211.52959272960607,-0.8712467806922851,-2.6221428264872104,-0.12248167745411362,0.2100472769478653,-0.5963060395558755,1.1392523836283097e-05,0.0004881517307502128,0.00027183941602683506,0.003522074213309112,55.9
6229,0.3795853615725115,-211.5519980661755,-0.8985036453117216,-2.72019735130806,-0.11554944836600488,0.20877144058445143,-0.5981348704553221,1.1599001317276458e-05,0.0004950808135678366,0.0002849361369329441,0.0036955382341576077,55.908333
6230,0.37176055034256694,-211.57528381089156,-0.9236289466551364,-2.827435734403994,-0.10848332457809756,0.20725223797805037,-0.5999836587921147,1.181600183910898e-05,0.0005025458260679726,0.0002995628163780691,0.003881176138291181,55.916667
6231,0.3637239841016239,-211.5995606040446,-0.9464418792238081,-2.944715028834089,-0.10128537286438956,0.20549282032341637,-0.6018442379181259,1.2044751248971548e-05,0.0005105684552206021,0.00031587747253264127,0.00407954795883192,55.925
6232,0.35549200674898024,-211.62495105381473,-0.9667561290053618,-3.072990828616541,-0.09395567950554497,0.20349293065976298,-0.6037097565354996,1.2286584451020743e-05,0.0005191703100971963,0.00033405021796001263,0.004291258145832481,55.933333
6233,0.34707865542758076,-211.6517251924657,-0.9843511058754691,-3.213416828987668,-0.08646625605840731,0.2012612809565706,-0.6055741044884287,1.2542937316082763e-05,0.0005283734342847782,0.0003542612955706044,0.004517034978791849,55.941667
6234,0.338530515922397,-211.67961216665398,-0.9990127959919715,-3.366783228851471,-0.07890792286079791,0.1987753181694345,-0.6074244193909515,1.2815332181906553e-05,0.0005382002655286585,0.0003766984726478852,0.004757854430243764,55.95
6235,0.3298592910146302,-211.70894291791606,-1.0104853000556693,-3.5344387518564786,-0.07124290525556164,0.19604604754011665,-0.6092560285878552,1.3105352185259043e-05,0.0005486676995159003,0.00040154829647508043,0.005015184935323676,55.958333
6236,0.321084437001465,-211.73999177286197,-1.0184804994116696,-3.7177755253517244,-0.06345096958064111,0.19307674289847937,-0.6110628924153316,1.3414602637504456e-05,0.0005597924790697658,0.0004289903596621389,0.005291352044845065,55.966667
6237,0.3122449508330944,-211.77275919478552,-1.022695192006506,-3.9179720053033695,-0.055571858517367005,0.18986031607876389,-0.6128354930936993,1.3744656815664782e-05,0.0005715889486146382,0.0004591842512582257,0.005590126498447815,55.975
6238,0.303392638716135,-211.80719957186867,-1.022787072003158,-4.136086655985536,-0.047655663148660356,0.18639787168187322,-0.6145626769324097,1.4096976892456577e-05,0.0005840646918514708,0.0004922491901160682,0.005917634454316827,55.983333
6239,0.2945358437284218,-211.8438273858451,-1.0183752132713388,-4.3737905348459085,-0.039642070136458714,0.18269140914940973,-0.6162425398934247,1.447280201226537e-05,0.0005972173325324535,0.0005282384209220003,0.006283651230145714,55.991667
6240,0.2857342345239262,-211.88241200589758,-1.0090896451638633,-4.631794614669351,-0.03161914431095907,0.17873656948288888,-0.6178640474396704,1.4873002080081346e-05,0.0006110418199690998,0.000567111217388716,0.006703456022379755,56.0
6241,0.27702755813158364,-211.92341127935282,-0.9944303941461198,-4.911255039117801,-0.023546447483690575,0.17454436558683104,-0.6194209731102012,1.529788362826141e-05,0.0006255204049147761,0.0006086846554086601,0.007200313184943933,56.008333
6242,0.2684710189350918,-211.9669267554902,-0.9739172132792595,-5.212550111755625,-0.015451182723315093,0.1701187152992215,-0.6209053038373833,1.5746939659697042e-05,0.0006406268417943022,0.0006525930844458137,0.0078083568142996536,56.016667
6243,0.26008573912379923,-212.01315916095973,-0.9471261031465982,-5.535970996457165,-0.0073414085072754254,0.16544374484630348,-0.6223158231062108,1.6218541846176186e-05,0.000656325229188563,0.0006982317501772048,0.008575859575374345,56.025
6244,0.2519537434274715,-212.0623758437616,-0.9134349092007032,-5.880527207303944,0.0007821061078943122,0.16053855412312104,-0.6236419434467937,1.670957953535341e-05,0.0006725808687281193,0.0007447105253455979,0.00956835101142959,56.033333
6245,0.24412792461404828,-212.1146765403928,-0.8723650321396704,-6.244309155994712,0.008894331017380689,0.15540075968566205,-0.6248791942774798,1.7215049872926773e-05,0.0006893538145760535,0.0007908177742571012,0.010868975716145141,56.041667
6246,0.23667588049490465,-212.1702546550787,-0.8234029895033285,-6.623953161823086,0.016988626138827363,0.15003542371665843,-0.6260217814805472,1.7727630564249993e-05,0.0007066145198199024,0.0008350197578655243,0.012575351775158814,56.05
6247,0.22966022515948123,-212.22941259401796,-0.7660784739912435,-7.014592278347517,0.025077587704292012,0.14443769594328065,-0.6270656897499097,1.8237299623729153e-05,0.0007243520354552076,0.000875514460227912,0.01478833072499526,56.058333
6248,0.22317708935072014,-212.2918094451747,-0.7001435962218371,-7.408107862562759,0.03309084516629459,0.13863562661918571,-0.6280029233005895,1.8731089098447767e-05,0.0007425865852223105,0.0009103628553260017,0.017590113347475882,56.066667
6249,0.21728000772994233,-212.35763266547158,-0.6254674540893097,-7.795565045860569,0.041042433861266193,0.13261864393195755,-0.6288325107533741,1.9193079072651737e-05,0.000761369697569768,0.0009376885407226141,0.021009539880383957,56.075
6250,0.212046118670335,-212.42708553862312,-0.5420433843157679,-8.165350014582227,0.04895726814542702,0.12637992264012682,-0.629550485445935,1.9604792531587253e-05,0.0007807907218629455,0.0009559785609975292,0.024980001219448725,56.083333
6251,0.20756432507749945,-212.49944741241168,-0.45043103280686514,-8.502945015198957,0.056758925790461816,0.11995798807808074,-0.6301515834427237,1.9946117877263155e-05,0.0008009495565415295,0.0009643632879708566,0.02929800337614016,56.091667
6252,0.20389310836533636,-212.5745978267383,-0.35137322697111417,-8.794038968299951,0.06446104141283696,0.11334622999209878,-0.6306345367663833,2.0196779444179804e-05,0.0008219095270964785,0.0009628186717449715,0.03360711476511556,56.1
6253,0.20109417088589554,-212.65203825045208,-0.24606040799969756,-9.024005479845238,0.07204769900211284,0.10655697523158542,-0.630997030717258,2.033831598175879e-05,0.0008436378927024194,0.0009522135169406394,0.037426280135122704,56.108333
6254,0.19922230348136438,-212.73117760577833,-0.13604625235477175,-9.17976936046729,0.07950923930178196,0.09960432541021848,-0.6312367003757207,2.035631888888516e-05,0.0008659287367993667,0.0009340937581919378,0.0402348944820278,56.116667
6255,0.19830238794175947,-212.81133369889096,-0.02322657441997045,-9.252263689415248,0.08683182144967545,0.09249478955781057,-0.6313536737553588,2.0242495313423703e-05,0.0008883424294422853,0.0009102790489349375,0.04159900537719003,56.125
6256,0.1983585590300738,-212.89173479539718,0.09031936478484942,-9.236457959639923,0.09400626118438823,0.0852459600376565,-0.6313465465426978,1.9996110951267514e-05,0.0009101936133805044,0.0008824093184266253,0.04129632453727325,56.133333
6257,0.19938683111039607,-212.97159272809057,0.2024376451319153,-9.133190662143754,0.10102111494144178,0.07787141772913676,-0.6312157232775831,1.9624394841018456e-05,0.000930591611426551,0.000851613039236557,0.03938359398739917,56.141667
6258,0.20136734663655592,-213.05007377709128,0.3110543434065023,-8.948577142482542,0.10786201726915685,0.07039472814000326,-0.6309618690196129,1.9141771483044175e-05,0.0009485486095356984,0.0008184421121988144,0.036176216791769376,56.15
6259,0.20426093643977297,-213.1267117932894,0.4144310004698134,-8.693210318076714,0.11453542168541164,0.06280745260887001,-0.630586531534039,1.8568090076415808e-05,0.0009631186002993356,0.0007830476539282644,0.03214967061739051,56.158333
6260,0.20802529062172437,-213.20079463404258,0.5110550784235735,-8.380339548310952,0.12102923695930544,0.055141606046082085,-0.630090342538042,1.792626764402059e-05,0.000973533252226881,0.0007454778099548605,0.02780811126845703,56.166667
6261,0.2125918827058719,-213.2718642839901,0.599846284642129,-8.025165146241411,0.1273345126870232,0.04741167179331965,-0.6294764236510537,1.7239848988518283e-05,0.0009792940283998208,0.0007059405872619776,0.02357668703913738,56.175
6262,0.2178887195443894,-213.33959376393022,0.6801250788839013,-7.642517703984209,0.13344567548179695,0.03963401135775096,-0.6287478902667593,1.653095587153921e-05,0.0009802160633639065,0.0006649258457197454,0.019742650267944032,56.183333
6263,0.22384784866421376,-213.40378934847982,0.7515677748549731,-7.245628899187886,0.13936370718286936,0.03182522335905072,-0.6279071786135225,1.5818857241273284e-05,0.0009764089352439483,0.0006231798620851086,0.016450451342599905,56.191667
6264,0.2303804435652776,-213.46444883911292,0.8141810717698345,-6.846202004655626,0.1450805905297265,0.023986732858682976,-0.6269599441545785,1.5119208350991235e-05,0.0009682168643921696,0.0005815889958219227,0.013731013595431094,56.2
6265,0.23741602177266788,-213.52150674683352,0.8681538257268362,-6.45313741424656,0.150594623446823,0.01614397678862441,-0.625909852996706,1.4443896962092576e-05,0.0009561522687097149,0.0005410352050772526,0.011542211975257228,56.208333
6266,0.2448775433521203,-213.57496964379482,0.913846889376691,-6.073262023735863,0.15590149302041326,0.00832224285855937,-0.6247623367519919,1.380128224343274e-05,0.0009408145690143986,0.0005022818215361167,0.009806691629514116,56.216667
6267,0.2527044500419675,-213.6251199229151,0.9517526434222976,-5.710965942764919,0.16100777172352015,0.000512090356577166,-0.6235212489435252,1.3196686572176418e-05,0.0009228320407203053,0.000465906968696339,0.008437996678381968,56.225
6268,0.26082683038760995,-213.67204128443427,0.9823842470404663,-5.369300351018931,0.16590885594213675,-0.00726162449555324,-0.6221929226579622,1.2632970570921737e-05,0.0009028109675772534,0.0004322863430273701,0.007355869364702287,56.233333
6269,0.2691804511911101,-213.71599596179456,1.0063010871063345,-5.049815807439251,0.17060129140022356,-0.014999439377977732,-0.6207839631199588,1.2111119055456159e-05,0.0008813123368550898,0.0004016066327998586,0.006492861521038293,56.241667
6270,0.27770932376222107,-213.7571821673262,1.024038765009493,-4.752994730390392,0.17508345518909432,-0.022690832101765146,-0.6193007528927912,1.1630758619264574e-05,0.0008588350798717047,0.00037389947151261586,0.005795727261592811,56.25
6271,0.2863629233830034,-213.7959124026528,1.0361229897761994,-4.47853643874773,0.17935104811818126,-0.030346092817645394,-0.6177498108988887,1.1190587213339705e-05,0.0008358085725500769,0.00034908078264524634,0.005224124501005778,56.258333
6272,0.29509287827133807,-213.8320555222755,1.0429939755869926,-4.225794092751702,0.18341186463920214,-0.037897001751088226,-0.6161383106444924,1.0788713741414464e-05,0.0008125929080032366,0.000326988651475095,0.004748229639598804,56.266667
6273,0.30385895032662663,-213.86596295781845,1.0451142520629848,-3.993612082451749,0.18726392703818015,-0.04536293446243263,-0.6144728948319822,1.0422915467800477e-05,0.0007894843798401209,0.0003074140795521498,0.0043463126605657884,56.275
6274,0.31262098465753335,-213.897997715702,1.0429080129697472,-3.7807016830676883,0.1908971187509446,-0.05277011953233476,-0.6127610604576068,1.0090822595717542e-05,0.0007667203328509429,0.00029012634172799045,0.004002572205466043,56.283333
6275,0.3213368135230488,-213.92827452674484,1.036739845260588,-3.5857763040299777,0.1943071370393949,-0.06010072327764048,-0.6110115810956928,9.790048046206378e-06,0.0007444878028273777,0.0002748903262858308,0.0037054627154197795,56.291667
6276,0.3299791234879713,-213.9568209789036,1.0269245591336098,-3.4074587591759307,0.1975034424319749,-0.06732352430741917,-0.6092310284106909,9.518273736813694e-06,0.0007229322769730464,0.00026147783809234734,0.0034464601771821667,56.3
6277,0.33852681514586475,-213.9836517203396,1.013745021910306,-3.2443932376445512,0.20050120291159584,-0.07440694543074261,-0.60742521085206,9.273301568840513e-06,0.00070216046117978,0.0002496745866443868,0.003219184904807077,56.308333
6278,0.3469422728059641,-214.0091536409248,0.997497803642823,-3.095345395233145,0.20327710046954217,-0.08139263212293361,-0.6056039733495782,9.05308275885352e-06,0.0006822459416188742,0.00023928411720084835,0.003018768173229578,56.316667
6279,0.3551997404572319,-214.03348811267958,0.978427863846507,-2.959129894371902,0.20582538858612562,-0.08828297578413888,-0.603775238210435,8.855732981530807e-06,0.0006632402671937766,0.00023012970532652085,0.0028413894893431243,56.325
6280,0.36328101771103827,-214.05663475569358,0.9567427513875705,-2.834634934466213,0.20815875692571603,-0.09504664612387155,-0.6019456617102114,8.679532984233014e-06,0.0006451742626533201,0.00022205413114907276,0.002684001663870161,56.333333
6281,0.371163730627698,-214.07872483610294,0.9326440445257301,-2.7208562818952973,0.21027382286018487,-0.10168391951520117,-0.6001231645319065,8.522922927779371e-06,0.0006280606788941203,0.00021491877839015697,0.002544132680869361,56.341667
6282,0.3788243319403486,-214.09998185239232,0.9063217403494305,-2.616888859214366,0.21215414244723596,-0.10821621471756625,-0.5983162904272953,8.38449319755983e-06,0.0006118993972998668,0.00020860237317029624,0.0024197361722448334,56.35
6283,0.386248948590469,-214.12035430970792,0.8779321828405634,-2.5218812067132697,0.21381507669397848,-0.11461113306967069,-0.5965315698526227,8.262972414900421e-06,0.0005966808380748254,0.00020299938366697727,0.0023090917701149424,56.358333
6284,0.39341846488970694,-214.14004286935767,0.8476344690445085,-2.435092494894489,0.215240733466242,-0.12088964558908809,-0.5947769606518555,8.157213894677201e-06,0.000582386339708364,0.00019801832521243722,0.002210743232982126,56.366667
6285,0.4003185984946441,-214.1590381221465,0.8155644068330549,-2.3558347633976093,0.21644007903325518,-0.1270304925259383,-0.593059405820948,8.066182727523988e-06,0.0005689918681224344,0.00019358018254556932,0.0021234416310703078,56.375
6286,0.40693381042678867,-214.17750628025277,0.781857136194224,-2.2835092770150185,0.21739883854620215,-0.13305092763147103,-0.5913862598430635,7.988942858892568e-06,0.0005564688169147856,0.00018961691458928566,0.0020461118447899665,56.383333
6287,0.41325366449348333,-214.19535172650453,0.7466267216735798,-2.217545638047884,0.21813819870935008,-0.1389139424802375,-0.5897636437798089,7.92464521860649e-06,0.0005447859310450271,0.0001860700827669498,0.0019778219133269664,56.391667
6288,0.4192627876098875,-214.2127379852763,0.7099915644906781,-2.15747183554153,0.21864199031413567,-0.1446380872482332,-0.5881989599316255,7.8725166749674e-06,0.0005339096090235552,0.0001828896650712136,0.001917764218666426,56.4
6289,0.4249511582221821,-214.22970067170226,0.6720584666773263,-2.1028443490897804,0.21891252809930625,-0.1502165454622027,-0.5866982249730883,7.831850337888722e-06,0.0005238060582533938,0.0001800329697032204,0.0018652347693280547,56.408333
6290,0.4303072688931221,-214.24630340649762,0.6329293376134204,-2.053275919924362,0.21894653974018735,-0.15564875243271442,-0.5852677944991832,7.801996758272016e-06,0.0005144410507999035,0.00017746371260777972,0.0018196212945026443,56.416667
6291,0.4353229640079825,-214.26259537811833,0.5927016285291656,-2.008416133540196,0.21874357358781593,-0.16093261996246838,-0.5839130530498934,7.782356352414978e-06,0.0005057809883944246,0.00017515121962867068,0.0017803911749665825,56.425
6292,0.43998774205225694,-214.27855263571536,0.55146414501129,-1.9679467988887662,0.21831340754197612,-0.16604970419423823,-0.582639909807436,7.772372779464748e-06,0.0004977928638138167,0.00017306973655654008,0.0017470824621329316,56.433333
6293,0.44429471799933895,-214.29428511404134,0.5093093100957453,-1.9316037029210225,0.21764529449517048,-0.17101244955173667,-0.5814531628243372,7.771527351343426e-06,0.0004904452037363192,0.0001711978531230784,0.001719295949008796,56.441667
6294,0.44823662584399593,-214.30976958917074,0.4663202721659011,-1.8991331836204748,0.21674970017175746,-0.17580441055889573,-0.5803575530476816,7.779334257665576e-06,0.00048370776360006094,0.0001695179869636585,0.0016966881785010128,56.45
6295,0.4518052768673653,-214.3250724741112,0.4225802496164366,-1.8703304494380162,0.21562110405445545,-0.1804285640459045,-0.5793579078934461,7.795336644872627e-06,0.00047755195128703303,0.00016801597549318534,0.0016789664093104812,56.458333
6296,0.45499647048282055,-214.34018911924767,0.37816953107267715,-1.8449990883161407,0.21426782506798936,-0.184874140043571,-0.5784577462181518,7.81910342039331e-06,0.00047195119929609045,0.00016668071684521133,0.0016658834108271717,56.466667
6297,0.4578024951631498,-214.3552503137474,0.3331691566289636,-1.8230023149365369,0.2126712073591343,-0.18915818387321032,-0.5776613642179965,7.850226681873465e-06,0.00046688047422073807,0.00016550387369110533,0.0016572340395308517,56.475
6298,0.46022112436858903,-214.37019428663243,0.2876543482921747,-1.8041789209899328,0.21085014076919403,-0.1932585664146147,-0.5769712794593671,7.888319804208348e-06,0.0004623170149551269,0.0001644796401585735,0.0016528511450612695,56.483333
6299,0.46224569567583684,-214.38510082824243,0.2417006288154184,-1.788427164707013,0.20879484390421849,-0.19718165164292595,-0.576391032277898,7.933016001945591e-06,0.0004582395463678943,0.00016360453484878383,0.001652603912229894,56.491667
6300,0.4638750334786712,-214.39994819316055,0.1953824888946983,-1.7756364755660359,0.20651717399313912,-0.20091446700010634,-0.5759223441332614,7.983967427344275e-06,0.0004546291023626308,0.00016287725541012251,0.0016563949505580705,56.5
6301,0.46510538753948155,-214.41478646586773,0.14877361408584852,-1.7657363474078507,0.20401367339536985,-0.20445803293298837,-0.5755674126571974,8.040844666714874e-06,0.00045146821247974084,0.00016229854845239245,0.001664159018079154,56.508333
6302,0.46593327813109375,-214.42960564697975,0.1019439922557251,-1.7586602663784001,0.201292952727315,-0.20780097490979432,-0.5753280930780783,8.103336672729146e-06,0.00044874140303214494,0.0001618711354673123,0.0016758613851560128,56.516667
6303,0.46635821395237365,-214.44439478151082,0.0549654034122139,-1.7543561505780318,0.19836532203967308,-0.21093316730980424,-0.5752051030864999,8.171151055538205e-06,0.00044643517734957157,0.0001615996450434753,0.0016914973170958651,56.525
6304,0.4663786806453694,-214.4592797405296,0.00791408933935551,-1.752826919776194,0.19521166817858374,-0.21387104607391633,-0.5751991767502657,8.244014696530696e-06,0.00044453760318616617,0.00016149058539747987,0.0017110913848049955,56.533333
6305,0.46599451187108454,-214.47421062823253,-0.03914120396527741,-1.7540454986849845,0.19185021251800966,-0.21659635117304424,-0.5753103764850047,8.321674717895093e-06,0.00044303852766913574,0.00016155239767118626,0.0017346963703458072,56.541667
6306,0.46520505970762877,-214.48928895297226,-0.08612555287526306,-1.7580442088563102,0.18826657502128086,-0.21911984154946124,-0.5755386211585591,8.403899743459778e-06,0.0004419294301631173,0.00016179543626528936,0.0017623944097922201,56.55
6307,0.46400775872779026,-214.504611016301,-0.1329664444741152,-1.7648748213659848,0.18444609418688224,-0.22144899443335272,-0.5758840976096324,8.490481449392987e-06,0.0004412035332708652,0.00016223209367449156,0.001794296321212316,56.558333
6308,0.4624121559768086,-214.52001208455303,-0.17959085185849435,-1.7745207079219223,0.1804364410157981,-0.22354797497230142,-0.5763432191978455,8.581236433040675e-06,0.00044085609724403465,0.00016287690584053496,0.0018305424564400397,56.566667
6309,0.4604191591365757,-214.5354653638374,-0.22593044045375282,-1.7870288633056675,0.17625258682815953,-0.22540419700456896,-0.5769146265134102,8.676008274572052e-06,0.00044088275455150274,0.00016374656523171873,0.0018713039847050262,56.575
6310,0.4580294002401652,-214.55114405918624,-0.27190594412831665,-1.8025274686925086,0.17186441885214673,-0.2270398838182718,-0.5775967671000242,8.774669863927832e-06,0.00044128094974684676,0.00016486011651866894,0.0019167843447756348,56.583333
6311,0.4552456523364312,-214.56704036174762,-0.31744482406674607,-1.8211079313328558,0.1672831655669434,-0.22844494044378938,-0.578387209730243,8.877126068260748e-06,0.00044204998473823027,0.0001662392969963477,0.00196721862810961,56.591667
6312,0.4520698377074902,-214.58318494707513,-0.3624731587905759,-1.8428955088048502,0.16251139919631377,-0.2296152825180675,-0.5792835055837552,8.983316691223791e-06,0.0004431907587539207,0.00016790867204463468,0.0020228763773411525,56.6
6313,0.44850972320315213,-214.59962725037067,-0.4069074505498564,-1.8680410249779533,0.15754962702214512,-0.2305519980972605,-0.580281314428221,9.093219685285736e-06,0.000444705955863316,0.00016989594488774095,0.002084063083461356,56.608333
6314,0.44457025228742775,-214.61638389974942,-0.4506693624232424,-1.8967102177889898,0.15240525510867042,-0.2312489579687055,-0.5813768746085873,9.206854673884053e-06,0.0004465992937875119,0.00017223234837630185,0.0021511200056184487,56.616667
6315,0.44025529166071653,-214.63350521875702,-0.4936787356900811,-1.9291078858541866,0.14707803929227342,-0.2317041904741958,-0.5825665036291033,9.32428679130308e-06,0.0004488760872924442,0.0001749530053439555,0.002224426821342478,56.625
6316,0.43557297761928776,-214.65103243853244,-0.5358485516598706,-1.9654625407498256,0.1415717028442563,-0.23191554189314778,-0.5838451396202466,9.445630853122493e-06,0.0004515434954395085,0.00017809742213519835,0.0023044030048873392,56.633333
6317,0.4305325623596624,-214.66897312420986,-0.5770911492125019,-2.0060203346042824,0.13589867161908326,-0.2318761062984615,-0.5852072582051877,9.571055876952466e-06,0.00045461000609823193,0.00018171004731316903,0.002391507658591588,56.641667
6318,0.42514038898465284,-214.6873763087474,-0.6173181382706107,-2.051079080553169,0.13006153749213747,-0.23158295064410417,-0.5866479746084118,9.700789936326983e-06,0.00045808543844752406,0.00018584085106884682,0.002486240305438333,56.65
6319,0.41940579587018834,-214.706282154913,-0.6564348736325515,-2.1009700398237037,0.12406660373764236,-0.23103264493316075,-0.5881614637905096,9.835125382275944e-06,0.0004619815147240586,0.00019054605928589094,0.002589141434949934,56.658333
6320,0.4133393451925718,-214.72573536599728,-0.6943416191832358,-2.156067795521606,0.1179202901217909,-0.23022228531771144,-0.5897414833608731,9.974424441064062e-06,0.000466311537108137,0.00019588895752383357,0.002700790727974917,56.666667
6321,0.40695188820859934,-214.7458445939169,-0.730928825909799,-2.2168226871324466,0.11161535356103318,-0.22915555229677623,-0.5913816520462949,1.0119125149743773e-05,0.00047109035864386446,0.00020194080124210764,0.00282180448667333,56.675
6322,0.40025545720188294,-214.76655723147098,-0.7660955476325451,-2.283662081020977,0.10518294696944727,-0.22781748654795017,-0.5930752508457903,1.0269747656732242e-05,0.00047633448470299706,0.00020878196021549677,0.002952830090128542,56.683333
6323,0.39326376462733337,-214.7879914541212,-0.7997178423224777,-2.3571484065300434,0.09861655594250579,-0.22621280311011882,-0.594815143787632,1.0426900679879796e-05,0.00048206205387739203,0.00021650261709785015,0.003094546207659654,56.691667
6324,0.38599121337334297,-214.81026169317235,-0.8316640560251478,-2.4379083294598267,0.09191227940939277,-0.22434383143353218,-0.5965940754545697,1.0591288062287108e-05,0.0004882926932737148,0.00022520434271313812,0.003247650208984844,56.7
6325,0.3784538714847682,-214.83351569788616,-0.8617879768105453,-2.52665850795837,0.08506101434146886,-0.22221434922422537,-0.5984044781868318,1.0763715412774738e-05,0.000495047525507999,0.00023500133907616532,0.003412849821002154,56.708333
6326,0.37066448338320923,-214.85753419474153,-0.889982772216644,-2.6239928642656802,0.07813602035466687,-0.21979440201734401,-0.6002396986546069,1.0945096456065006e-05,0.00050234897733661,0.0002460218177552867,0.0035908518949912924,56.716667
6327,0.3626421467687814,-214.8825515917823,-0.9160713570631155,-2.730830953072671,0.07111219970479372,-0.21709701303858694,-0.6020917327607722,1.1136458162395416e-05,0.0005102213978624063,0.00025840753130790766,0.0037823848807942823,56.725
6328,0.3544104011458388,-214.90875947196923,-0.9398594379094332,-2.8481627325286776,0.06397772121458621,-0.21412975153018193,-0.6039518303422975,1.1338944394745222e-05,0.0005186899088764737,0.000272316288903782,0.003988174460401063,56.733333
6329,0.3459890847717392,-214.93621039757093,-0.9611631236815551,-2.9769944174773264,0.05675254107727182,-0.21088617836227794,-0.6058124144758228,1.1553817693156515e-05,0.0005277795748043106,0.0002879223872607568,0.0042089569624710905,56.741667
6330,0.33739824096415855,-214.9649384301616,-0.979787315030118,-3.1184179624403727,0.04946220014706976,-0.2073591396622892,-0.6076661835507441,1.1782457199060839e-05,0.0005375158297563872,0.0003054153633460804,0.004445543729959624,56.75
6331,0.32866621728903733,-214.9950912935264,-0.9954879657614069,-3.273689448578138,0.04211156734023983,-0.20355206875223622,-0.6095044576365569,1.2026350824509877e-05,0.0005479240581783781,0.00032499791126488413,0.004698931781967701,56.758333
6332,0.3198163712062548,-215.02676781576207,-1.0080185622722295,-3.4441382348622427,0.03471736263859227,-0.19946160523637055,-0.6113201169959572,1.2287079397710989e-05,0.0005590275722293964,0.0003468829814404863,0.004970475259029035,56.766667
6333,0.31087901330201356,-215.06011447570762,-1.0170886507961052,-3.631207278151202,0.02728990621831523,-0.1950893685475878,-0.6131051394127267,1.256628957557752e-05,0.0005708477635104373,0.0003712866624750449,0.005262237511143844,56.775
6334,0.30188867465580316,-215.09528178958595,-1.0223725440383822,-3.836400584356723,0.019841657211159585,-0.19043806785525677,-0.6148513345733841,1.2865650836860623e-05,0.0005834018610606357,0.0003984181325090342,0.005577534584990707,56.783333
6335,0.29288129714400657,-215.13244530269716,-1.0235088229854057,-4.061269273644008,0.01238287013014568,-0.18551021307133417,-0.616551001985698,1.3186790666846842e-05,0.0005967009873029943,0.0004284638485542278,0.00592181583681441,56.791667
6336,0.2838917255347689,-215.17176528999835,-1.0201119430789554,-4.307342419063655,0.0049292492835187615,-0.18030570098699317,-0.6181974355892218,1.3531200671036074e-05,0.0006107485749490953,0.0004615646964018521,0.0063040188063575335,56.8
6337,0.27496931898633065,-215.2134397931413,-1.0117226494191944,-4.576011888757994,-0.0025077936279147258,-0.17483216673825555,-0.619782169089049,1.3900104954291e-05,0.0006255392808125848,0.0004977837866277362,0.006738584912312913,56.808333
6338,0.2661668756266542,-215.25758791248856,-0.9978597977541809,-4.868324905800243,-0.00990204034495953,-0.1690981774030894,-0.6212972466315622,1.4294279597327266e-05,0.0006410551120222137,0.0005370649961607181,0.007248192186857718,56.816667
6339,0.2575171299878637,-215.30452014291552,-0.978023883617656,-5.185263987973535,-0.017258215871909097,-0.1630969649371199,-0.6227391481906518,1.4713811968493513e-05,0.0006572645004438042,0.0005791791515725675,0.007867363889619911,56.825
6340,0.24908457215399404,-215.35440589799967,-0.9516409282324885,-5.526868243240356,-0.024556397177861202,-0.15683970671847122,-0.6240999939353526,1.5157795312959088e-05,0.0006741274860129096,0.0006236646455642607,0.00864679831535667,56.833333
6341,0.2409281675307266,-215.407420133375,-0.9181424506801421,-5.89231267555988,-0.03177886169020176,-0.15033266600800782,-0.6253740529927668,1.562395088309584e-05,0.0006915925481976345,0.0006697615571823369,0.009657387069847269,56.841667
6342,0.23312171404088297,-215.4637548001966,-0.8769235492521112,-6.279344301654716,-0.03891468098585326,-0.14358843212883507,-0.6265544848124162,1.6108182882481808e-05,0.0007096044284855142,0.0007163571767763412,0.010992591939776392,56.85
6343,0.225728989172716,-215.52353695574067,-0.8274649485277996,-6.6841319156697905,-0.045946231147542545,-0.13661279828093786,-0.627637156217817,1.660409345131062e-05,0.000728111359742977,0.0007619602750092903,0.012765761903087423,56.858333
6344,0.21883432857884685,-215.58687868749305,-0.7692694456410321,-7.100421982211434,-0.052863988528301105,-0.12942128479460946,-0.6286159737351512,1.7102515921167543e-05,0.0007470814017963194,0.0008047337196633165,0.015098789801887445,56.866667
6345,0.21251629349884812,-215.6537893086456,-0.7020181794704115,-7.5194972157884,-0.05965340101073825,-0.12202658877672956,-0.6294866925165036,1.7591156571721654e-05,0.0007665132431515545,0.0008426097047445781,0.01809616608988353,56.875
6346,0.2068544968817308,-215.7242221495542,-0.625596260905479,-7.929953739016464,-0.06630526883851552,-0.11444027458212282,-0.6302456247795938,1.80544800379594e-05,0.0007864495566053324,0.0008735143995943454,0.02180303821570944,56.883333
6347,0.20193446156286543,-215.79796338308853,-0.5401821248379973,-8.317546231851706,-0.07280754068494266,-0.10668174269513436,-0.6308887227324163,1.8474009629737674e-05,0.0008069769502884867,0.0008956862716718372,0.026150662641338904,56.891667
6348,0.19782913000053864,-215.8746807929898,-0.4463456915381495,-8.666314005259677,-0.07914936484970195,-0.0987658923667361,-0.6314136435213379,1.8829191736985784e-05,0.0008282030217696862,0.0009080263169195969,0.030904525677222225,56.9
6349,0.19461074544270826,-215.95390868131986,-0.34506027727571686,-8.959287665609095,-0.08532514619282353,-0.09071111548941165,-0.6318177155080728,1.9098915656414913e-05,0.0008502086157143059,0.0009103790681111567,0.035643907067929415,56.908333
6350,0.19233079759259275,-216.0351692402788,-0.23771562814001107,-9.180797903198284,-0.09133759292311959,-0.08251993451011388,-0.6321000056980359,1.9263619430371354e-05,0.0008729688735333631,0.0009036001525748841,0.03980092668775032,56.916667
6351,0.19103757198565768,-216.117578796633,-0.12617573397560877,-9.317448003865495,-0.09717066077757769,-0.07422503379616127,-0.6322586651980403,1.930771214003027e-05,0.0008962672537320248,0.0008893441767520794,0.042772713489645446,56.925
6352,0.19076353629992512,-216.2002261529909,-0.01259104714440882,-9.360496937138809,-0.1028206009112541,-0.0658564677997172,-0.6322921495267781,1.9221834440757568e-05,0.0009196230909982344,0.000869597654734242,0.04408132371893555,56.933333
6353,0.1915121620917494,-216.28227998021845,0.1007577920049689,-9.307670961709462,-0.10829052443551652,-0.05742928950756511,-0.6322005628755301,1.900440145930726e-05,0.0009422750204793152,0.0008461520117030422,0.04351861269922169,56.941667
6354,0.19327557963299563,-216.3623755142258,0.2114405850265342,-9.16278176648846,-0.1135616268262115,-0.04902262645532021,-0.6319834267478907,1.8662028404331223e-05,0.000963242223016954,0.0008202279399953394,0.04120872580067788,56.95
6355,0.19604783883469923,-216.4405565676506,0.31767210904964893,-8.934329025657147,-0.11870089220757647,-0.04057003314939926,-0.6316380951742715,1.8208689518639426e-05,0.0009814486352126032,0.0007923874530832845,0.037560858415332424,56.958333
6356,0.19968368949048673,-216.51581718361405,0.41757480811688297,-8.640461793703563,-0.12363733063351959,-0.03210714722034748,-0.631177830921832,1.766379321772118e-05,0.0009958739949740031,0.0007627357653877204,0.03313028199769451,56.966667
6357,0.2041760944415803,-216.58749094923962,0.5098513039343191,-8.294823149862895,-0.1284063571235675,-0.023684849146967127,-0.6305976118311425,1.704988232638068e-05,0.0010057460561575943,0.000731209462818951,0.02846728995156994,56.975
6358,0.20943511225400002,-216.6553171375293,0.5936792525201602,-7.91449873661797,-0.1330091032839827,-0.015306684682293384,-0.6299022118738969,1.6390130536240197e-05,0.001010578251439781,0.0006978563698439153,0.024009127800827312,56.983333
6359,0.2153902684165452,-216.71896917046195,0.6685823102998915,-7.514462552368091,-0.1374572995757819,-0.007005922596362069,-0.6290937295172379,1.5706306526551535e-05,0.0010102287603023776,0.0006629848780330395,0.020029984255187806,56.991667
6360,0.221946097103677,-216.7785122003791,0.7345108236847632,-7.108181477037229,-0.14175170069924342,0.0012218027194927802,-0.6281779009349078,1.5017380631543864e-05,0.0010048617569954068,0.0006271588049022624,0.016651939403494832,57.0
6361,0.22902907632031758,-216.83387424284953,0.7916063105368715,-6.705898402643585,-0.14590359935525318,0.009347838247363283,-0.6271580903498598,1.4338831953810331e-05,0.0009948905369290644,0.0005910958430215491,0.013883540272379691,57.008333
6362,0.23655540678473916,-216.88522418167034,0.8402471032963396,-6.315546078184211,-0.14991616504574246,0.017367063456877482,-0.6260399677663261,1.3682493011627522e-05,0.0009808876386236446,0.0005555435952429536,0.01166677736378381,57.016667
6363,0.24444900526422703,-216.93275947977156,0.8809208108318222,-5.942554117665937,-0.1537932058018763,0.0252715859536352,-0.6248291842324347,1.3056801065432781e-05,0.0009635132312251751,0.0005211747542718439,0.00991423016803572,57.025
6364,0.25264483366291535,-216.97667052578777,0.9141620779191033,-5.590251513615182,-0.15754233823194286,0.03304856575059631,-0.6235308465843856,1.2467263127700372e-05,0.0009434498543236622,0.000488523635669212,0.008534185717953962,57.033333
6365,0.2610746960122786,-217.01724679272272,0.9405516381991167,-5.260536062633511,-0.16116273698793407,0.04069761618775409,-0.622151741072218,1.19170041470407e-05,0.0009213538238245814,0.0004579631810207459,0.007444065292686456,57.041667
6366,0.2696786128460323,-217.05481173626652,0.960663309086275,-4.954044098679094,-0.16465176350578667,0.04822440386266573,-0.6206985712264247,1.1407317239820193e-05,0.0008978292977898823,0.00042971096490375643,0.006575523163791519,57.05
6367,0.27838303858487756,-217.08990827105137,0.9750992084912227,-4.670733419648149,-0.1679804979380368,0.055669786052581924,-0.6191816695521186,1.0938152039386082e-05,0.000873410734468674,0.0004038523554082286,0.00587498761472433,57.058333
6368,0.2871861555968629,-217.1220857135212,0.9842003685862662,-4.409471637923673,-0.17121219403738386,0.06292309431878032,-0.6175998554810834,1.0508530763999583e-05,0.0008485634106542776,0.0003803702386130954,0.005301796524774959,57.066667
6369,0.29601852393076933,-217.15203004372077,0.9885190474427206,-4.169369986937825,-0.17430627314811367,0.07005241805996532,-0.6159646861153382,1.0116853327488812e-05,0.0008236588341307957,0.0003591732275115503,0.0048260475941313725,57.075
6370,0.3048406185451259,-217.1799867635324,0.9884732884644291,-3.949116089132833,-0.17725673325033742,0.07706104755891967,-0.6142834509756393,9.761165562576082e-06,0.0007990084650924233,0.0003401236155612959,0.004425645119159355,57.083333
6371,0.31362151269422384,-217.20608593123063,0.9844239637524698,-3.7472943086434207,-0.18006745259043747,0.08393625717259195,-0.6125625926592703,9.439334127143571e-06,0.0007748595319902259,0.0003230567704793306,0.004084422235001887,57.091667
6372,0.3223077441572004,-217.23089497885778,0.9767674979661128,-3.5625969607605246,-0.18268850462808267,0.0907408690220122,-0.6108138158570786,9.149174091303053e-06,0.0007514014086640782,0.0003077963746856746,0.0037905144339559914,57.1
6373,0.3309083418330196,-217.2540077658907,0.9657122200743976,-3.393459336293757,-0.18518557420920512,0.09738020290475297,-0.6090368723345378,8.888539643145723e-06,0.0007287817957348101,0.00029416569340058525,0.003535075459778153,57.108333
6374,0.339377530206324,-217.27587675670628,0.9515743735388495,-3.2386969327776707,-0.18751697388291505,0.10390269103642158,-0.6072430551082361,8.65537063322516e-06,0.0007070952471663628,0.00028199366498030327,0.0033115293714081353,57.116667
6375,0.34768216764397314,-217.29672153470904,0.9346094180970754,-3.097141845849391,-0.18966326712896817,0.11032039778902283,-0.6054417953937749,8.447732237821638e-06,0.0006864097162509797,0.00027112033169630814,0.0031148115326175923,57.125
6376,0.3558236596462965,-217.31633138592946,0.9149951265363895,-2.9675547909943822,-0.1916687271153229,0.11657585592593268,-0.6036353879098939,8.263828742684589e-06,0.0006667680973524318,0.0002613987686961819,0.0029409720031895055,57.133333
6377,0.36377100815863245,-217.3350549147093,0.8929554515263091,-2.8489619711990795,-0.1934978518518143,0.12270931288206464,-0.6018334641217161,8.102005135149751e-06,0.0006481846138960682,0.00025269581766208257,0.0027869069271072144,57.141667
6378,0.3715005652188423,-217.35301814557488,0.86867409571822,-2.7404538238822838,-0.19513990442952445,0.12872288431590664,-0.6000444562102294,7.960746942238318e-06,0.0006306598671562074,0.0002448924607462086,0.002650097998456183,57.15
6379,0.3790017313198308,-217.37023105342308,0.8423080247088734,-2.6411481453359436,-0.19660395313039455,0.13460156539004225,-0.5982740315976048,7.8386720190489e-06,0.0006141824281191273,0.00023788311336108984,0.0025284788750151196,57.158333
6380,0.38625599820470424,-217.3868791598148,0.8140157064588204,-2.5502942322994953,-0.1978706552242877,0.1403632538935994,-0.5965298596327866,7.734519733895779e-06,0.0005987290841246747,0.00023157471166634973,0.002420337789133878,57.166667
6381,0.39324729351481236,-217.4030221755258,0.7839352134684062,-2.4672088491668926,-0.19893646582616376,0.1460030979717519,-0.5948192083509465,7.647140107602157e-06,0.0005842700674352588,0.00022588571293741548,0.0023242333127020693,57.175
6382,0.3999639844331888,-217.4187218710637,0.7521951953903423,-2.391263217809405,-0.1997987372818548,0.15151896106661547,-0.5931483639814493,7.57548211526794e-06,0.0005707708046627241,0.00022074499751092633,0.0022389424233043172,57.183333
6383,0.4063927296264085,-217.43403050667504,0.7189153322842845,-2.3219038527926577,-0.20045446633077624,0.1569069038587948,-0.5915240849918884,7.5185822878172175e-06,0.0005581929229426112,0.00021609079757681663,0.002163420568088085,57.191667
6384,0.41252183087485045,-217.44899975319282,0.6842081829749831,-2.2586317988028597,-0.2009007132324609,0.1621640239724365,-0.5899527484703802,7.475554244534084e-06,0.000546496352914018,0.00021186970012142828,0.002096769822931372,57.2
6385,0.4183427533813646,-217.46365572722428,0.6481795174843579,-2.2009894295936583,-0.20113944134063114,0.1672839516276239,-0.588439901214241,7.445579030964141e-06,0.0005356402654722703,0.0002080357199352764,0.0020382154052544935,57.208333
6386,0.4238442154919275,-217.47794378385808,0.6109243477918271,-2.1485695830876748,-0.2011849478175308,0.17224346380012845,-0.5869917534563763,7.427896448996398e-06,0.0005255835187667442,0.00020454946895673358,0.0019870876966969217,57.216667
6387,0.42900979633959946,-217.49220130116763,0.5725499811159032,-2.10108196487176,-0.20098112715235736,0.17709652516991767,-0.5856158467607487,7.421797569159907e-06,0.0005162861020290535,0.00020137742961853008,0.001942807374400536,57.225
6388,0.43384362450313557,-217.5060644472011,0.5331352258067004,-2.058104609662147,-0.20060217540699593,0.18176427438762113,-0.5843141521941108,7.426618298647234e-06,0.0005077105661733703,0.00019849125089631227,0.0019048701848048903,57.233333
6389,0.43833202764228446,-217.519711353969,0.492771287690946,-2.0193976189385405,-0.20002033031210015,0.18627034142548504,-0.5830932515842313,7.441733476242458e-06,0.0004998186752379608,0.00019586725479097284,0.0018728446160314147,57.241667
6390,0.4424678500950569,-217.53330746468941,0.45154955633495547,-1.9847344788580923,-0.19920998545850502,0.19063826008689394,-0.5819578577188077,7.466552507153875e-06,0.0004925753686124765,0.00019348589212783048,0.001846357961538898,57.25
6391,0.446235215373973,-217.54696875008977,0.4095489359541944,-1.953942012145939,-0.19814885817693867,0.1948778138519195,-0.5809149510448773,7.500515456191869e-06,0.00048594765604479984,0.00019133132749386182,0.00182509062601403,57.258333
6392,0.44964631724017096,-217.5602984740223,0.3668447389089736,-1.9266871700066068,-0.19692666497706435,0.19890871356709713,-0.5799635548584874,7.543090115385699e-06,0.0004799062372284984,0.0001893911029040251,0.0018087708648138563,57.266667
6393,0.4526856902243839,-217.5736455563025,0.32352058272020384,-1.9028984510201776,-0.19547680235882184,0.2027874835941027,-0.5791101526593552,7.5937693228451385e-06,0.00047442086590545034,0.00018765581252617571,0.001797174081442821,57.275
6394,0.45534087680104063,-217.5870323061973,0.2796451209341765,-1.8824535487913139,-0.19379624879545465,0.20650654668488008,-0.578360244834563,7.652069521263369e-06,0.00046946545906749676,0.0001861188655669274,0.001790113802758003,57.283333
6395,0.45761528654356437,-217.60045572602195,0.23530036296775703,-1.865201128697622,-0.19189355784351111,0.2100599256246299,-0.5777146378453069,7.717529563698917e-06,0.0004650172904865782,0.0001847762847911365,0.0017874411010223813,57.291667
6396,0.4595152619049097,-217.6136801286764,0.19055792624573703,-1.8509504267393802,-0.1898281363271911,0.21339889865331996,-0.5771730255201601,7.789709914544266e-06,0.00046105438814991154,0.00018362652195030445,0.0017890417711939638,57.3
6397,0.46102924498930203,-217.62689126445073,0.14548821796762784,-1.8396795376967525,-0.187564301365681,0.216548312219383,-0.5767399535355087,7.868192422158314e-06,0.00045755545486980486,0.00018267028655721108,0.0017948355248075282,57.308333
6398,0.462143201676456,-217.64035286122538,0.10016243196278586,-1.8314141922752398,-0.18504624586575255,0.21954463811254804,-0.5764204641084681,7.952580667327629e-06,0.0004545028048453991,0.000181910520583704,0.0018047726272645722,57.316667
6399,0.46286776011136826,-217.65383192856635,0.05465532940258578,-1.8260095927348454,-0.18233505726880134,0.22234175635727935,-0.5762122724714767,8.042500589514053e-06,0.00045188240839133726,0.00018135238537021682,0.001818832519275199,57.325
6400,0.46320793638991814,-217.6672172818655,0.009038543738555617,-1.8233834621800906,-0.17946493328117014,0.22491558795995664,-0.5761144232624386,8.13760128036106e-06,0.00044968004833858833,0.00018100308828357568,0.0018370244426561466,57.333333
6401,0.4631539827984055,-217.6806997732298,-0.03661997142552524,-1.8235895932550612,-0.1763972337911721,0.22729015086668722,-0.5761299470656088,8.237556269617675e-06,0.0004478825462812854,0.0001808718890023796,0.0018593865457920526,57.341667
6402,0.4626967930072768,-217.69444696506275,-0.08225184109533948,-1.8266940401221101,-0.17309742731949207,0.22948325364322958,-0.5762614247272589,8.34206517071703e-06,0.0004464800044475959,0.00018097024964137926,0.0018859850490424517,57.35
6403,0.4618474243596442,-217.70835953395374,-0.1277767568067795,-1.8326582205482047,-0.1695987329097299,0.23147429034763295,-0.5765053645712882,8.450855552068058e-06,0.00044546545408256753,0.00018131191511922614,0.001916914478702885,57.358333
6404,0.46061564226722174,-217.72228945335152,-0.17312121561617333,-1.8414483613624315,-0.16594615382022823,0.23323545767912252,-0.5768583950931836,8.5636849676295e-06,0.00044483185936217384,0.0001819128704969834,0.001952297203331487,57.366667
6405,0.45899084847889976,-217.73633883183092,-0.21822601831031216,-1.8531686173511661,-0.16212027029994705,0.23477223506215122,-0.5773227245465002,8.680343306286224e-06,0.00044457264645125067,0.00018279140897168648,0.0019922845808363473,57.375
6406,0.4569791465924074,-217.75060415473862,-0.2630073904825906,-1.867906174729468,-0.15810822527864885,0.23609548757855386,-0.57789551176686,8.800655491962349e-06,0.00044468475716018393,0.00018396843389287268,0.0020370591605731606,57.383333
6407,0.4545715075155665,-217.76525964907393,-0.3073971377368577,-1.8858277819531934,-0.1538736526012762,0.23721921827384965,-0.5785779586129128,8.924484308828748e-06,0.0004451660489912705,0.00018546766882645356,0.002086831998536549,57.391667
6408,0.4517783737615968,-217.78021803435917,-0.3513149750145574,-1.9069959118185573,-0.14944850224787073,0.23812456447370536,-0.5793654715687468,9.051733622070482e-06,0.00044601755422378296,0.00018731598904085572,0.0021418459302906547,57.4
6409,0.44861983980947173,-217.79524123241723,-0.3946791114401816,-1.931419314729518,-0.1449042755586348,0.23877719576532552,-0.580250561725945,9.182351726423751e-06,0.00044724060781524844,0.00018954348263157484,0.002202375155835999,57.408333
6410,0.44508781567121963,-217.8105303269546,-0.4374189743773348,-1.9593370522635494,-0.14019956485363602,0.23919503510317056,-0.5812334555691406,9.316334848179529e-06,0.00044883577963296726,0.0001921835781594166,0.002268725792350657,57.416667
6411,0.4411884551454867,-217.82613497836098,-0.4794509193597592,-1.9909350152384686,-0.13533363620912467,0.23937879737943726,-0.5823101501361544,9.453731061908944e-06,0.0004508071823370705,0.000195273858885273,0.0023412384172282756,57.425
6412,0.43691641992044516,-217.84231937014624,-0.5206891795655058,-2.026532967357265,-0.13025160265660174,0.23935038799343847,-0.583479583574933,9.59464446242192e-06,0.0004531602780416726,0.00019885636846994983,0.0024202865985522956,57.433333
6413,0.4322899709039534,-217.85882904159212,-0.5610517303524067,-2.0662362546906925,-0.12503009117747882,0.23907344168429076,-0.5847340236871628,9.739239724939075e-06,0.00045590360119892394,0.00020297843806750117,0.002506276806463061,57.441667
6414,0.42731468899452946,-217.87576086998428,-0.6004472524615294,-2.1103405648388622,-0.11965854725626622,0.23855267206988193,-0.5860690807343784,9.887746773107946e-06,0.0004590453727791987,0.0002076925090373636,0.0025996501150438896,57.45
6415,0.42200901744983216,-217.89296369800394,-0.6387847495689589,-2.159047925672856,-0.11418949422333713,0.2377693654835379,-0.5874768088380803,1.0040465657190732e-05,0.00046259562774854455,0.00021305725588377703,0.0027008791971060418,57.458333
6416,0.416374200990954,-217.9106629239625,-0.6759641904711602,-2.212788514553461,-0.10858169944717745,0.23674035962877002,-0.5889537582391366,1.0197771617654123e-05,0.00046656446564260156,0.00021913783945597164,0.002810467383294957,57.466667
6417,0.4104104092178416,-217.9291332801323,-0.7118752983584782,-2.272070845889349,-0.10278381822019533,0.23548207070087868,-0.5904965654146553,1.0360120450331278e-05,0.0004709647841965599,0.00022600735997638466,0.002928944221987185,57.475
6418,0.4041470188070277,-217.94800447473708,-0.7464219652351083,-2.33709740870084,-0.0969047230034722,0.2339580480568103,-0.5920942653708678,1.0528054368796203e-05,0.00047581240403251436,0.00023374792920213472,0.003056859621429899,57.483333
6419,0.39757655967099664,-217.96768481196284,-0.7794849434152369,-2.408553377150485,-0.09086220410820701,0.23219185316382523,-0.593745329131057,1.070220743051333e-05,0.0004811217864384483,0.00024245004190604332,0.0031947851176176837,57.491667
6420,0.39073098381648375,-217.98786180717977,-0.8109514748910521,-2.4867556227293655,-0.08475257684404909,0.23015818899506799,-0.5954382599672313,1.0883311015616072e-05,0.00048691185388191567,0.0002522152815484729,0.0033433033143646655,57.5
6421,0.38360314260558886,-218.00896946736884,-0.8406851526828144,-2.572533276847031,-0.07849173612479818,0.22787704676705248,-0.597171341905187,1.1072198878263474e-05,0.0004931998953433124,0.00026315530805956787,0.003503006584283564,57.508333
6422,0.3762314930811756,-218.03070275240867,-0.8685506582975993,-2.666306950137494,-0.07217623295227826,0.2253304606562953,-0.5989317887483017,1.1269811625535102e-05,0.0005000078153669229,0.0002753946899428187,0.003674488500078581,57.516667
6423,0.36862017536387637,-218.05335430412623,-0.8943931274199365,-2.7689528308784146,-0.06576022588628297,0.22252912243412654,-0.6007153194617918,1.1477199871889186e-05,0.0005073548524642876,0.0002890692413911518,0.0038583464686786076,57.525
6424,0.3607750756694497,-218.07718773066733,-0.918043617012016,-2.8814286649537757,-0.05920909671008582,0.21947621105980364,-0.6025172099796058,1.1695525326408256e-05,0.000515263179873046,0.00030432808392874376,0.004055188540339448,57.533333
6425,0.35273872058921113,-218.10185683150357,-0.9393413083398651,-3.004319657802717,-0.0526301507343223,0.21615823727127836,-0.6043245786574102,1.1926060262674202e-05,0.0005237573756845726,0.00032133333466017916,0.004265659630878001,57.541667
6426,0.34450871245580816,-218.1279031218726,-0.9580693947295591,-3.1389498076668088,-0.04593089160653953,0.21258685206404263,-0.6061350478249292,1.2170181501515625e-05,0.0005328582072807267,0.000340256177688197,0.0044905096691058915,57.55
6427,0.3361278209841796,-218.15496829466116,-0.9740462429770613,-3.286038302182946,-0.039221632870154,0.20875192784650487,-0.607936517089874,1.2429359241760731e-05,0.0005425898943621429,0.0003612782792459706,0.004730678858083685,57.558333
6428,0.32761396541241594,-218.183423709683,-0.9870086427206977,-3.446929849315439,-0.03245459997266632,0.2046637858764744,-0.6097228438949315,1.270513748692273e-05,0.0005529719495487428,0.0003845826172014892,0.00498751969215527,57.566667
6429,0.3189813424963518,-218.2135733520645,-0.9966876310004321,-3.623045273051078,-0.025601998773279344,0.2003204859495075,-0.6114889641226293,1.2999102558498046e-05,0.0005640228970645651,0.00041035052505912614,0.0052630655416302675,57.575
6430,0.31028225452575964,-218.2452303281771,-1.0028007534545522,-3.8153692388616305,-0.018740953625247986,0.19572774590249656,-0.6132225850514185,1.3312838743302883e-05,0.000575760138601984,0.0004387507083928558,0.005560542721538663,57.583333
6431,0.301532375077982,-218.27865630285095,-1.0050443901799206,-4.025378919601696,-0.011856217239063254,0.19088198402717657,-0.6149195158414058,1.3647861201114186e-05,0.000588192216531387,0.0004699205860141069,0.005885143732166997,57.591667
6432,0.29276790120247836,-218.31404063469037,-1.0030541278686995,-4.254434888818714,-0.00495217450421805,0.1857871299364841,-0.6165720809391582,1.4005522475818863e-05,0.0006013246529799499,0.0005039476640459192,0.006245193208118928,57.6
6433,0.28402862896800535,-218.3515426313382,-0.9964368715771251,-4.503788828343069,0.0019585062810824273,0.180447070541508,-0.618172736103862,1.438688673662678e-05,0.0006151551080763875,0.0005408408883957317,0.006653769591510585,57.608333
6434,0.2753477850889974,-218.39156771713635,-0.9847301384514127,-4.774810228969907,0.008904168179522587,0.1748581424176343,-0.6197159498474161,1.4792560582175364e-05,0.0006296720848445447,0.0005804937588007665,0.0071309644245086835,57.616667
6435,0.2667793620903738,-218.4338772394244,-0.9675505348481697,-5.067899142846794,0.015797454777125648,0.16903175690062777,-0.6211933823356877,1.5222474919557637e-05,0.000644856136285796,0.000622642520760436,0.007706757087972392,57.625
6436,0.2583707322438338,-218.47889776847956,-0.9443505067282888,-5.383638796816853,0.022668338960778564,0.16297005472898243,-0.6225989241449038,1.567560702926084e-05,0.0006606770836385453,0.0006668076107114396,0.008424570645972983,57.633333
6437,0.2501670181196315,-218.52701829423503,-0.9145761742498326,-5.721999020877635,0.029534061849186617,0.15666641408809254,-0.6239277895425615,1.6149641574526772e-05,0.0006770980758988326,0.0007122501307222358,0.009344497796056384,57.641667
6438,0.24223978422307177,-218.57800136126792,-0.8777770896992021,-6.08116555046485,0.036315631779891895,0.15014554399719685,-0.6251719788843813,1.6640582571570777e-05,0.0006940814009018957,0.0007579281161492746,0.010545617530182844,57.65
6439,0.23464308891399185,-218.63224945070843,-0.8333947964783665,-6.458892175810725,0.04303690149265922,0.1434025498853331,-0.6263274275267656,1.7142326478615416e-05,0.0007115914834512386,0.0008024665485325031,0.012125147574837642,57.658333
6440,0.22744646905657287,-218.68992130412894,-0.7809401641204036,-6.850931578445662,0.04968740511564471,0.13644453326905348,-0.6273886863738172,1.764624575376596e-05,0.0007296097555436307,0.000844191899017884,0.014191115949581582,57.666667
6441,0.2207265798081923,-218.7511247264879,-0.7200049030380757,-7.250896945692017,0.05625652455819236,0.1292811103616154,-0.6283503088439611,1.8140859835974606e-05,0.0007481440551539997,0.0008812171676029077,0.016845009743913463,57.675
6442,0.21455517146175612,-218.81586910402598,-0.6503610767972811,-7.650203772319141,0.0627277285969503,0.12191994115215554,-0.6292084493159023,1.8611691437315984e-05,0.0007672380134030895,0.0009116137360867336,0.020151108183159655,57.683333
6443,0.20900575431426863,-218.8843183696715,-0.571906089305571,-8.038026293740577,0.06911248351581069,0.1143539690163328,-0.6299596392376963,1.904145164930945e-05,0.0007869755880421793,0.000933667150082435,0.024093770992686718,57.691667
6444,0.20415817383478613,-218.9558898809648,-0.4850245661924801,-8.400658415296244,0.07534974254589132,0.10662377751384708,-0.6305999516674146,1.9410697543980546e-05,0.0008074681384174882,0.0009461759109344775,0.028529359270310143,57.7
6445,0.200081291210467,-219.03056116406063,-0.3902308176150332,-8.723459508111187,0.08145721639840646,0.09872160062835603,-0.6311269920879622,1.9699054035560313e-05,0.0008288178782034548,0.0009487090049554942,0.03315334688169855,57.708333
6446,0.19684317113045915,-219.10800300399822,-0.28847445825239876,-8.990872383224954,0.08743143829910201,0.09065236084844111,-0.6315381269136127,1.988700090311481e-05,0.0008510587290371332,0.0009417393066643911,0.037503309242582376,57.716667
6447,0.1945034564837462,-219.18753827479063,-0.18118647444226996,-9.18810451444307,0.09325022044860583,0.08244030669503957,-0.6318310730680426,1.9958061288298466e-05,0.0008740761758891925,0.0009265403574875295,0.04102208922434646,57.725
6448,0.19309764974892227,-219.26843710929293,-0.07015965487599199,-9.303584383356965,0.09889637038542262,0.07410238380859505,-0.6320054250672799,1.9901034772308806e-05,0.0008975309369747782,0.0009048546430342968,0.04318042459361893,57.733333
6449,0.1926563672758098,-219.35010470745965,0.042643527299738956,-9.329616937331586,0.10437569420124582,0.06563927390907161,-0.6320598965736538,1.9711813643839097e-05,0.0009208186473687074,0.000878433354957781,0.04362283137088414,57.741667
6450,0.19319428550642512,-219.43164753655768,0.1550272671299567,-9.26383343257628,0.10967694454103465,0.05707645518317911,-0.6319934800105658,1.939429388502353e-05,0.0009430827322790215,0.0008486232179079023,0.04227540340068303,57.75
6451,0.19468714671298326,-219.51229843152848,0.26484405685394824,-9.110620350317188,0.11478788810069077,0.04842161734995647,-0.6318081990561675,1.896009627410764e-05,0.0009633000719586205,0.0008161883552013334,0.039369772595203634,57.758333
6452,0.19712108874305834,-219.59121763506633,0.37011119110411483,-8.878398454761035,0.11970727833988855,0.03970534708860777,-0.631503100230735,1.8427170305597924e-05,0.0009804269844619262,0.0007814026679626505,0.035366192274544676,57.766667
6453,0.2004379117628227,-219.66773685385945,0.4691656989759728,-8.580784467536724,0.12442424415019043,0.030943534963324578,-0.6310813083808039,1.7817555005106373e-05,0.000993543581845114,0.0007443282814342739,0.03081728539537794,57.775
6454,0.20459130247644639,-219.741449199077,0.5607795555351156,-8.232510968243728,0.12894745203554392,0.022139562070779332,-0.6305433427456476,1.7154877176386725e-05,0.0010019900415080228,0.0007051145838407321,0.02622988262594374,57.783333
6455,0.20949672169413208,-219.8118787357103,0.644078862198483,-7.849969680009266,0.13326193360343863,0.01331789741832092,-0.6298939619782268,1.6462043037745543e-05,0.0010054252091601186,0.0006641829776945236,0.02197667321310993,57.791667
6456,0.21509621863993206,-219.8788303463988,0.7186107938382109,-7.447338798538251,0.13737745133141332,0.004487711604140332,-0.6291341740727834,1.575953576567904e-05,0.001003842139660576,0.0006222427305691081,0.018269024359944458,57.8
6457,0.22130786038268496,-219.94216340947403,0.7842427437788322,-7.03767559856818,0.1412894999277839,-0.00433579123450972,-0.6282682474871124,1.5064374273023225e-05,0.0009975075654200434,0.0005801937761650249,0.015179135175502572,57.808333
6458,0.22805720714945402,-220.00173445671987,0.8410812230441367,-6.631433254268915,0.14500064618627656,-0.013121764807134022,-0.6272998840824925,1.4389755208842171e-05,0.0009868957937552553,0.0005389741293580046,0.012682747940700257,57.816667
6459,0.23525722769148016,-220.05766740389566,0.8894820217460829,-6.236789284099762,0.14850496039754574,-0.021864665418335923,-0.6262353597645758,1.3745179498262238e-05,0.0009726040099462,0.0004994244212905901,0.010703853640877609,57.825
6460,0.2428561484563612,-220.1102635806893,0.929911186970968,-5.858836242003688,0.15181084520505392,-0.03058046677895323,-0.6250766473047193,1.3136899729483726e-05,0.0009552858873322438,0.00046220140560649997,0.009148266074615156,57.833333
6461,0.2507709723377799,-220.15927563039855,0.9628332812713352,-5.5017301478456915,0.1549218425616994,-0.03919352598740174,-0.6238313897953219,1.256848034530709e-05,0.0009355828666985494,0.00042774827024713813,0.007924952521006527,57.841667
6462,0.25894821188462824,-220.2051300446443,0.9888359891019067,-5.1672335428983915,0.15784012792695354,-0.04772863598332207,-0.6225038023973625,1.2041419035612514e-05,0.0009141028411331298,0.00039629941826739367,0.0069557181254991645,57.85
6463,0.26732673020479525,-220.24790857607601,1.0084576926199245,-4.856275607441787,0.16057234457448424,-0.05615490448060135,-0.6211003634974204,1.1555687734145717e-05,0.0008913876849909198,0.0003679165833912311,0.006178216040271048,57.858333
6464,0.27584973832187604,-220.28796467104084,1.022256728178783,-4.568773985816988,0.16311189599932838,-0.06448394554423795,-0.6196279874461386,1.1110205351635097e-05,0.0008679096825541712,0.00034252970480029517,0.005544993599416699,57.866667
6465,0.28447120418956506,-220.3254364463161,1.0307224365050112,-4.304041473353635,0.1654665045953403,-0.0726954429674762,-0.618092809458873,1.0703210630074565e-05,0.0008440700415706474,0.0003199792090529151,0.0050209617992128764,57.875
6466,0.29314131773263435,-220.36061958983618,1.034334152205223,-4.061026355563121,0.1676282518410207,-0.08079467822757481,-0.6165026373267402,1.0332543799588254e-05,0.0008202002257829674,0.00030005095642850687,0.00458064066251717,57.883333
6467,0.3018240777689665,-220.39354400848552,1.0334931633620497,-3.838424945542257,0.16961442894218712,-0.08874731906561732,-0.6148637015870113,9.995855689523624e-06,0.000796571214551795,0.00028250427264369526,0.004205606756382962,57.891667
6468,0.3104822564677139,-220.4244657166319,1.028591578490114,-3.6348091196823065,0.17142163324172546,-0.09655796665722428,-0.6131832478205531,9.690750200805918e-06,0.0007733972420894419,0.00026709134683114763,0.003882534578951636,57.9
6469,0.31907975118681037,-220.45365349589204,1.0199855765177577,-3.4487353697119256,0.17304023895714316,-0.10423599840781293,-0.6114690875372043,9.41488222793428e-06,0.0007508452121621056,0.0002535709871910517,0.0036016646475791106,57.908333
6470,0.3275863767285179,-220.48118673775934,1.0079780077692182,-3.278796700341957,0.1744788736974386,-0.11176187934448746,-0.6097285606191181,9.166018735619293e-06,0.0007290424199907144,0.00024171674249146932,0.003355730693858357,57.916667
6471,0.3359751919987687,-220.50720480671018,0.9928468065648622,-3.123633582534635,0.17574007085945062,-0.1191290116428846,-0.6079689291035396,8.942073125830408e-06,0.0007080819614907895,0.00023132110330688875,0.003139222274595367,57.925
6472,0.3442185353596598,-220.53197113541114,0.9748532050724958,-2.981973902968249,0.17680767295251318,-0.1263541940830148,-0.6061981335328813,8.741121798762727e-06,0.0006880283379223998,0.00022219737789766592,0.0029478650425891284,57.933333
6473,0.3522951827808238,-220.55547429010377,0.9542122895679531,-2.8526399411205694,0.1776990879546474,-0.1334097027686484,-0.6044231944782293,8.561408587058166e-06,0.0006689233687551826,0.00021417986778379867,0.002778263958219996,57.941667
6474,0.3601801017238672,-220.57793340643371,0.9311366303637244,-2.7345590460044185,0.17839884148887528,-0.14030860945976903,-0.6026523542996354,8.401340369991108e-06,0.0006507892728530459,0.00020712283399489077,0.002627674435369765,57.95
6475,0.3678551626810104,-220.59938777274266,0.9058066682278013,-2.626740643401987,0.17891606990623088,-0.1470359310869205,-0.6008926589455983,8.259478494088478e-06,0.0006336339469878646,0.00020089910899572414,0.0024938295405409405,57.958333
6476,0.3753006756554571,-220.62000718784196,0.8783957393496744,-2.5282972813577516,0.17923873613621188,-0.1536006094005194,-0.5991517678652735,8.134526553256125e-06,0.0006174526287402203,0.00019539828203583046,0.002374833977500636,57.966667
6477,0.38250076630936025,-220.63979167512514,0.8490532225232672,-2.438417014884712,0.17937986465319344,-0.1599837568700363,-0.5974366697573485,8.025317421641233e-06,0.0006022314182342094,0.00019052491815111635,0.0022690806530407614,57.975
6478,0.38943977353970305,-220.65888955869093,0.8179248941854114,-2.3563788144795255,0.1793283472914244,-0.16619412288574625,-0.5957544544961152,7.9307996754928e-06,0.0005879489156200112,0.00018619679759596344,0.0021751968716088696,57.983333
6479,0.39610443576264476,-220.67728779139208,0.785137905818369,-2.2815228536437218,0.17909860029037292,-0.17221336632797002,-0.5941117407592764,7.850024542476398e-06,0.0005745783965927457,0.0001823432825754672,0.0020920001097243673,57.991667
6480,0.4024778006372669,-220.6951500789463,0.750819029673169,-2.213281933066283,0.17867256730283193,-0.178054061306149,-0.5925161412331322,7.782133524160832e-06,0.0005620891339834678,0.000178903856576576,0.002018468255759352,58.0
6481,0.4085484208456831,-220.71252897542186,0.7150821435833496,-2.1511319324047724,0.17805142801938967,-0.18371169589093359,-0.590973954120766,7.726347175663027e-06,0.0005504486967377297,0.00017582680734853654,0.0019537123989026416,58.008333
6482,0.41430444113662573,-220.72948597031237,0.6780347464989512,-2.094608776248262,0.1772335231256842,-0.18918371245190016,-0.589491572373494,7.681954747569822e-06,0.0005396229149020989,0.00017306807137146328,0.001896959974103873,58.016667
6483,0.41973698633688694,-220.74604648724133,0.6397776211733656,-2.0432912018267824,0.1762242528937615,-0.19446288245375862,-0.588074580912839,7.648305113024166e-06,0.00052957705660215,0.00017059024342751304,0.0018475387146570596,58.025
6484,0.4248358779029083,-220.7622134880318,0.6004050623721946,-1.9968035989549715,0.17503255890404087,-0.19953796391238673,-0.5867288274468901,7.6247987323808805e-06,0.0005202761112014277,0.00016836171907167382,0.0018048644769266423,58.033333
6485,0.42959227444519277,-220.77803535742703,0.560009260640584,-1.9548177393245982,0.17365864477179538,-0.20440672213572664,-0.5854597165627634,7.61088073846834e-06,0.0005116858017964441,0.00016635596801234062,0.0017684303359607394,58.041667
6486,0.4339992410438036,-220.79365205176433,0.5186832160694415,-1.9170582638239009,0.1720833840158627,-0.20908378446430004,-0.5842720194359262,7.606034966100617e-06,0.0005037728716782146,0.00016455089967751254,0.0017377976262244687,58.05
6487,0.43804856466906,-220.8089808696102,0.47650641850133785,-1.8832477564333452,0.17033220550054484,-0.2135447999065383,-0.5831707047496443,7.609778909022714e-06,0.000496505198019658,0.00016292833005919976,0.0017125881695462086,58.058333
6488,0.4417341461284166,-220.82406158856523,0.4335614952284296,-1.8531596391264709,0.16840617446606546,-0.2177879715123938,-0.582160005962469,7.621659524784888e-06,0.0004898524220803369,0.00016147355226397365,0.001692478967720225,58.066667
6489,0.44504982510760116,-220.8389465341896,0.3899288235227873,-1.8265996095997326,0.16630286406217884,-0.22181365207530002,-0.581243988212983,7.64124974649156e-06,0.00048378582900527543,0.00016017494624554762,0.0016771964426750014,58.075
6490,0.4479888591311746,-220.85365626700903,0.3456845795742412,-1.8033946097920148,0.1640260007054779,-0.22561659870223322,-0.5804266828451308,7.668145715018975e-06,0.00047827859562164364,0.0001590236686825183,0.0016665118974518252,58.083333
6491,0.4505456913630309,-220.868321980555,0.30090835698813434,-1.7834191253197562,0.16155410183638566,-0.229210086868173,-0.5797115842673177,7.701964624795126e-06,0.000473306041549895,0.00015801339424613046,0.0016602379771944976,58.091667
6492,0.45271730677914934,-220.88288468484242,0.2556720537402904,-1.7665269958398877,0.15890900538948968,-0.23257726934844797,-0.5791012471619645,7.742343125918864e-06,0.00046884551676744645,0.00015714011422206505,0.0016582250806751375,58.1
6493,0.45449670222389366,-220.89733616627123,0.21004432013761798,-1.7526079789757536,0.15610016380559688,-0.23570813128778886,-0.5785991085204715,7.788936213010046e-06,0.00046487610577904164,0.00015640195668200385,0.001660359838663618,58.108333
6494,0.4558833042267601,-220.9117669969988,0.16410248303980834,-1.7415893734793602,0.15311570470014682,-0.23861115949266673,-0.578206544597813,7.841416572454347e-06,0.00046137934999595923,0.0001557990498155164,0.0016665630054749558,58.116667
6495,0.4568760365443664,-220.9262482009775,0.11792153073443237,-1.7334149001637777,0.149947292446293,-0.24129077799130422,-0.5779248070643594,7.89947432412995e-06,0.00045833824221013257,0.0001553334452102185,0.0016767872156264979,58.125
6496,0.45746956893918733,-220.94075494277914,0.07156686417011707,-1.728026817211649,0.14660807532947528,-0.2437344556898384,-0.57775609043416,7.962817187606742e-06,0.0004557374487093632,0.00015500906435081686,0.0016910158629546927,58.133333
6497,0.45766500327442095,-220.9552831670119,0.025110385727369296,-1.725384804206632,0.14310848522462633,-0.24593620240993835,-0.5777004920171791,8.031170986586472e-06,0.0004535640194380235,0.00015483163779060787,0.0017092632730679558,58.141667
6498,0.45746127807481446,-220.96993363930747,-0.021374233488502484,-1.7254958418813653,0.13943247614470516,-0.2479037562466179,-0.5777584485846778,8.104280433376403e-06,0.0004518063970292553,0.00015480870572288834,0.0017315738238424371,58.15
6499,0.4568589393877038,-220.9846930054478,-0.0678173838438717,-1.728353051869361,0.13559238912998706,-0.2496287645394276,-0.5779296640600318,8.181910268153515e-06,0.00045045483923646654,0.00015494967901099783,0.0017580213488308258,58.158333
6500,0.4558589315410007,-220.99958040673178,-0.11414809185200696,-1.733975449537646,0.13159284927099357,-0.25110761805287807,-0.5782134544029147,8.263846681687552e-06,0.00044950122874619895,0.00015526585900381017,0.0017887100329720866,58.166667
6501,0.4544592897299685,-221.01458369056542,-0.16030081042391528,-1.7423923287274876,0.12744576082046144,-0.2523309792675336,-0.5786096850440556,8.349899004634919e-06,0.00044893907765933966,0.0001557705317294781,0.0018237747373776746,58.175
6502,0.4526634538804968,-221.0297546268055,-0.20620047039480552,-1.7536664287912798,0.12314861457079923,-0.2533004313255881,-0.5791164156674924,8.439901672918784e-06,0.0004487639993065363,0.00015647905271363977,0.0018633826877472197,58.183333
6503,0.450474807253122,-221.04513843715094,-0.2517723523835925,-1.7678779827361248,0.11870059281429945,-0.2540159755544353,-0.5797314603371655,8.533716459459793e-06,0.00044897292625202024,0.0001574090411990497,0.0019077332679492292,58.191667
6504,0.44789475152259717,-221.06074032485262,-0.2969462722087793,-1.7851155813393909,0.11411078870113707,-0.25447128699485055,-0.5804529306267554,8.631235006288022e-06,0.00044956423382313664,0.00015858057111656825,0.001957059317619441,58.2
6505,0.44492886589465525,-221.07655106579412,-0.34164748082328,-1.8054811528174206,0.10939334896781945,-0.2546606667198079,-0.5812775178031814,8.73238162594859e-06,0.00045053811857143273,0.000160016361921574,0.0020116295392016027,58.208333
6506,0.4415816671438196,-221.09281236437707,-0.3857869333373386,-1.829184092292711,0.10449860733505568,-0.25460442144986783,-0.5822019772546396,8.837116364193892e-06,0.0004518960579682158,0.00016174204620559427,0.0020717495737309754,58.216667
6507,0.43785533370916097,-221.1092721219812,-0.42930773745406886,-1.8562905659396567,0.09950261821651403,-0.2542678086567708,-0.5832234761435298,8.945438459594332e-06,0.00045364107460782086,0.00016378672969062107,0.0021377605816256793,58.225
6508,0.43375724354024425,-221.1260223547323,-0.472124878647879,-1.8870067839470734,0.09439541762425056,-0.25365658822786047,-0.5843375334993851,9.057390034911852e-06,0.0004557782058406335,0.00016618288435410423,0.0022100484405290876,58.233333
6509,0.42929531712851654,-221.14316679573705,-0.5141500669972019,-1.921572946523181,0.08916474807814928,-0.25277626981934515,-0.5855393392355273,9.173060032195373e-06,0.000458313793705918,0.0001689671208789783,0.002289039807535389,58.241667
6510,0.4244757732613194,-221.16073874521993,-0.5553002455649749,-1.960235237797671,0.08381660870874127,-0.25162362023447227,-0.5868243711031981,9.292588647692182e-06,0.00046125556262198496,0.00017218075091626005,0.002375202788587118,58.25
6511,0.41930636022670936,-221.17876797975168,-0.5954886401115734,-2.0032713573991257,0.07835894595782088,-0.25019554349922873,-0.5881875366560438,9.416172127937796e-06,0.00046461302293078526,0.00017587029405609404,0.0024690497119818373,58.258333
6512,0.4137950549700858,-221.19730561385072,-0.6346243137023185,-2.051004487443616,0.07279525038490485,-0.24849031803647148,-0.5896235460355466,9.54406791794279e-06,0.0004683973652203011,0.00018008815783428342,0.002571137350917293,58.266667
6513,0.4079472274418403,-221.2162769005777,-0.6726277655176166,-2.103744952842833,0.06716068193766997,-0.24649554063266554,-0.5911276545094782,9.676600214900178e-06,0.0004726215642983778,0.0001848934434620845,0.002682066296792503,58.275
6514,0.4017824115358365,-221.23590867933876,-0.7093707575361156,-2.161975784472529,0.061418950052177915,-0.24422760432114604,-0.5926914058243479,9.814165835665498e-06,0.00047730091746349927,0.0001903525200211559,0.002802485314650548,58.283333
6515,0.39531262523320493,-221.25634697110365,-0.74473716137746,-2.2262018948211013,0.05555468449388986,-0.24168956579896853,-0.5943082899393971,9.95724056190871e-06,0.00048245099389833846,0.00019654078389509693,0.0029330722984725255,58.291667
6516,0.3885462946608962,-221.2774621709983,-0.778636643516358,-2.296854580429803,0.049620314917432407,-0.23886588990274213,-0.5959726702328437,1.010638605678506e-05,0.00048808904833260743,0.00020354362779203256,0.0030745335029270866,58.3
6517,0.3814957902372844,-221.29933303036285,-0.8109494143882425,-2.374522124617807,0.04361911127058646,-0.23575620324482616,-0.5976779219944037,1.0262256800634567e-05,0.0004942347296759302,0.00021145687444159571,0.0032276101278876862,58.308333
6518,0.3741781411389419,-221.32200287224777,-0.8415452741220077,-2.4598414152888113,0.037564787834023734,-0.23236054108522775,-0.5994163647562227,1.0425607035886843e-05,0.0005009095085987757,0.000220388534901147,0.0033930623111825798,58.316667
6519,0.36660983172865363,-221.34557048665297,-0.8702816074820805,-2.5535525416217513,0.031459495070650656,-0.22868036883272075,-0.6011805899697948,1.059729771812155e-05,0.0005081360330342103,0.00023046007875068893,0.0035716585153927533,58.325
6520,0.35880642194050877,-221.37011938400474,-0.8970097364895653,-2.656470807082099,0.025310866065966126,-0.22471496680334715,-0.6029635614442728,1.0778303031944528e-05,0.000515938284412712,0.00024180786100852752,0.0037641652200209566,58.333333
6521,0.3507824684638268,-221.3956911268517,-0.9215776590602925,-2.7694779043455715,0.019137821969351317,-0.22046144569652074,-0.6047586356619221,1.0969716016503529e-05,0.0005243417229214711,0.00025458414824576205,0.00397134528375456,58.341667
6522,0.3425634583527192,-221.42243350642153,-0.9437888333980962,-2.893608980812539,0.012938273637498544,-0.21592532504766154,-0.6065569781597958,1.117275241317904e-05,0.0005333733594285287,0.00026895760489387734,0.004193971907493074,58.35
6523,0.3341691996328333,-221.4504243630181,-0.9634513824049566,-3.0299606313952183,0.006727639834316458,-0.21110627912822366,-0.6083513708794419,1.1388751709793438e-05,0.0005430596787615571,0.0002851142296853279,0.004432837036711204,58.358333
6524,0.32561511282466954,-221.47965171458952,-0.9803801996300399,-3.1796809126731347,0.0005418592451013715,-0.20600118474161158,-0.6101358299179053,1.1619173932629525e-05,0.0005534273264307632,0.00030325601086455476,0.004688833908466218,58.366667
6525,0.31694167545796004,-221.51048694596855,-0.9942654602481361,-3.3442561825472876,-0.005660029662680487,-0.20062241478413242,-0.6118996024074547,1.1865589779924814e-05,0.0005645033814847267,0.00032359761193017565,0.004963123622639203,58.375
6526,0.3081706983183813,-221.54292158986922,-1.0048687663678553,-3.525027797613749,-0.01183731451367606,-0.19496861718721764,-0.6136363980185731,1.2129661535692176e-05,0.0005763100480512791,0.0003463650275907103,0.005257303638868913,58.383333
6527,0.29933880623935394,-221.57710809844752,-1.0118730165139993,-3.723505264815903,-0.017980534938195705,-0.18904736307732725,-0.615337555779627,1.2413110838417062e-05,0.0005888672200729514,0.0003717842603676043,0.005573931216644268,58.391667
6528,0.29047183734764354,-221.6132359218495,-1.0149507989050675,-3.941311004398509,-0.024083753378146267,-0.18285775358277165,-0.6169971859367619,1.2717667170402571e-05,0.0006021884493203581,0.00040006996320721155,0.005917211568529282,58.4
6529,0.2816062453034358,-221.6514255723007,-1.0137346397158067,-4.1800067301931225,-0.030125744121018525,-0.17640584066322224,-0.6186080597575955,1.3044991629480353e-05,0.0006162815527646021,0.00043140585922093355,0.00629418467913483,58.408333
6530,0.2727893003198049,-221.6918990909302,-1.0077807525094562,-4.441127766499848,-0.03610251031555703,-0.1697008342941082,-0.6201618726306857,1.3396566717903281e-05,0.0006311450269354494,0.0004659166742820137,0.006716493003365472,58.416667
6531,0.2640619415757418,-221.73485310221574,-0.9966329323714709,-4.726045416120538,-0.04200214492550543,-0.16274704585494768,-0.6216524202181991,1.3773541169284225e-05,0.0006467644465876878,0.0005036314798892485,0.007202883712410827,58.425
6532,0.2554709049633793,-221.78047857674,-0.9797916766290498,-5.035794682145339,-0.04781040471301477,-0.15555116709580158,-0.6230734405287324,1.417651970985677e-05,0.0006631128281895915,0.0005444337177825411,0.007782731507711888,58.433333
6533,0.2470685434011012,-221.82897015982212,-0.9567167665262308,-5.370870706737558,-0.0535133684408655,-0.148121674912514,-0.6244187709343976,1.460528651630186e-05,0.0006801496416517596,0.000588000750611004,0.00850042985067624,58.441667
6534,0.23892118172051863,-221.88052260339316,-0.9268136097754641,-5.730840867653783,-0.05910005545433651,-0.1404733486688508,-0.6256811763470704,1.505845358874898e-05,0.0006978218379030437,0.0006337361332346162,0.00942022549691271,58.45
6535,0.23108525361865184,-221.9353313200064,-0.8895145914255805,-6.114251034106748,-0.06455859595334111,-0.1326124901748078,-0.6268561460288715,1.5533031832995717e-05,0.0007160660960839348,0.0006807033656852183,0.010630097497143895,58.458333
6536,0.22363400117865828,-221.9935679213345,-0.8442336208655292,-6.517906903152351,-0.06988025638114298,-0.12455305941690302,-0.6279377340421542,1.6023942943857472e-05,0.0007348203379899367,0.0007275793433800699,0.01224253284460401,58.466667
6537,0.21663929159619613,-222.05535004930186,-0.7904623940513682,-6.936615781711939,-0.07505378659903109,-0.11630736937891506,-0.6289213286423858,1.6523510638395657e-05,0.0007540337299633913,0.0007726502490268404,0.014387523290382736,58.475
6538,0.21018270306256615,-222.12073145739458,-0.727788380806315,-7.362569985125265,-0.08007067688052819,-0.10789213000074926,-0.6298019432042072,1.702100663826299e-05,0.0007736841832911782,0.0008138849501617319,0.017192995894179268,58.483333
6539,0.20434377192655093,-222.18966151300836,-0.656001521234926,-7.785228209809408,-0.08492046033409494,-0.09932423384967763,-0.6305757089064088,1.7502372139352028e-05,0.0007937928386624201,0.0008491114720371318,0.020747419996345603,58.491667
6540,0.19919491440166512,-222.26219031517647,-0.5751028837570639,-8.191647314154835,-0.0896103879778496,-0.09059973822894979,-0.6312401907953146,1.7950276835386933e-05,0.0008144335912620463,0.0008763085091919021,0.025045352193218576,58.5
6541,0.1948328843328107,-222.3376639313402,-0.48555492589306226,-8.565219092875642,-0.09410738595012634,-0.08177813334515009,-0.6317900359234996,1.8344701793043108e-05,0.0008357253328334609,0.0008939753759352877,0.029926146198216708,58.508333
6542,0.191317503506057,-222.4160690069378,-0.3880531920093865,-8.889425714188125,-0.09843751681097587,-0.0728344804627418,-0.6322244114361699,1.8664160124199964e-05,0.0008577878447451602,0.0009014666940243598,0.035030195100624675,58.516667
6543,0.1887163738718838,-222.49664644739957,-0.28389331945793184,-9.146901457030395,-0.10258382601652086,-0.06380612322493369,-0.632540789162894,1.888759583523642e-05,0.0008806789319819506,0.0008992062857789588,0.039807564201019316,58.525
6544,0.18701667360763288,-222.5787844746917,-0.17482636116967534,-9.32554606409735,-0.10651638286111453,-0.054683341104637954,-0.6327452133867298,1.8996786057974187e-05,0.0009042961144850887,0.000888589655370716,0.04360589971558579,58.533333
6545,0.18637968945537706,-222.66136893544135,-0.06272629213791045,-9.40869855342111,-0.1102916774643497,-0.04555648848654559,-0.6328213530806899,1.89789006572589e-05,0.0009283050927967995,0.0008716057858449268,0.04583169891310541,58.541667
6546,0.1867274182138598,-222.7435657911444,0.04998697204946814,-9.395479259477524,-0.11386927599475526,-0.036414277643440254,-0.6327798203515476,1.8828395055957948e-05,0.000952033540249636,0.0008502253618570464,0.046114534029698076,58.55
6547,0.18809989666355495,-222.82466907535016,0.16114553287252167,-9.285252066215923,-0.11729087118880122,-0.027266152521230127,-0.6326151445693196,1.8548038407797988e-05,0.0009745624299460451,0.0008260005768245968,0.04443368662540174,58.558333
6548,0.1904470236813013,-222.90369457845625,0.2684960569050674,-9.087010094381611,-0.12054526081602118,-0.018142667919149143,-0.6323307650048137,1.8148660093540964e-05,0.0009947853705683466,0.0007997673164339519,0.04110961989522061,58.566667
6549,0.19372062575519544,-222.97992251811175,0.37017489320152397,-8.813820356542726,-0.12364065106582386,-0.009061211787686397,-0.6319283159670549,1.7647657805918313e-05,0.0010115934124289418,0.000771753710244127,0.036693069704982116,58.575
6550,0.19785515176123344,-223.05277588228282,0.46472325014025445,-8.481909063478462,-0.1265838906651233,-3.829448794146369e-05,-0.6314103497992509,1.706670832055492e-05,0.0010240368224305586,0.0007418683452204534,0.031796782927456815,58.583333
6551,0.20277958918331387,-223.12181028840436,0.5511214220832199,-8.108269494770164,-0.12938547396307667,0.008906937416651436,-0.6307793419803838,1.642920356969296e-05,0.001031455781167265,0.0007100331926698178,0.026949775733583654,58.591667
6552,0.20841515579174405,-223.18675611338728,0.6287833919193506,-7.709190241842627,-0.13205566151890535,0.017758806150962116,-0.630038443065895,1.5757941210969547e-05,0.0010335410042551728,0.0006764039341915757,0.02251782704997405,58.6
6553,0.2146792535807083,-223.24747481943066,0.6974948935323192,-7.299023780006899,-0.13460437350153603,0.026501279131504445,-0.6291914315330853,1.507341119575281e-05,0.0010303284705154591,0.0006414273488367379,0.01869229462550309,58.608333
6554,0.22148841183954507,-223.30397387901306,0.7573480761575495,-6.889517625933943,-0.13704010450814402,0.0351228303822673,-0.6282427152131058,1.439278889172595e-05,0.0010221435215993409,0.000605770855804051,0.015523888070570552,58.616667
6555,0.2287626914689793,-223.35639928615504,0.8086610116656467,-6.4895844981544375,-0.13936912099915938,0.04361956039275321,-0.627197014293806,1.3729565870512078e-05,0.0010095195062800476,0.0005701954353556473,0.012972356244484716,58.625
6556,0.23639571978703033,-223.4051982417302,0.8519773396356833,-6.106116061926751,-0.14156510503906092,0.052015642398386214,-0.6260640595475537,1.309365449285922e-05,0.0009931122268583307,0.0005354331836405413,0.010951937002388343,58.633333
6557,0.24437193325811388,-223.44948961345906,0.8875463220893731,-5.742462025004091,-0.14372508478631305,0.060158909137408095,-0.6248411944890992,1.2491808226955978e-05,0.0009736384989668027,0.0005020989624842201,0.00936329860084727,58.641667
6558,0.25260374647003697,-223.49084507788803,0.916217756725971,-5.400947081222538,-0.14576871357481408,0.06822778681201307,-0.6235374599215979,1.1928111723998283e-05,0.0009517833781344836,0.00047065044000628204,0.008114033684568372,58.65
6559,0.26102460933573596,-223.52910512239384,0.938477960699397,-5.082923345252234,-0.14771410991653922,0.0761571200717178,-0.6221600657949259,1.1404577294365779e-05,0.0009281966755036218,0.0004413871281965473,0.00712481051757278,58.658333
6560,0.26958212605615894,-223.56454760603745,0.9548704309525855,-4.788396851226849,-0.14956014196809875,0.08394649117086991,-0.6207151224439286,1.0921665930284497e-05,0.0009034638061973677,0.00041446049939784026,0.006332595814640881,58.666667
6561,0.27822969481205956,-223.59738425903055,0.9658947431016074,-4.516743280861898,-0.15130992556402656,0.09158756831234478,-0.6192087987362909,1.0478734006654563e-05,0.0008780912441981725,0.0003899036720481782,0.005689262576868315,58.675
6562,0.2869207820981826,-223.62791436277936,0.9720309349266036,-4.26694440863035,-0.15295468266268125,0.09908596846350849,-0.6176482401668503,1.0074397460068903e-05,0.0008525047257370017,0.0003676618306361882,0.0051589942721013094,58.683333
6563,0.2956179865626865,-223.6563021666687,0.9736948166500273,-4.037713756511962,-0.15449861648419955,0.10643099257687309,-0.6160398802022236,9.706815135158236e-06,0.000827054661539891,0.00034762045845657477,0.004715489519913173,58.691667
6564,0.30428302603965796,-223.6828559231896,0.9712866265543361,-3.8276509949365787,-0.15592655295850572,0.1136352223380413,-0.6143911286816096,9.373897381418139e-06,0.0008020208527713585,0.00032962833973075475,0.004339564898300871,58.7
6565,0.3128853591683462,-223.70766071484994,0.9651382500675216,-3.6353313735465997,-0.15724722151957812,0.12068098431580994,-0.6127086779415973,9.073457239555449e-06,0.000777622278226468,0.0003135157172740644,0.004017183793902202,58.708333
6566,0.32139540332719874,-223.73101449235253,0.9555739879677544,-3.4593241116212536,-0.15844176285761336,0.12758578164895049,-0.6109996634856669,8.803312728402702e-06,0.0007540239690462708,0.0002991069143894645,0.003738016435806643,58.716667
6567,0.32977302901404654,-223.75324330571743,0.942897932934137,-3.2983544141443724,-0.15947574203642417,0.13436952529691767,-0.6092740196737532,8.561354354848055e-06,0.0007313459511156089,0.00028622944475114605,0.003494351968325144,58.725
6568,0.338020857674978,-223.77406880868946,0.9273002089366557,-3.151022819422498,-0.16041236077854804,0.14097386263013423,-0.6075333383778976,8.345587315111984e-06,0.000709674665939807,0.0002747195593707099,0.0032803289159411045,58.733333
6569,0.3461028937669664,-223.79391987293775,0.909042108753243,-3.0162255506551987,-0.16120044390827168,0.14743936610143452,-0.6057875559000725,8.154148651529767e-06,0.0006890573349457433,0.00026442502783097916,0.0030914689953076904,58.741667
6570,0.35399878127558637,-223.81290136944403,0.8883248040188172,-2.8928903774613026,-0.16183562105896063,0.15376237916544042,-0.604043769263324,7.985319853281624e-06,0.0006695212794742753,0.0002552073394928913,0.0029242286649730814,58.75
6571,0.3616900301266441,-223.83101017274763,0.8653236628673068,-2.780040887719634,-0.16232959868620342,0.15992348499283598,-0.602308968067156,7.837524897083743e-06,0.0006510741875888829,0.00024694184019196486,0.002775773256551905,58.758333
6572,0.3691612315221828,-223.84837275047704,0.8402084605926385,-2.676774578286211,-0.16267442124201037,0.16592642121302847,-0.6005896836385167,7.709324157688663e-06,0.0006337084287690132,0.00023951743864947494,0.002643798484825191,58.766667
6573,0.3763946908881698,-223.86506518944464,0.8131326588565374,-2.582295858641886,-0.1628671202681112,0.17176666860330056,-0.5988931669075016,7.599404906428556e-06,0.0006174043098463224,0.00023283591559879397,0.002526401048169514,58.775
6574,0.3833763352665637,-223.88129137898164,0.7842456359727316,-2.4958793373884047,-0.1628820998373274,0.17746281329886646,-0.597225990831473,7.506570405595059e-06,0.0006021340735079081,0.00022681096708435255,0.0024219877516953136,58.783333
6575,0.39009152713931744,-223.89703259878902,0.7536722934533838,-2.41687627874949,-0.16272994688496625,0.18299754640302066,-0.5955949756951366,7.429728101726243e-06,0.0005878636729210207,0.000221367130091845,0.0023292103194127818,58.791667
6576,0.39651940843843236,-223.91248340103743,0.7215409611790652,-2.344745521190703,-0.16237938310128897,0.18838590803072125,-0.5940085843446082,7.367878168325477e-06,0.0005745552119948752,0.00021643872693888038,0.002246920307076023,58.8
6577,0.4026677870142332,-223.92735954319744,0.687949471862828,-2.278850377033519,-0.1618990899883804,0.19357846043708826,-0.5924682075788886,7.320102806555906e-06,0.0005621699597569083,0.00021196881690828924,0.002174129052118178,58.808333
6578,0.40850491670017985,-223.94212138564157,0.6530218054306028,-2.2188481937411844,-0.1612005331036535,0.19862913148282665,-0.5909850835084385,7.2855553533363656e-06,0.0005506636121096688,0.00020790827611353953,0.0021099926817075326,58.816667
6579,0.4140379793862024,-223.9564362294856,0.6168451028691749,-2.164206664596077,-0.16036236106058827,0.20348143036426694,-0.5895606273556483,7.263452316106246e-06,0.0005399963059608729,0.00020421487968204293,0.0020537733812183803,58.825
6580,0.41924433604436356,-223.97064043984827,0.5795247674209776,-2.1146401564519586,-0.15931933636430107,0.20817337716488446,-0.5882037969753388,7.253064433725704e-06,0.000530124983489129,0.00020085258730806837,0.002004838599537298,58.833333
6581,0.42412111139959896,-223.98468566419072,0.5411511825489876,-2.0697809648434533,-0.15808922156785454,0.21269016619417322,-0.5869183962906299,7.2537103714788795e-06,0.0005210105409559702,0.0001977907942500624,0.0019626362750297674,58.841667
6582,0.4286681975375357,-223.9982692296771,0.5018005699326763,-2.0292506485213044,-0.15674682472604518,0.21697899238763504,-0.5857073181007295,7.264750384828544e-06,0.0005126141370407494,0.00019500376415955406,0.0019266903862068749,58.85
6583,0.43287118844322237,-224.01176840435602,0.46156957071354476,-1.9928671783932144,-0.1552167197659073,0.22108794156486958,-0.5845771161067809,7.285581268092643e-06,0.0005048974768950575,0.00019247012922935782,0.0018965933764170633,58.858333
6584,0.4367149787360807,-224.025302057825,0.42053796964253776,-1.9604438331437863,-0.15347544018719078,0.22502295806542247,-0.5835344636598897,7.315632417804487e-06,0.0004978258692311517,0.00019017237643554426,0.0018719927620917697,58.866667
6585,0.44019761170440513,-224.03880907461712,0.37878477553816103,-1.9317453840712653,-0.15154354037297732,0.2287682099951169,-0.5825823325014705,7.354362479091529e-06,0.0004913682271914008,0.00018809650281066939,0.0018525875073740023,58.875
6586,0.44331904882319434,-224.05220126625014,0.3363870756769096,-1.9065524590335974,-0.14944948823456947,0.2323053557604028,-0.5817229450756245,7.40125654013039e-06,0.00048549474914120463,0.00018623168702683676,0.0018381247460807191,58.883333
6587,0.4460808972118065,-224.06532123594403,0.2934178044413136,-1.8846508474846615,-0.14723976467272115,0.23560764266930914,-0.5809578324551041,7.455824120295032e-06,0.00048017695804471454,0.00018457000719426233,0.001828395496725988,58.891667
6588,0.4484571703963518,-224.0786188489314,0.2499495980325104,-1.866068366975818,-0.14480939825291114,0.23872435253365087,-0.5802959885791207,7.517597743199528e-06,0.0004753877542588459,0.00018310619535239346,0.0018232314405576906,58.9
6589,0.45046061367139767,-224.09190843145126,0.20606397484966618,-1.8505958480987015,-0.1422135719091957,0.2416291215149974,-0.5797354399005797,7.586132321882037e-06,0.0004711059405055506,0.00018183751436879895,0.0018224989060685285,58.908333
6590,0.45208556952452417,-224.1052056367612,0.161829914807457,-1.838147880423699,-0.1394549129810798,0.2443165719538809,-0.5792790800556703,7.661004399346544e-06,0.00046730954796138764,0.00018076354299732884,0.0018260994656313877,58.916667
6591,0.4533276646113346,-224.11854783234955,0.1173176471438886,-1.8286604878582364,-0.13653108758691315,0.24678480728919855,-0.5789292130213917,7.741812328313974e-06,0.0004639792721588205,0.0001798860970427641,0.0018339675585934303,58.925
6592,0.454184582940058,-224.13189888984923,0.07259483894149582,-1.8220646516111383,-0.1334584697595406,0.24902276055673706,-0.5786873199320544,7.828176678518434e-06,0.00046109818637752074,0.00017920915333967502,0.0018460689590805185,58.933333
6593,0.45465286239877944,-224.14535131574382,0.02773349516123146,-1.8183464938532141,-0.13022130191499384,0.25103603581588463,-0.5785549532459384,7.919740997067852e-06,0.00045865139132801987,0.0001787387812458184,0.0018624002570330567,58.941667
6594,0.45473086230169346,-224.15887943211146,-0.01719908934277317,-1.817474706829983,-0.12683368058353428,0.25281499533303786,-0.5785328929977881,8.01617291874812e-06,0.0004566261814516859,0.00017848316329729718,0.0018829873522854545,58.95
6595,0.45442370219084144,-224.17251046937784,-0.062124767730576874,-1.8194328100818997,-0.12329835529423737,0.25436041175603746,-0.5786197449007726,8.117165564118945e-06,0.00045501175096679977,0.00017845257252390448,0.0019078859612049854,58.958333
6596,0.4537289050177751,-224.186258755957,-0.10697705674311063,-1.824238955473087,-0.11961939427736867,0.2556672605654072,-0.5788160027709114,8.222439186467174e-06,0.0004537982242871739,0.00017865942894872882,0.0019371801035831845,58.966667
6597,0.45264575614437125,-224.2001289483611,-0.15168801873319876,-1.8319218524532357,-0.11580399428743154,0.25673011408736707,-0.5791214001431514,8.331743171851307e-06,0.00045297793246217206,0.0001791183777892772,0.0019709835931297722,58.975
6598,0.4511830332761823,-224.2139815243104,-0.19618628728938325,-1.8424604953382753,-0.11189892716714395,0.25753241457159454,-0.5795327412836713,8.444858252768605e-06,0.00045254510825731164,0.00017984638377611625,0.0020094404371106067,58.983333
6599,0.4493280618826576,-224.2281991951923,-0.2403979503796706,-1.8560675931747748,-0.10781169848513202,0.25810487225069334,-0.5800526056024611,8.561598908694456e-06,0.00045249454275074773,0.0001808627562824267,0.002052725391551907,58.991667
6600,0.44710210573323234,-224.24246391459553,-0.2842446823006486,-1.8726745169993684,-0.10363819033552327,0.2584174334984243,-0.5806738053710236,8.681816186459573e-06,0.0004528248299976788,0.0001821897097837854,0.002101043170693128,59.0
6601,0.4444881758536673,-224.25714889634526,-0.3276584228241564,-1.8925465558815837,-0.09928771817006074,0.25849364039309075,-0.5813996040357355,8.80540051756862e-06,0.00045353328525422974,0.0001838520522766169,0.002154630110719053,59.008333
6602,0.44149765078643005,-224.272160891305,-0.37055868929132146,-1.9157543747126962,-0.09479675416102804,0.25832155078477215,-0.5822250977729181,8.932285072275253e-06,0.0004546218520993114,0.0001858780253139096,0.0022137556412429728,59.016667
6603,0.4381369756794506,-224.28738642781906,-0.41287508742013257,-1.9423913665417525,-0.09020628045023203,0.25788648283362336,-0.5831465524334662,9.06244919047832e-06,0.00045609270136346845,0.0001882992144854901,0.002278722155126383,59.025
6604,0.43441265429700016,-224.30288096917423,-0.4545247864609878,-1.9726348174714456,-0.0855139511931402,0.25719048900592056,-0.5841600201932967,9.195922067015273e-06,0.00045794922392482874,0.00019115082947501885,0.0023498681916733874,59.033333
6605,0.4303264860919846,-224.31875206012975,-0.4954264325706987,-2.006719517666968,-0.0807037093507136,0.25623636657449245,-0.5852626320018542,9.332786687283043e-06,0.00046019614451853604,0.00019447228523119525,0.002427566600551463,59.041667
6606,0.42589455616909244,-224.33475415966407,-0.535504895485525,-2.04474034930614,-0.07585295309912628,0.2550062279061419,-0.5864474962954677,9.473184098269118e-06,0.00046284031991017155,0.00019830775187567874,0.002512225657365804,59.05
6607,0.42110573498106124,-224.3513725930026,-0.5746640751636133,-2.0871717756427866,-0.07084819545720428,0.25352382352296376,-0.5877148260702252,9.617317790700135e-06,0.0004658887326268295,0.00020270614591115984,0.002604291751940519,59.058333
6608,0.41598088282417767,-224.3684807099812,-0.6128056171466284,-2.134216856742751,-0.0657389546025498,0.25178115549426994,-0.5890561537423527,9.765458583338682e-06,0.000469352677516436,0.0002077228659610959,0.0027042437218824864,59.066667
6609,0.410528043542653,-224.3860601511216,-0.6498417347680069,-2.186179936182964,-0.06054525796704092,0.24977247553298784,-0.5904663367879895,9.917949726757341e-06,0.0004732429150820943,0.00021341957456079956,0.0028125913346056935,59.075
6610,0.4047524798305373,-224.40414356832727,-0.6856819118488101,-2.243432834896008,-0.05527460639196011,0.24749399862464447,-0.5919408342131826,1.007521205661389e-05,0.00047757192985577244,0.00021986502522621,0.00292987729098332,59.083333
6611,0.3986681514889464,-224.422811753857,-0.7202129667911178,-2.306400678792373,-0.04992477488465059,0.24494910471484332,-0.5934728010853688,1.0237749409251918e-05,0.0004823544476460402,0.00022713590635047584,0.0030566755205099962,59.091667
6612,0.3922878201979669,-224.44206942324874,-0.7533278136936372,-2.375522662532192,-0.04451311568960176,0.24213593525540122,-0.5950556982884849,1.0406154121208154e-05,0.00048760616576663785,0.0002353178666299312,0.0031935805227113483,59.1
6613,0.38562310883329526,-224.46203087113958,-0.7849046290281292,-2.451349374956818,-0.03903125439323091,0.23905676829955017,-0.5966832789568233,1.0581112438632904e-05,0.0004933441136434546,0.00024450617063677686,0.003341206523431156,59.108333
6614,0.37868396954542966,-224.48273821122967,-0.8148265790562599,-2.5344587800606884,-0.033489761646811333,0.23570865326668672,-0.5983497132246699,1.0763409731606713e-05,0.0004995869211233231,0.00025480687900653336,0.0035001788701706656,59.116667
6615,0.3714922724353984,-224.5040223824366,-0.8429774185109379,-2.6253495239111913,-0.02795045121693278,0.232089657313768,-0.6000463948068913,1.0953935254430997e-05,0.000506355148950857,0.00026633738131929695,0.00367113605271006,59.125
6616,0.36405997437480736,-224.5261983645845,-0.8691908283918566,-2.7248794027512746,-0.022361641673238283,0.22820751866761652,-0.6017672291519763,1.1153685547659583e-05,0.0005136694192953571,0.0002792262304282467,0.0038547349792508482,59.133333
6617,0.35639074473202137,-224.54960153261277,-0.8932977916712138,-2.8340358446089167,-0.01667226719574303,0.22405926445190785,-0.6035080730162802,1.1363766497161667e-05,0.0005215520013153729,0.0002936153019329126,0.0040516379983737685,59.141667
6618,0.3485134945855219,-224.57398700795537,-0.9151523207403326,-2.953486643217328,-0.01096664793347179,0.21964418761667837,-0.6052591809756485,1.1585394016002309e-05,0.0005300280352560049,0.00030965992004790174,0.004262537787096254,59.15
6619,0.3404488875470223,-224.59949168250122,-0.9345610646281908,-3.0842286013519797,-0.005242555817747625,0.21496560100449624,-0.6070130300654786,1.1819890443899787e-05,0.0005391211417821608,0.00032752546698043095,0.004488226138747225,59.158333
6620,0.3322174778470922,-224.6262275760857,-0.9513203221997499,-3.2273345140422784,0.0004941573809738928,0.2100251363220525,-0.6087624418419604,1.2068675278190802e-05,0.0005488545910639677,0.0003473870257624489,0.004729667385548664,59.166667
6621,0.32385331217872004,-224.65413553965615,-0.9652131739614367,-3.383800827655657,0.006200299333211827,0.2048328203401066,-0.6104978170933096,1.2333249382015947e-05,0.0005592509196471195,0.00036942557580150234,0.0049881656124124985,59.175
6622,0.3153655350424714,-224.6835239630816,-0.9759954747073893,-3.555044215148045,0.011907127521931592,0.19938232084657076,-0.6122151771428177,1.26151685343085e-05,0.000570329009802512,0.00039382104871879244,0.005265642349598862,59.183333
6623,0.30677941787057134,-224.7147374860356,-0.983354853939653,-3.7425716720871782,0.01764611169420145,0.19367146342636324,-0.61390755954978,1.2916004290974563e-05,0.0005821078294420693,0.0004207451493984591,0.005565083585350806,59.191667
6624,0.2981409527312743,-224.7474972571467,-0.9870311406211936,-3.947369174929402,0.023325326300785054,0.18771968660065502,-0.6155645872623878,1.3237288083013103e-05,0.000594602464216944,0.0004503490280742495,0.005891195733553196,59.2
6625,0.2894755068196639,-224.78218810854153,-0.9866598074434488,-4.171033936249007,0.028980089824671262,0.18152334532503325,-0.6171806398225423,1.3580428599326535e-05,0.0006078194346658056,0.0004827392726412791,0.006251529799536555,59.208333
6626,0.28081449092392946,-224.8189664975937,-0.9818801686020238,-4.414947528848487,0.03459755666910253,0.17508428323712447,-0.6187495579892326,1.3946598257971637e-05,0.0006217595361830027,0.0005179577882200968,0.006657949617369844,59.216667
6627,0.2721940755092529,-224.85825663436447,-0.9722289918607334,-4.680611709688926,0.040207897061879,0.16839574218308517,-0.6202650334368924,1.4336582738767439e-05,0.0006364158952618453,0.0005559464069881034,0.007128827748653363,59.225
6628,0.26366980001001206,-224.89979130189872,-0.9573324044373795,-4.968560118487554,0.045723358010510785,0.16148765659111508,-0.6217182834507545,1.4750582991514133e-05,0.0006517725954957093,0.0005965083180448149,0.007691816142055092,59.233333
6629,0.2552786773679109,-224.94420656470612,-0.9366221844577141,-5.279897664696449,0.05120387330408868,0.15434116575664475,-0.623104710773028,1.5187958289862343e-05,0.0006678017077711695,0.0006392509697017592,0.008387478565528428,59.241667
6630,0.2470776279970595,-224.99154024456448,-0.9096058818467003,-5.614461513389031,0.05661061781946478,0.14697188825119176,-0.624417340157989,1.5646910220276625e-05,0.0006844691341661192,0.0006835446960423058,0.009272852421838422,59.25
6631,0.23911627948672692,-225.04170060108424,-0.8758514664520579,-5.9712414089339685,0.0618892951223009,0.13940055197753784,-0.6256514316563357,1.6124109721921094e-05,0.0007017352529501058,0.0007284662463814519,0.01042464700217445,59.258333
6632,0.23145931512062667,-225.0953513968919,-0.8346758448527283,-6.348598731151692,0.06709770130107093,0.13160928510367806,-0.6268009311022209,1.661427769964695e-05,0.0007195644396032971,0.0007727668494873053,0.011940158592509582,59.266667
6633,0.22417651642967126,-225.15232477523662,-0.7856588279500063,-6.742534035856549,0.07217946315144975,0.12362951003937593,-0.6278601612004001,1.7109757506048033e-05,0.0007379323020070751,0.0008148853543359707,0.013931794508350135,59.275
6634,0.21733530366156986,-225.212903173831,-0.7283231802515018,-7.147615613164928,0.0771436364684685,0.1154586547721273,-0.62882483337304,1.760013794125961e-05,0.0007568384418575322,0.0008530014135331238,0.016513252769688815,59.283333
6635,0.21101252778211588,-225.27701224050057,-0.6623916402692155,-7.555697495642737,0.08196427770745456,0.10711946792879619,-0.6296902329292927,1.8072027017172325e-05,0.0007763199698639513,0.0008851862317664368,0.01977159045156064,59.291667
6636,0.20527687909564546,-225.3448885995334,-0.5876727017302067,-7.956671841694174,0.08665514397962984,0.0985991176030802,-0.63045349765527,1.8509106649304746e-05,0.0007964569750333443,0.0009096275435990378,0.023725055601575788,59.3
6637,0.20020644341860946,-225.41618157412276,-0.5043708670156891,-8.337368383570922,0.09118134421114212,0.0899300835757962,-0.6311109690156712,1.8892618608854152e-05,0.000817368074594923,0.0009249277574212324,0.028271216855890766,59.308333
6638,0.19587838799656623,-225.4907699999373,-0.4128985234698674,-8.682764598668987,0.09554616546946268,0.08111669395190622,-0.6316593424484395,1.920240412074004e-05,0.0008391796326183802,0.0009303841928051356,0.03314251292455217,59.316667
6639,0.19236630235708602,-225.56838271027794,-0.3140573707090453,-8.976587607314917,0.09974988217588393,0.07216357838692183,-0.6320956348815359,1.9418529117586394e-05,0.0008619687516483353,0.00092617459542542,0.037892399277822425,59.325
6640,0.18973020428286022,-225.6483671883978,-0.2091647033032356,-9.202987366627271,0.10377268428832447,0.06309702879171965,-0.6324179849033807,1.9523392208877286e-05,0.0008856822261970954,0.0009133352499317455,0.04194126242626048,59.333333
6641,0.1880155592008452,-225.73011768251618,-0.09987114925985112,-9.348501445279386,0.10760897155781858,0.05392637682688298,-0.63262529810196,1.9504024061088227e-05,0.0009100511993615479,0.0008934948240850428,0.04469313951283211,59.341667
6642,0.18725377440399088,-225.81284255763921,0.011831449427219717,-9.403625175137234,0.11124969115449275,0.044670586432711455,-0.6327168067957321,1.9354116161633055e-05,0.0009345291443135894,0.0008684276256494273,0.04569290597150187,59.35
6643,0.18746261336030517,-225.8957506178966,0.12378914454561217,-9.364137997702043,0.11469314313132774,0.0353431259089808,-0.6326917567391239,1.907526563508974e-05,0.0009582862211909736,0.0008396020351807476,0.0447663350058771,59.358333
6644,0.18862840994541502,-225.97790193145934,0.2337625781992598,-9.232562415672765,0.11792680604686875,0.025970952577438217,-0.6325514134944327,1.8677059037581428e-05,0.0009802783697470353,0.0008079223858441474,0.04207626683847814,59.366667
6645,0.19074289634593722,-226.0586177095052,0.33974474245308367,-9.016116759895885,0.1209617489011987,0.016559552620101364,-0.6322946695930509,1.817594975120496e-05,0.00099938865858183,0.0007737561119467856,0.038067907350308815,59.375
6646,0.1937592731308518,-226.13715610886618,0.4399406815321076,-8.727710169563728,0.12379162967790562,0.00712773051370157,-0.6319235242934167,1.7593148810235902e-05,0.0010145854673440544,0.000737191103356085,0.03332887612036279,59.383333
6647,0.19761180128815714,-226.21287120499255,0.5329421233715305,-8.383305073872808,0.1264092995683796,-0.0023009218367264785,-0.631441135354146,1.695209185005911e-05,0.0010250791866689409,0.0006983558343306973,0.02843191760782829,59.391667
6648,0.20224966724330254,-226.2854112269061,0.6178031303577892,-7.998745339310541,0.12882522301495344,-0.011721811708384444,-0.6308479798821748,1.627602606552206e-05,0.0010304162643843537,0.0006576330228316039,0.02381972686013366,59.4
6649,0.20759318676320732,-226.35431350074012,0.6939188876013427,-7.590230659499897,0.13103876803943806,-0.02109889433739861,-0.6301477529948398,1.558607416188205e-05,0.0010304904362443252,0.000615717589778734,0.019760181834509734,59.408333
6650,0.21357486327994518,-226.41946533336414,0.761096326982069,-7.171479749621149,0.13305925961074963,-0.030425181090871067,-0.6293425573274279,1.490004007772221e-05,0.0010255131744276794,0.0005735238761183157,0.016359491801126343,59.416667
6651,0.2201163792089867,-226.4810094899155,0.8194614368833592,-6.7540145471048385,0.134882440599245,-0.03971336809093958,-0.6284362245199306,1.4231892732852249e-05,0.0010159307336960871,0.0005320320450862821,0.013607641503141078,59.425
6652,0.22713172667869738,-226.53866196303088,0.8692525904010977,-6.347154345738308,0.1365171643291139,-0.0489050264409968,-0.6274343590435124,1.3591814798560856e-05,0.0010023409149339621,0.0004921388507677023,0.011428559449322957,59.433333
6653,0.23455298844739703,-226.59263932980335,0.9109338962370798,-5.957053806133369,0.1379685957469916,-0.05800204765322335,-0.6263409149430017,1.298661309187046e-05,0.0009854166897069836,0.0004545538607782836,0.00972089754012251,59.441667
6654,0.2423094065458576,-226.6430383855042,0.9450237530754673,-5.587938428916228,0.1392452583798127,-0.06698295769373178,-0.6251612224645248,1.2420285510655778e-05,0.0009658358982164617,0.0004197614223404449,0.008383768303611436,59.45
6655,0.25033733965543475,-226.69013791468714,0.9721001652280329,-5.242133105329705,0.1403479428457769,-0.0758483715279252,-0.6239006268241125,1.1894640406912885e-05,0.0009442413422102347,0.00038802522886890583,0.007329549217777549,59.458333
6656,0.2585786970191065,-226.7340514092988,0.9927139078885928,-4.920684182951409,0.14129003981595917,-0.08457447104405424,-0.6225646923592947,1.1409869213350262e-05,0.0009212141170295857,0.00035942246631573025,0.006488027623614938,59.466667
6657,0.26697834204902066,-226.7750229518705,1.0074186707623498,-4.623621209031891,0.14207550463846952,-0.09315486021949355,-0.6211595895381564,1.0965035938378767e-05,0.000897261737283881,0.0003338879828547693,0.005805780279381235,59.475
6658,0.2754815120351685,-226.81333600433086,1.0167440485952195,-4.350314080063095,0.14270086987665623,-0.10158809836103158,-0.6196925307633093,1.0558470457704267e-05,0.0008728164713315748,0.00031125941970500386,0.005243420451401357,59.483333
6659,0.28404859954358963,-226.84918717018476,1.021158338093655,-4.099610368055633,0.14317457390690833,-0.10986572775987294,-0.61816913213648,1.018806931705156e-05,0.0008482401200885518,0.0002913157035225468,0.0047724269979665624,59.491667
6660,0.2926351097625512,-226.88277229333073,1.0210980081117582,-3.870186572936007,0.14349960080069296,-0.11797804336108347,-0.6165967552061331,9.851511604133279e-06,0.0008238261250566924,0.0002738066705066761,0.004372329206792406,59.5
6661,0.3012072586899363,-226.91424797487295,1.0169492992520204,-3.660540495477497,0.14368570257506175,-0.1259146028157951,-0.614981661799156,9.546415053126218e-06,0.000799810838489415,0.00025847472607172604,0.004028378604868089,59.508333
6662,0.3097246928345138,-226.94390139854008,1.009080414357234,-3.4691709728251934,0.14371954282712918,-0.1336821503415287,-0.6133321191374425,9.27043751229226e-06,0.0007763787330516815,0.0002450690409678754,0.003729853422179416,59.516667
6663,0.31816046037818874,-226.97179295236373,0.9977957003542564,-3.294576177787762,0.14361917394170096,-0.1412613719349691,-0.6116545351351151,9.021343860599725e-06,0.0007536733127554308,0.00023335453447634032,0.0034688095988204565,59.525
6664,0.3264839239113419,-226.99814202526736,0.9833860466203388,-3.1353286832106293,0.14337705550997548,-0.1486554767562056,-0.6099566229328728,8.797042004562017e-06,0.0007318001749376231,0.0002231161687674495,0.0032392574414823083,59.533333
6665,0.3346709141940588,-227.0230889796618,0.966104710773373,-2.9900802688133474,0.14299556759316956,-0.1558602078433798,-0.6082453254532465,8.595602293811372e-06,0.0007108352674676146,0.00021416103095551534,0.003036563019947681,59.541667
6666,0.34269714925828215,-227.04670748441353,0.946177038972854,-2.857595340498287,0.14248483142109572,-0.1628628427629288,-0.6065280537106915,8.415262333398055e-06,0.0006908288087783629,0.00020631827363372116,0.002857062941118903,59.55
6667,0.35053889789288933,-227.06918467925215,0.9238146512219368,-2.736737494366487,0.14183465989084362,-0.16966808922184332,-0.6048125175866133,8.254423965795359e-06,0.0006718106199347295,0.00019943809715419506,0.0026977970518268163,59.558333
6668,0.358177697388099,-227.0906262912186,0.8992031600562955,-2.6264660856407436,0.1410467981205884,-0.17627230406776623,-0.6031056194685729,8.11164470170266e-06,0.0006537943134882963,0.00019339014132993524,0.0025563252660789244,59.566667
6669,0.36559439871506466,-227.1111630752443,0.8725139353477149,-2.525846719906917,0.1401157734264391,-0.18267585899510924,-0.601414676619643,7.985625801764549e-06,0.0006367796052890425,0.00018806153825012055,0.002430608075898767,59.575
6670,0.3727724620192338,-227.13088969585328,0.8439016710597189,-2.4340348503927816,0.1390409052161912,-0.18887591180982732,-0.5997466375817946,7.87519931354752e-06,0.0006207558308316874,0.0001833549888418265,0.0023189179379975206,59.583333
6671,0.37969500731041395,-227.1498853242848,0.8135082525425642,-2.35027470592307,0.13782233001517855,-0.19486789513053138,-0.5981087037258224,7.779314498348655e-06,0.0006057040228737319,0.00017918687877203711,0.0022197786079572253,59.591667
6672,0.3863484879401796,-227.1682071331048,0.7814637378467726,-2.2738831383290106,0.1364640682521621,-0.20064637977603822,-0.5965074190945483,7.697024686276458e-06,0.0005915993377784097,0.0001754855571285542,0.0021319192003705903,59.6
6673,0.3927198762009329,-227.18589382705412,0.7478883849209145,-2.2042482687854434,0.13497288011251096,-0.20620425895931505,-0.5949492733814989,7.627474713223909e-06,0.0005784122034410707,0.00017218976500820945,0.002054241103920009,59.608333
6674,0.39879680485341545,-227.2030878725147,0.7128994452995815,-2.1408349703259426,0.13333294854547312,-0.21154916812639735,-0.5934406347506038,7.569889434421347e-06,0.0005661099151107094,0.00016924726411616503,0.0019857913532902115,59.616667
6675,0.40456589906964735,-227.21977674445355,0.676599916858691,-2.083153358960364,0.13155874385716806,-0.21666760872356858,-0.5919881391723442,7.5235633205408265e-06,0.0005546578735734903,0.00016661362180077612,0.0019257409528844749,59.625
6676,0.4100184836025038,-227.23607015437491,0.6390932691869274,-2.030776093470495,0.1296393870229488,-0.22156503720542084,-0.5905972200209502,7.487851205718975e-06,0.0005440209192227599,0.0001642511940382035,0.0018733688026739885,59.633333
6677,0.41514475122435585,-227.25195810918098,0.6004722979401946,-1.9833110557633227,0.1275885435100272,-0.22623082482712165,-0.5892735274378361,7.462160042027316e-06,0.000534163240901308,0.00016212820274658866,0.0018280480019523587,59.641667
6678,0.419933704025947,-227.26754629830913,0.5608296145815393,-1.94042893331874,0.12539301761494367,-0.23066885493701794,-0.5880229444260346,7.445941829790205e-06,0.0005250494659809604,0.00016021799649019192,0.0017892346396388217,59.65
6679,0.42438012307168577,-227.28283752013405,0.520252005209138,-1.9018179701204216,0.12306353940677686,-0.2348728694968631,-0.5868497364053138,7.438687525259732e-06,0.0005166454725341002,0.00015849839226667175,0.0017564573548154232,59.658333
6680,0.4284741146466074,-227.29791910995294,0.4788239542410596,-1.8672227045315424,0.12058924801054936,-0.238844798056176,-0.5857592580418638,7.439921794492056e-06,0.0005089177703021055,0.00015695112901718605,0.0017293104917738213,59.666667
6681,0.43220896932856717,-227.312783987845,0.4366246625407075,-1.8364003420566715,0.1179817068007955,-0.24257657682662576,-0.5847558754826216,7.449198717800072e-06,0.0005018348458624296,0.00015556141123195685,0.0017074462145141435,59.675
6682,0.43557563232154933,-227.32736440074447,0.39372646540875145,-1.8091274935124988,0.11526693121229312,-0.2460523165105807,-0.5838444183039498,7.466098174740723e-06,0.0004953668281823192,0.00015431752070590738,0.0016905695557821536,59.683333
6683,0.4385746276757972,-227.34189721525047,0.35021838702609326,-1.7852610175141048,0.1123982191180591,-0.24929652207256825,-0.5830269265630965,7.490222939598477e-06,0.0004894861394580276,0.00015321048669440207,0.0016784337805174352,59.691667
6684,0.44119877386555634,-227.35633998294847,0.3061705380154467,-1.764634286666588,0.10939434159571049,-0.2522966198659155,-0.5823073125996915,7.521196366228813e-06,0.0004841660048298611,0.0001522338273939747,0.0016708350849974074,59.7
6685,0.44344328171804087,-227.37069377013614,0.26165462505535764,-1.7471104358564,0.106264186627874,-0.25504662277553447,-0.5816886242029412,7.558660745027377e-06,0.0004793821037000562,0.00015138333997515474,0.0016676102867283417,59.708333
6686,0.4453030401296516,-227.38498487017284,0.2167413953392771,-1.7325800974469476,0.10301013152297539,-0.2575431505906687,-0.581173770109639,7.602276064336635e-06,0.00047511220285278256,0.00015065691945992483,0.0016686339673579722,59.716667
6687,0.44677697718477394,-227.3992630873241,0.17150476624356495,-1.7209572482992868,0.09962912244884431,-0.25978718239885135,-0.5807642985733018,7.651719257207265e-06,0.00047133627588575254,0.00015005442182793857,0.0016738161949506121,59.725
6688,0.4478626738361426,-227.41367143799891,0.12602036630199606,-1.7121998179054019,0.09609302131098098,-0.2617874215339167,-0.5804618763174295,7.706683861375626e-06,0.00046803591041967075,0.0001495775712102095,0.001683100565455797,59.733333
6689,0.4485568976147404,-227.42805189343517,0.08034893193566513,-1.7062112102937506,0.09245197385994944,-0.26352235216197206,-0.5802681407042962,7.766880107370573e-06,0.0004651946387694565,0.00014922991991074279,0.001696462334161735,59.741667
6690,0.4488589924789248,-227.4425124236005,0.03456421500804535,-1.7029771494300163,0.08868739741476198,-0.26499787987060747,-0.5801837483762186,7.832035314853788e-06,0.0004627981257343672,0.00014901673988215654,0.001713909491187991,59.75
6691,0.44876892941550023,-227.45704165448308,-0.011265337416765104,-1.7024704317858097,0.08481209451779752,-0.26620863584877097,-0.5802089136673451,7.901894598453195e-06,0.0004608337727696968,0.00014894507242146877,0.0017354805516347639,59.758333
6692,0.44828312288985694,-227.47151206217168,-0.057081574328247155,-1.704650533998797,0.08086952370525158,-0.26713817788078026,-0.5803445758600854,7.976221918913302e-06,0.0004592906991882634,0.00014902371855489538,0.0017612451352101832,59.766667
6693,0.4474041871149453,-227.486099568898,-0.10280583587255648,-1.7095739897099254,0.07682349295433068,-0.2677989852520617,-0.5805896718890734,8.054801371992297e-06,0.00045816033208634653,0.00014926321663779,0.001791305689985659,59.775
6694,0.4461337344104545,-227.50084164987302,-0.14836710761322874,-1.7172783063604322,0.07267439413261215,-0.26819023006372744,-0.5809431517901066,8.137438780813316e-06,0.00045743544021988633,0.0001496760465314568,0.0018257951343861206,59.783333
6695,0.44447314006802136,-227.51574837951614,-0.1936962401268378,-1.7278111783917423,0.06843012337014347,-0.2683085724712229,-0.5814037674714548,8.223963623207405e-06,0.0004571104078605684,0.00015027669325495526,0.001864878741210636,59.791667
6696,0.4424269368172379,-227.53101832916008,-0.2387103139323541,-1.7412956772947137,0.0640487429980307,-0.26816448921364816,-0.58196913828927,8.31423118873057e-06,0.00045718134260634377,0.00015108177113401917,0.001908755588630576,59.8
6697,0.4399939219322583,-227.54631105141252,-0.28336210278711366,-1.7577089035688742,0.05963243731347774,-0.26772970665274,-0.5826382147368057,8.40812506262916e-06,0.0004576456627043364,0.00015211033878975244,0.001957657363862991,59.808333
6698,0.4371791725786356,-227.56188191020027,-0.327564822023333,-1.777232308610146,0.055124801589122814,-0.26701856869324536,-0.5834079643772191,8.505559782403972e-06,0.00045850308293283635,0.0001533837226752376,0.0020118569108388417,59.816667
6699,0.43398894632861196,-227.57785583921307,-0.37123567055125795,-1.8000309942165484,0.05050521786374286,-0.26603512058906575,-0.5842748071393266,8.606483772473755e-06,0.00045975465125969867,0.00015492619157474397,0.0020716627120158045,59.825
6700,0.4304271666043437,-227.59416373809134,-0.41430542389666786,-1.8262289869851738,0.045805176680457485,-0.2647710565017305,-0.5852355817140903,8.710882764109683e-06,0.0004614027176413242,0.00015676522733253106,0.0021374212327303216,59.833333
6701,0.42649891891128966,-227.61078817759937,-0.45670005947482056,-1.8559907387788181,0.04104287751746034,-0.26322237423524486,-0.5862865993548271,8.818783430535639e-06,0.0004634514272855883,0.00015893170910028423,0.0022095219589737475,59.841667
6702,0.4222103503881754,-227.62778044760648,-0.49833891564872873,-1.8895318194351993,0.036218989114160285,-0.2613887982665488,-0.5874236917628688,8.930257285597674e-06,0.00046590663213870757,0.00016146036279742756,0.0022883987887318703,59.85
6703,0.4175690252427213,-227.64521990001538,-0.5391358513948052,-1.9271089469735765,0.03132783913896055,-0.2592711090784409,-0.5886421418554049,9.045424978524074e-06,0.00046877583849637547,0.00016439032698797396,0.0023745306184878214,59.858333
6704,0.41257971432963825,-227.66304928120917,-0.5790163241924678,-1.968958737184339,0.02639986224998937,-0.2568636770049497,-0.5899378029798383,9.164461017553033e-06,0.00047206812175712334,0.00016776578544912778,0.002468441603550725,59.866667
6705,0.4072534586703586,-227.6813479056734,-0.6178856176164527,-2.0154061735301445,0.02143114114355566,-0.25416904440804167,-0.5913047570669357,9.287598833719124e-06,0.00047579469992745706,0.00017163640231998654,0.0025707062989603594,59.875
6706,0.40160023668444494,-227.70021047461506,-0.6556463200907168,-2.06682436337041,0.01641508272085622,-0.2511883404532583,-0.5927372734657451,9.415136244346795e-06,0.00047996808226274387,0.00017605831887555363,0.0026819446221210724,59.883333
6707,0.3956295638059811,-227.7196062238873,-0.6922084625118208,-2.123576377457625,0.011377862225010051,-0.24791967649998906,-0.5942296617734001,9.547441446265463e-06,0.0004846024220826428,0.00018109506527414794,0.002802820427094276,59.891667
6708,0.3893509594543002,-227.73963249828907,-0.7274683024690094,-2.1861304831223243,0.006314501893187198,-0.24436325130734124,-0.5957761669892025,9.684959365079373e-06,0.0004897137595908608,0.00018681829126233407,0.0029340430010277568,59.9
6709,0.38277736931453477,-227.7603475040877,-0.761315448835052,-2.254992761492667,0.0012314447282749435,-0.2405200290360364,-0.5973701631755518,9.828218401120077e-06,0.000495320146467913,0.00019330908752854015,0.0030763599333922848,59.908333
6710,0.37591951849489963,-227.78177025347296,-0.7936415819156795,-2.3307102151261496,-0.0038541677513129757,-0.23638946453127382,-0.599005575204073,9.977837593101452e-06,0.0005014412404990785,0.0002006591669785062,0.003230549975392792,59.916667
6711,0.3687960911561294,-227.80401238181292,-0.8243110323602559,-2.413942290696908,-0.008945926257640098,-0.2319755155673347,-0.6006744902662857,1.013453395181944e-05,0.0005080988073377741,0.00020897199589653528,0.0033974190057204385,59.925
6712,0.36141905937786617,-227.82711996020132,-0.8531979589743974,-2.5053893476268265,-0.014030045108131418,-0.22727784461695374,-0.6023706930591293,1.0299129886085412e-05,0.000515315515166965,0.00021836457055941257,0.0035777797580776143,59.933333
6713,0.3538053821880108,-227.85118146472945,-0.8801555664152677,-2.605855725402505,-0.019100916375485947,-0.22229855394558404,-0.604086931313134,1.0472560460107717e-05,0.0005231161504686762,0.0002289684567023485,0.0037724507170823233,59.941667
6714,0.34597427827052885,-227.87626960317235,-0.9050249865929331,-2.7162244946545293,-0.024147529644589022,-0.21704103330881303,-0.6058156479889789,1.0655879969100154e-05,0.0005315267635527911,0.00024093130250226456,0.003982242162603237,59.95
6715,0.3379448207813896,-227.90250306973766,-0.9276304158244353,-2.8375020145030105,-0.029166844066150176,-0.21150726272419298,-0.6075495746835317,1.085026722393008e-05,0.0005405742290097225,0.00025441787989234735,0.004207954391889601,59.958333
6716,0.3297383388699289,-227.92990987654744,-0.9477901861872093,-2.9707374947553205,-0.034134541346358516,-0.20570294094591762,-0.6092812534858382,1.1057028652981191e-05,0.0005502860947829719,0.0002696108494829193,0.004450391080753334,59.966667
6717,0.32137609475255535,-227.9586550246037,-0.965289620087473,-3.1171750201969846,-0.03905302691407205,-0.19962962022619463,-0.6110035912277392,1.127759771532722e-05,0.0005606898858390053,0.00028671008718969424,0.004710415439967418,59.975
6718,0.3128841518414517,-227.98885668571907,-0.9798923761004593,-3.2781336745059773,-0.043912372712781415,-0.19329252161957636,-0.6127089172557222,1.151352890062713e-05,0.0005718125933341353,0.00030593176180646205,0.004989049178118356,59.983333
6719,0.30428692711639277,-228.0206286098384,-0.991345703839232,-3.455036139549141,-0.04869907165158149,-0.18669595328646868,-0.6143903760010657,1.1766483739116439e-05,0.0005836790879456504,0.00032750463507824883,0.005287681495940281,59.991667
6720,0.2956167820599477,-228.05413780326188,-0.9993486556466267,-3.6494253109262913,-0.05340811002761247,-0.17984625111284638,-0.6160401061781071,1.2038204990791344e-05,0.0005963114588191566,0.00035166322419732184,0.005608456696382283,60.0
6721,0.286906394165734,-228.08951789145414,-1.0035785194379372,-3.8628833240570484,-0.0580255255829167,-0.17275116047368536,-0.6176508622286715,1.2330474190446897e-05,0.0006097262433460412,0.00037863748044304947,0.005954896941131201,60.008333
6722,0.27819283930662625,-228.1269356296906,-1.0036684473377295,-4.097031382269521,-0.06254162655143544,-0.16541901004034207,-0.6192153169468388,1.2645046131889736e-05,0.0006239328615773252,0.0004086354932991952,0.006332954183425487,60.016667
6723,0.2695092023659232,-228.16658769171076,-0.9992242704991415,-4.353502221174882,-0.06694791002519689,-0.15785341950801818,-0.6207276278440358,1.2983552036531007e-05,0.000638931031700989,0.0004418189278489593,0.006752619588743827,60.025
6724,0.2609036072753615,-228.20864223955073,-0.9897893557244565,-4.633713199894804,-0.07123193430747833,-0.15006784946884352,-0.6221801706632989,1.3347362066667627e-05,0.000654709856213138,0.0004782681073241332,0.007230352710776045,60.033333
6725,0.25241954379933645,-228.25331807384222,-0.9748766180590213,-4.938878085327432,-0.07538602569312026,-0.14206877421575176,-0.6235670959880981,1.3737394502894395e-05,0.000671243391497172,0.0005179355556501382,0.007792432080454636,60.041667
6726,0.24411103430868236,-228.30081437905088,-0.9539478375449066,-5.269669231293736,-0.0794004251787952,-0.1338685628849056,-0.62488182325025,1.415386009303626e-05,0.0006884911972698659,0.0005605875389391141,0.008479400736549594,60.05
6727,0.23602930510481812,-228.35132974403638,-0.9264525962022393,-5.626079078078564,-0.08326359715731137,-0.12547642650016913,-0.6261192797360362,1.4595931006463265e-05,0.0007063974870097425,0.0006057353902290159,0.009351208536740287,60.058333
6728,0.2282440749703739,-228.40504425654623,-0.8917875968460068,-6.006850164265566,-0.08696811379904872,-0.11691048617788719,-0.627272666453661,1.5061330368399741e-05,0.00072489608537538,0.0006525643615325126,0.010492210005651538,60.066667
6729,0.220817975580065,-228.46216055453795,-0.8493786174254426,-6.409378756801143,-0.09050851909045497,-0.10817951262520034,-0.6283374202577998,1.55458481162427e-05,0.0007439147709152834,0.0006998736890635247,0.012013452908058438,60.075
6730,0.21382278074242206,-228.5228014541745,-0.7986931514483284,-6.82900187802387,-0.09387635105841237,-0.0992990679767731,-0.6293086988806861,1.6042815562494366e-05,0.0007633903048835671,0.0007460543069893232,0.014048835641911766,60.083333
6731,0.20733014694749907,-228.58719079783066,-0.7392562887776518,-7.258865319893057,-0.0970769426247931,-0.09026857514601229,-0.6301826435468779,1.654260430317593e-05,0.0007832842525235497,0.0007891320430038006,0.016739283090106572,60.091667
6732,0.2014274513060378,-228.6551691746154,-0.6708073495635664,-7.688747062983689,-0.10009270399706977,-0.08112246125430647,-0.6309541263535714,1.703225807018058e-05,0.000803602402325291,0.0008269148462175866,0.020199302638755433,60.1
6733,0.19619210579518437,-228.72665034852915,-0.5933061268257854,-8.105901014632522,-0.10292121044991796,-0.07187435978465147,-0.6316199913880737,1.7495406095169656e-05,0.0008244055760040118,0.0008572496666975367,0.024463467639317792,60.108333
6734,0.19171250499536419,-228.80079768906685,-0.5072131306025689,-8.4941290126955,-0.10552837791057913,-0.06260821151424904,-0.6321759928869088,1.7912645277554616e-05,0.0008458109153934957,0.0008783914252704235,0.02942058712528208,60.116667
6735,0.18805372477615895,-228.87836275951813,-0.4128468061329449,-8.837240053937903,-0.10798698602925202,-0.05322000185486798,-0.6326207038398965,1.826255214809693e-05,0.0008679606923496549,0.0008893791741816417,0.034758547048954855,60.125
6736,0.18527339378868976,-228.9582700276608,-0.31152167383918455,-9.117563674115338,-0.11025539290913842,-0.04378111516938371,-0.6329529800585322,1.852340456838969e-05,0.000890961921775442,0.0008903234158783576,0.03994804834322404,60.133333
6737,0.1834327481460636,-229.03979461707738,-0.20478739153216036,-9.318771324493552,-0.1123400803738712,-0.03431671320442589,-0.6331702632092235,1.8675520248529125e-05,0.000914792276061905,0.0008824009940129645,0.04431529336352697,60.141667
6738,0.18257203450355614,-229.12208590891146,-0.09459616192617236,-9.42841928175563,-0.11424813122064742,-0.02485056367321322,-0.633271132038808,1.8703819472360412e-05,0.0009391926350732688,0.0008675346748517849,0.0471898763085679,60.15
6739,0.18270325929291176,-229.2042980978297,0.01685193913534829,-9.440109389868987,-0.11598535191443558,-0.015395552929273274,-0.6332557838403741,1.8600081301992148e-05,0.0009635964447735978,0.0008478486021762831,0.04809587711278937,60.158333
6740,0.18382339216320812,-229.28551562913304,0.12726184210968622,-9.353818669890979,-0.11756038435496893,-0.005971090932541778,-0.6331243280583896,1.8364349128758353e-05,0.000987129988413651,0.000825102355648668,0.046901029341448776,60.166667
6741,0.18590963111102138,-229.36484393333757,0.23442635873510728,-9.176098998197007,-0.11898390779762599,0.003401512615807555,-0.6328773752261417,1.80050744742675e-05,0.001008695526486721,0.0008003423026596321,0.04385176015487092,60.175
6742,0.18887678960226956,-229.44175340340774,0.33647900137175973,-8.920914727988833,-0.12023771658966091,0.012731098891173175,-0.6325214014611107,1.753794501927896e-05,0.0010271267677282024,0.0007739005572972693,0.039479877782558535,60.183333
6743,0.19275048457574173,-229.51516571457356,0.4317570347560117,-8.60015418750071,-0.12139026969733638,0.021951657954153995,-0.6320482891455935,1.698379066349128e-05,0.0010413851497950211,0.000745654562534601,0.03442951407856151,60.191667
6744,0.19742195575363905,-229.58475790868462,0.5191604605858261,-8.23292515752828,-0.12243059404783946,0.031065362083029582,-0.6314651261912596,1.6365885949456104e-05,0.0010506646351621858,0.000715414790477705,0.02929762363102671,60.2
6745,0.20280809370798972,-229.6503675075827,0.5980531034746476,-7.8362538242036965,-0.12336344989434228,0.040075649423089506,-0.6307756449241552,1.5707512592770713e-05,0.0010545292899203282,0.0006832044201569153,0.024520109037039703,60.208333
6746,0.20882942671104737,-229.7117849118349,0.6681291271418152,-7.425149910084293,-0.1242022943472022,0.048964103442943066,-0.6299831897193129,1.5030056776603506e-05,0.0010529126954067379,0.0006493571453126943,0.020344543401262072,60.216667
6747,0.21537862539508837,-229.7691565023994,0.7294830612226852,-7.012788279857911,-0.12493300806016712,0.05773490682640566,-0.6290953319702702,1.4351787863377276e-05,0.0010460687791831998,0.0006144757313503938,0.01685780072257374,60.225
6748,0.2224279455730796,-229.8222550966016,0.7822554045095421,-6.6073860661705455,-0.12561088092253286,0.06635395123142249,-0.6281095226358564,1.3687340554502665e-05,0.0010345030107820458,0.0005793055006711412,0.014036097788115381,60.233333
6749,0.229876291192559,-229.87134712771734,0.8269084915945843,-6.216750744336435,-0.12622444134774208,0.07482155934076035,-0.6270340001469359,1.3047648919078908e-05,0.0010188488718531014,0.0005446111961914241,0.011798218832354752,60.241667
6750,0.23765330507537377,-229.91671012969059,0.8639681559426454,-5.8455085861780125,-0.1267756495220439,0.08314031730525544,-0.6258738970452797,1.2440319637568229e-05,0.0009998229725443637,0.0005110675081839939,0.01004068327929562,60.25
6751,0.2456886896649778,-229.9586557342545,0.8940074931084591,-5.496492753682048,-0.12725987547553078,0.0913123133903364,-0.6246354922618931,1.1870141080705888e-05,0.0009781483282142566,0.000479201729553339,0.008662235798415803,60.258333
6752,0.25392741598442287,-229.99736869064142,0.9175680173157805,-5.170945184591868,-0.1276881669821211,0.09932568614253018,-0.6233238746920108,1.1339657431757967e-05,0.0009545121567491648,0.00044937588192224553,0.007575146444723503,60.266667
6753,0.26231090760301407,-230.03315928356037,0.9352079497842037,-4.869165778367725,-0.12805503524748024,0.1071814676917008,-0.6219457802792938,1.0849709291932287e-05,0.0009295344522093017,0.0004217971022530586,0.0067088342556253806,60.275
6754,0.2707914862289396,-230.06636321626408,0.9474503928173248,-4.590606968498272,-0.12835178015308502,0.11488725999909595,-0.6205072527355617,1.0399912790653556e-05,0.0009037584526562302,0.00039654318808817965,0.006008968194731652,60.283333
6755,0.27931300171132,-230.09684306490945,0.9547288655115059,-4.334580699049787,-0.1286169594757992,0.1223860831122967,-0.6190168310083586,9.989048091227735e-06,0.0008776441863896645,0.00037359319595508226,0.005434963335158896,60.291667
6756,0.287861720874835,-230.12544670242025,0.9575329780015125,-4.099298441461203,-0.1287872021548841,0.12976578514656267,-0.6174764855785305,9.61536919077884e-06,0.0008515762403069125,0.00035285542695010066,0.004957027479553952,60.3
6757,0.29637289838181824,-230.15160210740805,0.9561823943579824,-3.8839320175099084,-0.12894813332742727,0.13691037813538154,-0.6158980759396793,9.276823304634412e-06,0.0008258546862032318,0.00033419513305168097,0.004553466503402159,60.308333
6758,0.30484048586437346,-230.17670284252648,0.9511453994275457,-3.686439885623313,-0.12894601078400397,0.14398350367255464,-0.6142834766205802,8.971229900532952e-06,0.0008007255009675149,0.00031745124194199943,0.00420846687828526,60.316667
6759,0.3132253688668476,-230.20030692556776,0.9426673159336126,-3.5056780834351047,-0.12885205353408916,0.1508985232090659,-0.6126412463011051,8.696384433046163e-06,0.0007763671229458896,0.0003024541394438634,0.003910410784107277,60.325
6760,0.3214996874683167,-230.2225326649735,0.9310258362998441,-3.3402958448762017,-0.12866762601280168,0.15764673507027,-0.6109784461123927,8.450141538321725e-06,0.0007529140610922793,0.00028903314725905495,0.0036507063305413656,60.333333
6761,0.329637891933505,-230.24354484047797,0.9164763547977561,-3.1890045270117686,-0.1283851518417219,0.16422728274134593,-0.6093021951921493,8.230460734086856e-06,0.0007304609040456464,0.00027702401588843565,0.003422886990988871,60.341667
6762,0.33761957503233697,-230.26350717712316,0.8992474456402708,-3.0505846154322733,-0.1279955700094343,0.17064236087605006,-0.6076189853918391,8.035432599629157e-06,0.0007090694003775272,0.0002662730153941364,0.003221996591928809,60.35
6763,0.3454237957970141,-230.2824844490273,0.8795395810815897,-2.923940371115668,-0.12750345861882703,0.17688194521287534,-0.6059357706671116,7.863289982342596e-06,0.0006887738363854755,0.00025663906215291863,0.0030441665520345223,60.358333
6764,0.3530307864381186,-230.30072160497872,0.8575494241905686,-2.8080589390732156,-0.12687968462117694,0.18296016790711037,-0.6042595760646519,7.712409819562448e-06,0.0006695873508868516,0.00024799452561853673,0.0028863201409956556,60.366667
6765,0.36041742749470296,-230.31836477419034,0.8334501819567389,-2.7020572026721985,-0.12610716002599523,0.18887714868422975,-0.6025984729246279,7.581308310461842e-06,0.0006515066202338036,0.00024022525486344401,0.0027459623192905495,60.375
6766,0.36757406404485804,-230.3354365772472,0.8073887668000856,-2.6050735515822523,-0.12519439734154253,0.19462445625185004,-0.6009577327724137,7.46863250733997e-06,0.0006345169066757211,0.00023322997513830436,0.002621037377469993,60.383333
6767,0.3744864955878779,-230.35191553333732,0.7794999692724499,-2.516359167455509,-0.12415687932536315,0.20018652161772335,-0.5993437565828011,7.373148889692599e-06,0.0006185919797528695,0.00022691940200032397,0.0025098364986726853,60.391667
6768,0.38115023516942265,-230.3676144263754,0.7498990349443839,-2.4351873615087345,-0.12304779396794532,0.20553310180075593,-0.5977607356959658,7.293732094786649e-06,0.0006036986528144767,0.0002212152891755756,0.002410920247464905,60.4
6769,0.3875354688932372,-230.38308193472537,0.7187367794360023,-2.3610584727570862,-0.12176133530606587,0.21071219025142324,-0.5962189721737575,7.2293529324723536e-06,0.0005897970750330313,0.000216049411031735,0.0023230695679858446,60.408333
6770,0.3936400236408781,-230.39818847237098,0.6861168787960384,-2.2933753485014243,-0.12033542078246676,0.2157019788898491,-0.5947222507054111,7.1790681933059014e-06,0.0005768486455055264,0.00021136250491018862,0.0022452280299171666,60.416667
6771,0.3994590261753776,-230.41276516599612,0.6521358946436184,-2.231607735286793,-0.11881832280955858,0.22047585274296652,-0.5932749086199292,7.1420094556750654e-06,0.0005648107272335824,0.00020710331959340283,0.0021764907951920824,60.425
6772,0.40496554535030604,-230.42725408144622,0.6169104448942783,-2.175434232355173,-0.11711776142017051,0.2250688147996167,-0.5918867892094094,7.11737390488158e-06,0.0005536391118320297,0.00020322776615070773,0.0021160787714687742,60.433333
6773,0.4101611864866494,-230.44150784727782,0.5805308806746595,-2.1243993783880937,-0.11527687260425956,0.22946013800452034,-0.590560581469444,7.104416617054491e-06,0.0005432936003641481,0.00019969804603689234,0.002063310414554819,60.441667
6774,0.4150327908863319,-230.45551299570477,0.5430836868551402,-2.078169164117049,-0.11330610679160949,0.23363792674184,-0.589302603105996,7.102442698569404e-06,0.000533732415781801,0.00019648200034449244,0.0020175986623267293,60.45
6775,0.41957465131805927,-230.46928766148085,0.5046570181212051,-2.0364228313868833,-0.11121067829465812,0.23759816078925824,-0.5881171751435286,7.11080140153913e-06,0.0005249161959441106,0.00019355248346400572,0.0019784350519019183,60.458333
6776,0.4237787862206672,-230.4829480745724,0.4653389013353514,-1.9989026230807452,-0.10897122924723658,0.24134647887707475,-0.5870090808547888,7.128880732217835e-06,0.0005168068637615438,0.0001908868050873567,0.0019453808713581796,60.466667
6777,0.4276465568263728,-230.49625459114745,0.42520380863965895,-1.9652902106864563,-0.1066560886093513,0.24485479256157414,-0.5859804791954957,7.156103114847476e-06,0.0005093685018347253,0.0001884662570411851,0.0019180582784009631,60.475
6778,0.4311560146236259,-230.50965058096307,0.3843376623192873,-1.935505983747594,-0.1041618255923099,0.24815622971086831,-0.5850395819266967,7.191921685173609e-06,0.0005025659947422412,0.0001862757333767405,0.001896146710350666,60.483333
6779,0.4343088552284063,-230.5230009944542,0.34281646266775173,-1.9093073309340667,-0.10153027463436078,0.25123359892725194,-0.5841881501526132,7.2358177642632704e-06,0.0004963694645286955,0.0001843033597726599,0.0018793718928206892,60.491667
6780,0.4371008048798834,-230.5362845724665,0.30071392915334944,-1.8865210795819098,-0.09877473312466643,0.254079283427294,-0.5834293294866344,7.287298376439675e-06,0.0004907498196152224,0.00018254022658582863,0.0018675061622627797,60.5
6781,0.4395230826908583,-230.54961995662174,0.2581041439503497,-1.8670436926255813,-0.09587198217070234,0.2566970070962778,-0.5827672968333708,7.345894737884663e-06,0.000485680165993478,0.00018098014242396777,0.0018603637159528043,60.508333
6782,0.4415788125024688,-230.56286429786658,0.21505907465059143,-1.850697779302515,-0.09286795153554404,0.25907141705254827,-0.5822027628927713,7.411161252111321e-06,0.0004811366163892579,0.00017961944718053233,0.0018577967331023292,60.516667
6783,0.4432576848505301,-230.57604580246465,0.17164246146178289,-1.8374093712945863,-0.08976257692261029,0.26119702873119577,-0.5817398943189365,7.482674823685469e-06,0.00047709631051132205,0.0001784568241223378,0.001859694292545721,60.525
6784,0.44456245084229395,-230.589257264758,0.12793503476125442,-1.8270989644863187,-0.08654115866039536,0.2630808961655738,-0.5813790352312637,7.5600348504422686e-06,0.00047353979368597744,0.0001774931951573812,0.0018659800018513242,60.533333
6785,0.4454903734300032,-230.6025391825165,0.08400729881568833,-1.8197134942778725,-0.08320112758049697,0.26472163037816027,-0.5811217974360131,7.642863364672952e-06,0.0004704487644132358,0.00017673163391838926,0.0018766090416265952,60.541667
6786,0.44603709926131974,-230.61588625734274,0.03992436781715077,-1.8152122876471335,-0.07975175877085228,0.26611281128328756,-0.580970000361345,7.730805691019005e-06,0.00046780712693433407,0.0001761773199872341,0.0018915678120229806,60.55
6787,0.4462008061501365,-230.62932855449986,-0.00424443560291654,-1.8135747177708192,-0.0761935691454952,0.2672522441567937,-0.5809245137623547,7.823531411774055e-06,0.00046560122184360767,0.0001758375027911237,0.0019108738269367374,60.558333
6788,0.44598197758040714,-230.64290492623743,-0.048426970680566825,-1.814794874340261,-0.0725251502499348,0.2681392954475075,-0.5809853126320309,7.920735607991862e-06,0.00046381937220045034,0.0001757215097918449,0.0019345747886215271,60.566667
6789,0.44538251001340085,-230.6564809735493,-0.09256007631064939,-1.81883167535337,-0.0687919328179409,0.268761707210597,-0.5811517249328416,8.022140385597231e-06,0.00046245154632998495,0.0001758407852747618,0.0019627480519708923,60.575
6790,0.444395630398597,-230.67033701776575,-0.13656847548468093,-1.8258067961872548,-0.06492694011454762,0.2691313980666637,-0.5814252279511485,8.127496672496171e-06,0.0004614892238055865,0.00017620886488568989,0.001995502378954131,60.583333
6791,0.44303212124418645,-230.68428255472605,-0.18038065429012215,-1.8356745909364007,-0.06099235380466188,0.26923720223734976,-0.5818021780509003,8.236586336614693e-06,0.0004609267213447365,0.00017684168939202305,0.002032975633419029,60.591667
6792,0.4412838894084924,-230.69843384967598,-0.22393361486485494,-1.8485504848572298,-0.05696556865039827,0.2690778537220185,-0.5822839043805769,8.349224408104764e-06,0.00046075850343429075,0.00017775746711604147,0.0020753370612052314,60.6
6793,0.4391638204009187,-230.71272100163674,-0.2671462334193309,-1.8644577255902592,-0.052877009399483345,0.26865239062956847,-0.5828657028527109,8.465261725673834e-06,0.00046098222672113684,0.0001789770238541328,0.0021227887968997467,60.608333
6794,0.43667833177943355,-230.72708005983415,-0.30994776683463793,-1.8834558794653284,-0.04875461175980936,0.2679577972153097,-0.5835444451107982,8.584587631225664e-06,0.0004615954971514104,0.00018052385809953772,0.002175564298521654,60.616667
6795,0.43381308862744866,-230.7419230990232,-0.35226326736119074,-1.9058408682954955,-0.044497040494912515,0.2670015689839341,-0.5843224180393147,8.707132981447041e-06,0.00046259713845055417,0.0001824243639991391,0.002233930998690302,60.625
6796,0.430580710104355,-230.75703569470306,-0.39401998124363713,-1.9316529258061899,-0.04017451829406608,0.26577458875646154,-0.5851943170667103,8.83287356274465e-06,0.0004639903072481916,0.00018470859451835987,0.002298189996690445,60.633333
6797,0.42699671247457704,-230.77223579400743,-0.43514124612033034,-1.9609543635179232,-0.03584808562872933,0.2642745119345243,-0.5861539130420647,8.961833590006408e-06,0.0004657782835287512,0.000187409993072227,0.002368679017049113,60.641667
6798,0.42304846235076876,-230.78799989491625,-0.4755405821741226,-1.9941458430115138,-0.03140261948795603,0.26250680822695793,-0.5872023193072298,9.09408936875403e-06,0.0004679643463829368,0.0001905657279979938,0.0024457725435382367,60.65
6799,0.41875118293691777,-230.80407412139522,-0.5151436306985829,-2.0313187369238483,-0.026919487626525317,0.2604652235676944,-0.5883330019417203,9.229773480848189e-06,0.00047055616981687157,0.00019421798148083064,0.002529879725048333,60.658333
6800,0.41411697846239,-230.8203895857293,-0.5538675252965681,-2.072667280331254,-0.022430232324993114,0.2581507285409359,-0.5895401586894916,9.3690791105654e-06,0.00047356150678059156,0.00019841351201864578,0.002621449149977007,60.666667
6801,0.40914488041630936,-230.83712126649988,-0.5916269073028415,-2.118547673175772,-0.01790293465716602,0.25556260433109546,-0.5908212528964825,9.512264472440094e-06,0.00047698894657335715,0.00020320439916978963,0.002720966957442875,60.675
6802,0.4038373533275346,-230.85460931456134,-0.6283100718827088,-2.1694292005598297,-0.013266545809598245,0.25270152105623117,-0.5921726544633322,9.65965765382584e-06,0.00048085005952334747,0.00020864905586219043,0.0028289564457119444,60.683333
6803,0.3982145636844891,-230.872595489774,-0.6638300032876581,-2.225521492750322,-0.008604641385000625,0.24956758369809318,-0.5935861302201483,9.81166190725273e-06,0.0004851588253155687,0.0002148133977263189,0.0029459686831599485,60.691667
6804,0.3922841558714552,-230.89110900069042,-0.6980919028317267,-2.2872265409959565,-0.003926840254989435,0.24615997826789057,-0.5950566004177783,9.968760908741387e-06,0.0004899290493703301,0.00022177043944178064,0.003072588732805898,60.7
6805,0.38605740816062795,-230.91028138077894,-0.7309801332494668,-2.3550399869490337,0.0007811137680021736,0.24248002332542531,-0.5965780257647634,1.0131523962780632e-05,0.0004951765769799337,0.00022960158463984967,0.003209431889390534,60.708333
6806,0.37954246724337853,-230.93009468022098,-0.7623956275644715,-2.4294440808625684,0.005495337395510053,0.23852619801147826,-0.598145105141803,1.0300611396146238e-05,0.0005009187818340341,0.00023839778885752398,0.0033571331493124196,60.716667
6807,0.3727648867327344,-230.95040940501298,-0.7922210419492228,-2.51087394626819,0.010163545882822131,0.23430974080892497,-0.5997484142314528,1.0476779770361057e-05,0.00050717519177635,0.0002482599334332435,0.003516352976613201,60.725
6808,0.3657191623909662,-230.97173303588986,-0.820308330346801,-2.600247582219178,0.014883721382592668,0.22981716337807812,-0.6013859483980808,1.0660886248885381e-05,0.0005139647477976581,0.0002592992633562766,0.0036877689282566245,60.733333
6809,0.3584304642316559,-230.99394948172912,-0.8465213421076985,-2.6981579565642764,0.01960443629673624,0.22505697396705635,-0.6030485363735485,1.0853892748705383e-05,0.0005213109433251815,0.00027164008871468704,0.003872065800428072,60.741667
6810,0.35091298302320534,-231.01708153312802,-0.8707204854193783,-2.8053674714389447,0.024306293998613487,0.2200310150312766,-0.6047297488732956,1.1056868843310029e-05,0.0005292366324503232,0.00028541831638804213,0.00406995024682173,60.75
6811,0.34319610337105294,-231.04103482102119,-0.8927471903165092,-2.9226049000095564,0.02894506773955652,0.2147544411708142,-0.6064200076901848,1.1270991889392302e-05,0.0005377659106093681,0.0003007816922477972,0.004282177424916115,60.758333
6812,0.3352788189723988,-231.06635635412422,-0.9123941111468999,-3.0511754477105417,0.03361046702865926,0.20920567307544485,-0.6081166298788132,1.1497543732660244e-05,0.0005469213714551215,0.0003178886451398078,0.004509591565752385,60.766667
6813,0.3271978832825328,-231.09264795830043,-0.9295098351875821,-3.191765820121382,0.03819052268813331,0.203413287235748,-0.6098090120921094,1.1737903898548908e-05,0.0005567290702705273,0.000336909554442264,0.004753190549443506,60.775
6814,0.3189632221113522,-231.12050918782097,-0.9438239389877062,-3.3459063847921127,0.04277710817151533,0.1973560315284617,-0.6114926234320569,1.1993535648162532e-05,0.0005672115107344221,0.0003580187884854763,0.00501432820262284,60.783333
6815,0.31060609500525227,-231.14989805033267,-0.9551061974548858,-3.514721230698156,0.047327369705015776,0.1910466501885221,-0.6131588784357194,1.2265962975086277e-05,0.0005783918082967587,0.0003813951343609132,0.005294899534873258,60.791667
6816,0.3021501644457661,-231.18085725044148,-0.9631127282292626,-3.699490431104939,0.051814589840264436,0.18449170279450047,-0.6148012463842855,1.255673595044442e-05,0.0005902891215509804,0.0004072098737766761,0.005597804415733926,60.8
6817,0.293631005155383,-231.21353314918107,-0.9675336588830041,-3.901587059643926,0.05623204115324804,0.17770032624576712,-0.616411440740588,1.2867377856845206e-05,0.0006029192313023839,0.0004356147168680586,0.005927628619380306,60.808333
6818,0.2850692518508807,-231.24816094339033,-0.9680511684517918,-4.122565249364905,0.06058273258105427,0.17066711241791363,-0.6179846130187577,1.3199309883116929e-05,0.0006162912107131999,0.00046672552089668963,0.00629161711349998,60.816667
6819,0.2765112900979867,-231.28459391864675,-0.9643441587784464,-4.363520906639324,0.06480707898518899,0.16342478984825493,-0.6195118184929657,1.3553747586062175e-05,0.0006304092920482751,0.000500599017885645,0.0067011984048100425,60.825
6820,0.2679869715094174,-231.323293247861,-0.955974404702945,-4.626070074233071,0.06894368060621729,0.1559592584455944,-0.6209879155712841,1.3931558606566273e-05,0.0006452669652148338,0.000537198029213251,0.007174131309890532,60.833333
6821,0.259538769525589,-231.364706743295,-0.942436145236382,-4.911585376073915,0.07302089265846898,0.14825938417139758,-0.6224063117582262,1.433307510325378e-05,0.0006608497180882468,0.0005763581789882243,0.007737259081242554,60.841667
6822,0.2512107095487918,-231.40891186961008,-0.9232808463409592,-5.2207797860394125,0.0770050302450018,0.14033844863991418,-0.623761058279778,1.4757854827336267e-05,0.0006771327880037285,0.0006177411591700651,0.008429992077425041,60.85
6823,0.24305866061065542,-231.45575585142285,-0.8980777769386905,-5.553509547491449,0.08083724781919806,0.13223561636790226,-0.62504527340411,1.5204380986346516e-05,0.0006940829819830496,0.0006607784049983251,0.009308422010603638,60.858333
6824,0.23513723411837242,-231.50566027781053,-0.8662407908706936,-5.909376796441721,0.08454033764878065,0.12394419835277708,-0.6262533670016615,1.566969878295957e-05,0.0007116606593399243,0.0007046179786160028,0.010448985581085717,60.866667
6825,0.227500250405844,-231.55876737217454,-0.8272648991087266,-6.286686434580774,0.08809683216818202,0.1154759603690794,-0.627380875875867,1.6149003135233386e-05,0.0007298272561381534,0.0007480961679745295,0.011949658910902699,60.875
6826,0.2202179398269333,-231.61548893415946,-0.7805428866564268,-6.682281820269877,0.09152649783264065,0.10682357792842496,-0.6284219411104782,1.663521065070166e-05,0.0007485566003262561,0.0007897304345536547,0.01392664930996909,60.883333
6827,0.21334990001780046,-231.6758493973369,-0.7256732151639493,-7.091022660662371,0.09480075314607238,0.098003292406039,-0.6293732474108777,1.7118566597283388e-05,0.000767844875221661,0.0008277706335291196,0.016501141621879635,60.891667
6828,0.20698078189863156,-231.739904261838,-0.6622774582970195,-7.5050428069962924,0.09791188514008592,0.08903531535846144,-0.6302289171748104,1.7586382341211464e-05,0.0007877278352601111,0.0008603231561843571,0.01977378265015684,60.9
6829,0.20118068739194725,-231.8076880733252,-0.590183876247894,-7.91427464361095,0.10085105038732868,0.07992729488216506,-0.630985899877796,1.8023020529819103e-05,0.0008082846748466659,0.0008855590864116861,0.023781641450093413,60.908333
6830,0.1960272026914541,-231.87909329746685,-0.5094603218057768,-8.305824091097064,0.10360895701296888,0.07069471982021557,-0.6316406836898856,1.8410280920512084e-05,0.000829638892640372,0.0009020031823528983,0.02844442039841514,60.916667
6831,0.1915897543483119,-231.9538626898152,-0.4205209722632553,-8.664760591612056,0.10617249176840848,0.06135463284330245,-0.6321910499970328,1.8728327802034626e-05,0.0008519313069087455,0.0009088259730285504,0.03351255409526964,60.925
6832,0.18794314729162162,-232.0317309560373,-0.32408830464794564,-8.974488446350176,0.10854307152081867,0.05191455262274812,-0.6326340123063305,1.895722115643478e-05,0.0008752674306796918,0.0009060549739377388,0.03854530636349204,60.933333
6833,0.18515793908715908,-232.11225667668978,-0.22130954940498818,-9.218154434710375,0.11072128542342168,0.04238515658709724,-0.6329666722121099,1.9078967528447275e-05,0.0008996326635861704,0.0008945862987292945,0.04294605602301673,60.941667
6834,0.18327814377785873,-232.19476086934236,-0.11380947116028578,-9.38136176198958,0.11269496287918553,0.03278395387648452,-0.6331884161810634,1.9079813642932246e-05,0.0009247973960581367,0.0008759545572964938,0.04607321227265947,60.95
6835,0.18233652743536533,-232.27835050794587,-0.0035742078303324324,-9.453454858360613,0.11445424284589749,0.02314214885009094,-0.633298649862111,1.895236582443919e-05,0.0009502468431847033,0.0008519104655292772,0.0474078563315545,60.958333
6836,0.18236499878310553,-232.36231575126695,0.10730079326956744,-9.428478146123917,0.11600978367352245,0.01346380736610106,-0.6332953249939803,1.8697006361708043e-05,0.0009751613641814489,0.000823952167010909,0.04671319102308151,60.966667
6837,0.18335476701977407,-232.44576164286417,0.21657062532014004,-9.307868542998836,0.11735474886745399,0.0037677619084426064,-0.6331794213052554,1.8322152280887002e-05,0.0009984718889214721,0.000793034120229729,0.044111389638552,60.975
6838,0.18527650665108084,-232.52776537289287,0.3221001889813135,-9.099399447226768,0.1184840852727869,-0.0059183379006131345,-0.6329526107771143,1.7843287418735305e-05,0.0010190036886792199,0.0007595678180064888,0.04004310606806112,60.983333
6839,0.18811337042596363,-232.6076433427818,0.422084073569667,-8.814540837513706,0.11941407337004237,-0.015586003685426291,-0.6326135220229584,1.7280990674341566e-05,0.0010356532103269534,0.0007236522944410504,0.03512530948494646,60.991667
6840,0.19178620927044313,-232.6847935300039,0.5150668158927513,-8.470201303885426,0.12013070911708103,-0.025220546682935788,-0.6321669474340154,1.6658379643691164e-05,0.0010475408455465917,0.0006854046088239315,0.029979153148410844,61.0
6841,0.1962566145957572,-232.75863892914938,0.5999877890859837,-8.082424443567898,0.12065676778539637,-0.03479762760414087,-0.631611892048198,1.599865412556911e-05,0.001054137544105061,0.0006451917869668154,0.025095635200439437,61.008333
6842,0.2014425162238499,-232.82902663387407,0.676279433669369,-7.668157422668732,0.12098467338479822,-0.04432337192942299,-0.6309521853379856,1.532306343014897e-05,0.0010552765429849044,0.0006037035946539111,0.02078021008329948,61.016667
6843,0.20727004210360922,-232.89557623718576,0.7436521281032329,-7.242236272126976,0.121128053646072,-0.053761532955098175,-0.6301906099508563,1.4649628165440477e-05,0.0010511340927224124,0.0005618656947932213,0.017159721955084712,61.025
6844,0.2136550453473695,-232.95812866850196,0.8021598652715005,-6.817162989318737,0.12109657028466665,-0.06308610595508875,-0.6293316109784366,1.3992567142824017e-05,0.0010421468155616715,0.000520677728042884,0.014231068698603144,61.033333
6845,0.22050402972497696,-233.01690475681346,0.8521561824369925,-6.402620689738438,0.12087793513792496,-0.07230154412141376,-0.628381670794471,1.336230759924795e-05,0.0010289229210405314,0.00048105644395399243,0.01191602580694247,61.041667
6846,0.22778255865722932,-233.0717624652918,0.8939959425454512,-6.004571829437476,0.12051916416244908,-0.0813778818487946,-0.6273398473645592,1.2765875350705517e-05,0.0010121595262712552,0.00044373064960207627,0.010106340625369902,61.05
6847,0.23540394920786142,-233.12296686798857,0.9282443455851781,-5.627867093977246,0.12001304752952541,-0.09031194472874295,-0.6262133292560839,1.2207427375753263e-05,0.000992549876701902,0.0004091993552771697,0.00869388395913441,61.058333
6848,0.24329835391279395,-233.17076937127342,0.9554850002043834,-5.275120409379653,0.11936035523297646,-0.09909836290379319,-0.6250081061429891,1.1688899109149243e-05,0.0009707622699074654,0.0003777351172454771,0.007583973780852126,61.066667
6849,0.25140802991324956,-233.21533656338633,0.9762813602284842,-4.947412293997561,0.11857455670367509,-0.10772255245144231,-0.6237294596793335,1.1210581416776782e-05,0.0009474055407820187,0.00034941799977146855,0.006700722050536082,61.075
6850,0.25968096833206755,-233.25685283798342,0.9911798729005502,-4.644773407683383,0.11766949362827449,-0.1161724890486545,-0.6223828048183094,1.0771614575628728e-05,0.0009230125542314323,0.00032418171683278957,0.005986529650995118,61.083333
6851,0.2680650728647016,-233.29556432094103,1.0007076469613287,-4.366548157797383,0.11664988270084312,-0.12444223042937214,-0.6209745959599656,1.037038678361344e-05,0.000898037019042288,0.0003018601456688627,0.0053991042021609365,61.091667
6852,0.2765140727150357,-233.33172694163883,1.0053509188297394,-4.111587742231959,0.1155177943131214,-0.13252873180313265,-0.6195113292908248,1.0004840133326065e-05,0.0008728587119007041,0.0002822273490447973,0.004907952758319907,61.1
6853,0.2849851401638388,-233.36560819634175,1.005554449907151,-3.878471199970912,0.11427036049519879,-0.14043144512758982,-0.6179998435336971,9.672692490801996e-06,0.0008477892205006581,0.0002650284181103097,0.00449125976521473,61.108333
6854,0.2934442747931922,-233.39729399069452,1.0016988537034792,-3.665654096651207,0.11292951099148876,-0.148133315263321,-0.6164462337725171,9.37159357195122e-06,0.0008230799537483691,0.0002500015293842577,0.004133380195017203,61.116667
6855,0.3018565724102566,-233.42707551949414,0.9941493025740534,-3.471540167535364,0.111484319599519,-0.15564073186592128,-0.614857480838993,9.099228539547047e-06,0.0007989283996166387,0.0002368922429353612,0.0038229918277315946,61.125
6856,0.31018840847026324,-233.45503091484062,0.983217254183143,-3.2946072650730844,0.10995215381326609,-0.1629370123250929,-0.6132410346367866,8.85338513832977e-06,0.0007754875070084819,0.00022546265053333323,0.0035517419603137298,61.133333
6857,0.31841326675793397,-233.4814213059554,0.9691934868158799,-3.1333469080130243,0.10832083276275531,-0.17002988167723146,-0.6116035882844458,8.631992343335679e-06,0.0007528731715597077,0.00021549579578603883,0.0033133392080138915,61.141667
6858,0.3265028466335697,-233.5063220165387,0.9523282640059261,-2.9863872616258513,0.10660402375155915,-0.1769061351489225,-0.6099527146776611,8.433138687012006e-06,0.0007311687834154365,0.00020679749436600234,0.0031029291585165574,61.15
6859,0.3344368946974358,-233.52992747524127,0.9328517518043749,-2.852425896547921,0.10479475669002597,-0.18357014425263277,-0.6082948082840638,8.255078505944162e-06,0.0007104320749012833,0.0001991962167379313,0.0029166759442809274,61.158333
6860,0.3421918052658417,-233.55234134876687,0.9109685099903211,-2.730296545776731,0.10289750666416997,-0.1900151736985332,-0.606637329516255,8.096228405334693e-06,0.0006906978972638228,0.0001925419006849924,0.002751482726773602,61.166667
6861,0.34974718659840615,-233.57368565311688,0.8868643851012888,-2.6189321496342273,0.10091181429046903,-0.19623850951892377,-0.6049874096164294,7.955159398260286e-06,0.0006719840012493813,0.00018670424936360625,0.002604798411404983,61.175
6862,0.35708337776173277,-233.59427269095687,0.8607190949347708,-2.51737363076166,0.09879611743582813,-0.20225684619546117,-0.6033523083760197,7.830585303747145e-06,0.0006542939188342458,0.000181570720348653,0.0024744888182401093,61.183333
6863,0.36418602201006983,-233.6139916335263,0.8326734964727708,-2.424746840741289,0.09659106496704581,-0.20804728111189688,-0.6017383215871159,7.721349845698354e-06,0.0006376200609047282,0.00017704449743874385,0.0023587436781009243,61.191667
6864,0.3710397642617385,-233.6327881434115,0.8028610298224841,-2.340265219814024,0.09432756209454515,-0.21359368658920602,-0.6001521146797134,7.626413131759187e-06,0.0006219452481011391,0.00017304253470878223,0.0022560194679469344,61.2
6865,0.37763071077036503,-233.65092302526455,0.7714204252798856,-2.2632407129988326,0.09196888836622523,-0.21891119763937802,-0.5986001368165347,7.544838682282373e-06,0.0006072455494863658,0.00016949381430327384,0.002164988773745304,61.208333
6866,0.38394306308146875,-233.66843085026392,0.7384698434027581,-2.193052312388005,0.08952289450596825,-0.22399204256515146,-0.5970893809998338,7.475781023660579e-06,0.0005934919708062375,0.00016633772098501184,0.002084501875519565,61.216667
6867,0.3899663942077408,-233.685353148572,0.7041202199059666,-2.12913884484383,0.0869962765419693,-0.2288324454625964,-0.5956256143312182,7.418474337327425e-06,0.0005806526357401441,0.0001635226693490108,0.0020135607432890798,61.225
6868,0.3956877198834028,-233.70181794713127,0.6684792324209458,-2.07101493231068,0.08437398459434271,-0.23343480190209412,-0.5942152275569886,7.372221972849514e-06,0.0005686929255160059,0.00016100485557078595,0.001951298638949566,61.233333
6869,0.4010984854872192,-233.71786570995252,0.6316455652222964,-2.018236462003701,0.08166023303703614,-0.2377961045324206,-0.5928635017316745,7.33638728930066e-06,0.0005575773156771636,0.00015874720971976588,0.0018969609397137908,61.241667
6870,0.40618842112372566,-233.73351417203207,0.5937113904069997,-1.9704084981123973,0.0788635411194235,-0.24191071491052468,-0.5915760818099257,7.3103854498082045e-06,0.0005472693997763738,0.00015671849260201167,0.0018498921693210532,61.25
6871,0.41094719100343524,-233.74887453089744,0.5547681672754421,-1.9271950488453973,0.0759690388340071,-0.24578036252235227,-0.5903585615649343,7.29367636907843e-06,0.0005377331478312104,0.00015489253901114006,0.001809523477874283,61.258333
6872,0.41536957156002663,-233.76412838971495,0.514908490780297,-1.888309749103079,0.07294338987088782,-0.24941394654376547,-0.5892151201552854,7.285758614849882e-06,0.0005289335338056369,0.00015324759757591905,0.0017753620106001255,61.266667
6873,0.4194460824674913,-233.77912278545642,0.47420580303527177,-1.8534516736433242,0.06983452713342647,-0.2527927449796451,-0.5881508986490686,7.286164197357897e-06,0.00052083606131106,0.00015176577811497653,0.00174698263741417,61.275
6874,0.42317012407772353,-233.7938456301362,0.4327376129827097,-1.822372583365046,0.06665688878361524,-0.2559112864583537,-0.5871701502264222,7.294454254173465e-06,0.0005134081236191099,0.00015043261851495557,0.0017240218964283678,61.283333
6875,0.42653543139164485,-233.8084150196904,0.3905842172237784,-1.7948790563866108,0.06339127632785516,-0.2587730438048708,-0.5862768719312472,7.310215385669848e-06,0.0005066187265535366,0.00014923667307003283,0.0017061714525753288,61.291667
6876,0.4295365796343156,-233.82270418944057,0.3478141737609463,-1.770757003096238,0.06008119244586543,-0.26136601287315686,-0.5854746538536675,7.333056745974819e-06,0.0005004387048472666,0.00014816919087919453,0.0016931722859083,61.3
6877,0.4321692206910277,-233.83700456922574,0.30451167456298295,-1.7499028201822076,0.056661140382953244,-0.26370448384179235,-0.5847665970694951,7.36260772915769e-06,0.0004948408055678925,0.00014722384437961488,0.0016848116988177504,61.308333
6878,0.43442932851866634,-233.8512485068947,0.26074507427641075,-1.7321626850292653,0.05315839919037671,-0.26578007473442306,-0.5841555008263477,7.398516243962158e-06,0.0004897996556671246,0.0001463965338255263,0.0016809175564206956,61.316667
6879,0.436318918790192,-233.86554056115696,0.2165931651415322,-1.7174389010108138,0.04955546217642329,-0.2675975318416455,-0.5836422960998806,7.440447510765238e-06,0.00048529188314295454,0.00014568520391768593,0.0016813571799171485,61.325
6880,0.4378243198885482,-233.8796802924111,0.17210684682999522,-1.7055932742202937,0.04591458172750938,-0.26913725748587175,-0.5832319439929293,7.488083266901191e-06,0.0004812952481549691,0.00014508973157158518,0.00168603387375598,61.333333
6881,0.4389463331077358,-233.89381171437995,0.12736302837052238,-1.6965783959143115,0.04220772779056482,-0.27040559659280644,-0.5829252385358229,7.5411214254940385e-06,0.00047779140180221464,0.00014461176073184075,0.001694887347816941,61.341667
6882,0.4396817317653309,-233.90781323157097,0.08242248523371133,-1.6903036266998095,0.038477791308442554,-0.2713944089820001,-0.5827238171083579,7.599276017206342e-06,0.00047476329271291115,0.00014425468378219847,0.0017078900822327732,61.35
6883,0.44003488956155207,-233.9220407844984,0.03737344937221975,-1.6868132436037877,0.03463873310764354,-0.27211849672458804,-0.5826269772204578,7.662277558701656e-06,0.00047219599511988327,0.00014402354392635804,0.0017250482343500882,61.358333
6884,0.4400014244886989,-233.93629968341324,-0.0077293469880621,-1.6860334190900061,0.03075304717060881,-0.2725653527267107,-0.5826361568412024,7.729873769482588e-06,0.00047007553725150373,0.0001439251670931909,0.001746397356648316,61.366667
6885,0.43957391004518426,-233.9504512365027,-0.05283352349839812,-1.6879197041033522,0.02686844979709203,-0.2727253389429527,-0.5827533685702321,7.801830615296064e-06,0.0004683904830842385,0.0001439680218739145,0.001772006561687324,61.375
6886,0.4387667916332138,-233.96491656969553,-0.09783707335078036,-1.6925912579755567,0.022881366654282368,-0.27261666179412003,-0.5829743660301563,7.877933487081097e-06,0.00046713231152107525,0.00014416222411028036,0.001801979392233064,61.383333
6887,0.4375815780752999,-233.97964464308984,-0.14267419470462012,-1.7000610852854245,0.018816255527925044,-0.27223458499674635,-0.5832982015535083,7.957988791012088e-06,0.0004662919718377642,0.00014451989924392261,0.0018364471096803813,61.391667
6888,0.4360129948571928,-233.9945013978003,-0.18729181561164285,-1.710335602783509,0.014720265544472285,-0.27157013406449754,-0.5837255251764233,8.041825910577159e-06,0.0004658622852750688,0.00014505510293805218,0.0018755743401041478,61.4
6889,0.4340640263096973,-234.00957951063427,-0.2316161938845655,-1.7235034322175924,0.010579521345019032,-0.27062389962221417,-0.5842544748287137,8.129299258652995e-06,0.00046583898548844486,0.0001457838592540034,0.0019195625451369769,61.408333
6890,0.43173556338627994,-234.02484932014417,-0.2755821996305354,-1.739635786076639,0.006413676312754731,-0.26939312869645254,-0.5848835094643136,8.220290616988383e-06,0.00046621934915684393,0.00014672446051819087,0.001968648247851828,61.416667
6891,0.4290253500172681,-234.04029945477117,-0.31912763281720374,-1.7588292323725294,0.0022376670083164647,-0.26787397310022176,-0.5856116802607865,8.314711793308424e-06,0.000467002608019341,0.00014789759167678867,0.0020231064303958385,61.425
6892,0.42594433476558113,-234.05604278154595,-0.36216636771444205,-1.7812406389629052,-0.0019663205456222246,-0.26607050623680767,-0.5864342520439958,8.412507514420233e-06,0.0004681904538823083,0.00014932655061394485,0.0020832535534573296,61.433333
6893,0.422505023849932,-234.0721757912388,-0.4046102769652691,-1.807046367937896,-0.00621091953036732,-0.26398621906161435,-0.5873459060044096,8.513658661642363e-06,0.0004697850563734594,0.0001510377133200576,0.0021494447927278655,61.441667
6894,0.41870432270912866,-234.0885953870515,-0.4464026520151869,-1.8363791498793078,-0.01045521719665714,-0.26161621183815204,-0.5883452717689044,8.618185896198431e-06,0.0004717890988348097,0.00015306093280178447,0.0022220748554241474,61.45
6895,0.41454129649824273,-234.10530842177408,-0.487476670503329,-1.8694353936488375,-0.014687133765043754,-0.2589573193871026,-0.5894301549069354,8.726153532295758e-06,0.0004742083704722061,0.0001554296544033331,0.0023015879109746003,61.458333
6896,0.41003083277970853,-234.12244512448567,-0.5277348124716263,-1.9064872642877193,-0.01892623400189142,-0.2560136296914829,-0.5905940498808788,8.837673687438851e-06,0.0004770513672149007,0.00015818145913478517,0.0023884787527960923,61.466667
6897,0.405180259333315,-234.1400540193071,-0.5670931566467983,-1.9478100375354057,-0.023169434538719762,-0.2527849283041558,-0.5918322988832384,8.952910920998513e-06,0.0004803269139528453,0.00016135890573829706,0.0024832863201893138,61.475
6898,0.3999958309903671,-234.15809586055778,-0.6054736024348158,-1.9936786542436682,-0.027390614902065204,-0.24927245904832057,-0.593140378031449,9.072087326669302e-06,0.0004840456197778026,0.00016501005175466186,0.0025865986113063097,61.483333
6899,0.39448906141681794,-234.1766760006317,-0.6427779715241432,-2.0444666499941575,-0.03159963492739579,-0.24547722945060646,-0.5945123258349735,9.195487950472592e-06,0.0004882201886330724,0.00016918903787975468,0.0026990560418039856,61.491667
6900,0.3886676308091452,-234.1958204982649,-0.6789162613502073,-2.1005584248998344,-0.03578498506239539,-0.24139969335894837,-0.5959430640306924,9.323466676852031e-06,0.0004928647130217009,0.0001739572169602744,0.002821344946176325,61.5
6901,0.3825444679811163,-234.21561124944088,-0.7137827823436962,-2.16241244654648,-0.03994797550756995,-0.2370414502385696,-0.5974261651431434,9.456452613977387e-06,0.0004979954712780256,0.00017938394741224504,0.002954199544310352,61.508333
6902,0.37613018854940117,-234.23606281854526,-0.7472766610767502,-2.230509682022254,-0.04407226661896506,-0.2324051449721268,-0.5989557551118043,9.594956902229245e-06,0.0005036302148661615,0.0001855478621792772,0.0030983931817222467,61.516667
6903,0.36943668976956445,-234.2572289180425,-0.7792870665702702,-2.3054088383568763,-0.04814989172708326,-0.2274929454757773,-0.6005256533749621,9.739579908900601e-06,0.0005097887207945404,0.00019253789050339797,0.0032547361310396503,61.525
6904,0.36247871706676954,-234.2791973218938,-0.809689567900306,-2.387752859366903,-0.05217944347406041,-0.22230702587641638,-0.6021290597544016,9.891018693985972e-06,0.000516492697814602,0.00020045465107601206,0.0034240657838953458,61.533333
6905,0.35527276981140465,-234.30202560587347,-0.8383527203244583,-2.478242200884305,-0.056151181111409224,-0.21685195685821634,-0.603758880963714,1.0050074693627115e-05,0.0005237654166557122,0.0002094119969262598,0.0036072324280750656,61.541667
6906,0.34784434054069874,-234.325670512826,-0.8651337606370436,-2.577593859075104,-0.06003418291289775,-0.211143878210393,-0.605406204339083,1.0217661312185386e-05,0.0005316315040308077,0.0002195384055795922,0.003805087057248204,61.55
6907,0.3401881791213176,-234.35044007476128,-0.8898930743626775,-2.6868238499806822,-0.06386560075361274,-0.20516052895658235,-0.6070690694432023,1.039481078233074e-05,0.0005401154655537815,0.00023097820111091255,0.0040184670271855,61.558333
6908,0.3323360415729639,-234.37633828751567,-0.912449031288261,-2.8068670050673026,-0.06762056108543259,-0.19891853734358178,-0.6087375361316085,1.0582680495267315e-05,0.0005492468906702835,0.00024389319173116834,0.00424820631110103,61.566667
6909,0.32430429069221417,-234.40342950987593,-0.9326281580608872,-2.9387938823746205,-0.07128327401143068,-0.19242279353138678,-0.6104053375027029,1.0782557357998776e-05,0.0005590537019903024,0.000258463336731116,0.004495121075110311,61.575
6910,0.316118860593929,-234.43182884837532,-0.9502182556864524,-3.0838091792763964,-0.0748479201743199,-0.18568065392984484,-0.6120645360399211,1.0995858578180274e-05,0.0005695646705213618,0.0002748864941663826,0.004760067096960218,61.583333
6911,0.30780280222943124,-234.4616617103804,-0.9649932373953364,-3.2432343287380503,-0.07830747957949892,-0.17869716281230225,-0.6137082167616301,1.1224127606350433e-05,0.0005808071504917756,0.00029337779890116803,0.00504401688380486,61.591667
6912,0.29938249578252135,-234.49305142422455,-0.9767006383651013,-3.41849268531002,-0.08165265441078709,-0.17147962067233247,-0.6153292585256658,1.1469022741414344e-05,0.0005928068931362154,0.000314166551310178,0.005348254327926666,61.6
6913,0.2908851639149846,-234.52613524391992,-0.9850615136862734,-3.6111134919716497,-0.0848742145386268,-0.16403500495297277,-0.6169209005476548,1.1732294865704916e-05,0.0006055864086506424,0.00033749039855554184,0.005674721347615808,61.608333
6914,0.2823438586496117,-234.5610657794355,-0.9897565350821734,-3.8227011435418765,-0.08796438750263871,-0.1563724869182161,-0.6184758884081885,1.2015749668730835e-05,0.0006191634969386591,0.00036358539000103264,0.006026623836668443,61.616667
6915,0.2737937038880949,-234.5980093198196,-0.9904309633743469,-4.054898687542185,-0.09091551224306148,-0.14850129152555872,-0.6199872972285987,1.2321188110826408e-05,0.0006335484968568613,0.0003926705591419436,0.0064094155224023956,61.625
6916,0.26527026153202626,-234.63715324137794,-0.9866945910171474,-4.309344370551945,-0.09372037051126568,-0.14042899916855206,-0.621448872410072,1.2650317195903043e-05,0.0006487420336491927,0.00042492463605481106,0.006832361739447612,61.633333
6917,0.2568152548684465,-234.67870468048423,-0.9781064767462422,-4.587559830092152,-0.09637351045475367,-0.13216436667813297,-0.6228541075879612,1.3004621452855982e-05,0.0006647330272862852,0.0004604529182396037,0.007310902659469503,61.641667
6918,0.2484768376394105,-234.7228179994768,-0.9641893992593605,-4.890731027699772,-0.09886246890283452,-0.12372401973431543,-0.6241963568134781,1.3385183349924571e-05,0.0006814957826483216,0.0004992426817843939,0.007870004914874867,61.65
6919,0.24030292476450898,-234.7697236115028,-0.9444222490134689,-5.2196794547836705,-0.1011831311668625,-0.11511630137723378,-0.6254700023186527,1.3792439446510054e-05,0.0006989878869496507,0.0005411051430879971,0.0085486417175898,61.658333
6920,0.2323503116497827,-234.8196093816448,-0.9182482841982574,-5.574435661221905,-0.10332812319719867,-0.10635648863857004,-0.6266690585604322,1.42258617318892e-05,0.0007171512223909139,0.0005856078614249676,0.009405176206384838,61.666667
6921,0.22467676506657636,-234.8726810826615,-0.8850950473640982,-5.954037432641346,-0.10529223877860416,-0.09745612517345541,-0.6277884681922449,1.4683557298287562e-05,0.0007359139052886739,0.0006320012420903571,0.010522738406649853,61.675
6922,0.21735003795919713,-234.92911190008795,-0.8443813597625126,-6.355979531542323,-0.10707184530684882,-0.08843096049101508,-0.6288227873139004,1.5161791375821115e-05,0.0007551981908816829,0.0006791546835005439,0.012012579124132151,61.683333
6923,0.21043579316574892,-234.9891893102717,-0.7955389465523356,-6.776071247320669,-0.10867302593690487,-0.07927833920003113,-0.629767918398041,1.565445863322696e-05,0.0007749315565600357,0.0007255232221424714,0.01401144422968562,61.691667
6924,0.20401133635024338,-235.05289709042418,-0.7381326209676877,-7.207354833262342,-0.11008370912208386,-0.07002585251890626,-0.6306191161397859,1.6152562936087218e-05,0.0007950656373098165,0.0007691802523402448,0.01666751964260194,61.7
6925,0.19815527805001054,-235.1198084679592,-0.6719945735011157,-7.639828454034515,-0.11127595906544463,-0.0607384084298105,-0.6313723302073658,1.664380508406152e-05,0.0008155947213634929,0.0008079408048401062,0.02010869677394263,61.708333
6926,0.1929476034119121,-235.19058028257348,-0.5968093549045657,-8.061564752587772,-0.11230062291969203,-0.05134974364521281,-0.6320239604599023,1.7112424430762937e-05,0.0008365734031843402,0.0008396083650388344,0.02439063437385959,61.716667
6927,0.1884672323128015,-235.26460512180947,-0.5129269464061463,-8.456884917947127,-0.11313432154936544,-0.04191938723176598,-0.6325708679173252,1.7539483603958402e-05,0.0008581187343690112,0.000862343854585142,0.029425970046765802,61.725
6928,0.18478117789303758,-235.34153985271556,-0.4209722392260197,-8.808827023114405,-0.11377853506279405,-0.03246010165938358,-0.6330112948717638,1.7903774305343138e-05,0.0008803870911037033,0.0008750488132528501,0.03492320178511423,61.733333
6929,0.18193608494383692,-235.42074694730366,-0.32207093555354654,-9.100448973717649,-0.11422418826648087,-0.023000083000797776,-0.633345358925776,1.8183440063159055e-05,0.0009035156888127944,0.0008776722162208426,0.04036496475090616,61.741667
6930,0.180031038254351,-235.5017729240985,-0.21752213809117638,-9.313517546169495,-0.1145125888379009,-0.013537941683260493,-0.6335661795018912,1.8358252811192817e-05,0.0009275312550860081,0.0008712630340852861,0.04506687255477614,61.75
6931,0.17905725419467722,-235.58355450793275,-0.10939409973625466,-9.437132783014258,-0.1146191659000002,-0.004115966790056988,-0.6336781661867257,1.8412141885473384e-05,0.0009522221527931765,0.0008576741270072065,0.04831538010237251,61.758333
6932,0.17907934489198168,-235.66548315838958,0.00034658357170257257,-9.461720031609154,-0.11458552371315271,0.0052785751540293776,-0.6336756323827876,1.8335580837412946e-05,0.0009770820430543843,0.0008390674132642046,0.049576178974280134,61.766667
6933,0.1800695795577622,-235.7465327680727,0.10934432175111118,-9.387665338826114,-0.11440438454271165,0.014617716329864779,-0.6335617348315025,1.8127148022453928e-05,0.0010012627239230152,0.0008172836221701185,0.04865194691664532,61.775
6934,0.18201585362550346,-235.8257536190483,0.21539530858239883,-9.220396668036823,-0.11409547964474602,0.023878151417432925,-0.633336062517777,1.7793879153714513e-05,0.0010236708022141748,0.0007934803653684291,0.04574560699653402,61.783333
6935,0.18487022190288693,-235.90242728073156,0.31656535249904355,-8.971893383369167,-0.11366665425837422,0.03305217450721281,-0.6330007568289725,1.7350305318748516e-05,0.0010431070915984577,0.0007680614902905097,0.04137797907027785,61.791667
6936,0.18858594179511778,-235.97584056813392,0.41125451435002286,-8.657235025118943,-0.11313968219689942,0.04212062842651494,-0.6325565410691286,1.6816423360811827e-05,0.0010584593976397457,0.000740928002704843,0.03621526662930896,61.8
6937,0.1930822894704098,-236.04563864762102,0.4983497048957673,-8.294206927012794,-0.11251530042802567,0.05108388469344807,-0.6320073231935035,1.6215128504590883e-05,0.0010688617680895563,0.0007118495147166807,0.030890609858782656,61.808333
6938,0.19826745400162835,-236.11156415704463,0.5771663064038063,-7.900354850945413,-0.11179230521774333,0.05993276258313642,-0.6313581053089098,1.5569721092574093e-05,0.0010738060903553634,0.000680766715873809,0.0258817186422936,61.816667
6939,0.20409649000919858,-236.17266179382014,0.6471576147826651,-7.490039762046205,-0.11105366279600845,0.06857945737153942,-0.630608003978871,1.4901906858730071e-05,0.0010731690446778351,0.0006479255964433999,0.021471015315456563,61.825
6940,0.21049120150960246,-236.23009769113915,0.7086223464375123,-7.075597993851204,-0.11023534795146454,0.07715204891058738,-0.6297604640551182,1.4230421917290716e-05,0.0010671518263051082,0.0006138675420131687,0.017770623360973098,61.833333
6941,0.21733857252624092,-236.28320913452873,0.7616337957685746,-6.668561805246667,-0.10937830746118676,0.08554997563982751,-0.6288243794581688,1.3570389414824169e-05,0.0010562154005613006,0.0005793215656236286,0.014768417375333756,61.841667
6942,0.22460555159438192,-236.33257295850885,0.8066469306741566,-6.274812028762099,-0.10847703521353051,0.09382994309733184,-0.6277986837240375,1.293327724900754e-05,0.0010410069033298835,0.000545050001321099,0.012384199250555037,61.85
6943,0.23218329838388932,-236.37791412551192,0.8440921558962005,-5.900588814291131,-0.10756291418125978,0.10191954648969373,-0.6266938153613535,1.232714572793131e-05,0.0010222378246420997,0.0005117507967137455,0.010512158039107938,61.858333
6944,0.24003968481081703,-236.42007920809962,0.8745975016316763,-5.547789525069819,-0.10659596154835731,0.10989379407183228,-0.6255103257997257,1.1757185204782477e-05,0.0010006545436409538,0.0004799791810718145,0.00904580889148313,61.866667
6945,0.24809992426759847,-236.45902413310313,0.8986680226809872,-5.218425999579345,-0.10559983733295272,0.11770993014493528,-0.6242560046779914,1.122624667287084e-05,0.000976955130673415,0.0004501324304155848,0.007892014913898392,61.875
6946,0.25631013504024996,-236.49506019177358,0.9168503149609417,-4.912839636111939,-0.10456982347771025,0.12536982817532577,-0.6229366507736801,1.073541205593634e-05,0.0009517830886152684,0.000422449394119837,0.006975083007387009,61.883333
6947,0.2646223834008893,-236.52841223151617,0.9296462762498963,-4.630626503759361,-0.10350981699461566,0.13286733727547043,-0.621558123707725,1.0284473847368685e-05,0.0009257034241054488,0.00039703503965032925,0.0062365238218956166,61.891667
6948,0.27299053373748783,-236.55944881249613,0.937546844421594,-4.370857747799751,-0.102401027858981,0.140210957383126,-0.6201269463578659,9.872336668993016e-06,0.0008991971946182965,0.0003738898630282707,0.005632553412421281,61.9
6949,0.28136343620316306,-236.58850946030861,0.9410073710765587,-4.1324057868388495,-0.10121947016206331,0.14740237380119742,-0.6186514945701523,9.497334819748235e-06,0.000872664382521399,0.00035293973192086585,0.005130977934363939,61.908333
6950,0.2897330266727075,-236.615327668478,0.9403233232951497,-3.9137206284389867,-0.1000425834378402,0.15440371440744502,-0.6171332815140236,9.157474054036908e-06,0.0008464329765629335,0.0003340613313593808,0.004708327363332004,61.916667
6951,0.29803800182190837,-236.64069481534372,0.9359472906769022,-3.713503955951615,-0.09876764294376704,0.16125672780701816,-0.6155840585332809,8.85059732116817e-06,0.0008207521011200813,0.0003171019189678562,0.004347648706290231,61.925
6952,0.30626449890048596,-236.6645797041278,0.9281502873169635,-3.5302195239014744,-0.09742610851441215,0.16794437504822593,-0.6140076163578094,8.574517737556513e-06,0.000795822770543118,0.0003018966058381329,0.004036442250240416,61.933333
6953,0.3144002102118773,-236.68685531492406,0.9171708655192685,-3.3624392839630346,-0.09606782210519266,0.17444280135684795,-0.6124077034841581,8.32709198942786e-06,0.0007717892462052434,0.00028827777327555506,0.0037655216206613743,61.941667
6954,0.32240639946600586,-236.70794062904642,0.9033009429931154,-3.2089371459997493,-0.09463971855679118,0.18076754673585077,-0.6107936888955169,8.106272294174538e-06,0.0007487493532452242,0.00027608256871896393,0.003528027836321546,61.95
6955,0.33026065094431123,-236.72796479910494,0.8867662211383365,-3.0685003643304554,-0.09313800046907264,0.1869143738682123,-0.6091722600267327,7.910138842941344e-06,0.0007267718019650565,0.0002651580084980607,0.003318692822562265,61.958333
6956,0.33794231240257416,-236.74703891371914,0.8677699047668825,-2.94001185857895,-0.0915601157093072,0.19287851469616907,-0.6075501102426845,7.73691148442109e-06,0.0007058971300929471,0.00025536304815114224,0.003133420183135864,61.966667
6957,0.34542486985962595,-236.76546627681867,0.8465150410358809,-2.8224803193761976,-0.0898615557507077,0.198669421692653,-0.6059355364709759,7.584952814748639e-06,0.0006861433722889211,0.00024656966608707555,0.002968963100544583,61.975
6958,0.35269945820822973,-236.7832058884639,0.8231541265489529,-2.7149335813279865,-0.08806605032263987,0.2042746441259035,-0.6043333130184085,7.452764903939946e-06,0.000667512835608214,0.00023866306743073858,0.0028226915604624638,61.983333
6959,0.3597485224931144,-236.80030146104508,0.797837516687758,-2.6165425234197985,-0.08617842101296737,0.20968530517908146,-0.6027502511153914,7.338980240824423e-06,0.0006499914378559049,0.00023154111682526524,0.0026924575772603924,61.991667
6960,0.3665726538175383,-236.8165022740802,0.7706823277136748,-2.5264658702816907,-0.08427000643601405,0.21487824175300968,-0.6011891714863212,7.2423520630926025e-06,0.000633555314199322,0.00022511365655837514,0.002576473445619075,62.0
6961,0.3731368917093062,-236.83242551407412,0.741856120585425,-2.4441408430825495,-0.08221830008348796,0.21988450903383364,-0.5996611263825025,7.16174218107794e-06,0.0006181694598926575,0.00021930156258336843,0.0024732448799891582,62.008333
6962,0.37943564770519755,-236.84800936471404,0.7114710445465167,-2.368915564637009,-0.08004781624327784,0.22469269623904806,-0.5981705877486032,7.096111036304372e-06,0.0006037994143255519,0.00021403577392183017,0.002381484217619455,62.016667
6963,0.3854606627172171,-236.863101595277,0.6796281673987093,-2.300211604507815,-0.07780442010725575,0.229283886703657,-0.5967226191337465,7.044505495373145e-06,0.0005904052592014862,0.0002092562219537899,0.0023000937232770585,62.025
6964,0.39119762963815613,-236.87790260599172,0.6464412634362539,-2.237562041143505,-0.07545312436392426,0.23366424716973105,-0.5953237424245106,7.006048720304897e-06,0.0005779444101933554,0.00020491092070110153,0.002228131429177605,62.033333
6965,0.3966387776278645,-236.89232073101914,0.6120037146955145,-2.1805016565922926,-0.07302616432032392,0.2378208737582948,-0.5939788918854796,6.979931005863901e-06,0.0005663743848787882,0.0002009550528375015,0.0021647806047882696,62.041667
6966,0.401772415841957,-236.90657162393646,0.576418639426682,-2.1286647258917104,-0.07048222667383508,0.24176162226614695,-0.5926939230313899,6.965401288994741e-06,0.0005556523362990993,0.00019735019998731325,0.0021093354756583755,62.05
6967,0.4065982395985209,-236.9203128418541,0.5397614978897681,-2.0816155968080405,-0.06791552191611015,0.24546110619065253,-0.5914717574884905,6.9617599553324e-06,0.0005457367639133835,0.00019406359179611273,0.002061182274623241,62.058333
6968,0.41109394091291546,-236.93410060274405,0.5021366898966232,-2.0391715831139234,-0.06519784632579655,0.248943975017132,-0.5903208033037185,6.968352324481661e-06,0.0005365858924742264,0.00019106754588888716,0.0020197933182461584,62.066667
6969,0.4152591921571074,-236.9477086130012,0.46361960473056407,-2.0009876408833995,-0.0623942725176147,0.2521928065415475,-0.5892437999348786,6.984563723716918e-06,0.0005281626318836594,0.00018833881477082147,0.00198470705116275,62.075
6970,0.4190839214939085,-236.96119849582928,0.42428994155502064,-1.9668354336784006,-0.059497915246253016,0.2552045089825614,-0.5882458409137454,7.009814650623176e-06,0.0005204302658653589,0.00018585819699220863,0.00195552870667509,62.083333
6971,0.42256341172660655,-236.9745793478871,0.38422619710499656,-1.9364885148294129,-0.056515506904946666,0.2579755977367479,-0.5873304871430093,7.043557278716581e-06,0.000513354839970448,0.00018361009819971893,0.001931920257860511,62.091667
6972,0.42570097936863915,-236.9876491974033,0.34350116078737347,-1.9096795397666384,-0.05350960477470115,0.26049601557271185,-0.5864989861402974,7.085272454813022e-06,0.000506904295353427,0.00018158218285481423,0.001913595453601992,62.1
6973,0.42847332598812554,-237.00095620350302,0.3021971382378077,-1.8864142155173151,-0.05034430013020342,0.262780913561472,-0.5857594690555145,7.13446733114223e-06,0.0005010473455332845,0.00017976507436730046,0.0019003165324933543,62.108333
6974,0.43089684789958027,-237.0139543029406,0.2603805220445263,-1.8663572251481473,-0.04717332166317187,0.2648099006558247,-0.5851093119357401,7.1906740061000375e-06,0.0004957583694100611,0.00017815212893905304,0.0018918850836108737,62.116667
6975,0.43295701675043524,-237.02697804216731,0.21812633122138944,-1.8494925363805648,-0.043916443623318924,0.26659062796440564,-0.5845539288526114,7.253447944350442e-06,0.0004910102474033234,0.00017673918835734188,0.0018881460681126167,62.125
6976,0.4346412415477232,-237.04024945076947,0.17550558421522913,-1.8357980792413093,-0.04052171041160402,0.26812305329060543,-0.5840980499500417,7.322367643565071e-06,0.0004867802260407588,0.00017552446753049992,0.0018889797179091614,62.133333
6977,0.43595712124339264,-237.05354157760155,0.13258849752051788,-1.8251003464021647,-0.03705902199415124,0.26939917076708336,-0.5837407201445217,7.397034388183705e-06,0.0004830492044756464,0.00017450845526924163,0.0018943004452432364,62.141667
6978,0.43689969656473243,-237.06686861280494,0.0894408322564353,-1.8173439782307559,-0.03353324239471908,0.2704150366882646,-0.5834841405414389,7.4770722492983635e-06,0.0004797982871826539,0.00017369374123077204,0.0019040572191272277,62.15
6979,0.43746953227951724,-237.08018732189555,0.04613086168199809,-1.8124601228121235,-0.029965310025413083,0.27116809360235,-0.5833287734058282,7.562128729725794e-06,0.00047701115385998335,0.00017308498892905242,0.0019182315859038112,62.158333
6980,0.4376580794662041,-237.09366221946368,0.0027258122724673314,-1.8104819596957535,-0.02631934363349093,0.27165671043899453,-0.5832773238350404,7.651875582118863e-06,0.0004746731279149252,0.00017268887736007242,0.0019368368440215247,62.166667
6981,0.4374752481669158,-237.1072658325113,-0.04069421386025884,-1.8113548628481881,-0.022612670300140088,0.2718833228252283,-0.5833272139952069,7.746010041095234e-06,0.00047277265622625594,0.0001725141739246337,0.001959916961558196,62.175
6982,0.4369146945237456,-237.12093627021153,-0.08407359040635254,-1.8150809013546345,-0.018871261195253487,0.2718407899249298,-0.5834800537378212,7.844256139654793e-06,0.00047129830497497625,0.00017257169084142045,0.001987545413047237,62.183333
6983,0.43597711462377786,-237.1347435750507,-0.1273401669410145,-1.8216970550516198,-0.015085839196588043,0.27152909492489197,-0.5837352831044255,7.94636652766276e-06,0.00047024157864195953,0.0001728743350476754,0.002019828350532931,62.191667
6984,0.4346640968812983,-237.1487195629313,-0.17042295517441025,-1.831246302741134,-0.011257773864460604,0.2709473813049854,-0.5840918521667525,8.05212439979295e-06,0.00046959568354545836,0.00017343723826682744,0.002056902607589929,62.2
6985,0.43297671541487737,-237.16287458620917,-0.2132531909780307,-1.8437858974911128,-0.007394524221901522,0.27009398428666004,-0.584548606481693,8.161345699465024e-06,0.00046935544975230687,0.00017427786530193598,0.0020989365132243662,62.208333
6986,0.43092704973532175,-237.1769839752455,-0.25576291227125875,-1.8592859358752862,-0.0035671576559652843,0.26897283849117254,-0.5851011880147392,8.27388157229877e-06,0.00046951747651340553,0.00017541615509236548,0.0021461311412409654,62.216667
6987,0.4285038704113669,-237.19157832014346,-0.2978672808243375,-1.8780480927579821,0.00035667430601211394,0.26757766035927605,-0.5857512963161887,8.389620959986729e-06,0.00047007854703238155,0.0001768745019496096,0.002198722028821477,62.225
6988,0.42571859836395093,-237.206160743352,-0.33951689193989326,-1.8999916352074382,0.004232447792528134,0.265911704320829,-0.5864943005408285,8.508493639650316e-06,0.0004710393442778247,0.00017867862364005443,0.0022569754815006723,62.233333
6989,0.42256565413663677,-237.22130025514346,-0.3806127366306342,-1.9254726820377257,0.008200124395229961,0.26396754563959324,-0.5873298949354716,8.630473307695627e-06,0.0004724008779411401,0.0001808569261184741,0.00232119913824747,62.241667
6990,0.4190537438305909,-237.2367363571573,-0.4210919361593793,-1.9545438632070296,0.012177680001419021,0.26174748132765374,-0.5882537486530899,8.755581060056861e-06,0.0004741672167280534,0.00018344186157853503,0.0023917310602626606,62.25
6991,0.41519232189337324,-237.25252940656733,-0.4608675079645518,-1.9873976310931643,0.016168272640077714,0.25925348918510677,-0.5892611712824661,8.883889075262633e-06,0.0004763433084450504,0.00018646945783629533,0.002468950265261414,62.258333
6992,0.4109925720332939,-237.2684158432074,-0.4998760889179643,-2.0241205742639847,0.02009123954518994,0.25649446061737274,-0.5903468865354851,9.015524486437868e-06,0.0004789350458658478,0.00018998007877322256,0.0025532716626418136,62.266667
6993,0.406448080178196,-237.2849949592245,-0.5380077897657674,-2.065219961829204,0.024086667924574673,0.25345270203648906,-0.5915099939432081,9.150673450565391e-06,0.0004819492331051511,0.00019401840578696535,0.0026451537337952723,62.275
6994,0.4015704560659078,-237.30198256791687,-0.5751955010130531,-2.1108387030861007,0.02806649464700347,0.250136807654855,-0.5927447697031732,9.28958570905495e-06,0.00048539637868317355,0.00019863531525324824,0.002745085383286517,62.283333
6995,0.396378577304563,-237.3191916804221,-0.6113548293841595,-2.161168965031366,0.03197059601092643,0.24656153321135255,-0.5940436044661817,9.432579376835139e-06,0.0004892879007985856,0.00020388713193130402,0.0028535993435994385,62.291667
6996,0.3908659018311793,-237.33715577961328,-0.6463705827380718,-2.2168243886531513,0.03591453546534139,0.2427042437356477,-0.5954051636415459,9.580045584088495e-06,0.0004936352115285378,0.00020983633485852085,0.002971266939457337,62.3
6997,0.3850474524861813,-237.3557005596754,-0.680155211076104,-2.278101184248714,0.039837737432727845,0.23857542080996902,-0.5968226168113834,9.732453724794623e-06,0.0004984539015264009,0.00021655375345246475,0.0030986863940464958,62.308333
6998,0.3789385633387094,-237.37485411030195,-0.7125990846205432,-2.3454336643735303,0.04372964014872731,0.23418028648978576,-0.5982890811873678,9.890356869038317e-06,0.0005037602956852469,0.00022411796012786173,0.0032364909186575032,62.316667
6999,0.37254633334618775,-237.39468731097756,-0.7435974636454015,-2.4193483909257103,0.04758786412951208,0.2295174917714645,-0.5997996572477571,1.0054396842409325e-05,0.000509571592627414,0.00023261651836911166,0.0033853382288092297,62.325
7000,0.3658850320968671,-237.41519977460365,-0.7730367126522125,-2.5003796170743837,0.051393106557886016,0.22459331289298282,-0.6013477405612202,1.0225309315302458e-05,0.0005159073597369135,0.00024214685449408494,0.003545911802535523,62.333333
7001,0.3589737461971137,-237.436281656452,-0.8008044346495735,-2.589048189313042,0.05510259024585062,0.21942378959921052,-0.6029257149783208,1.0403928452567112e-05,0.0005227883880506108,0.0002528168448679179,0.0037189176741407527,62.341667
7002,0.35181562623037443,-237.4585077615881,-0.8267220859088721,-2.686377601204299,0.058820054377092215,0.21397797541316463,-0.6045296848932723,1.0591190470530662e-05,0.0005302359839031457,0.00026474501402948795,0.0039050904589874916,62.35
7003,0.3444307748266697,-237.48169047432637,-0.850666869320779,-2.793000573022197,0.062479892501516206,0.20827513649150334,-0.6061519968031489,1.0788136603140153e-05,0.0005382745800512641,0.0002780635516180601,0.004105169679301072,62.358333
7004,0.33683937012711734,-237.50584660069032,-0.872483100282601,-2.9097427892309837,0.06606209971631015,0.20232505926940456,-0.607785226908901,1.0995914140595393e-05,0.0005469287797764562,0.000292915535365036,0.004319955658296354,62.366667
7005,0.3290575242815366,-237.5311421643074,-0.8919905921040036,-3.03762385556246,0.06957491833720399,0.19612588205666237,-0.6094230729155794,1.1215773626717975e-05,0.0005562232125677281,0.00030945501890374097,0.004550344717560736,62.375
7006,0.32111152080742766,-237.55744722531037,-0.9090230858021049,-3.177527534671808,0.07296854143163639,0.18970232853280383,-0.6110573878013191,1.1449062099121835e-05,0.0005661829842702524,0.0003278461361669502,0.004797408918567202,62.383333
7007,0.3130111000239269,-237.58532417017898,-0.9233210274707345,-3.3309674357785686,0.07632018907432955,0.18302012242757704,-0.6126837489294565,1.1697209690116265e-05,0.0005768314975274359,0.0003482585042623842,0.005062572201533603,62.391667
7008,0.30478558178898313,-237.61472844250548,-0.9346631868843461,-3.499080312479415,0.07958968117240853,0.17609874820496466,-0.6142940877198143,1.196170846278539e-05,0.00058819279376813,0.00037086633431154207,0.005347811431734502,62.4
7009,0.29646299064607456,-237.64570155432614,-0.9428011831482241,-3.6831399684218917,0.0827531898207017,0.16895223211646782,-0.6158811293694281,1.2244079555486929e-05,0.0006002872273500491,0.0003958372104036235,0.005656121532424303,62.408333
7010,0.2880704010106971,-237.6784189651734,-0.9474439744365222,-3.8845946361431505,0.08580826229154298,0.1615839589453416,-0.6174383200045621,1.2545822653722027e-05,0.0006131308385223587,0.0004233208206951426,0.0059921822786092845,62.416667
7011,0.2796411164138514,-237.7130240848815,-0.9482686512972002,-4.104882198465961,0.0887456063052311,0.1540034118161998,-0.6189585439966775,1.2868344305054051e-05,0.0006267344703022718,0.00045343339661655367,0.006363362903936612,62.425
7012,0.2712080367037015,-237.7496793666851,-0.9449244451407569,-4.3454526300348295,0.0915563029644496,0.14621838332949952,-0.6204354442163903,1.321285805590666e-05,0.0006411014413986851,0.0004862348295994266,0.006781219652240277,62.433333
7013,0.26280640270109157,-237.7884976889272,-0.9370407859495825,-4.607633489897057,0.09422269009128759,0.13824274077760712,-0.621862960764071,1.3580248468948413e-05,0.0006562266697494838,0.0005216986847764241,0.007263635974687286,62.441667
7014,0.2544754866824478,-237.82983102444638,-0.9241544354727111,-4.892774819879996,0.09675903038214362,0.13006993888199544,-0.6232351191281998,1.397089067835007e-05,0.0006720956971987311,0.0005596735198771975,0.007837737722047997,62.45
7015,0.2462627310842697,-237.87384116034028,-0.9057982196635648,-5.20168092772291,0.09915171736922859,0.12171440590785555,-0.6245454771377585,1.438441765296108e-05,0.0006886841156626626,0.0005998398891315357,0.008543458739017086,62.458333
7016,0.23821606422954555,-237.92076965702626,-0.8814635446211505,-5.534714699151715,0.10139565736628645,0.11318220394450346,-0.6257884802818948,1.4819428009625166e-05,0.0007059578117822897,0.0006416574514471622,0.009437690175729766,62.466667
7017,0.23038695422233738,-237.97082331563308,-0.8506288214656694,-5.89142698111355,0.10348060693183249,0.10448303977462335,-0.6269589867483152,1.5273133566152514e-05,0.0007238771556657305,0.0006843164714399693,0.010598054308919339,62.475
7018,0.2228372332017606,-238.02418237879166,-0.8127538843754573,-6.270132563795325,0.10539728060823424,0.09563188197794446,-0.6280513267765189,1.5740957847653673e-05,0.0007424037465453168,0.0007267004247062847,0.012124699230874069,62.483333
7019,0.2156331227896625,-238.081077096205,-0.7672966329635088,-6.667643129341603,0.10714364508773311,0.0866366502324221,-0.6290602855289936,1.621611076617733e-05,0.0007615092688675172,0.0007673777447087707,0.014136982299898787,62.491667
7020,0.20883603815679713,-238.14161885220082,-0.7138207521171828,-7.0789191914302005,0.10870531928705371,0.07751102533829925,-0.6299823070417973,1.6689192935912668e-05,0.0007811888711169378,0.0008046469066407082,0.016760813406021167,62.5
7021,0.20251254842738853,-238.20586415337107,-0.6519896370970512,-7.49660935054598,0.11006974220412992,0.06827094487210855,-0.6308139524561786,1.7147922433434503e-05,0.0008014777016588298,0.0008366557398964103,0.020102626274116193,62.508333
7022,0.19675490342076046,-238.27396604870538,-0.5815117452330065,-7.910169323168694,0.11124888421487009,0.058921593905146306,-0.6315492413174316,1.7577107065175906e-05,0.0008224607389953316,0.0008616048751008959,0.02420666688973271,62.516667
7023,0.1916325300063354,-238.34578813812763,-0.5024686486144314,-8.306760276148115,0.11222871116140574,0.04948068554349185,-0.6321858040364366,1.7958990509533616e-05,0.0008442647228524134,0.0008780173019920823,0.028996721232772048,62.525
7024,0.18720383554363634,-238.42105925087517,-0.41528054598396835,-8.671664901228096,0.11299125570464294,0.039966939358015145,-0.6327227928316166,1.8274127251273163e-05,0.0008670398359829711,0.0008850396571821448,0.034222385425154114,62.533333
7025,0.1835689630408124,-238.49954676684024,-0.32056960951668867,-8.986984171247771,0.11355464923353666,0.03038982185850219,-0.6331542569081069,1.8502880918450538e-05,0.0008909074386587416,0.0008826565257934494,0.03943442676518126,62.541667
7026,0.1807666943659549,-238.58065433583891,-0.21958404762361114,-9.236713144728185,0.11389755951968342,0.020771466050475508,-0.6334811795227813,1.862741433158283e-05,0.0009158628323261605,0.0008716999745383425,0.04401452822480339,62.55
7027,0.17886714090441627,-238.66381094492846,-0.11382541031501896,-9.40492778153878,0.11403142403914192,0.011122430269841325,-0.6336999594070509,1.8633976230288552e-05,0.0009416922910521382,0.0008536569853850913,0.047294637490816076,62.558333
7028,0.17789339132344897,-238.7481606538368,-0.00526621156677474,-9.48096575674125,0.11394599848623313,0.0014678217515930344,-0.6338112239494351,1.85150138126245e-05,0.0009678801685369456,0.0008302303988021217,0.04872569244416715,62.566667
7029,0.1778787553475542,-238.8329378242281,0.1039979161759851,-9.458445991376632,0.11365180539807765,-0.008185235585974086,-0.6338128917308007,1.827060333421902e-05,0.0009935954479336451,0.0008028957971738376,0.048050222217388486,62.575
7030,0.17880659844330613,-238.917170993026,0.21170634774306904,-9.339051835705577,0.11314107509210852,-0.017809585842949175,-0.633706894751118,1.7908761134574965e-05,0.0010177423095349986,0.0007726001082084558,0.04538678979746446,62.583333
7031,0.1806740587347699,-239.0000223275983,0.3157763299958634,-9.129302250899219,0.11242871175754975,-0.027391747025806046,-0.6334919017978147,1.744453474184073e-05,0.0010391104907488985,0.0007397546775880846,0.0411906222057112,62.591667
7032,0.1834400335296235,-239.08069560390283,0.4143553587957442,-8.842081760895942,0.11151871139507646,-0.03691329293033936,-0.63316940741781,1.689803312781634e-05,0.0010565464977724927,0.0007044680087313779,0.036105343545058316,62.6
7033,0.18703254074476602,-239.1586375959719,0.5060153090407873,-8.494305528481874,0.11040248975345968,-0.046364880792590435,-0.6327433134860662,1.62919270045808e-05,0.001069133719921515,0.0006668702740736356,0.03078062644523653,62.608333
7034,0.19142636365596227,-239.2332541849418,0.5896886603820161,-8.101898443441627,0.10911378723336818,-0.05573013291639173,-0.6322110774074688,1.564901255143186e-05,0.0010763129463243646,0.000627338391249014,0.02573010688324814,62.616667
7035,0.19652557995563327,-239.30416537160673,0.6647595947952688,-7.682942557284746,0.10764948817409575,-0.06498624087430953,-0.6315780940381652,1.4990170707143862e-05,0.0010778944837112384,0.0005865719861419857,0.021273045634352217,62.625
7036,0.20226254816166422,-239.371170460771,0.7309926031612247,-7.252303655882533,0.10602465800834164,-0.07412296002663968,-0.6308463135876308,1.4333116265348438e-05,0.0010740507405008087,0.0005454974947511268,0.017540512711696467,62.633333
7037,0.20854800989365102,-239.43411938167165,0.7884551319447808,-6.822897574560731,0.10425015016248818,-0.08311613431594465,-0.6300207354392969,1.3691820916261709e-05,0.001065221409466469,0.000505109166461565,0.014527427556341836,62.641667
7038,0.2153065674826821,-239.4931730671727,0.8374753880194216,-6.404165424903785,0.10232759123558315,-0.09196827850058502,-0.6291052475520788,1.3076530426119099e-05,0.0010520267161302351,0.0004663117691122053,0.01215051455732068,62.65
7039,0.22247161764816467,-239.54834088904585,0.8784738853364715,-6.00283212844745,0.1002795469656822,-0.10066154706014326,-0.6281033179977766,1.249413532140785e-05,0.0010351715791896607,0.0004298200078136926,0.01029623876275206,62.658333
7040,0.22997136805221427,-239.59982885540398,0.9119931497660209,-5.623399720058686,0.09811180072311734,-0.10918996643500554,-0.6270200463021814,1.1948728831027526e-05,0.0010153726299878762,0.0003961164103784424,0.008851230623227275,62.666667
7041,0.23774368649827296,-239.64780457468376,0.9385948081836575,-5.268377485058518,0.09583924017174132,-0.11754306714778537,-0.6258601921234442,1.1442222074290238e-05,0.0009933139204476556,0.0003654583110310614,0.007717097171498362,62.675
7042,0.24572913900366183,-239.69243184219968,0.9588435837721679,-4.9388589902420845,0.09347928607613956,-0.12570820586228848,-0.624629156163543,1.0974912988345588e-05,0.0009696158854978235,0.00033791326998180624,0.0068153684210202,62.683333
7043,0.25386720384984285,-239.73417598098666,0.9733292288773192,-4.634813018871941,0.09100925814571738,-0.1336975433244822,-0.6233336141399439,1.0545975035249908e-05,0.0009448229796652517,0.0003134059404572819,0.006086656562186836,62.691667
7044,0.26211481492794386,-239.77306620749417,0.9825355933229035,-4.35550338046962,0.08846476251824868,-0.14148931611618246,-0.6219785140127952,1.015384971742031e-05,0.0009194028526506235,0.0002917651653657068,0.005487424736847315,62.7
7045,0.2704304458203685,-239.80925621911587,0.9869290988353535,-4.099731709135309,0.08586606042488851,-0.14907429724740798,-0.6205694048559766,9.796539781410867e-06,0.0008937442579592579,0.00027276204618254435,0.004986443193166707,62.708333
7046,0.2787697565002473,-239.84303066213855,0.9869551898894928,-3.8660477695582673,0.0832104077909751,-0.15645255335851843,-0.6191131877604124,9.471827646218507e-06,0.0008681653420124665,0.0002561407981764509,0.004561433597728507,62.716667
7047,0.28709283631240895,-239.87467352805754,0.9830146501676235,-3.6528570648700547,0.08049076781475266,-0.16362501226194617,-0.6176168750405624,9.17742917420716e-06,0.00084292441339644,0.0002416405782098713,0.004196433012872728,62.725
7048,0.2953696284408216,-239.90430739350145,0.9754479688008428,-3.4585302706192964,0.0777241980180269,-0.17058411698491743,-0.6160864555814635,8.911095009844657e-06,0.0008182274649245021,0.00022900942264796842,0.0038798797755351844,62.733333
7049,0.30356742674414866,-239.9321792471933,0.9645752810856159,-3.2814818358878157,0.074902847637899,-0.17733058317705605,-0.6145290394780535,8.670673846553509e-06,0.0007942334536098553,0.00021801231866019945,0.003603266586759464,62.741667
7050,0.3116574675844131,-239.9583921362925,0.9506716507768344,-3.120213553042521,0.07204073900973675,-0.1838558463803436,-0.6129516068587296,8.454150918860219e-06,0.0007710634899939534,0.0002084357101369556,0.0033601795901736114,62.75
7051,0.3196164340490812,-239.98314207691644,0.9339887317862567,-2.973298621480115,0.06913340036256359,-0.19016130465912073,-0.6113605841405305,8.259666271496486e-06,0.0007488064604385194,0.0002000888743446198,0.003145669986473087,62.758333
7052,0.327420933090789,-240.0065372752083,0.9147482462610792,-2.8394395322628974,0.06618893900330233,-0.19624175052050402,-0.6097628328967464,8.085520093355805e-06,0.0007275234299449957,0.0001928037018691435,0.002955825850881159,62.766667
7053,0.335048695083751,-240.0287836805902,0.8931565818720565,-2.717446202791545,0.06319350293023192,-0.2020989146567528,-0.6081653743497482,7.930170220221546e-06,0.0007072532079051366,0.00018643342948765227,0.0027874849014299405,62.775
7054,0.3424772703588527,-240.05015869722808,0.8694049990104359,-2.606246199635139,0.060113702595904976,-0.20773751061585974,-0.6065756194567473,7.792224134700165e-06,0.0006880165801833569,0.0001808508524896637,0.002638039090948628,62.783333
7055,0.34969268912274026,-240.07053030121907,0.8436425981934184,-2.504861803656272,0.05699880539816876,-0.21314158035157085,-0.6049994343670221,7.67042800207925e-06,0.0006698202055302508,0.00017594629268723256,0.0025053019150674304,62.791667
7056,0.35667913833566023,-240.09001849158284,0.8160205956158167,-2.4124174883452185,0.05384539306319735,-0.21831039350771292,-0.6034432520199206,7.563653795332733e-06,0.0006526576390961149,0.00017162548502341963,0.0023874268681731196,62.8
7057,0.3634182321722717,-240.10857315883786,0.7866700711753177,-2.3281280123455996,0.05068496095063701,-0.2232325572003101,-0.6019142570293902,7.470886608658979e-06,0.0006365129952321187,0.00016780770831593134,0.0022828346511763148,62.808333
7058,0.36989688906255896,-240.12661061385617,0.7557340674611626,-2.251308677990178,0.04744410034346648,-0.2279234536438828,-0.6004185784081335,7.391212099228945e-06,0.0006213640930305106,0.00016442404607184207,0.002190165441947063,62.816667
7059,0.3761028474062904,-240.14382632645336,0.7233119438481291,-2.181305589497877,0.044209000454236445,-0.23236250374391865,-0.5989622223552122,7.323804305157e-06,0.0006071830351641216,0.00016141573334750873,0.0021082406440485544,62.825
7060,0.38202419864449755,-240.16054984283556,0.6895253279854973,-2.1175827923676067,0.040920906693159516,-0.23655996432732404,-0.5975511487302698,7.2679145782498405e-06,0.0005939379583839393,0.00015873284062440038,0.002036041113810648,62.833333
7061,0.3876500107625054,-240.17693064588286,0.6544806367960699,-2.0596555743602196,0.03755863234470783,-0.24051619987065925,-0.5961910930332422,7.2228615306642135e-06,0.0005815944339682759,0.0001563330079498639,0.0019726792859727695,62.841667
7062,0.3929683370001337,-240.19273603603753,0.6182616438203014,-2.0070502531499397,0.03419180265855482,-0.24421645097047176,-0.594888021716983,7.188022086760383e-06,0.0005701165306341045,0.00015418043450142165,0.0019173829800549589,62.85
7063,0.39797239735078194,-240.20830607626456,0.5809731067509649,-1.959410268835688,0.030751772074252334,-0.2476702901132288,-0.5936465855924065,7.1628235672137326e-06,0.0005594680898435097,0.00015224503362688122,0.0018694826295525472,62.858333
7064,0.4026527819444193,-240.22356159805648,0.5426969086822405,-1.9163723154580325,0.02726996211927831,-0.25087008191131693,-0.5924719941430331,7.146736721443312e-06,0.0005496124047893053,0.00015050161069337246,0.0018283961977125292,62.866667
7065,0.407001495104508,-240.2385599096942,0.503517306973673,-1.8776316187741833,0.023744167164514957,-0.25381376025724695,-0.5913690068863438,7.139269862110811e-06,0.0005405136107758634,0.00014892928345526995,0.0017936206893602062,62.875
7066,0.4110084770278894,-240.2531388289301,0.46350511038839437,-1.842884233614981,0.02022757673615773,-0.25649316343667017,-0.5903427944217093,7.139963780142024e-06,0.0005321369214416485,0.00014751092705942142,0.001764722746008828,62.883333
7067,0.4146707316492497,-240.26763267390223,0.4227520511891091,-1.811940941942696,0.016646614791780385,-0.25891519233982185,-0.5893965779232241,7.148387489767153e-06,0.0005244494712979773,0.0001462327278246649,0.0017413322296088115,62.891667
7068,0.41798790444756717,-240.28210579558683,0.3813385387298987,-1.7845970690810218,0.012994812792056241,-0.2610802789683474,-0.5885326970103779,7.164134685880618e-06,0.0005174192448543168,0.0001450837845523177,0.0017231339269876424,62.9
7069,0.4209465909424706,-240.29636608461823,0.3393236796259412,-1.7606331451284631,0.009332250524403746,-0.2629780792315542,-0.5877567112503542,7.18682096940718e-06,0.0005110150968564442,0.00014405582893713844,0.0017098635169793192,62.908333
7070,0.4235443891363264,-240.3105496574678,0.29678521169018385,-1.739912440918401,0.005633951363533456,-0.26460962566698,-0.5870711347634239,7.216081660987202e-06,0.0005052094694229668,0.00014314295932968738,0.0017013038966544832,62.916667
7071,0.42576950178422995,-240.3245754424791,0.253783102647663,-1.7222818235716273,0.0019316433960993968,-0.26596822543112475,-0.5864807622512513,7.251570029981751e-06,0.000499976309622003,0.00014234142348670695,0.0016972803347474912,62.925
7072,0.42762496882261203,-240.33856683601587,0.21039606766613878,-1.7076466514515551,-0.001797009519517501,-0.2670569311374347,-0.5859862446885953,7.2929561413287415e-06,0.0004952928951272016,0.0001416494307242816,0.001697658660133934,62.933333
7073,0.42911464457732584,-240.3525765480528,0.16669968373703756,-1.6959187477870048,-0.005556197328075589,-0.26787799410733715,-0.5855877574030053,7.339926052242002e-06,0.0004911372123741807,0.00014106704274028287,0.0017023416814861679,62.941667
7074,0.4302279803878852,-240.36654864962284,0.12275066834805025,-1.6870101333380743,-0.009320971261154077,-0.2684256148071104,-0.5852890922323545,7.392181519368037e-06,0.0004874881944115659,0.00014059609231083792,0.0017112672677739946,62.95
7075,0.43096539639831494,-240.3805974451391,0.07862217813195341,-1.6808876575457885,-0.013112016722424789,-0.2686991973370408,-0.5850908724667485,7.449440065409505e-06,0.000484328327399472,0.00014024007977606068,0.0017244082654594265,62.958333
7076,0.4313244212331777,-240.3946698000596,0.03437659161755071,-1.6774962111205203,-0.016905012934378242,-0.268697711840876,-0.584994250283852,7.511435328626066e-06,0.00048164165645832503,0.00014000417494477803,0.001741770053460484,62.966667
7077,0.43129727300393006,-240.40873936771857,-0.00992903871854975,-1.6768054635703367,-0.020682455559837307,-0.26841744446021354,-0.5850015591581476,7.577917774800424e-06,0.00047941438197269854,0.0001398951656779364,0.0017633912918521464,62.975
7078,0.4308968375057788,-240.42299854117437,-0.054206460241898645,-1.6788549056599775,-0.02448630692750331,-0.26786194814408065,-0.5851093147314526,7.64865566332621e-06,0.00047763569355572345,0.00013992145011418317,0.0017893444830561864,62.983333
7079,0.43011847757776184,-240.4373533043644,-0.09839984668394804,-1.6836294336469213,-0.028280773104729557,-0.26702989409900907,-0.5853184997982473,7.723436332917123e-06,0.00047629441793014285,0.00014009321176971392,0.0018197321218226359,62.991667
7080,0.4289618883784908,-240.45181424889248,-0.1424443640100413,-1.6911579590356727,-0.032058138581754075,-0.26592073686648565,-0.585628679395962,7.802067806911838e-06,0.0004753821685794242,0.00014042235725990717,0.0018546914442472604,63.0
7081,0.4274292994289301,-240.46645686201202,-0.18626929822460211,-1.7015057043707962,-0.03582783547149846,-0.26453311263608603,-0.5860384895213719,7.884380569424139e-06,0.0004748925630453111,0.00014092264992781114,0.0018943942465715175,63.008333
7082,0.4255227195530042,-240.48130721956315,-0.22980649795411204,-1.7147424084795362,-0.03958569453240646,-0.2628665570412413,-0.5865463823549429,7.970229660736746e-06,0.00047482085523641645,0.0001416098827629242,0.0019390471461218375,63.016667
7083,0.4232457820360708,-240.49636717138716,-0.27298708786510756,-1.7309491294401358,-0.043320957387157875,-0.2609224395760976,-0.5871501408095869,8.059497051078748e-06,0.00047516405609990514,0.00014250202466553112,0.001988893536664129,63.025
7084,0.4206004764128996,-240.51168189762228,-0.31574176596034353,-1.7502408347424585,-0.04703368285712174,-0.2586993691943922,-0.5878477538711187,8.152094262399541e-06,0.00047592075726743437,0.00014361941484536083,0.002044215302525392,63.033333
7085,0.4175920427157875,-240.52728623723613,-0.35799720484588116,-1.7727507748658669,-0.05072094119588648,-0.2561979793802565,-0.5886361305268962,8.247965278295216e-06,0.00047709147763743754,0.00014498502739009842,0.0021053347965395023,63.041667
7086,0.41421663635986333,-240.54315636292205,-0.3996942937457074,-1.798615545248527,-0.05436321859168785,-0.25341666366048426,-0.5895143320730561,8.347089760605434e-06,0.0004786782275141915,0.00014662477836016664,0.00217261624619404,63.05
7087,0.41049434329979695,-240.55940249858855,-0.4407345604896352,-1.828042777147838,-0.05797744468152221,-0.2503605515614895,-0.5904749976129623,8.449486544235665e-06,0.00048068602578697783,0.0001485677500914898,0.00224647196862295,63.058333
7088,0.40641977018896314,-240.57604307554953,-0.4810571398543764,-1.8612351529642697,-0.06155313641596704,-0.24702454263771614,-0.5915172012781915,8.555217495814355e-06,0.0004831191778760814,0.00015084689455046135,0.002327354687203522,63.066667
7089,0.4020015679801454,-240.59305868110292,-0.5205835660126948,-1.8984106851843094,-0.06507170798015818,-0.24341429457926364,-0.5926362009622974,8.664391770170201e-06,0.00048598561581222834,0.0001534992505615868,0.0024157696533251677,63.075
7090,0.3972500680342025,-240.61052602837347,-0.5592254778734836,-1.9398561853169,-0.06853794587394958,-0.23953059993970174,-0.5938267039666592,8.777170359642465e-06,0.0004892946345438297,0.00015656653590720928,0.002512272616213268,63.083333
7091,0.3921739076359048,-240.62848387826094,-0.5968972219357868,-1.9858796567932493,-0.0719460435995174,-0.23537549387034817,-0.5950837389575235,8.89377108317516e-06,0.0004930568122956128,0.0001600959295010535,0.0026174683379801954,63.091667
7092,0.38678282496830313,-240.6469299354385,-0.6335123757460682,-2.036810558886274,-0.07527998708601608,-0.23095481769038292,-0.5964019688146002,9.014474044785961e-06,0.0004972844775121654,0.00016414076021674674,0.0027320122396350915,63.1
7093,0.3810943608704369,-240.6657754548915,-0.6689783243112714,-2.0929800282227733,-0.07850556228346538,-0.22628630410017364,-0.5977741194993648,9.139627486217771e-06,0.0005019916922510905,0.00016876129148110647,0.0028566103236116777,63.108333
7094,0.3751076352978772,-240.68539017535667,-0.7031888437150091,-2.1549740481753354,-0.08168817463040597,-0.2213416405136478,-0.5991973239061398,9.269653967376253e-06,0.0005071931758901696,0.000174025595353829,0.002992015148859776,63.116667
7095,0.36882725714666087,-240.70571922892157,-0.7360578049576877,-2.2232463011441435,-0.08479452817876429,-0.21612785478345017,-0.6006672548538373,9.405057313460615e-06,0.0005129074617328407,0.0001800112911925513,0.0031390188966543544,63.125
7096,0.36227327671645193,-240.7267708366274,-0.767466909043456,-2.298338307455585,-0.08780868082483852,-0.21065674107389953,-0.6021759590750246,9.546430055051452e-06,0.000519156024517635,0.00018680596662309828,0.0032984582722116,63.133333
7097,0.3554597279921709,-240.74859069810353,-0.7972985592212736,-2.380872515069781,-0.09072093460567546,-0.2049341831089356,-0.6037169910593424,9.694460836164212e-06,0.0005259607969838541,0.0001945088360988991,0.003471193017599929,63.141667
7098,0.34840344292279235,-240.7712983214666,-0.8254165818488822,-2.4715840366375166,-0.09353593422017428,-0.19896123248022243,-0.6052833796293354,9.849942072196164e-06,0.0005333453891056524,0.00020323211164172524,0.003658098130450976,63.15
7099,0.3411184215416781,-240.79492631853432,-0.8516897743496391,-2.571241239535938,-0.09623807179564398,-0.1927455699915042,-0.6068689244488522,1.001377767516879e-05,0.0005413346735182774,0.00021310274270633077,0.0038600442998891907,63.158333
7100,0.333619967595403,-240.81956426797035,-0.8759697395618797,-2.6807329651495295,-0.09882193527472895,-0.1862909061304036,-0.6084672843117126,1.0186990354121809e-05,0.000549955309275611,0.00022426345780410673,0.004077894235979487,63.166667
7101,0.32593034857408526,-240.84531225019842,-0.8980837060447994,-2.801048584581931,-0.10128392806035003,-0.17960407521463168,-0.6100708604407875,1.0370727873242809e-05,0.0005592354090970584,0.00023687415671428116,0.00431249360810771,63.175
7102,0.31806967241163375,-240.87225816530977,-0.91785101561225,-2.9332699258260697,-0.10361561558548478,-0.17269243217290547,-0.6116728216563554,1.0566267512695538e-05,0.0005692030933987351,0.0002511129924381793,0.004564669142721703,63.183333
7103,0.31005672214152424,-240.90051564111505,-0.9350753165056744,-3.0786037903591645,-0.10581055816880375,-0.16556065441663023,-0.6132669142919284,1.077501746696581e-05,0.0005798865632618008,0.00026717635657215585,0.004835270068435673,63.191667
7104,0.3019154588887834,-240.93019581803696,-0.9495336926282786,-3.2383618471183273,-0.10786111020367305,-0.15821705515978146,-0.6148462060045568,1.0998513504504994e-05,0.0005913137964642498,0.00028527782671846535,0.005125263309612003,63.2
7105,0.29367290987789985,-240.96142250268682,-0.9609757552266006,-3.4139648663835307,-0.10976049645038731,-0.15067087074367458,-0.6164036297786601,1.1238408367758967e-05,0.0006035107821644351,0.00030564536019393425,0.005435917623922552,63.208333
7106,0.28535735694182635,-240.99435751565093,-0.9691200124374726,-3.606953456471418,-0.1115056263889261,-0.1429284542825487,-0.6179324112846118,1.1496450463691196e-05,0.0006164998720629068,0.00032851571802742634,0.005769149971864116,63.216667
7107,0.27699853516649403,-241.0291199155284,-0.9736637024048358,-3.8189049554655403,-0.11308501304359701,-0.13500228998982744,-0.6194260845318287,1.1774447413034846e-05,0.000630298148356623,0.0003541249623621323,0.0061281295757912285,63.225
7108,0.26863106530010733,-241.0658786990613,-0.9742578332318383,-4.051457890329447,-0.11449395144545552,-0.12690236544016328,-0.6208779569320343,1.2074208259267775e-05,0.0006449154530366353,0.0003826926290205429,0.0065182969058181234,63.233333
7109,0.26029385495580487,-241.10482019280514,-0.9705101893626145,-4.306219682412694,-0.11572902970341956,-0.11863908679245377,-0.6222813442848482,1.2397456343490704e-05,0.0006603514386753334,0.0004143991558731889,0.006948941739971348,63.241667
7110,0.2520248543506774,-241.1461455392576,-0.96199645948686,-4.584696894652972,-0.11678537886776948,-0.1102209389665222,-0.6236305256897307,1.2745703135884971e-05,0.0006765926555650719,0.00044935331488732487,0.007435590303660953,63.25
7111,0.24387055300074603,-241.19003319191134,-0.9482454601583877,-4.888081139241643,-0.11765687304882178,-0.10166279014929773,-0.6249192347811302,1.3120071814624439e-05,0.0006936110179426791,0.00048754772467372805,0.008003447137608161,63.258333
7112,0.23587583487188202,-241.236842934231,-0.9287204795335284,-5.2173161954081815,-0.11835216269014336,-0.09295694722035892,-0.6261423833490569,1.3521057542077917e-05,0.0007113611077277144,0.0005288017996686206,0.008691952272483724,63.266667
7113,0.22809948439588837,-241.28662970163893,-0.9028957208918253,-5.572255730140722,-0.11885382283061025,-0.08413596127869515,-0.627293728244002,1.3948214289154129e-05,0.0007297813736606126,0.0005726959664391104,0.009560244421497114,63.275
7114,0.220598321398284,-241.3395863916143,-0.8702131981075586,-5.951882281192285,-0.11915819194915062,-0.07521308579372829,-0.6283683869298285,1.4399759253262751e-05,0.0007487950472046549,0.0006184951510873562,0.010692734750012343,63.283333
7115,0.213438869222236,-241.39547098151604,-0.8302204064588449,-6.353244967294747,-0.11923761756335559,-0.0662532389034747,-0.6293611138040021,1.487209958412508e-05,0.0007683189006475772,0.0006650864396677803,0.0122025306154753,63.291667
7116,0.206691805129316,-241.45524272802064,-0.7821640578540109,-6.772639286033923,-0.11915121808166777,-0.05717376533550313,-0.6302671342081988,1.5359305599304783e-05,0.0007882751211197194,0.0007109407041537823,0.014229219681635548,63.3
7117,0.20042332964945334,-241.51855748306056,-0.725740637218308,-7.202912527728455,-0.11886463867655503,-0.04803886820817856,-0.6310831779484931,1.5852590289779408e-05,0.0008086088173815529,0.0007541580882956814,0.01692340975690545,63.308333
7118,0.19471753842993372,-241.5854257731337,-0.6606351014431201,-7.63424949364797,-0.11838573045311666,-0.03886535576581502,-0.6318044124745242,1.6339898727696888e-05,0.0008293118844830206,0.0007925793063982405,0.02041577839826732,63.316667
7119,0.1896410968793993,-241.6557413915265,-0.5868145158556367,-8.05438738800002,-0.11771217029500702,-0.029667573899553146,-0.6324288044510259,1.680574308631085e-05,0.0008504369785030052,0.0008240345522605283,0.0247624380369721,63.325
7120,0.1852701914454612,-241.72932738038423,-0.5044948198951822,-8.448215749525202,-0.11685075169528826,-0.020456261482812436,-0.632953359948735,1.723147751820624e-05,0.0008721063553694118,0.0008467028212832236,0.02987670309383438,63.333333
7121,0.18168654361184292,-241.8056753734099,-0.414304018281849,-8.79818955474676,-0.11581225078824536,-0.011264355604880179,-0.6333744149680878,1.7596185613189676e-05,0.0008944858078253382,0.0008594972129496358,0.03546469582659258,63.341667
7122,0.17894336920175344,-241.8844180384426,-0.3172489589238786,-9.087215597951221,-0.11460185998616913,-0.002087851428122388,-0.6336912238938809,1.7878253107324983e-05,0.000917721716143756,0.0008623579658756532,0.041002630286681,63.35
7123,0.1770923997120286,-241.96484360558458,-0.21479739008776957,-9.299106552870423,-0.11322828789112549,0.007052950813056644,-0.6339022979782241,1.8057577382478366e-05,0.000941850390440136,0.0008563211388674532,0.045794508779309614,63.358333
7124,0.1761728264974854,-242.04616486198617,-0.10877112215244324,-9.421055894850738,-0.11170420077002659,0.0161439770872565,-0.6340063534461905,1.8118107694818587e-05,0.0009666839088540768,0.0008432409379768334,0.04911958376994765,63.366667
7125,0.1761872876026879,-242.12704001695434,-0.0014454247913667478,-9.44652494550365,-0.11004379769952533,0.025117498307097013,-0.6340047212305749,1.8050184116558362e-05,0.0009917218116142815,0.000825256968596908,0.05043145845149262,63.375
7126,0.1771657535443115,-242.20747158302248,0.10533815561295294,-9.373233471202582,-0.10826167722708094,0.03406392638101507,-0.6338939744464276,1.785213367728154e-05,0.001016137219147708,0.0008042054623787056,0.049531240622922086,63.383333
7127,0.17907068083229158,-242.28618330817054,0.20927552926503326,-9.207728107969395,-0.10636761278830115,0.04292291985797057,-0.6336766261876671,1.7530608790787008e-05,0.001038829854155827,0.0007812202975104736,0.0466148765559238,63.391667
7128,0.18186223568838353,-242.36239204686464,0.30846627481961114,-8.961468358612136,-0.10437580013406654,0.05168136989784474,-0.6333539618790236,1.7099664350828036e-05,0.0010585945595292569,0.0007566944739013268,0.04220428244112928,63.4
7129,0.1854915042952714,-242.43534070211533,0.40133239356667405,-8.649510976433815,-0.1023109026020996,0.06031823838744553,-0.632927090589887,1.65788067531134e-05,0.001074302930354134,0.0007305101230520741,0.03697221715781035,63.408333
7130,0.18986808849645204,-242.50450635581402,0.48674557503099886,-8.28998840328458,-0.1001800045835967,0.06881249866496829,-0.6324012329092301,1.5990484408014234e-05,0.0010850694208384738,0.0007024087110474157,0.03156157972538081,63.416667
7131,0.19495807283256547,-242.5699038553932,0.5640924372851512,-7.897858498417205,-0.09799615021987391,0.07720327417841583,-0.6317744230927811,1.5357650054085422e-05,0.0010903698562183118,0.000672290369569989,0.026460260916378618,63.425
7132,0.2006673481637641,-242.6312221195011,0.6329980546547836,-7.489197783718864,-0.09577066124421954,0.0854635857582948,-0.6310518747537159,1.4701707839834103e-05,0.0010900425005200209,0.0006403750734335173,0.02196097255240155,63.433333
7133,0.20689417286073775,-242.6881343623243,0.6933999323163335,-7.077723261819587,-0.09353078316986514,0.09354984154325997,-0.6302403766999245,1.4041203769598068e-05,0.0010842775959254893,0.0006071812997717798,0.01817983706503896,63.441667
7134,0.21360831594233173,-242.74120761236293,0.7456031460159113,-6.671656102268141,-0.09126328623978118,0.10152447223485567,-0.6293379909064364,1.339120011622058e-05,0.0010735424254556074,0.0005734068904643325,0.015107833393295318,63.45
7135,0.22068950031474496,-242.7901438402749,0.7899288695278845,-6.280003981034891,-0.08899916938985133,0.10932054039147122,-0.628355536278971,1.2763122822311877e-05,0.001058456713759076,0.000539809016130176,0.01266643479250935,63.458333
7136,0.22811380966523032,-242.83565611078708,0.8269175377709873,-5.906251580487512,-0.08670860880567326,0.11700139118047859,-0.6272916421385012,1.2165086050470658e-05,0.0010397522679236476,0.000507076693198008,0.010748274362798661,63.466667
7137,0.23579629247506356,-242.877786829461,0.8570686773472143,-5.554141516280663,-0.08440508292055675,0.12453522461051844,-0.6261543519647386,1.1602321661211384e-05,0.001018158610410794,0.0004757743399787734,0.009245729337910924,63.475
7138,0.243680538156348,-242.91665363546645,0.8808919676699999,-5.225227820052058,-0.08210861436723893,0.13190801095298357,-0.6249487697156622,1.1077760657376829e-05,0.0009943867436960443,0.0004463068447017765,0.008063652350782276,63.483333
7139,0.2517126704286577,-242.95261302005275,0.8989314466503208,-4.919896964529536,-0.07980844002061696,0.1391244073302843,-0.6236806272945095,1.059256406800476e-05,0.0009690857939621888,0.0004189239883529882,0.007124643988157752,63.491667
7140,0.25983109117891706,-242.98618437022097,0.9117412778465572,-4.637868446852064,-0.07746186273407062,0.14619413233146056,-0.6223579742958384,1.0146602179716567e-05,0.0009428276808357352,0.0003937425523065067,0.006368724370206886,63.5
7141,0.26800685069874525,-243.01734595345113,0.9197212725976995,-4.378136867128396,-0.07510794272422813,0.1530997337692132,-0.6209845256812203,9.738856550973896e-06,0.0009161063157517679,0.00037077489612405765,0.005750819138587984,63.508333
7142,0.27621594308057484,-243.04615313331692,0.9232511966906755,-4.139412964095296,-0.0727770816366435,0.15983370090695628,-0.6195637151406133,9.36772620719375e-06,0.0008893268643824289,0.00034995674904901466,0.005237898924671688,63.516667
7143,0.2843950421771829,-243.07332791120746,0.9228088769967415,-3.92052608106992,-0.07037883707694248,0.16641393262331342,-0.6181065725233316,9.031266704895862e-06,0.0008628127134933788,0.0003311732147389557,0.0048059505117517606,63.525
7144,0.29253993518469873,-243.0984875905559,0.9186365605434487,-3.719929044216508,-0.06801156838508145,0.17281082176352752,-0.6166144331129589,8.72737390023178e-06,0.0008368303029187528,0.0003142803400920717,0.004437387710268272,63.533333
7145,0.3006079515123187,-243.12207092695758,0.9110878465269808,-3.5362871629044297,-0.06562769903815463,0.17903175243794536,-0.615096048933787,8.453895380028254e-06,0.0008115756500141033,0.00029911866201801535,0.004119470110961358,63.541667
7146,0.30857395755054196,-243.14434847167712,0.9004487106701371,-3.368196976939786,-0.0632048945224849,0.18508038645319935,-0.6135575804557678,8.208720122366931e-06,0.0007871996850262823,0.0002855258072560447,0.003842744486614709,63.55
7147,0.31641245123099454,-243.16544688442153,0.886964829286884,-3.2143820086085486,-0.06074227994500998,0.1909499165559537,-0.6120057332005611,7.989827922544149e-06,0.0007638101346394263,0.0002733434798482829,0.003600129528862299,63.558333
7148,0.3241033301501278,-243.18549028730624,0.8708560361140723,-3.0736225651212696,-0.05823799839382587,0.1966363200005339,-0.6104465626700902,7.795319864463237e-06,0.000741479953702967,0.00026242197153000357,0.0033862299401935334,63.566667
7149,0.33162730270185,-243.20459701490546,0.8523220182855048,-2.9448015211670655,-0.055688896199227754,0.20213546961253628,-0.6088862877751733,7.62343249982819e-06,0.0007202527372643849,0.0002526228103626613,0.003196858874048994,63.575
7150,0.3389640884067706,-243.22293236405267,0.831549437434222,-2.8269086814556763,-0.05307948656520134,0.20744484597065616,-0.6073316364739988,7.472541855115172e-06,0.0007001488810195741,0.00024381999913515297,0.003028702549348044,63.583333
7151,0.34608778065961976,-243.24078612808543,0.8087198563446929,-2.7190614600321394,-0.05036375998274584,0.21256397021264628,-0.605790857411894,7.341160515857907e-06,0.0006811712066872203,0.0002359003007543708,0.002879086307691183,63.591667
7152,0.35300245354755716,-243.25768357395341,0.7839378257220061,-2.6203251244214067,-0.04766056429087346,0.21747120398548367,-0.6042658841309674,7.227930629384866e-06,0.0006633107386626434,0.00022876289309782153,0.0027458089243521193,63.6
7153,0.35967562090993616,-243.27428921439022,0.7573856649877979,-2.530034556169511,-0.04483963850186536,0.22218040539201192,-0.6027667765851593,7.131612484623426e-06,0.0006465422493248622,0.0002223185364492763,0.0026270620586268233,63.608333
7154,0.36610365576340903,-243.2903850796545,0.7291708237632792,-2.447454807173076,-0.041962217027712044,0.22667857221351256,-0.6012973556547231,7.051075512280103e-06,0.0006308377763135014,0.00021648888937828345,0.002521303715921985,63.616667
7155,0.37228059926264706,-243.30574511907668,0.6993956848185999,-2.3719289002538395,-0.03909477374993465,0.23095407256342548,-0.599861923868993,6.985285850209752e-06,0.0006161610494147256,0.0002112054211624274,0.0024272325678863192,63.625
7156,0.37818077583293813,-243.32105524534506,0.6682067350502778,-2.303008712324477,-0.036090988511950584,0.23501976019548607,-0.5984694357625012,6.93329573507831e-06,0.0006024708768093761,0.00020640851311280357,0.002343739229688833,63.633333
7157,0.38380783417571146,-243.33572756636445,0.6356754024390021,-2.240088844625846,-0.03310069081571723,0.2388559808483378,-0.5971219953715495,6.894234075615038e-06,0.0005897274909164346,0.0002020464646213027,0.0022698561958406686,63.641667
7158,0.38913423787854623,-243.35037406327461,0.601925653628423,-2.182857857567877,-0.029988836507796494,0.24246820583777373,-0.5958291294647482,6.867296402540861e-06,0.000577886790146803,0.00019807472595662716,0.002204757537815078,63.65
7159,0.394160443883518,-243.36476232078397,0.5670401143709272,-2.130849435611533,-0.026821617160066237,0.24584859506805629,-0.5945936274734046,6.851737520650108e-06,0.0005669087095863267,0.00019445499845318224,0.002147718167543556,63.658333
7160,0.39888568487284465,-243.37863793861516,0.5310972292500478,-2.083640334140918,-0.0236735119422464,0.24899130870842587,-0.5934184069406557,6.8468636470386175e-06,0.0005567514237164744,0.00019115461751625248,0.002098113772905344,63.666667
7161,0.4032844757204504,-243.3925704996263,0.4941991765893693,-2.041063102222939,-0.020412884997071452,0.25189633867538996,-0.592312469363958,6.85202624549885e-06,0.0005473728781241354,0.0001881459437028998,0.00205540650683926,63.675
7162,0.40736573876530574,-243.40608615392955,0.4564139872015363,-2.0026957421987075,-0.01716911273461,0.25455901343083265,-0.5912761139476441,6.8666172076947964e-06,0.0005387363756293993,0.00018540572909453424,0.002019125097157063,63.683333
7163,0.41110704666416764,-243.41976591495984,0.4178364034153173,-1.9684443388521533,-0.01380386962630813,0.25697723044331333,-0.5903174306193442,6.890063815075582e-06,0.0005308036804067365,0.00018291474864515556,0.0019888688386111406,63.691667
7164,0.4145116817617165,-243.43329080256703,0.37853462504488633,-1.9379953965385663,-0.010407716946439775,0.2591471197658751,-0.5894378359259049,6.921825599234154e-06,0.0005235418232142774,0.00018065731086138763,0.0019642898690579494,63.7
7165,0.41757063268464667,-243.4467984574721,0.3385861461327858,-1.9111925877884248,-0.00695438548586432,0.2610652643472422,-0.5886417220600478,6.961391032725101e-06,0.0005169180257507002,0.0001786209793876579,0.001945095893682587,63.708333
7166,0.42028370614713245,-243.46020583382065,0.29806370818819733,-1.887831365088509,-0.0034747721136327552,0.2627309632624088,-0.5879310160026984,7.008275419765105e-06,0.000510902466917957,0.00017679625200684338,0.0019310413695517758,63.716667
7167,0.4226409883952163,-243.47356487349987,0.2570351942925834,-1.86779545339859,3.5452830522487024e-05,0.26413912586590654,-0.5873099978766679,7.062019086657333e-06,0.0005054667443241775,0.00017517631702305812,0.0019219252075417445,63.725
7168,0.42464222741771646,-243.48694817490284,0.21557766006299714,-1.8509614296654189,0.003586277805159384,0.2652897070507336,-0.5867802166232603,7.122186325127873e-06,0.0005005858037697665,0.0001737568551692956,0.0019175867191905012,63.733333
7169,0.4262813124881773,-243.5002876605943,0.17375351758723143,-1.837218626758041,0.007150499954238424,0.26617934579268704,-0.5863445564681075,7.188364585532279e-06,0.0004962361564639019,0.00017253587284577661,0.0019179024897637426,63.741667
7170,0.42755640638956494,-243.51360642582358,0.13163289717988635,-1.826482070499757,0.010724961563160806,0.26680732898963755,-0.5860045537987602,7.260164267218893e-06,0.0004923970487491135,0.00017151357063431043,0.001922785702009278,63.75
7171,0.42847233719456423,-243.52675640770155,0.08928333286145863,-1.8186223550328133,0.014261047219163188,0.2671790966399536,-0.5857597336168399,7.337218795901488e-06,0.0004890496876298595,0.00017069224509041298,0.0019321835714413219,63.758333
7172,0.4290149973974704,-243.540258096799,0.046783798866613595,-1.8137626815883001,0.017888230771353864,0.2672793214975244,-0.5856144535235566,7.419185027037706e-06,0.00048617624622935776,0.0001700761776506947,0.0019460769275344188,63.766667
7173,0.42918642977734167,-243.55380067479865,0.004189611691971679,-1.811779760615336,0.021514190462002734,0.26711263210571823,-0.5855685220828728,7.505744180951527e-06,0.000483763079173129,0.00016967179588090343,0.0019644755708561057,63.775
7174,0.42898819722771564,-243.56745030507287,-0.03842610329597827,-1.812668336038158,0.025147163662970238,0.2666785263567842,-0.5856216324691923,7.596602821487057e-06,0.0004817978421632793,0.0001694874529724001,0.001987423304043026,63.783333
7175,0.428422400364806,-243.5812208344393,-0.08099301009423494,-1.8164267646720502,0.028781316823362258,0.2659775006933159,-0.585773093956056,7.69149422961842e-06,0.00048026969366269046,0.00016953353904725904,0.0020149944614609137,63.791667
7176,0.4274853785437275,-243.59510572590466,-0.12345009680295507,-1.8230833727662294,0.03240485770105855,0.26500730892745655,-0.5860235183748189,7.790180022608108e-06,0.00047916931786360186,0.00016982252314851117,0.0020472943600405233,63.8
7177,0.4261812313697514,-243.60914793498264,-0.16572335034902924,-1.8326768953272432,0.036019392663962105,0.26376870305073163,-0.586371202668629,7.892452071963307e-06,0.0004784899114613893,0.0001703690297150281,0.0020844611092303133,63.808333
7178,0.42451359619661877,-243.623143164718,-0.2077555508363693,-1.845188823471014,0.03956134257968185,0.2622715079717506,-0.5868143394256118,7.998134575555012e-06,0.00047822590383067364,0.0001711899677541744,0.002126664200468322,63.816667
7179,0.42247461090282845,-243.63764453308377,-0.24945691099025397,-1.8608959267924865,0.04316465444893156,0.26048930591764424,-0.587353936553462,8.107086391389424e-06,0.00047837318495347596,0.0001723045054947293,0.0021741088118931145,63.825
7180,0.4200739068640615,-243.65233501407644,-0.29076761033057436,-1.8797674328103144,0.04673551438380399,0.2584388068474685,-0.5879861286514659,8.219203699566089e-06,0.00047893090673857894,0.00017373480989727122,0.0022270293229825055,63.833333
7181,0.4173217067722859,-243.6670303837804,-0.33162130440867854,-1.9018293170759197,0.05021665386255705,0.2561351336179067,-0.5887067127843756,8.334422775084415e-06,0.00047989869649024106,0.00017550564061408213,0.0022856978561513934,63.841667
7182,0.41421331771104686,-243.68201542274758,-0.3719402262142583,-1.927333483266595,0.05366987300645008,0.2535624096113442,-0.5895151922042048,8.452722965943793e-06,0.0004812768150025172,0.00017764462673497712,0.002350424292882411,63.85
7183,0.4107499158787904,-243.69761497365886,-0.4116308247755866,-1.9565663293978852,0.05716439865947307,0.25070221968817785,-0.5904092997618868,8.574130026130602e-06,0.0004830686342128426,0.00018018302580323384,0.002421554500027054,63.858333
7184,0.40694126266881475,-243.71349481100006,-0.45063534449307246,-1.9895732932172976,0.060603038738448044,0.24757690252529438,-0.5913843603847223,8.69871974647571e-06,0.0004852796127180914,0.0001831562445868815,0.0024994674187157487,63.866667
7185,0.4027986797306821,-243.72950238288638,-0.4888824860778927,-2.026483757913488,0.0639371520672203,0.24420303358393797,-0.5924351708414476,8.82662175250519e-06,0.00048791608258794887,0.00018660346458555083,0.0025845861629125353,63.875
7186,0.3983186650012507,-243.7461793504998,-0.5262637610328053,-2.0677780572673585,0.06728499326322565,0.2405444095074572,-0.5935601312523243,8.958023402703772e-06,0.0004909852075316433,0.00019056821086572837,0.0026773760921712823,63.883333
7187,0.39351500249516635,-243.76330329992896,-0.5627046714028142,-2.1136204699499515,0.07057820004165631,0.23662195470497016,-0.5947531260165675,9.093174198063325e-06,0.0004944974392318117,0.00019509996208528536,0.0027783338458894436,63.891667
7188,0.38839720867277333,-243.78063079182047,-0.5981415096658868,-2.1641995835483945,0.07374606598187357,0.23245915796403072,-0.5960090354238358,9.23239039786665e-06,0.0004984638135146656,0.00020025361703069513,0.0028879978803966243,63.9
7189,0.3829717168978428,-243.7985063083477,-0.6324590750437409,-2.2200142808676016,0.07685548685740674,0.22803616930330156,-0.597323406795169,9.376059573287533e-06,0.0005028968903545287,0.00020608990893291197,0.0030069536592777575,63.908333
7190,0.37724180949885666,-243.81721196632887,-0.665545264362324,-2.281602741140647,0.07995244560120138,0.22333268476252482,-0.5986924344228426,9.524645491085662e-06,0.0005078113170126718,0.0002126772826725242,0.003135814910140447,63.916667
7191,0.3712230240870644,-243.83657590237334,-0.6973096854467691,-2.3493096647924814,0.08298028137598959,0.21837031947458174,-0.6001093143347558,9.67869345971508e-06,0.000513224423101953,0.00022009271157594386,0.0032752221249007433,63.925
7192,0.3649359340655188,-243.85630503375182,-0.7276679716671555,-2.423443148315651,0.08586086743671871,0.2131867794613888,-0.6015661403219894,9.838835455490196e-06,0.0005191543128498375,0.00022842145399740244,0.0034258496511939047,63.933333
7193,0.358379114555232,-243.87707302112204,-0.7564586825542606,-2.5049310723211247,0.08871833570872635,0.2077258819225652,-0.6030601359438097,1.0005794519999918e-05,0.0005256192442189281,0.0002377572863309581,0.0035884096865019745,63.941667
7194,0.35157245165448087,-243.8986006189074,-0.7835847506954419,-2.594217424881759,0.09147398633957603,0.20202389816439195,-0.6045836311624807,1.0180389403664915e-05,0.0005326413453751604,0.00024820610087322785,0.003763617493620663,63.95
7195,0.3445303501024923,-243.9210034176661,-0.8089074673747731,-2.69204073051399,0.09413161802243401,0.19608100386506,-0.6061303416656758,1.0363538532188221e-05,0.0005402430113329762,0.00025988369019084266,0.003952227158281328,63.958333
7196,0.3372667001892061,-243.94436102560226,-0.8322849935064446,-2.799200954324166,0.09668534009353849,0.18990048182539568,-0.6076942197268947,1.055626208193727e-05,0.000548447860610397,0.0002729173341357685,0.004155025912537357,63.966667
7197,0.32979973084997033,-243.96875685841957,-0.8535576539335334,-2.916575515169875,0.09912926504561557,0.18348802668895267,-0.6092684511357127,1.0759682389244906e-05,0.0005572807502743085,0.00028744562961141676,0.004372863192765164,63.975
7198,0.3221485690649551,-243.99426298163905,-0.8725550809865592,-3.0451209298102375,0.10145393930320881,0.17685145355105478,-0.6108462771047557,1.0975021288058878e-05,0.0005667668188153596,0.00030361790114178983,0.004606697281110898,63.983333
7199,0.3143303710981176,-244.02105809746158,-0.8890815741427017,-3.1859679621285713,0.10366595010476945,0.16998721957931115,-0.6124216102037636,1.1203592992940866e-05,0.0005769310574655611,0.00032159251170122956,0.004857691392756843,63.991667
7200,0.3063687950729461,-244.04928835167584,-0.9029172580624913,-3.3403084073627833,0.10576422092846079,0.1628986192914728,-0.6139873631275545,1.1446790978239828e-05,0.0005877982311881675,0.00034153440989212653,0.005127371404798814,64.0
7201,0.29828556269184126,-244.07881534622217,-0.9138800257114225,-3.5092223814111985,0.10769940927622648,0.1556190008074006,-0.6155372259297224,1.1706066289525423e-05,0.0005993910579196971,0.00036361013908250815,0.005417893327822227,64.008333
7202,0.2901070231543291,-244.1098936092662,-0.9216940147208069,-3.694147648150523,0.10948716587983977,0.14814372176967078,-0.6170644300912433,1.198289329638845e-05,0.000611729930861419,0.00038797784247432713,0.005732548294041719,64.016667
7203,0.28186117479296485,-244.14277486577814,-0.9260552134514183,-3.896594039292401,0.11113731069211481,0.14046902308587528,-0.6185624175468667,1.2278719313454036e-05,0.000624830983857628,0.00041477858355391405,0.0060764024324680655,64.025
7204,0.2735807875448102,-244.17757331083703,-0.9266506445325804,-4.117981499668155,0.11263736498927815,0.1326089516977702,-0.6200243564682686,1.2594893523936911e-05,0.0006387046875427663,0.0004441202672888526,0.006457352526197508,64.033333
7205,0.2652936314339127,-244.2145273901802,-0.9231286605757183,-4.359862861646711,0.11398698591327265,0.12456196377035701,-0.6214449266830325,1.2932567626834307e-05,0.0006533538155661408,0.000476054209440644,0.006887706738625727,64.041667
7206,0.2570452670139143,-244.25378619554826,-0.9150861317272723,-4.623524462575838,0.11517781525698899,0.11634530853216088,-0.6228164679351239,1.329256135856049e-05,0.0006687734905463906,0.0005105466225562247,0.007386396423880006,64.05
7207,0.24886772497942816,-244.29552634638426,-0.9021227224908928,-4.91019376875134,0.11619731023879347,0.10796732699375655,-0.6241344038515205,1.3675183464655686e-05,0.0006849469507212505,0.0005474406031684668,0.007981897707629752,64.058333
7208,0.24080921974005676,-244.33996868427556,-0.8837614319123334,-5.22069126195194,0.11704242431491463,0.09943853794348359,-0.6253923254710997,1.4080001143230874e-05,0.0007018489647968544,0.0005864117903069021,0.00871602849512294,64.066667
7209,0.23291486759936275,-244.38737783242206,-0.8595013990746256,-5.555390439673499,0.11770993342704955,0.09076241933507469,-0.6265852435902426,1.450555220213504e-05,0.0007194443624794964,0.0006269197915396014,0.009648016607321674,64.075
7210,0.22524359760971485,-244.437900483364,-0.8288237789396713,-5.913608667069743,0.11818989344504183,0.08196053987742402,-0.6277070428682882,1.4948999489713212e-05,0.0007376933082088601,0.0006681617140956766,0.010858237759272226,64.083333
7211,0.2178488204836098,-244.49178931106303,-0.7912010543229175,-6.2937326510074865,0.11847834860432697,0.07303766322952149,-0.6287534439968998,1.5405737078747727e-05,0.0007565560939331796,0.0007090360714828261,0.01244958824663357,64.091667
7212,0.21078563973045483,-244.54914671455487,-0.7461694511701881,-6.692582235496391,0.1185596733785153,0.06401410818120984,-0.6297208194733156,1.5868978185738838e-05,0.0007760060513029304,0.0007481409853595895,0.014543634257472281,64.1
7213,0.20413795210499974,-244.61028744845527,-0.6931759821539097,-7.10467144057753,0.11844870497345221,0.054888872221849745,-0.6306025917107585,1.6329382899466185e-05,0.0007960440742968721,0.00078382066899769,0.01726743654278259,64.108333
7214,0.19797052644880025,-244.67521879989323,-0.6319175400065026,-7.522306921630912,0.11813091458481852,0.04568389123104693,-0.6313957410193264,1.677480046642454e-05,0.000816706899261883,0.0008142828033867093,0.020724329517121005,64.116667
7215,0.1923475015366826,-244.74387652363419,-0.5622671000562868,-7.935319607513119,0.11759337499861632,0.03642105331499546,-0.6320979494570925,1.7190256918006492e-05,0.0008380826985564295,0.0008378044379938753,0.024949785938721356,64.125
7216,0.18736159074138867,-244.81633587324697,-0.4841828915428028,-8.330106276634993,0.11684996586456096,0.027099837960655675,-0.6327038777626997,1.755834358945418e-05,0.0008603084421116944,0.0008530017491739702,0.029854611717646036,64.133333
7217,0.18306551982048716,-244.8922587067719,-0.3981374123126233,-8.691802698599503,0.11588097009962892,0.017747060711771772,-0.6332133568402215,1.786010711966023e-05,0.0008835355139586426,0.0008591005946873931,0.035167653382018146,64.141667
7218,0.17955136629663132,-244.9713561314802,-0.30480408248031965,-9.002587657130073,0.11470092274547311,0.008373179792727696,-0.6336214176126749,1.807653569719987e-05,0.0009078822329025968,0.0008561453469254861,0.04041688297013705,64.15
7219,0.17686430372420286,-245.05303876915156,-0.2054173642874145,-9.246156556177597,0.11329874580879903,-0.0009983904997825507,-0.6339281584616376,1.8190532823624967e-05,0.0009333339830097082,0.000844989549102216,0.04496642308423771,64.158333
7220,0.17505854025612727,-245.13670101371795,-0.10151654402063856,-9.407403265480491,0.11167902026821307,-0.01035694862850198,-0.6341317234794666,1.818913709948859e-05,0.0009596548685588032,0.0008270870988231912,0.048142409521467686,64.166667
7221,0.1741828095343297,-245.2215513818428,0.005005792499661108,-9.474694175536378,0.10985284042858132,-0.019686362010908304,-0.6342297007209203,1.8065550315757056e-05,0.0009863030782254814,0.000804066930783844,0.04940855406543527,64.175
7222,0.17423224574863724,-245.30670193566016,0.11198763164983473,-9.443941227744451,0.10781083085526452,-0.02896590195248644,-0.6342241827227787,1.7820424907023082e-05,0.0010124095826692901,0.0007773065988983904,0.04853401319324744,64.183333
7223,0.1752174564818288,-245.39123444627648,0.21726740906410516,-9.315972791111687,0.10556776982683157,-0.03817762423049031,-0.634113891708662,1.746210435151878e-05,0.0010368571783363099,0.0007476757474103536,0.0456728889654449,64.191667
7224,0.17711910469432565,-245.47429459629382,0.31879482340744236,-9.098607784138583,0.10313229712652594,-0.0473070800903813,-0.6338992681323494,1.7005634413254427e-05,0.001058414978265357,0.0007155393351440341,0.04131050358688587,64.2
7225,0.17991671154489874,-245.55511136639817,0.41478775215335995,-8.804179030550593,0.10052320915831382,-0.05634530797368398,-0.6335793583805146,1.6470792277212535e-05,0.001075928839276755,0.0006810055171837539,0.036107331589711536,64.208333
7226,0.1835357424344361,-245.6330714006266,0.503844951219083,-8.450180335003688,0.09773579267506215,-0.06527610449683378,-0.6331581616688643,1.5879622325409394e-05,0.0010884864622480183,0.0006442371448540675,0.030715701108100967,64.216667
7227,0.18791327207992947,-245.7076031212908,0.5849753071403274,-8.054219281331601,0.09478677360718925,-0.07407859986092653,-0.6326376065867285,1.525409888395057e-05,0.0010955434511344807,0.0006056528822622055,0.02564067192107526,64.225
7228,0.19298375387286523,-245.77834678072938,0.6576149981221384,-7.633060655926934,0.09169382549728511,-0.08274123306649935,-0.6320194960539657,1.4614257467300886e-05,0.0010969437339054084,0.0005659668006278912,0.02118623421792931,64.233333
7229,0.19867438119401612,-245.8451378188323,0.7215745053412299,-7.20163145586182,0.08846912170291348,-0.09125738431949257,-0.6313064366757871,1.39770029971885e-05,0.0010928777559548184,0.0005260954556695503,0.01747066045511817,64.241667
7230,0.20488502933582917,-245.90803170867383,0.7770000463832056,-6.772805432073998,0.08510361356155374,-0.09961664697980788,-0.6305048860074489,1.3355607708954885e-05,0.001083801299640795,0.00048700153668965705,0.014479168662099504,64.25
7231,0.21156097885626163,-245.9668368048322,0.8241417139876162,-6.355406364621011,0.08164141861199552,-0.10779925243475096,-0.6296161629258971,1.275977281583989e-05,0.001070350262832254,0.0004495454513555981,0.012122408518474495,64.258333
7232,0.2186268038594676,-246.02174261098213,0.8634701844452293,-5.956095497657319,0.07808787966705551,-0.11580282513133203,-0.6286449724738962,1.2195984975061116e-05,0.0010532313685734111,0.0004143955534848236,0.010284711750289124,64.266667
7233,0.22600945292356406,-246.07309544164315,0.8955501194222992,-5.579112882707702,0.07443257299494609,-0.12363121488593344,-0.6275967076548284,1.1668075376704108e-05,0.0010331643999753415,0.00038199418692727794,0.008852082175159965,64.275
7234,0.2336545517596457,-246.12091315942556,0.920902268968466,-5.226744059484884,0.07071142318695045,-0.13126813449263547,-0.6264751265403116,1.1177809380277278e-05,0.0010108353770567821,0.0003525684761665549,0.00772648392306267,64.283333
7235,0.24150871538869173,-246.1652800416758,0.9400645706789558,-4.899937220266507,0.06695685448629815,-0.13870213299714118,-0.6252847436291278,1.072542515273302e-05,0.0009868627605357366,0.00032616570181719887,0.006830296896790582,64.291667
7236,0.24950945585938383,-246.20669696963762,0.9536234137297576,-4.598611998697474,0.0631409399402657,-0.1459424180986241,-0.6240324871182479,1.0310098543770411e-05,0.0009617871581349492,0.00030269951756593545,0.006104996960728624,64.3
7237,0.257611780975662,-246.24531998934484,0.962068939114603,-4.321952956968706,0.05928357962894677,-0.15298124249649953,-0.6227236219275816,9.93031784579343e-06,0.0009360746585760154,0.00028199546400485044,0.005507721413438853,64.308333
7238,0.2657753603832987,-246.28118052627389,0.9658406165834441,-4.06875227477316,0.05542463298076227,-0.1598061405372503,-0.6213635169379809,9.584160262954724e-06,0.0009101144100126517,0.0002638270481456961,0.005007726186895267,64.316667
7239,0.27395554516956816,-246.31477499691076,0.9653936742090579,-3.8374734363809826,0.05152737271427788,-0.16642759869895596,-0.6199591090777384,9.269497015006803e-06,0.0008842255034132248,0.0002479440968020446,0.004583093173446198,64.325
7240,0.2821202799608421,-246.346040078942,0.9610776140181821,-3.626550874390801,0.04764328831203211,-0.17283114347374348,-0.618515986535817,8.984138526627739e-06,0.0008586681494682763,0.00023409368043999108,0.004218088856517352,64.333333
7241,0.2902322877503408,-246.37553395111584,0.9532675922967695,-3.434304178560321,0.04371459661929228,-0.17902938047575306,-0.6170413500284083,8.725928344293994e-06,0.00083364815393248,0.00022203208332248923,0.0039013331873952,64.341667
7242,0.29826526647802665,-246.40322132981606,0.942244758009911,-3.2591763421065814,0.03978236288372204,-0.1850110029939745,-0.6155410669082538,8.492805362884093e-06,0.000809327679367652,0.00021153327398298075,0.0036244018226475505,64.35
7243,0.3061914623440601,-246.4290974197837,0.9282682795951316,-3.0996885625446904,0.03588300602081856,-0.19076728604999646,-0.6140217953200268,8.282837752212807e-06,0.0007858291265956431,0.00020239197252481305,0.003380950364332705,64.358333
7244,0.31398366394354615,-246.4537263106049,0.9116107616852462,-2.9543954207293828,0.03194165433776971,-0.1963097127443417,-0.6124906040719322,8.094241196615958e-06,0.000763242855430918,0.0001944251254902208,0.003166074396766433,64.366667
7245,0.3216208153057304,-246.4769694303941,0.8924684139709892,-2.8220284173057686,0.028013505807046535,-0.20162643296071023,-0.6109537934246246,7.925384229012931e-06,0.0007416328705858783,0.0001874717800350212,0.002975874783851277,64.375
7246,0.3290836481725486,-246.4990818292666,0.8710432986463817,-2.701396622400689,0.024075361300395594,-0.2067196996451896,-0.6094176362994905,7.774785182830753e-06,0.0007210401454586916,0.00018139142938602444,0.0028072024007868373,64.383333
7247,0.33635066072733905,-246.52009112761252,0.8475067218949999,-2.591443082230388,0.020146597016904116,-0.21158304404300515,-0.6078891698148061,7.641104698514691e-06,0.0007014867260982295,0.0001760623645375333,0.0026574569964836797,64.391667
7248,0.3434054133864631,-246.5401537126968,0.8220205668618076,-2.491200829708656,0.016218305191440772,-0.21621581349720712,-0.6063746377005377,7.5231355438256664e-06,0.0006829804179304327,0.000171379700436661,0.002524459489703789,64.4
7249,0.35023200536697113,-246.55936344340603,0.7947298691894266,-2.3998053948029043,0.012292121447434624,-0.2206154368485965,-0.6048803563105885,7.4197905278028396e-06,0.0006655165684260347,0.0001672533770881663,0.0024063621178862776,64.408333
7250,0.35681608604303233,-246.5777749491249,0.7657661030957077,-2.3164806170933594,0.008376536076923959,-0.22477935298601212,-0.6034124532942139,7.330090316086161e-06,0.0006490809262392556,0.0001636063045643954,0.0023015841627890966,64.416667
7251,0.3631445624153524,-246.59554940754649,0.7352560549877469,-2.2405385825818307,0.004454363725757204,-0.2287061555375801,-0.6019768813991273,7.253151395919332e-06,0.0006336517515732082,0.00016037266466792857,0.0022087649447700515,64.425
7252,0.3692034391300441,-246.61266965771767,0.7033094061350466,-2.171358147548266,0.0005469701515855969,-0.23239196784616842,-0.6005798754372633,7.188174679027357e-06,0.0006192016459488429,0.0001574963890781794,0.0021267269173760963,64.433333
7253,0.3749822168586524,-246.62928188217117,0.6700362253557278,-2.10839451113925,-0.003362904074607277,-0.23583535402930858,-0.5992269097279058,7.134435009584697e-06,0.000605699599386402,0.00015492985345338608,0.0020544488418984255,64.441667
7254,0.3804684246689368,-246.64538229562302,0.6355331404846899,-2.0511536801446204,-0.007259031970682484,-0.23903305001363875,-0.5979239250373127,7.091271524743774e-06,0.0005931116013244242,0.0001526326953948496,0.001991043184779637,64.45
7255,0.38565461816796937,-246.66112339367888,0.5998990581752516,-1.999209507547794,-0.011163374502761362,-0.24198360427359422,-0.5966756464013524,7.058079168927177e-06,0.0005814024210236165,0.00015057085096752617,0.001935738531788253,64.458333
7256,0.39053562955070725,-246.67651468920536,0.5632228456667957,-1.9521685003993403,-0.015065141824727152,-0.24468711537375826,-0.5954861625158641,7.0343010809328275e-06,0.0005705354839731898,0.00014871567984068605,0.0018878647555474767,64.466667
7257,0.39509806999176106,-246.6915866275713,0.5255872717441913,-1.9096913008063339,-0.018958813782630066,-0.24713862918129742,-0.5943614843025621,7.019422033341949e-06,0.0005604734407898921,0.0001470432692217397,0.0018468415868364055,64.475
7258,0.3993276954645187,-246.70632564027494,0.4870687113999142,-1.8714705371662597,-0.02282820780134249,-0.24933360179135292,-0.5933077958550097,7.0129628788595765e-06,0.0005511807070335457,0.00014553384394668596,0.0018121665628479066,64.483333
7259,0.40322442842997985,-246.72082933068478,0.44775150717087153,-1.8372426326363878,-0.026685899372023782,-0.25127343295825433,-0.5923276435724404,7.014475706100253e-06,0.0005426239096258305,0.0001441712384810092,0.0017834069123160569,64.491667
7260,0.40678736169030916,-246.7351878657504,0.4077169768249875,-1.8067796160983498,-0.030543738451137867,-0.2529579826394094,-0.5914235806394845,7.023539677990578e-06,0.0005347693605046195,0.00014294243884213753,0.0017601931744401981,64.5
7261,0.41000486123597285,-246.74941373874344,0.36703446552885355,-1.7798770457648256,-0.034393860607231895,-0.25438232688494894,-0.5906007168952044,7.0397577682377215e-06,0.0005275839719601633,0.00014183725037585277,0.0017422123196164682,64.508333
7262,0.4128717878987332,-246.7634797713134,0.32577353347846244,-1.756345328830359,-0.03821877942056545,-0.2555469318786132,-0.5898623595238381,7.062754158375586e-06,0.0005210377376323959,0.0001408480124767658,0.001729202102031783,64.516667
7263,0.4153822219299219,-246.77741275397622,0.284003319988683,-1.7360306788152937,-0.04201476622134941,-0.25645016714324936,-0.5892118327626873,7.092172070406662e-06,0.0005151025226644453,0.0001399693365514179,0.001720947416172207,64.525
7264,0.4175341382370349,-246.79131353683525,0.24179729618135662,-1.718816880432069,-0.04579771305883325,-0.2570890606536606,-0.5886512524804473,7.127672183395822e-06,0.0005097523883352904,0.00013919790371775572,0.0017172763613481489,64.533333
7265,0.4193166743631371,-246.80510400345392,0.19921295189429739,-1.7045748915924797,-0.049536796838603195,-0.2574630483856726,-0.5881848324726913,7.168931532518337e-06,0.0005049630189262683,0.00013853231590196116,0.0017180568409668785,64.541667
7266,0.42074120407228294,-246.81893580361486,0.15633503409772898,-1.6932383244616378,-0.05326274221470249,-0.2575735252646664,-0.5878107450961597,7.215642861516361e-06,0.0005007134265284921,0.0001379729444986343,0.0017231954270073425,64.55
7267,0.4217964948057216,-246.8327545778178,0.1132184029914,-1.6847224491938722,-0.05695085879388514,-0.2574184529420295,-0.5875328522249382,7.267514290413743e-06,0.0004969820617197031,0.0001375218922934685,0.0017326333897727916,64.558333
7268,0.4224828516659964,-246.84661655282468,0.06993230496423668,-1.6789826089861264,-0.06060614585744873,-0.25699672574608584,-0.5873517606307969,7.324269485311491e-06,0.0004937511454797614,0.00013718288675941282,0.0017463474259836443,64.566667
7269,0.4227970176307979,-246.86052518363616,0.026539446762804154,-1.6759804710838513,-0.06421948575682603,-0.2563079271734079,-0.587268777301501,7.385648033097683e-06,0.0004910045070292292,0.00013696127085881731,0.0017643475812111587,64.575
7270,0.42273441639149284,-246.8745063706877,-0.016898567339851445,-1.6757010878170535,-0.06778714856802281,-0.2553495079703732,-0.5872853173239606,7.4514061840384256e-06,0.000488728290925113,0.00013686397918518626,0.0017866774173670788,64.583333
7271,0.4223058232750175,-246.88859667373052,-0.06030400029262199,-1.6781459428562084,-0.07131024146072529,-0.25412668116829706,-0.5873984951097507,7.5213178655964325e-06,0.0004869111536205549,0.00013689955205532317,0.001813414123543342,64.591667
7272,0.4215069341874119,-246.90281453429378,-0.10361684423953002,-1.6833325997413795,-0.0747828319032653,-0.2526371036293124,-0.5876091682388219,7.5951759717679e-06,0.0004855417767818983,0.00013707822966807685,0.0018446667427090293,64.6
7273,0.42034072354032187,-246.9172243622288,-0.14676702980568726,-1.6913078168066376,-0.07821139250019113,-0.2508789116488147,-0.5879160335023084,7.672793962262996e-06,0.0004846116212725507,0.00013741198665073005,0.0018805788321079443,64.608333
7274,0.4188040791304003,-246.93177509916626,-0.18969712601144229,-1.7021037669897354,-0.08157196269567785,-0.2488555910349243,-0.5883191501121083,7.754007697935197e-06,0.0004841136768825951,0.00013791467542489564,0.0019213279767343117,64.616667
7275,0.4169024724594436,-246.94654149631134,-0.2323336747473353,-1.7158067987614876,-0.08487335259467263,-0.2465656983750766,-0.5888160859556668,7.838677529220875e-06,0.0004840435257496962,0.0001386020784456794,0.0019671293377156577,64.625
7276,0.4146321023394312,-246.96156386661167,-0.27461562861380817,-1.7325140301354807,-0.08811336086637614,-0.24400493512827442,-0.5894065998492708,7.926690637281073e-06,0.00048439793518145345,0.000139492168461196,0.002018234443248111,64.633333
7277,0.4120033291538231,-246.97685525342706,-0.3164657725111554,-1.7523333529166227,-0.09128529620967095,-0.24117915721158592,-0.5900865372965407,8.01796368625883e-06,0.00048517646636856283,0.00014060525683705653,0.0020749354856341292,64.641667
7278,0.4090262528213792,-246.99233664539844,-0.3578124726327155,-1.775362267014618,-0.09436035424880414,-0.23810286842278136,-0.5908516398139925,8.112445724546323e-06,0.000486379203740447,0.00014196429360532317,0.002137564184845071,64.65
7279,0.4057003020402566,-247.007989382066,-0.3985944184529839,-1.8017390712477686,-0.09732255063791416,-0.234780102735631,-0.5917002088665994,8.210121346411554e-06,0.00048800706679394786,0.0001435950964762107,0.0022064948247333843,64.658333
7280,0.4020237422029377,-247.02413695619623,-0.4387300979385024,-1.8317502758053454,-0.1002347713171617,-0.23118057646588228,-0.5926306137552284,8.311014127037499e-06,0.0004900636853485921,0.00014552665488443527,0.0022821493487618608,64.666667
7281,0.3980026227112828,-247.04074733273876,-0.47814639415758065,-1.8655872157789153,-0.10307577728441084,-0.22731164670730458,-0.593639041913879,8.415190559652662e-06,0.0004925555281615205,0.00014779185760490526,0.002364995048945317,64.675
7282,0.39365454745332495,-247.05765676296744,-0.5167632547404962,-1.9034171661745583,-0.10579798597111018,-0.22320172573935387,-0.5947186632916702,8.522764372657277e-06,0.0004954906927431835,0.0001504277122048692,0.002455549168020386,64.683333
7283,0.3889826013900012,-247.07504456405198,-0.5544970302299047,-1.945569151954706,-0.10842803259525047,-0.2188364277815167,-0.5958661697892811,8.633900978173026e-06,0.0004988772458181545,0.00015347581797770448,0.002554378479566629,64.691667
7284,0.38399484464655176,-247.09289908121696,-0.5912673427820986,-1.9923346800764237,-0.11094954906512279,-0.21422394423513766,-0.5970768894829096,8.748822424697685e-06,0.0005027258418264564,0.00015698329197875934,0.0026620998808283385,64.7
7285,0.37868952212372736,-247.11137426257977,-0.6269927786778473,-2.044115210260254,-0.11337809034706044,-0.20934928697618102,-0.5983483912803798,8.867812862936864e-06,0.0005070489917037461,0.00016100331340367752,0.0027793823102333394,64.708333
7286,0.3730867884455408,-247.1304318751407,-0.66157183885477,-2.1012775730612976,-0.11569276572905339,-0.2042305672425335,-0.5996728875293225,8.99122445940311e-06,0.0005118627789483588,0.00016559609068679594,0.0029069479154936574,64.716667
7287,0.36719289028675894,-247.15009294450957,-0.6949158694924238,-2.164258479990031,-0.11788127029240518,-0.19887269129143217,-0.6010458979551825,9.119483735315188e-06,0.0005171833027785913,0.00017082978997758552,0.003045561535811539,64.725
7288,0.3610331835116719,-247.17033368849917,-0.7269086180960977,-2.2335254303871817,-0.11992801930607519,-0.1932964540141975,-0.6024585161875122,9.253098239299744e-06,0.0005230292895593747,0.00017678149443781847,0.0031960337974293158,64.733333
7289,0.35459980573808825,-247.19142431923171,-0.7574524249767653,-2.309749904036741,-0.12186286506901987,-0.18747074901399807,-0.603909490782601,9.39266356804223e-06,0.0005294189871076641,0.00018353859852291755,0.003359201406134802,64.741667
7290,0.34791513025321696,-247.21329788841487,-0.7864267981277931,-2.393507969187087,-0.12365756906959555,-0.18142067891878041,-0.6053906635788555,9.538871007473099e-06,0.0005363760235016481,0.0001912002178324052,0.0035359328796350877,64.75
7291,0.3409926349371745,-247.23601932189197,-0.8137071473561247,-2.4855115992584063,-0.1253059859884696,-0.17515177750532757,-0.6068960185964164,9.69251526267387e-06,0.0005439241225978175,0.00019987828496472474,0.0037271061511282683,64.758333
7292,0.3338494963490748,-247.25967887177796,-0.8391522211830734,-2.5865675171402223,-0.12680617474216643,-0.16866887952787987,-0.6084188654225547,9.85450184681508e-06,0.0005520887992030008,0.00020969908086618732,0.003933598525958671,64.766667
7293,0.326500171914875,-247.28435857069664,-0.8626164389149223,-2.697566721542872,-0.12815193399704733,-0.16197717869221803,-0.6099532671211179,1.002585414794436e-05,0.0005608966776536829,0.00022080474041211634,0.004156269965557302,64.775
7294,0.3189666547278188,-247.3101470379501,-0.8839296171594965,-2.819496743775562,-0.1293392095449242,-0.15508546285668579,-0.6114919302499598,1.0207719459441356e-05,0.0005703758877781441,0.00023335426476881195,0.004395962976923729,64.783333
7295,0.31126842357307183,-247.3371462338703,-0.9029113272330489,-2.953452740245185,-0.13036332310213164,-0.14800039778971247,-0.6130283834536996,1.040137300738947e-05,0.0005805544439053325,0.0002475244653637113,0.004653503909315158,64.791667
7296,0.3034272895383088,-247.3654587298972,-0.9193619049590177,-3.1006326592145923,-0.13121861882587207,-0.14073058429223204,-0.6145560099732144,1.0608218797128546e-05,0.0005914603407340182,0.00026350987841010804,0.0049297498665214524,64.8
7297,0.2954667390873438,-247.3951986288343,-0.933059934030809,-3.2623443928224676,-0.13189984236007293,-0.13328487265186212,-0.6160682486409804,1.0829785465754734e-05,0.000603120508177103,0.0002815215100845741,0.005225691287952469,64.808333
7298,0.2874066318682013,-247.42649899550727,-0.9437690198816885,-3.4400187428464837,-0.13240048943402144,-0.12566914605835627,-0.6175596236822767,1.1067714604721084e-05,0.0006155596347985573,0.0003017836690028063,0.0055426598693927775,64.816667
7299,0.27928279965145153,-247.45947687972057,-0.9512010540608875,-3.63513514137443,-0.1327168756922931,-0.11789939940595211,-0.6190221928187972,1.1323738290115649e-05,0.0006287997338536926,0.0003245276857847252,0.005882724861744979,64.825
7300,0.2711233458034173,-247.4943084542258,-0.9550495567943047,-3.8492885894812576,-0.1328470474744398,-0.10998139292450898,-0.6204500526744346,1.1599640596761736e-05,0.0006428554750839192,0.00034998215006416605,0.0062493229239181354,64.833333
7301,0.2629603866882257,-247.53114984615056,-0.9549755094920938,-4.084074176712249,-0.13278576443209736,-0.10192624815970729,-0.6218371920175484,1.189719742657405e-05,0.0006577339842810523,0.00037835685579386334,0.00664835102049122,64.841667
7302,0.2548310657573507,-247.57018581919962,-0.9505944743600543,-4.34105179826629,-0.13253088338898156,-0.09374412535147851,-0.623177435876992,1.2218086843301624e-05,0.0006734319991818888,0.00040981893959927474,0.0070898610204125955,64.85
7303,0.2467778775172421,-247.6115497627626,-0.9414900285114841,-4.621563425424536,-0.13207613512659117,-0.08545447827178825,-0.6244645220901817,1.2563759761459614e-05,0.0006899327568997725,0.00044445974449359906,0.007590573018465666,64.858333
7304,0.23883817870190943,-247.6553012378446,-0.9272490413049144,-4.926638636036387,-0.13140653125062698,-0.07708485633611675,-0.6256938238022797,1.2935259311649028e-05,0.0007072031822631184,0.0004822494089680572,0.00817744542348756,64.866667
7305,0.2310763763806934,-247.70216774374083,-0.9072120452662549,-5.257258002353665,-0.13057011564404852,-0.06858344027109037,-0.626857455325596,1.3332977433057354e-05,0.0007251944440218763,0.0005229787954415576,0.008892464437440047,64.875
7306,0.22350646102789196,-247.75189529409323,-0.8810551395630104,-5.613259880171417,-0.1295085174657633,-0.06001157529339762,-0.6279559438452867,1.3756337999695107e-05,0.0007438367643927582,0.0005662014095984822,0.009797634258262761,64.883333
7307,0.21623900856240416,-247.80490508953787,-0.8480294627425315,-5.993040017972167,-0.12826630667711833,-0.05136726330810503,-0.6289766859810046,1.4203407176518259e-05,0.0007630560560940111,0.0006111518434519904,0.010981309434167568,64.891667
7308,0.20931736301978035,-247.8611746745394,-0.8077015824807399,-6.393783528038769,-0.1268229416005117,-0.04268257213163102,-0.6299179725932745,1.4670419669536613e-05,0.0007827598910335006,0.0006566928585632907,0.012559455801984561,64.9
7309,0.20275556991480792,-247.92096753708213,-0.7596928263379599,-6.8119942643314575,-0.12515487719954096,-0.03394497693262567,-0.6307824568979478,1.5151260750874744e-05,0.0008028686776682884,0.0007012888811263624,0.01467260944252196,64.908333
7310,0.19671699197680786,-247.98421010743635,-0.703367658834998,-7.238608207395476,-0.12331583836306764,-0.02520406147546824,-0.6315540135015806,1.5636993797774868e-05,0.0008233426664975,0.000743056278003838,0.01747151820348243,64.916667
7311,0.19123095479994506,-248.05093417481595,-0.6386039941078979,-7.664595011636888,-0.1212867854153338,-0.01645976847088373,-0.6322350072413736,1.611546143379761e-05,0.0008441667969814672,0.000779869754232289,0.02107763508593781,64.925
7312,0.18636815964799291,-248.12107359030762,-0.5653749908448685,-8.07745460814102,-0.11907268290286477,-0.007720276025537544,-0.6328227288904874,1.65711548460296e-05,0.0008654030976877648,0.0008096518431991474,0.025531391126192814,64.933333
7313,0.18219024907142103,-248.19393227743276,-0.48413638848117535,-8.462179884809334,-0.11667394889486589,0.0009465549586114798,-0.6333157240736951,1.6985567006536254e-05,0.0008871814561427872,0.0008307115499491892,0.03072262972757188,64.941667
7314,0.17879413613375428,-248.26993260476624,-0.39518756224711504,-8.80149901830441,-0.11412141045518759,0.00962179298696885,-0.6337083220626305,1.7338137173386852e-05,0.0009096754153887452,0.0008421129917161916,0.03633437803514944,64.95
7315,0.17622338429037596,-248.34816541978861,-0.29975036877933386,-9.078594720617032,-0.11141232623083468,0.018247919078727106,-0.6340006464422022,1.7607838278193665e-05,0.0009330258111066563,0.0008439292834511297,0.041820443586483735,64.958333
7316,0.17452927405944355,-248.42795518803922,-0.1992751519058746,-9.27785995111601,-0.10856052219077703,0.026812422643725874,-0.634190996222463,1.777535932599602e-05,0.0009572559750034792,0.0008372799396701646,0.046480254583812025,64.966667
7317,0.17373946793936348,-248.508544206678,-0.09556694910325426,-9.387746192004121,-0.10557467368693094,0.0353058524902773,-0.6342791165818349,1.7825568071903993e-05,0.000982155724920589,0.0008240257077903742,0.04960988711300072,64.975
7318,0.17387076216855543,-248.58904682806585,0.00933083220171476,-9.401765564105196,-0.10247021364946861,0.04371404913544672,-0.6342644952216827,1.774972447895189e-05,0.0010072020316999534,0.0008062408830024116,0.05069914491602305,64.983333
7319,0.17492047969835325,-248.668661097572,0.11332377231490443,-9.31982651001766,-0.09925867769931948,0.052034158886873155,-0.6341472020645667,1.7546905779571252e-05,0.0010315441897486431,0.00078565046299621,0.0495884171854679,64.991667
7320,0.176872245687877,-248.7463466375145,0.21431212297039795,-9.147947314307878,-0.09596920150198833,0.06023832544872231,-0.6339272585921863,1.7224248081770377e-05,0.0010540813743060886,0.0007632811231473061,0.04651099630378167,65.0
7321,0.1796531789034885,-248.82137506430632,0.310494295981303,-8.899403928029866,-0.0926021954840818,0.0683087657296835,-0.633609705253964,1.67959370571646e-05,0.0010736149246278021,0.000739442340139852,0.042005333640272306,65.008333
7322,0.18326740821782872,-248.89345763097464,0.4005441361852747,-8.586359072111216,-0.08918171853706353,0.07628871333415606,-0.6331896761418295,1.628128497892595e-05,0.001089048466987561,0.0007139706504116984,0.03673962760586331,65.016667
7323,0.18761971922376988,-248.96195844828844,0.4833307983138255,-8.227039926780257,-0.08571664285928564,0.08414380083062716,-0.6326728938359139,1.5702233382840526e-05,0.0010995128459403611,0.0006866025617579905,0.03134045650773193,65.025
7324,0.192642951048175,-249.02651137387127,0.5581839724411563,-7.837660080395836,-0.08222873542622344,0.09186481280413915,-0.632061550732731,1.5081021237903505e-05,0.00110450356232804,0.0006572592191864579,0.02627670042524722,65.033333
7325,0.1982603074040578,-249.0870578183215,0.6248376892594462,-7.432994870274418,-0.07872174265745216,0.09945450282028365,-0.6313590117973641,1.4438307297200198e-05,0.0011038891456300606,0.0006261683986814289,0.02182416364396334,65.041667
7326,0.20439768723845622,-249.14354348046948,0.6832846496812629,-7.025329247270552,-0.07520958127922267,0.10690740626809736,-0.6305686624348154,1.3791935651191967e-05,0.0010978745527994084,0.000593842175707068,0.018088021616416015,65.05
7327,0.21098235427439277,-249.1959981409789,0.7337350878433198,-6.624301553431036,-0.0717070957345299,0.1142177330795551,-0.629694302457539,1.3156342815653214e-05,0.0010869223229883105,0.000560966763046507,0.015054251389920455,65.058333
7328,0.21793986999248935,-249.2446895334471,0.7765921505718334,-6.237005928594794,-0.06820738877721126,0.12138908626165837,-0.6287407689411861,1.25424833497069e-05,0.0010716628686587954,0.0005282719882956911,0.012642274507890551,65.066667
7329,0.2251901799175567,-249.28998966689818,0.8123697509821074,-5.868406245608513,-0.06468947922803062,0.1284212135213964,-0.6277147249116418,1.1958107670355336e-05,0.00105281294582047,0.0004964251447891358,0.01074560086916581,65.075
7330,0.2327074652021388,-249.33169203344596,0.8414448560466956,-5.520792079567985,-0.061222922862477026,0.13530181851591286,-0.6266160581236825,1.140823314230271e-05,0.0010311124058478716,0.00046596566177612916,0.009257581680488536,65.083333
7331,0.24041785689914216,-249.37022385203937,0.8643899631189328,-5.1959864063067025,-0.05778439181692728,0.1420309579674399,-0.6254523832532731,1.089564886778012e-05,0.0010072538010071177,0.00043728171300892114,0.008085229597456119,65.091667
7332,0.24827001660336528,-249.40597230663968,0.8817328196796763,-4.894320056277447,-0.05435651828304246,0.14861330650622542,-0.6242290979483671,1.0421453327087004e-05,0.0009818781892616162,0.00041061366325520954,0.007152515552586847,65.1
7333,0.2562171477312435,-249.43913152913282,0.8939415932136137,-4.615467091809483,-0.05094672332198203,0.1550418106868941,-0.6229518287939146,9.985506145305015e-06,0.0009555501323620402,0.00038607461824292563,0.0064005174013359685,65.108333
7334,0.26421756693179377,-249.4699371118007,0.901458626927346,-4.358570207477571,-0.047554943082820364,0.16131286022534366,-0.6216262552292241,9.586808932777145e-06,0.0009287524575000601,0.00036367698314155743,0.005785022894421551,65.116667
7335,0.27223410406383297,-249.49866050697977,0.9046945798680088,-4.122447457845671,-0.04417237725054112,0.16742520614127737,-0.620258102818969,9.223806335373893e-06,0.0009018873199650145,0.00034336015629641653,0.005273480519937971,65.125
7336,0.28021997042429986,-249.52580996203338,0.9040661828195788,-3.9058220468799982,-0.04074300637221438,0.17337913681327335,-0.6188555526337612,8.894614729548818e-06,0.0008752815754396444,0.0003250149177307624,0.00484214948920195,65.133333
7337,0.28817217856486926,-249.55100750047933,0.8998049419926124,-3.707180786100495,-0.037365387471706174,0.17916266166863348,-0.6174196961216091,8.597192361193796e-06,0.0008491993515437859,0.0003085033505302192,0.004473698680227452,65.141667
7338,0.2960481364237752,-249.57473034205742,0.8922583271759768,-3.5252266076948766,-0.03398358874050386,0.18477550494431969,-0.6159591229496386,8.329449709593724e-06,0.0008238351477103213,0.0002936723378954914,0.004155558708394986,65.15
7339,0.30380901223769613,-249.59740590093043,0.8817304910479907,-3.358676726499402,-0.03054229256766631,0.19021282397422842,-0.6144825161356996,8.089336169391962e-06,0.0007993396129685642,0.00028036576176202887,0.0038783871778465596,65.158333
7340,0.3114452303372483,-249.61883952015256,0.8684147013310671,-3.2062087027827633,-0.02710231060838823,0.1954659639899662,-0.6129935027038702,7.874889546107926e-06,0.0007758255174689106,0.00026843129259112143,0.0036351535046349965,65.166667
7341,0.31894724943379066,-249.63893015908874,0.8524995904499548,-3.0665900927306264,-0.023709364080375144,0.20053230552913165,-0.6114958488575988,7.684262108959582e-06,0.0007533653590936017,0.00025772427065133026,0.0034205330980509514,65.175
7342,0.3262767655300754,-249.6583960543065,0.8342431764035544,-2.938793219757683,-0.02024055315650698,0.20541073778384628,-0.609999394661187,7.515735478686459e-06,0.0007319998315142847,0.00024811065659873443,0.0032304041133776507,65.183333
7343,0.33342320212255755,-249.67704364152272,0.8137920903318677,-2.82180261644101,-0.016752934956080157,0.21009267761311842,-0.6085087662965157,7.367727190305845e-06,0.000711753187604387,0.00023946872764156742,0.0030614624486560503,65.191667
7344,0.34036939545920625,-249.69492648976768,0.7913043684015022,-2.7147152561653094,-0.01325367038775883,0.21457232985697564,-0.6070301212930064,7.238785753000055e-06,0.0006926290543468576,0.00023168877703523528,0.002911058116973174,65.2
7345,0.3471005698222292,-249.71221499899244,0.7669330392148346,-2.6166994958054417,-0.009723385132913123,0.2188464907037556,-0.6055693040141715,7.127584369644176e-06,0.0006746172675387879,0.00022467301394797797,0.002777017009582199,65.208333
7346,0.3536116641924638,-249.72862225281958,0.7407882411838659,-2.5269644624494414,-0.0062417993318087525,0.2229132662792235,-0.604130141884867,7.032911553594664e-06,0.0006576968608621524,0.00021833493098281,0.0026575277913544614,65.216667
7347,0.35987267885763125,-249.74482921594776,0.7130361449447659,-2.4449331888621404,-0.0026729208042073085,0.22676295697155935,-0.6027220997407422,6.953660330542174e-06,0.0006418368034641107,0.00021259844295723894,0.0025510742276778128,65.225
7348,0.36587928624049804,-249.76058427868634,0.6837730375357158,-2.3699542913066205,0.0009142779450584591,0.2303930978403122,-0.6013490643872189,6.888818706295477e-06,0.0006270050853480839,0.0002073970182072251,0.002456349405599373,65.233333
7349,0.37162075306910053,-249.77591470749562,0.6531063245220037,-2.301480204045693,0.004512610712645562,0.23380017602495518,-0.6000163553697984,6.837458366269055e-06,0.0006131636225048149,0.00020267269490582994,0.002372241402949578,65.241667
7350,0.37708455568353216,-249.7909240381151,0.621140952977686,-2.239037055094433,0.008133487059757277,0.23697904954660634,-0.5987297296278479,6.798725295115359e-06,0.0006002719688626607,0.00019837521888438933,0.002297792329016974,65.25
7351,0.3822706670596788,-249.80535398051265,0.5879606435280365,-2.1821152459857034,0.011703235116611534,0.23993520907352797,-0.5974919601221825,6.771831025708703e-06,0.0005882890929695304,0.00019446120960193818,0.002232172364643354,65.258333
7352,0.3871532533715302,-249.81983714156036,0.5536815519079823,-2.1304620892589714,0.015361037538370126,0.24264915962464276,-0.5963119456586455,6.756044432597447e-06,0.0005771717068223626,0.00019089344470405,0.0021746668574405916,65.266667
7353,0.39172982861971345,-249.8341466122754,0.5183803401818401,-2.0836745382309925,0.019042703887639793,0.2451228370030443,-0.5951929795320394,6.750685427288653e-06,0.0005668809627034042,0.00018764009021317486,0.002124647246419262,65.275
7354,0.3960028961043331,-249.8479346079859,0.4821279704923885,-2.041345790215212,0.02265226200400966,0.24736744473357028,-0.5941369665221023,6.755118461094576e-06,0.000557377510089793,0.00018467419371484065,0.0020815720963386114,65.283333
7355,0.39995097456264084,-249.8618164605456,0.4450246349487039,-2.0033456062638666,0.02632999743317276,0.24935996518835202,-0.5931516262073577,6.768747334933234e-06,0.0005486214451653115,0.000181973168804875,0.002044977232381861,65.291667
7356,0.40357139062186964,-249.87558765209593,0.4071401565827336,-1.9693788400694436,0.03001606464663742,0.25110437596697177,-0.5922399352537505,6.791011337533975e-06,0.0005405777745004061,0.00017951824862549702,0.002014457105867096,65.3
7357,0.406859856854425,-249.88928259233194,0.3685521760401468,-1.9392252392743814,0.03370943960925167,0.2525988618256682,-0.591405107656002,6.821381413407167e-06,0.0005332125178784566,0.00017729417595273075,0.001989666691154071,65.308333
7358,0.4098109636452287,-249.90286881258868,0.3293319301831652,-1.9126864446147718,0.037392270672076754,0.2538431460063637,-0.5906504787059587,6.859357355400259e-06,0.0005264934559430118,0.00017528884183853566,0.001970313470909684,65.316667
7359,0.41242083016816133,-249.91640232925084,0.2895541058960771,-1.889601396551657,0.04106925959129043,0.2548348839532209,-0.5899788220887014,6.90446561006969e-06,0.0005203906062641999,0.00017349300636210392,0.0019561531291826563,65.325
7360,0.41468132915693545,-249.92989364258753,0.24928536567802298,-1.8698417582280378,0.044733297590055746,0.2555706552855897,-0.5893938283691252,6.95625760942023e-06,0.0005148760777319557,0.00017190005559940104,0.0019469849403850048,65.333333
7361,0.4165899796268096,-249.9433046919733,0.20859389088499078,-1.8532700603362822,0.04836535205091599,0.2560527050803326,-0.5888975442452067,7.014308683650508e-06,0.0005099249498776813,0.0001705058117210573,0.0019426490652336423,65.341667
7362,0.41814248554892003,-249.95678987586226,0.16755395989712876,-1.8398209057625607,0.05199549777072117,0.2562729306473322,-0.5884922819417453,7.078217321428098e-06,0.0005055142273787995,0.0001693083608466634,0.001943024206491131,65.35
7363,0.4193412713346197,-249.97027934914314,0.1262349948277198,-1.8293759906054072,0.05559719942858983,0.25623749427754133,-0.5881783833311665,7.147604917467669e-06,0.0005016232519110776,0.00016830795210302684,0.0019480240658229482,65.358333
7364,0.42018762026913736,-249.98355314799088,0.08469554711174433,-1.8218027784176065,0.05910542859331046,0.2559619054492177,-0.5879562602316663,7.222115813252395e-06,0.0004982326070989191,0.0001675068822096915,0.0019575969522163,65.366667
7365,0.4206636657621291,-249.99714844469725,0.043010019308632234,-1.8172432410900698,0.06264640642592924,0.2554065269571113,-0.5878311376795412,7.3014177566425276e-06,0.0004953245321452644,0.00016690938546829503,0.0019717260676409827,65.375
7366,0.4207793995304927,-250.01085608866543,0.001248001212474548,-1.8155764990427719,0.06615854326924998,0.25458966751138556,-0.5878006983875853,7.385202825200355e-06,0.0004928861118564325,0.00016652179914341395,0.0019904242562050565,65.383333
7367,0.42052984815541167,-250.02464986716083,-0.04053155866933581,-1.8167959156933862,0.06962504151470478,0.2535114436661707,-0.5878663234106626,7.4731882700308285e-06,0.0004909043129511924,0.00016635237025505674,0.002013736667423546,65.391667
7368,0.4199187142989279,-250.03856216612294,-0.08225611448212991,-1.8209014807323898,0.07304514645607386,0.25217317023801783,-0.5880268798850257,7.565117955377689e-06,0.0004893687941576114,0.00016641132842647527,0.002041741236022797,65.4
7369,0.41894206332711853,-250.05260192582637,-0.12386484029326361,-1.8279293150081837,0.07641073261356865,0.25057337108804456,-0.588283008694821,7.660763880865213e-06,0.00048827041277481483,0.00016671094477515916,0.0020745468704753316,65.408333
7370,0.4176060313645973,-250.06683410644527,-0.1652805046026901,-1.83792102578798,0.0797290791837385,0.2487118685824628,-0.5886324770472089,7.759928056822927e-06,0.00048760259573014605,0.00016726561447665377,0.0021122956402217464,65.416667
7371,0.4159091158511487,-250.0811970792158,-0.20644421152409348,-1.8509215582859582,0.0829743065641424,0.24659404832593526,-0.5890748275528551,7.862444501790761e-06,0.0004873596616230595,0.0001680919914994199,0.0021551606561517234,65.425
7372,0.41385605486563215,-250.09583579296935,-0.2472756095621024,-1.8670437806819102,0.08617249312252602,0.24421202923477944,-0.5896077500186709,7.968181571916538e-06,0.00048753823368151775,0.00016920906619301193,0.002203350356854619,65.433333
7373,0.411446565803766,-250.11068552651872,-0.2877144442078805,-1.8863680792693185,0.08929651644346918,0.24157227864650935,-0.5902300221240822,8.077044447412523e-06,0.0004881362113483712,0.00017063848022838085,0.0022571051549810364,65.441667
7374,0.4086842644315565,-250.12582418739197,-0.32768531335038875,-1.9090339007560189,0.09235449985171594,0.23867137854089146,-0.5909391949249346,8.188977911778583e-06,0.0004891537140873961,0.0001724046005471045,0.0023167030433329993,65.45
7375,0.4055800595871303,-250.141212572908,-0.3671103902012797,-1.9351437935807405,0.09532748747810176,0.23552045595559318,-0.5917307644812647,8.303969319894031e-06,0.000490592457885634,0.0001745348848915085,0.0023824576712745027,65.458333
7376,0.40213228682509217,-250.156902141857,-0.405923208193261,-1.9648903719121966,0.09821521980297805,0.23211561741127662,-0.5926032597183672,8.42205175856858e-06,0.0004924547144274412,0.00017706008016082176,0.002454718981366998,65.466667
7377,0.3983447621744192,-250.17295141328106,-0.444047259856755,-1.9984829622841878,0.10101926691683212,0.2284550927547145,-0.5935536125591526,8.543307537683839e-06,0.0004947455344008117,0.00018001465437126468,0.002533877367222876,65.475
7378,0.39422425463409166,-250.18939245811583,-0.4814023953101216,-2.0361433436598237,0.10373487186252742,0.22454125411969353,-0.5945778453945457,8.66787189995337e-06,0.0004974718355769754,0.00018343721296680424,0.0026203627306894163,65.483333
7379,0.38978487491676755,-250.20596232534535,-0.5179221538041074,-2.077981772207473,0.10629346254003348,0.22041191652251185,-0.5956700425169322,8.79593696155183e-06,0.0005006420273128281,0.00018737093190590844,0.002714644584678408,65.491667
7380,0.3850222286464138,-250.22326554224756,-0.5534918631381345,-2.1245548321134726,0.10881361057665252,0.2160036863632729,-0.5968287177295925,8.927755737492774e-06,0.0005042650127781507,0.0001918635793091621,0.0028172375876450626,65.5
7381,0.3799516856867723,-250.2410259646745,-0.5880391234280888,-2.1760374143411223,0.11122184129718032,0.2113563302002123,-0.5980474198412394,9.06364665880647e-06,0.000508353331205742,0.00019696951385625897,0.0029286857954861066,65.508333
7382,0.3745810333958919,-250.2593460277413,-0.6214685480832761,-2.2328263012733935,0.11352581127934538,0.20646588393020687,-0.5993214843656823,9.20399826384774e-06,0.0005129199636148979,0.0002027488957477033,0.003049576539310801,65.516667
7383,0.3689174002906277,-250.27827655066147,-0.6536870262144031,-2.2953439829649884,0.11572040183427891,0.2013337888291311,-0.6006463241800618,9.349273867182038e-06,0.0005179797936447478,0.00020926900432566834,0.00318053211048769,65.525
7384,0.3629748010070992,-250.29779454353897,-0.6845948359458545,-2.3640101446070383,0.11778687687958586,0.19597411707088092,-0.6020157055669246,9.500016457183595e-06,0.0005235498265850063,0.00021660486462453304,0.0033222102059854933,65.533333
7385,0.35676549129433666,-250.31806309789624,-0.7140712477018429,-2.4393977294222204,0.11974198019403326,0.19037869769853313,-0.6034238330707715,9.656853439548072e-06,0.0005296481245859669,0.00022483982900776403,0.003475300652405596,65.541667
7386,0.35029761106207313,-250.33903534349918,-0.7420202150827128,-2.522041241349288,0.12155869139198054,0.1845624282532306,-0.6048658589310033,9.82050119448709e-06,0.0005362942201273418,0.0002340668317743994,0.0036405154428480534,65.55
7387,0.3435862959407647,-250.36094161641543,-0.7682954912214935,-2.612679634968819,0.12326285987361359,0.17851093177694774,-0.6063354082419267,9.991769213679882e-06,0.0005435099327826018,0.0002443883810698403,0.003818605000078987,65.558333
7388,0.3366444603842234,-250.38356630198203,-0.7928028504580509,-2.711873935919539,0.12479730177521715,0.17226389539508238,-0.6078266993880226,1.0171563418818271e-05,0.0005513180779521163,0.0002559181079268567,0.004010339561871696,65.566667
7389,0.32949164561592625,-250.40706911865217,-0.8153834826445479,-2.820460453685859,0.1261751567419091,0.16581928235751964,-0.6093326744033934,1.0360887899500992e-05,0.0005597429484068359,0.00026877928642712764,0.004216559760087264,65.575
7390,0.3221428000531743,-250.43172637459125,-0.835858640223631,-2.9394534024038186,0.12742293714322483,0.15915808665218223,-0.6108474533130267,1.056084429012693e-05,0.0005688089497676367,0.0002831061398943583,0.00443817661555408,65.583333
7391,0.3146149780584293,-250.45754009183068,-0.8540717027996886,-3.069783150090381,0.12851920560374228,0.15229751252220525,-0.6123649191017818,1.0772628534726674e-05,0.0005785412446411124,0.00029904368304542776,0.004676222790810236,65.591667
7392,0.30692772093030224,-250.4846374934428,-0.8698312419504709,-3.2125489912964933,0.12946221924499696,0.14524108826296622,-0.6138787117536735,1.0997523117964424e-05,0.0005889650875497379,0.0003167446595371143,0.004931985834089981,65.6
7393,0.29910340887912323,-250.51311562121438,-0.8829302552332224,-3.3689166506406334,0.13024450067077192,0.1379984797607018,-0.615382240810341,1.1236882643736342e-05,0.0006001048680578643,0.0003363669399718504,0.005207181527726213,65.608333
7394,0.2911645336228271,-250.54311605693397,-0.8931377130323463,-3.5401769289223073,0.1308627559148051,0.13057466923331398,-0.6168692791386137,1.1492110528905042e-05,0.000611982953926442,0.00035806811463931905,0.00550426302234085,65.616667
7395,0.2831370865145759,-250.57475098111095,-0.9002016767344075,-3.7276701015811877,0.1313087582963772,0.12298113133670383,-0.618333376105324,1.1764623518635813e-05,0.0006246188669355001,0.000381997688434437,0.0058269098455510015,65.625
7396,0.2750484113871025,-250.60821308271545,-0.9038314525638159,-3.932859935753774,0.13158250919318323,0.11522049891880544,-0.6197683378322318,1.2055799767997353e-05,0.0006380276264204264,0.00040828510555929913,0.0061807931654646615,65.633333
7397,0.26693126784773313,-250.64363266715426,-0.9037126643170906,-4.1571657068505585,0.13167597597579067,0.10730694134138397,-0.6211675863780883,1.236690526749447e-05,0.0006522183651697994,0.00043702375540482477,0.006574709549076286,65.641667
7398,0.2588195989361638,-250.681174517133,-0.8994972933104939,-4.402004321778042,0.13158365689533844,0.0992515573938111,-0.6225250053362941,1.2698991979491186e-05,0.0006671921275684091,0.0004682479251186678,0.007022251059283389,65.65
7399,0.2507478505943377,-250.72105902730672,-0.8907983777845796,-4.668748189429855,0.1313031031122359,0.09105929430028528,-0.6238350845460935,1.3052760155124776e-05,0.000682940721335539,0.0005019034963247394,0.007544127962219071,65.658333
7400,0.24275441177087448,-250.76349858131854,-0.8771946389142832,-4.958543770217445,0.1308294482943905,0.08273850856277096,-0.6250923990385692,1.3428377641901734e-05,0.000699446243342721,0.0005378115866341067,0.008171242697247309,65.666667
7401,0.23488590801019116,-250.80868789262215,-0.8582244325865725,-5.272092431902099,0.13015787664205347,0.07430313359860066,-0.6262910538730859,1.3825248757756009e-05,0.000716680940088016,0.0005756251224161642,0.0089484674916261,65.675
7402,0.22718990979720657,-250.85686393669124,-0.8333951954098313,-5.609557964290563,0.12928509162964957,0.06576162857399327,-0.6274259206994952,1.4241726982605037e-05,0.0007346078809468246,0.0006147818228762456,0.009938678919512577,65.683333
7403,0.2197193351640875,-250.90823376293488,-0.8021989227227609,-5.970186803042654,0.1282061386901536,0.0571270665619482,-0.628492002291348,1.4674773578381959e-05,0.0007531858702104435,0.0006544614358480816,0.011226075667611241,65.691667
7404,0.21253289608206663,-250.9630096515216,-0.7641175946354256,-6.351981733366011,0.12691807936334407,0.0484113307326784,-0.6294844373480659,1.511957551744081e-05,0.0007723767607626019,0.000693557114801348,0.012916745176636964,65.7
7405,0.2056858485777586,-251.02124426379672,-0.7187206839306127,-6.751362443818844,0.12540788078459247,0.03964237039771961,-0.6303997609314009,1.5569153177665664e-05,0.0007921563315057933,0.0007306792411949823,0.01513311447442107,65.708333
7406,0.19926115200571737,-251.08326032245313,-0.6654832478337879,-7.162420088893725,0.12369106910826683,0.03081414354305942,-0.6312317487710529,1.6014018245285992e-05,0.0008125303607212772,0.0007642119185127308,0.017998466413118547,65.716667
7407,0.19330966544165168,-251.14901014347197,-0.6041889946333522,-7.577367610437297,0.12174902811945595,0.021953692405816377,-0.6319792102733434,1.6441962049896758e-05,0.0008335424863318447,0.0007924394571211978,0.021604680017501262,65.725
7408,0.18792246102596774,-251.21863075644995,-0.5346082749110349,-7.984920383189077,0.11959503658473913,0.013061291760744019,-0.6326365011267021,1.683811122800469e-05,0.0008552913613607502,0.0008137580250580018,0.025966875690982275,65.733333
7409,0.18315769385077094,-251.2918452326812,-0.4569530867837426,-8.371897199549627,0.11721625246176719,0.004170795695076692,-0.6332025483982904,1.718537304759998e-05,0.0008779135283010785,0.0008269269180108227,0.03096309424732249,65.741667
7410,0.1790915093992821,-251.36853457295118,-0.3716035252472114,-8.722519063729907,0.11461777076307408,-0.0047160033436317245,-0.6336742369812476,1.7465396670574842e-05,0.0009015605956196552,0.0008313360924587384,0.03628730634699483,65.75
7411,0.17579358175000812,-251.4482504415064,-0.2793837126693169,-9.01970065202647,0.11180305682907621,-0.013576218796546167,-0.6340491112231471,1.7660090338141993e-05,0.000926330252409415,0.0008271564289464819,0.04143490056261145,65.758333
7412,0.17332283366484216,-251.530432332725,-0.18151516735839812,-9.2468542630843,0.10877651751464125,-0.022392311233333035,-0.634325441954693,1.7753571572639253e-05,0.0009521762945821302,0.0008153113899137024,0.04575890467330874,65.766667
7413,0.171724974844306,-251.6144214772857,-0.079589626050731,-9.389817609800794,0.10554233982254406,-0.031151722843445126,-0.6345020861625814,1.773428076897328e-05,0.0009788117788244023,0.0007972280881016418,0.04860353328659939,65.775
7414,0.17102973949864075,-251.69943311720988,0.024490405500349654,-9.438812641599034,0.10210514544012965,-0.03984038911591761,-0.63457843908042,1.759682115463482e-05,0.0010056397549580885,0.0007744355400691621,0.049483281829203266,65.783333
7415,0.17127208026079835,-251.7845783728833,0.12865035917493728,-9.388808888941417,0.09848511834926992,-0.048447208591947934,-0.6345518592828947,1.73430522791944e-05,0.0010317491768709807,0.000748174373474834,0.048237016006489934,65.791667
7416,0.1724288124688248,-251.86889181364046,0.230729982183727,-9.243466099959578,0.09468430104384373,-0.056947167809486395,-0.6344244761122612,1.6982067008217125e-05,0.0010559883450114947,0.0007191973008717018,0.045082853686798645,65.8
7417,0.1744750586472956,-251.95156909245813,0.3287877522473049,-9.011800441750648,0.09071123648742002,-0.06533051454401881,-0.6341970577985498,1.652908765436254e-05,0.0010771337918233453,0.0006878277103601459,0.040545035719105,65.808333
7418,0.17736686738667312,-252.031863540817,0.4211624208774444,-8.707753176932515,0.08657600571797103,-0.07358322086766714,-0.6338711363650044,1.6003513024546963e-05,0.0010940692897977852,0.000654190896168076,0.035287677751009223,65.816667
7419,0.18105359878336008,-252.10909554575363,0.5065574594492953,-8.347817617966836,0.08229862100877781,-0.08168941824768816,-0.6334479367733452,1.5426584747676354e-05,0.0011059480255109799,0.0006184887336076412,0.029937605672840432,65.825
7420,0.18547157069391154,-252.18284464594007,0.584117592645542,-7.9493815302025315,0.07789065511508461,-0.08964295732962735,-0.6329294579358284,1.4819183800067051e-05,0.001112285801780405,0.0005811725759417347,0.02496332416081209,65.833333
7421,0.19052738768110208,-252.25291521338883,0.6534156107209893,-7.529611139703206,0.07334697165208302,-0.09743166799813494,-0.6323209663585178,1.4200138237563182e-05,0.0011129798980286207,0.0005429612615024941,0.02063346808195462,65.841667
7422,0.19616858083591615,-252.3190628470512,0.7142921725288944,-7.101985255547279,0.0686975936009251,-0.10505050895992213,-0.6316229443874751,1.3585224004436744e-05,0.001108271553448059,0.0005047340248598224,0.01703966349409259,65.85
7423,0.20234379136434122,-252.38111761570875,0.7668313522744596,-6.677580378818605,0.06397764741483833,-0.11249695522359518,-0.6308358014354315,1.2986740971589332e-05,0.001098640843539724,0.00046739009202892,0.014153467375826644,65.858333
7424,0.2089554263909024,-252.43910401713148,0.8113782292234146,-6.265963200899542,0.05919750862223514,-0.11975203145009591,-0.629966363080201,1.2413583091288076e-05,0.0010847125680104636,0.0004317219337985417,0.01188191815408853,65.866667
7425,0.21592961056451876,-252.49337789552217,0.848435390363205,-5.873156647158884,0.05434327032461958,-0.12682235383655094,-0.6290194052760074,1.1871659366121284e-05,0.0010671940869679043,0.0003983316809590176,0.010109389320740923,65.875
7426,0.22321384836168115,-252.54381029990586,0.8784600747662767,-5.502896232798717,0.04946969463273372,-0.13369432063590772,-0.6279976836093006,1.1364419753423453e-05,0.001046798979049472,0.0003676078577665033,0.008724770693916327,65.883333
7427,0.23073831558988783,-252.59089075673958,0.902053437146078,-5.157283088900359,0.044551012504246715,-0.1403744408676085,-0.6269072788793832,1.089340037831647e-05,0.001024195800475207,0.0003397385503035983,0.007634050459874387,65.891667
7428,0.2384518332451136,-252.63474108905257,0.9197360226300443,-4.837010729559449,0.03961289091152586,-0.1468569721443686,-0.625752635857189,1.0458741044671568e-05,0.000999993291918315,0.0003147495013758069,0.006762971580840802,65.9
7429,0.24630531381027998,-252.67552682553963,0.9320157713986331,-4.541859642464578,0.03467620296839253,-0.15313840620785843,-0.6245387915636721,1.0059608182206827e-05,0.0009747227453573298,0.0002925460581026839,0.006055786263324294,65.908333
7430,0.2542497462339496,-252.71353607496383,0.939386380332412,-4.270967496709201,0.029742036903380883,-0.15921781814139727,-0.6232716986219822,9.69453649003189e-06,0.0009488376934779685,0.0002729543636859716,0.005471809285706667,65.916667
7431,0.26224453138589154,-252.7489569006002,0.9422859645778813,-4.02305582280653,0.024825107944353376,-0.1650935707202617,-0.6219568631331157,9.361688461047219e-06,0.0009227195347376384,0.0002557556663536197,0.0049817846330266185,65.925
7432,0.2702514975032551,-252.78202382893093,0.9411188434175931,-3.796622127211286,0.0199300659203304,-0.17076510566605144,-0.6206001803377709,9.059040978974987e-06,0.0008966822009901392,0.000240711703489928,0.004564796973204723,65.933333
7433,0.2782342041647388,-252.8129554694282,0.9362497279603472,-3.5900814873684395,0.01506069749047673,-0.17623035880698085,-0.6192080011610502,8.78451712292311e-06,0.0008709804951960556,0.00022758275681789608,0.00420581661147679,65.941667
7434,0.28616006724189835,-252.84195097258072,0.9280040000018965,-3.401833025798467,0.010220832936074332,-0.18148730897523946,-0.6177866977614676,8.536074436124447e-06,0.0008458184769378562,0.00021613918950756986,0.0038939059817821374,65.95
7435,0.2940031533643781,-252.8691534181391,0.9166662779160798,-3.2303127314224627,0.005421360843648812,-0.18653583368918736,-0.6163420351334824,8.311760380924932e-06,0.0008213563135739164,0.00020616811876064998,0.0036209592945287508,65.958333
7436,0.3017355149386293,-252.89475345575735,0.9024985280364685,-3.074053266935243,0.0006612287313292443,-0.19137360947242207,-0.6148806526880333,8.109744178697917e-06,0.0007977154951087985,0.00019747662687020652,0.0033808395005271224,65.966667
7437,0.30933452128758376,-252.91890942246647,0.8857317315491804,-2.931678833474819,-0.004057931095094782,-0.19599966065529925,-0.6134086557053422,7.928333469724969e-06,0.0007749864499059121,0.000189892877092782,0.0031687796471294807,65.975
7438,0.3167774923861739,-252.94179479585972,0.8665758502797124,-2.801930904594672,-0.008740697263270324,-0.2004112570369339,-0.611932546070421,7.765978764697243e-06,0.0007532325351048783,0.00018326560226511723,0.002980992845489339,65.983333
7439,0.3240439253988154,-252.9635222885183,0.8452165917898918,-2.6836646377210176,-0.013382592660730146,-0.20460581718678073,-0.6104587442759803,7.621271172944959e-06,0.000732495254232922,0.00017746285817946602,0.002814403497870651,65.991667
7440,0.3311166383187203,-252.98418263816973,0.8218206091278693,-2.5758384705581197,-0.017976964396883018,-0.20858218843845233,-0.6089932775436024,7.4929352765921924e-06,0.0007127979563661646,0.00017237029908745015,0.0026664691690579272,66.0
7441,0.3379791882280685,-253.00393622136562,0.7965439087439057,-2.4775152829716034,-0.022533950138302443,-0.21233738377782416,-0.6075422365708854,7.379819317729628e-06,0.0006941486805399976,0.00016788931208190652,0.002535057978419186,66.008333
7442,0.3446160615247382,-253.0228355564043,0.7695239064607926,-2.3878553231928854,-0.027043352609843904,-0.21586982375861824,-0.6061116967573245,7.280884251015115e-06,0.0006765433475183854,0.0001639351904426482,0.0024183599488970787,66.016667
7443,0.35101277023414684,-253.0410067433154,0.7408909310567005,-2.30610799640895,-0.03151241164151646,-0.21917602820341348,-0.6047076560202559,7.1951923547233544e-06,0.0006599683984229804,0.00016043539724853385,0.002314826051902238,66.025
7444,0.35715552399036565,-253.05848528078187,0.7107613640808116,-2.231599732741222,-0.03593042239593153,-0.22225460121835583,-0.6033360669309599,7.121896020193029e-06,0.0006444029535536752,0.0001573279791695302,0.0022231213321552284,66.033333
7445,0.36303252146505277,-253.07537819894998,0.6792469317397396,-2.1637320280849024,-0.04030388454232038,-0.22510240160959993,-0.6020025069353032,7.060227119792809e-06,0.0006298207136460166,0.0001545601587687099,0.002142091023005482,66.041667
7446,0.3686387651028561,-253.09182139437658,0.6464542925873817,-2.1019704601094236,-0.0446483401878031,-0.22771764525855603,-0.6007110057526603,7.009487128962448e-06,0.000616191208759283,0.0001520870833321,0.0020707331811600036,66.05
7447,0.3739515556297098,-253.10773008373326,0.6124716576585731,-2.0458398105155378,-0.04892833853290676,-0.23009700160566637,-0.5994696824831856,6.969038085016961e-06,0.0006034797717205266,0.00014987073331196405,0.002008178456048983,66.058333
7448,0.378968402508354,-253.12324095188083,0.577395478739783,-1.9949171261655234,-0.053161726147761185,-0.232239154889655,-0.5982819723885463,6.938294961371641e-06,0.0005916531173882155,0.00014787908606092516,0.0019536692339291164,66.066667
7449,0.3836790995632709,-253.13841283136526,0.5413124508326812,-1.9488300185697909,-0.057348827993027304,-0.234140725658107,-0.5971530333106593,6.916718216679577e-06,0.0005806752343823064,0.00014608521934753263,0.0019065489140321986,66.075
7450,0.38808196855164145,-253.15326740022678,0.5043068894229114,-1.907237698979251,-0.06148319063792105,-0.23580489201395416,-0.5960858854622113,6.903807835201678e-06,0.0005705103467891923,0.00014446668948203987,0.0018662481837652361,66.083333
7451,0.39216387126420893,-253.1678799354709,0.4664571614192104,-1.8698567694291401,-0.06556989932393079,-0.23722458699346616,-0.5950862091364821,6.899097947517207e-06,0.0005611218155734895,0.00014300495303617896,0.0018322763018203286,66.091667
7452,0.3959139632617429,-253.18228414100386,0.4278375475427623,-1.8364302899799616,-0.06960498294908372,-0.2383960486657104,-0.5941590553086219,6.902152480587061e-06,0.0005524753269076816,0.00014168491216733518,0.0018042104112260867,66.1
7453,0.3993360910766087,-253.19648640317024,0.38852670117316723,-1.806718909902132,-0.07358071561786743,-0.23932560394725083,-0.5933056937704595,6.912561359474822e-06,0.0005445385919117837,0.0001404944974303388,0.0017816892764789642,66.108333
7454,0.4024180273247571,-253.2105146893979,0.34859222743765617,-1.7805275086845407,-0.07749215058430979,-0.24000882356472106,-0.59253121764587,6.929937313040138e-06,0.000537278764738018,0.00013942432158498948,0.0017644084437659095,66.116667
7455,0.405157114352185,-253.22448477639662,0.30810938839267477,-1.7576989520604547,-0.08135731886552323,-0.24043933787304056,-0.5918381739514506,6.953913515470033e-06,0.0005306662132570427,0.00013846741981238855,0.0017521136760267075,66.125
7456,0.40754638969745377,-253.2383037363857,0.26714016605358626,-1.738062262508979,-0.08514352357251992,-0.24062452952220337,-0.59123001349887,6.984141608546916e-06,0.0005246726828676084,0.00013761901492252202,0.0017445967874966804,66.133333
7457,0.4095843964124191,-253.25207400480383,0.22575693497459146,-1.7215061909718252,-0.08886616706567,-0.2405590796493005,-0.5907085967085107,7.0202902950861835e-06,0.0005192723785705164,0.00013687632302382248,0.0017416931717105903,66.141667
7458,0.4112666201766905,-253.26581660351442,0.1840250012371078,-1.7079260133517158,-0.09252056946891415,-0.24024212578465928,-0.5902763572256776,7.062044335897854e-06,0.0005144410294751178,0.00013623841626330335,0.0017432778455090476,66.15
7459,0.4125918965763626,-253.27956952021015,0.1420120416613843,-1.6972396462062644,-0.09610681318063323,-0.2396728880815204,-0.5899346572756392,7.1091040214495444e-06,0.0005101566458408773,0.0001357061067828401,0.0017492636142988466,66.158333
7460,0.41355103266494425,-253.29335786683902,0.09977684527605163,-1.6893846937193233,-0.09962003292106786,-0.238847107995562,-0.589686714043111,7.16118498520905e-06,0.0005063989928286815,0.0001352818697890291,0.0017595990950836813,66.166667
7461,0.4141531268803081,-253.3071220232254,0.05739098541885955,-1.68428929374798,-0.10303917407579888,-0.23777907239128238,-0.5895307914049261,7.2180183922191435e-06,0.0005031510818374964,0.00013496977411264915,0.0017742680865321595,66.175
7462,0.41439544847544035,-253.32091077311105,0.014918003074702292,-1.6819299952563687,-0.10636655127379817,-0.23646600740070747,-0.5894679777478053,7.279351369218177e-06,0.0005003959554996826,0.00013477546196378936,0.0017932880074393053,66.183333
7463,0.41427688213134733,-253.33471215299286,-0.027580225483665694,-1.6822846203000354,-0.10959032592270611,-0.23491218897663554,-0.589498716377195,7.344947813128358e-06,0.0004981190667129702,0.00013470615825837744,0.0018167095907628025,66.191667
7464,0.4137926826401777,-253.34873798841647,-0.07003597667164196,-1.6854096528716649,-0.11274997459953552,-0.2330950567534124,-0.5896241603097074,7.414589452666095e-06,0.0004963079892712797,0.00013477067820125065,0.0018446172416473616,66.2
7465,0.412946198213344,-253.36289412193494,-0.11238657971287169,-1.6912947997434156,-0.11581457950272209,-0.23102938464479308,-0.5898431310791505,7.488077231459722e-06,0.0004949530115849867,0.00013497954638888587,0.001877128168998341,66.208333
7466,0.41173723611149854,-253.37719741734625,-0.1545688667735903,-1.699977828170654,-0.11877836064817114,-0.22871626449076596,-0.5901551356000582,7.565232923423245e-06,0.0004940457603059448,0.00013534499324033752,0.0019143943814176763,66.216667
7467,0.4101710064566824,-253.39172528839134,-0.19651065951620642,-1.711531460580855,-0.12165044663889263,-0.22615229280151253,-0.5905580597783565,7.645900965540576e-06,0.0004935799101055275,0.00013588108484476887,0.0019566034673152003,66.225
7468,0.4082467202228524,-253.40643948673576,-0.23815244791422396,-1.726013607043883,-0.12441156585010932,-0.22334470329625414,-0.5910511132450663,7.729950588153275e-06,0.0004935503407882464,0.00013660391599268744,0.0020039782133878313,66.233333
7469,0.40596753639761185,-253.42139101616792,-0.2794254848222762,-1.7435280384018408,-0.1270634781575719,-0.2202921761103835,-0.5916322695214081,7.81727819602538e-06,0.0004939542649037236,0.0001375316985235184,0.0020567806213679556,66.241667
7470,0.40333225762788116,-253.4367196464378,-0.3202608117289649,-1.7642300017610233,-0.12962513812550416,-0.21697944723560778,-0.5923003931446222,7.907809993500431e-06,0.0004947905832232802,0.0001386850313518132,0.002115312062162851,66.25
7471,0.4003553739204542,-253.45222051346175,-0.3605884876407619,-1.7881805995171114,-0.13204458232331087,-0.2134437386747857,-0.5930501761028254,8.001504958801834e-06,0.0004960606698732123,0.00014008720216423677,0.0021799153140613183,66.258333
7472,0.3970367771456198,-253.46803554509484,-0.40033790112312845,-1.8155804091838,-0.13434104456324414,-0.20967055924442068,-0.5938798304436583,8.098358005090851e-06,0.0004977658876710947,0.00014176431647034695,0.002250976591736435,66.266667
7473,0.3933771440957978,-253.48433036660563,-0.4394337895811586,-1.8466685521963635,-0.13653651105247444,-0.20564174458497184,-0.5947871608480354,8.198403449506573e-06,0.0004999102370688001,0.0001437458277292923,0.002328927583483296,66.275
7474,0.3893892834415098,-253.5010042738184,-0.47779978403242945,-1.881615443170689,-0.13860035576083807,-0.20138117072338077,-0.5957667984514157,8.301718971031767e-06,0.0005025002191488455,0.00014606500723570717,0.0024142467283904167,66.283333
7475,0.3850786487499894,-253.51809279731708,-0.5153602351021914,-1.9206698202432084,-0.14052801039301188,-0.19689124465992852,-0.5968150708110895,8.408429819976169e-06,0.000505542933630778,0.0001487592614755287,0.0025074606766496187,66.291667
7476,0.3804495109692473,-253.53561858915083,-0.5520401537348908,-1.9641085662619335,-0.14231124061879338,-0.19217594679148742,-0.5979284480139203,8.518713330809613e-06,0.0005090475281656055,0.00015187076236288598,0.002609146401938739,66.3
7477,0.3755150911978409,-253.5536543100419,-0.5877468010047474,-2.0122660331306284,-0.1439538475654566,-0.18723681521757163,-0.5991011412727256,8.632803881842152e-06,0.0005130254977244685,0.00015544704972121433,0.0027199332719605937,66.308333
7478,0.37028117056275167,-253.572206695461,-0.6223999107619737,-2.0654885024822307,-0.1454435505228556,-0.18208155906058165,-0.6003290698753256,8.75099829066676e-06,0.0005174892950409939,0.00015954194439448898,0.0028404967903106625,66.316667
7479,0.36475695943518727,-253.59134356316963,-0.6559068804631096,-2.1241937915394966,-0.14677993147224005,-0.17671124558230886,-0.6016072639835339,8.873661631963973e-06,0.0005224538011277455,0.000164216204606218,0.002971562853827787,66.325
7480,0.358955878457588,-253.61110106138244,-0.6881678656343142,-2.1888349618169407,-0.14795738604452705,-0.1711339605294414,-0.6029297572224964,9.001233473045664e-06,0.0005279358352706768,0.0001695386061449324,0.003113901226473925,66.333333
7481,0.3528861680691266,-253.63152468092872,-0.7190857380122392,-2.259923132531567,-0.1489691747307747,-0.16535463586183455,-0.6042917689783902,9.134234529250698e-06,0.0005339535812070305,0.00017558701364115794,0.0032683180412396606,66.341667
7482,0.3465612445527618,-253.65269423879386,-0.7485475281211886,-2.338047864979555,-0.14981517800285224,-0.15937611128445278,-0.6056873618194617,9.273273653059635e-06,0.0005405276390044785,0.00018244946431808024,0.0034356522300857174,66.35
7483,0.33999468114191483,-253.67467357490358,-0.77643528782126,-2.4238577452998453,-0.15049127713751298,-0.15320432359813316,-0.6071106352324581,9.419055099439169e-06,0.0005476801880478256,0.00019022558763656625,0.003616760160818522,66.358333
7484,0.33320186195027324,-253.69752124555183,-0.8026218084919075,-2.5180710129053216,-0.15099213202009837,-0.1468475832975933,-0.6085554009485756,9.572385877420582e-06,0.0005554350485413758,0.00019902788491916315,0.003812504128426892,66.366667
7485,0.3261970984119291,-253.72131477660602,-0.826971580233806,-2.6214963131062787,-0.15131358583588497,-0.14031176245983887,-0.6100158364607431,9.734182853460699e-06,0.0005638173827367149,0.000208983047097585,0.004023738755221301,66.375
7486,0.3190009381830223,-253.74612095978108,-0.849330463959114,-2.7350196290450897,-0.1514514030699578,-0.13360790326970376,-0.6114850066583928,9.905479216548353e-06,0.0005728538415267785,0.00022023316149374027,0.00425130256803179,66.383333
7487,0.3116245893054172,-253.7720750539513,-0.869541075205418,-2.859667033152231,-0.1514047510544328,-0.1267339065217508,-0.6129580988712698,1.008742959913974e-05,0.0005825712557075395,0.000232936760317224,0.004496011008416648,66.391667
7488,0.3040937787496699,-253.79924018734803,-0.8874160855479565,-2.996510458813557,-0.15116800433748595,-0.11970561062253682,-0.6144276311544815,1.0281313113113666e-05,0.0005929981061986865,0.00024726920142402063,0.004758686392891601,66.4
7489,0.29643064830382443,-253.82772399700187,-0.9027543788100598,-3.1467469449186565,-0.1507383818957534,-0.11253174220271121,-0.6158872136164808,1.048853265535086e-05,0.0006041612768447542,0.00026342235041417535,0.005040203694485879,66.408333
7490,0.2886532062342561,-253.85766606509873,-0.9153411361341431,-3.3117025868060974,-0.15011266800625553,-0.10521601502794731,-0.6173315881774417,1.0710608578508731e-05,0.0006160860985420052,0.00028160280036246515,0.005341624069445579,66.416667
7491,0.2807907325056633,-253.88917699258064,-0.9249243182621458,-3.4927609419742622,-0.14928791423127033,-0.09777202478220223,-0.6187537979765986,1.0949164456919447e-05,0.0006287962174981123,0.00030202785988259933,0.0056644561352537865,66.425
7492,0.2728703965682069,-253.9223854011363,-0.9312319241660919,-3.691392442915821,-0.14826048856692917,-0.09021111757261994,-0.6201478005058104,1.1205900866246023e-05,0.000642310084827189,0.0003249187224063961,0.006011088904181759,66.433333
7493,0.26492474883954314,-253.95745883129283,-0.9339501491223816,-3.909129288354325,-0.14703123646271035,-0.08254191492296789,-0.6215071684712061,1.1482552385395267e-05,0.0006566398493103212,0.00035048894545156327,0.006385553532838399,66.441667
7494,0.2569860518649824,-253.99471488428574,-0.9327108171733506,-4.147631314451629,-0.14560966850507978,-0.07475232487507161,-0.6228261611714883,1.178082161482286e-05,0.0006717883813426464,0.0003789274727720557,0.006794716585325763,66.45
7495,0.24909130111483066,-254.0341991972765,-0.9271552540573667,-4.408235950576823,-0.14398284286835777,-0.06687289870489165,-0.6240989256955592,1.2102282832641143e-05,0.0006877472535560235,0.00041037470533374055,0.0072500988792088975,66.458333
7496,0.24127919479211543,-254.07595555880232,-0.9168991311298784,-4.692080963702211,-0.14214071987952284,-0.05893495728547997,-0.6253200774306624,1.2448244593381053e-05,0.0007044938487041764,0.0004448851291091692,0.00777064482940062,66.466667
7497,0.23358365960824748,-254.11975939859568,-0.9016115780142527,-4.999782522522863,-0.14005922156192988,-0.0510058910846815,-0.6264856951328768,1.2819559584564318e-05,0.0007219896093206097,0.00048238100558760914,0.00838648943009884,66.475
7498,0.2260392667910397,-254.1670528837645,-0.880564548899798,-5.333113160989209,-0.13779733832720162,-0.04292061775038537,-0.6275924049873963,1.321637151882298e-05,0.0007401811957966272,0.000522592371154558,0.00914396367630631,66.483333
7499,0.21876193646228848,-254.2172170523956,-0.8532518712070155,-5.690171512482087,-0.1353493202158359,-0.034818240533705296,-0.6286260926172633,1.3637798042640719e-05,0.0007590015919283574,0.000565012922384001,0.010110335969581708,66.491667
7500,0.21177291273458815,-254.27045462577487,-0.819251331278372,-6.069616626019933,-0.13269984496728662,-0.02669937114074744,-0.6295874898712226,1.408152574689935e-05,0.0007783571980940819,0.0006088099819675735,0.011378210394452271,66.5
7501,0.2051066500719597,-254.32682967721922,-0.7781649560478202,-6.468651896465355,-0.12983581746525316,-0.018584834049156836,-0.6304758338925409,1.4543343149914247e-05,0.0007981608729202192,0.0006527898916396449,0.013067167117072282,66.508333
7502,0.1988730830651286,-254.38676235803393,-0.7293319279457018,-6.881617316902387,-0.12679653538177807,-0.01045164962179523,-0.6312811689820637,1.50166667814029e-05,0.0008183446157509448,0.0006953903253878863,0.015317976855290086,66.516667
7503,0.1931205983140525,-254.45012021637385,-0.6725187777641369,-7.301069946777335,-0.12357100481603508,-0.0023338818225869954,-0.6320025889507049,1.5492083881526687e-05,0.0008388607140634875,0.000734736311390681,0.018270305721897126,66.525
7504,0.18789711133989692,-254.51668111898218,-0.607666941503472,-7.71735072605348,-0.12015342954468607,0.005732800563962551,-0.6326395506466096,1.5957042073396823e-05,0.000859719199224132,0.0007688041292632502,0.022026277085229737,66.533333
7505,0.1833192076593778,-254.5867128043063,-0.5345687959142764,-8.116664552665535,-0.11658039348053956,0.013786157654358679,-0.6331835961149435,1.6395858825593996e-05,0.0008810024213282636,0.0007956872487315227,0.026595440568098438,66.541667
7506,0.17943141272819424,-254.6597046732341,-0.4537258645287549,-8.484390330260934,-0.11284666083705941,0.021784545565211314,-0.6336352084507638,1.679014964745355e-05,0.0009028422382693847,0.0008139185319309171,0.03182324940930704,66.55
7507,0.17627161270679376,-254.7351369134509,-0.3659451116149885,-8.80525360174956,-0.10895183820610642,0.029700082517882323,-0.6339952008698027,1.711985736133019e-05,0.0009254058200485257,0.0008228282779388919,0.03734794988946209,66.558333
7508,0.17394950885848873,-254.81276554816395,-0.27208189601068133,-9.060973222116877,-0.10493410282815423,0.037563649620530076,-0.634255720484125,1.7364962092419016e-05,0.0009488256232245149,0.000822737326848978,0.04260591236230536,66.566667
7509,0.1724475480939397,-254.89139851236882,-0.17391458771627893,-9.239836985721459,-0.10079014506218678,0.045299781791401594,-0.6344224058968873,1.7507599618794782e-05,0.0009730757910514736,0.0008148744291583991,0.04690423936977232,66.575
7510,0.17185503437904306,-254.97108113745458,-0.07281225128948272,-9.32882610978,-0.09653502398459944,0.05299786187063907,-0.6344877685640863,1.753439040160378e-05,0.0009979048572635763,0.0008010931963132889,0.04959510409686944,66.583333
7511,0.17215651559286588,-255.05056138556503,0.029047829143839975,-9.323999759216814,-0.0921822597613162,0.06060018093081308,-0.6344545387436755,1.7438380654872004e-05,0.001022727840333563,0.000783304165756107,0.050241730042703284,66.591667
7512,0.1733435146626282,-255.12898019387816,0.12963759219464274,-9.226600879081989,-0.08774653290941163,0.068097035937351,-0.6343231450411728,1.722016200798352e-05,0.001046660099614275,0.0007630309911292668,0.04876462073916313,66.6
7513,0.1753943408665734,-255.2054212931634,0.22701039314286975,-9.043603673644977,-0.08325357863915689,0.07547265648391796,-0.6340940249229875,1.6887906179854552e-05,0.0010685988603437464,0.0007411172284764423,0.045452770773910016,66.608333
7514,0.1782208013565231,-255.2789856876238,0.31943801369519215,-8.789285767770622,-0.07871677548975849,0.08268525376390791,-0.6337738798203135,1.6456223140736902e-05,0.0010873785884677192,0.0007177617662352665,0.04085984311250327,66.616667
7515,0.18186233710709854,-255.34979847825983,0.4058418704740334,-8.473767174551424,-0.07413780642651936,0.08982690170028942,-0.6333539500667779,1.5944255241518275e-05,0.0011019683560200954,0.0006927688114521747,0.03563299121743996,66.625
7516,0.18619441014936844,-255.41715943910478,0.4851603861259423,-8.116135274912468,-0.06952287668638599,0.09684135513073033,-0.6328434515973863,1.5373248098520867e-05,0.0011115607527230002,0.0006659081766558665,0.030357508369294704,66.633333
7517,0.19117771561861818,-255.48060716729296,0.5567619122248958,-7.7307583885586215,-0.06491497563637173,0.10372663848612794,-0.6322415227446687,1.4764429825754583e-05,0.0011157234847789259,0.0006371519175137951,0.025457340287745562,66.641667
7518,0.1967278191275202,-255.54013948489413,0.6204394299444145,-7.3320720919164195,-0.06030889061974327,0.11048348192246073,-0.6315526507034115,1.4137301199418839e-05,0.0011143714182438552,0.0006067688719844593,0.021174193393532385,66.65
7519,0.20277373378733177,-255.5956820934338,0.6762038981243386,-6.93164114774258,-0.05572209085560598,0.11710689555986346,-0.6307801013657699,1.350856999472852e-05,0.0011077418632241774,0.0005752840187595149,0.01759152427908952,66.658333
7520,0.2092396752693227,-255.64739002058278,0.7243065464253248,-6.5385961890502955,-0.05115363378436032,0.12359640670053161,-0.6299283663063383,1.289166589067552e-05,0.0010963107853036703,0.0005433681817404642,0.014685472085160708,66.666667
7521,0.21606239521787513,-255.69538654599216,0.7651019223837112,-6.159371947800097,-0.046614884107390946,0.12995079131754136,-0.6290010787682319,1.229672574404669e-05,0.0010807092595628276,0.0005117165734050703,0.012373601019935966,66.675
7522,0.2231776239681724,-255.73990061933313,0.7990427511127114,-5.7984027420140585,-0.04210710744948981,0.13616874902404721,-0.6280028471013991,1.1730876543788965e-05,0.0010616400397580057,0.0004809547172944985,0.01055242683143999,66.683333
7523,0.23052598137990093,-255.78116648715297,0.8266153565445329,-5.458372000954255,-0.03763302227900933,0.14224746109400033,-0.6269385361600119,1.1198687046628408e-05,0.0010398174882645366,0.00045158278352807355,0.009120137132744538,66.691667
7524,0.23805571817061785,-255.81940619727305,0.8483060162758262,-5.140567551537178,-0.03319842562624225,0.14818457692795772,-0.6258128381334319,1.070267027856739e-05,0.001015923159054495,0.0004239558466923891,0.007988008001344683,66.7
7525,0.24570333456373983,-255.85520577074297,0.8646665652855517,-4.845397638556316,-0.028750979763647728,0.15397811968923755,-0.6246331983617244,1.0243766041229224e-05,0.000990577029321905,0.00039828986616489704,0.007084136535330677,66.708333
7526,0.25345509476492795,-255.8881667773449,0.8760122271725762,-4.572262600853147,-0.024391694969978086,0.15962372089125287,-0.6234002130424107,9.821773315958166e-06,0.0009643303270055446,0.00037468253707161774,0.006352732074669661,66.716667
7527,0.2612398904922091,-255.9191752667672,0.8828969008417406,-4.320543207410771,-0.02001446187901911,0.16511608685454554,-0.6221242736411556,9.435688814414737e-06,0.000937641302042774,0.00035313734613234116,0.005752169031222948,66.725
7528,0.2690539636976146,-255.94784091876906,0.8855849772118206,-4.0889137668857165,-0.015719675648131287,0.17045757901655326,-0.6208056203267921,9.084003631514184e-06,0.0009109042909280921,0.0003335920305733363,0.005251500301491502,66.733333
7529,0.27684529438713196,-255.97468081984468,0.8844898945660307,-3.876257642761174,-0.011453915983071888,0.17563946554582113,-0.6194530641036745,8.764899202136793e-06,0.0008844277922147711,0.00031593848514503323,0.004828283141815229,66.741667
7530,0.2845877278248404,-255.9998728595774,0.8799227285600771,-3.681203269434384,-0.0072172694555897015,0.1806591839443767,-0.6180717457982992,8.476414070298646e-06,0.0008584644569921428,0.00030004288430926214,0.004466034865235387,66.75
7531,0.29225343518318625,-256.023637474723,0.8721736837211199,-3.5024178746906545,-0.0029988330814866475,0.18551165181893023,-0.6166676144533305,8.216548336863793e-06,0.0008332089773243835,0.0002857586148644674,0.004152674857367404,66.758333
7532,0.29980570245118726,-256.0464316606717,0.8615370982594233,-3.338651882497012,0.0012610105837478284,0.19018361130338338,-0.6152488248829991,7.983338214587099e-06,0.0008088081380968973,0.00027293619215521567,0.0038792457989289234,66.766667
7533,0.3072471459211021,-256.0677149974193,0.8481576944927419,-3.188604348932048,0.005435795030433697,0.19468495152134163,-0.6138165315951665,7.774904347876782e-06,0.0007853720735996743,0.00026143005839505235,0.0036389851088076903,66.775
7534,0.3145422751708915,-256.0879644218024,0.8322875487442543,-3.051194693675202,0.009592003018836176,0.19900243664128886,-0.6123794055688977,7.589474911122541e-06,0.0007629683729202285,0.0002511018579789344,0.0034267825784413493,66.783333
7535,0.32167267826822166,-256.10735175444904,0.8141186225662329,-2.9253539425869364,0.01374247653712046,0.20313055004764585,-0.6109432352125421,7.425403278646879e-06,0.0007416428106372805,0.00024182389279657458,0.0032386210092435696,66.791667
7536,0.32862263168443173,-256.1259215782403,0.7938156567122028,-2.8101086057096443,0.017876780324099915,0.20706570491589105,-0.609513516871389,7.281170151578889e-06,0.0007214186536742989,0.0002334798415989926,0.0030713089091676193,66.8
7537,0.33537521218535704,-256.1437980044847,0.7715367922166322,-2.704579510676149,0.022002084016799917,0.2108018727055243,-0.6080962024538237,7.155381028002263e-06,0.0007023009882624944,0.00022596497676422768,0.002922268299278045,66.808333
7538,0.34190672310407516,-256.1613543790459,0.7474460306303999,-2.608008109721249,0.026180463291077732,0.21432109486509854,-0.6066989074604388,7.046759957721161e-06,0.0006842814249487102,0.00021918592128991794,0.002789378424389166,66.816667
7539,0.34821208239130996,-256.1783589852338,0.721651229130761,-2.5196286334834066,0.03034870402622696,0.2176294586493137,-0.6053254393860671,6.9541412950408876e-06,0.0006673433375823492,0.00021306004415260564,0.002670861300381446,66.825
7540,0.3542822431740432,-256.1948199967277,0.694270286489136,-2.43876751272466,0.03449352885161726,0.2207267659360054,-0.6039804665242036,6.876459122937995e-06,0.0006514594960469548,0.0002075145706899466,0.0025652280178755774,66.833333
7541,0.3600997955210376,-256.2108102918174,0.665417601601278,-2.3648654528881377,0.038615756097235325,0.22360570050420012,-0.6026705789725137,6.812737540726859e-06,0.0006365962070976326,0.00020248580006968135,0.0024712123589866923,66.841667
7542,0.36565549962828087,-256.2264255321545,0.6352019179536987,-2.2973847543170662,0.04272315569576824,0.226262132465981,-0.6014006086256831,6.762081283279292e-06,0.0006227175750998441,0.0001979182449211354,0.0023877252232019446,66.85
7543,0.37094102138038176,-256.2417018956601,0.6037228538348248,-2.235841013119519,0.046811284261582924,0.2286940847095129,-0.6001751677307713,6.723666326426475e-06,0.0006097848391036795,0.00019376376780725978,0.002313827144262956,66.858333
7544,0.375951892101228,-256.2563701851714,0.571060256512073,-2.179757136538632,0.05080627676595914,0.23091713977683062,-0.5989979210936115,6.696731549655185e-06,0.000597757647997119,0.00018998080880695814,0.0022487052848827603,66.866667
7545,0.38066342401104863,-256.2711149069381,0.5373312197935148,-2.128889187070988,0.054851842460106756,0.2328874085169109,-0.597877280893838,6.680571182110555e-06,0.0005865944366993186,0.00018653370970836487,0.0021916583156881093,66.875
7546,0.3850764293927435,-256.2856078999657,0.5026071117582481,-2.08281687447123,0.05886266400194928,0.23462487061006995,-0.5968156076660542,6.674528720088388e-06,0.0005762577414683881,0.00018339196880714465,0.0021420685981153546,66.883333
7547,0.38918280983749204,-256.29989090108126,0.4669704444391309,-2.0412404810845826,0.06283742003000328,0.23612657999046036,-0.595817261869763,6.677990697956737e-06,0.0005667087870142779,0.000180529776242689,0.0020994054076944302,66.891667
7548,0.3929751874011509,-256.3139715236526,0.4304992147043547,-2.003888995112041,0.0667671861912406,0.23739188495280472,-0.5948863324053248,6.690382019709015e-06,0.0005579103418701484,0.00017792548047619423,0.002063209603398644,66.9
7549,0.3964482869790398,-256.32791521168036,0.3932727313698129,-1.970525273680358,0.07065735360257179,0.2384173649969728,-0.5940262714104331,6.711161874048899e-06,0.0005498269679763083,0.00017556115839604668,0.0020330860479751025,66.908333
7550,0.39959258508472334,-256.3418323683217,0.35536676255259764,-1.9409697488938098,0.07452372360484628,0.2391930304990444,-0.5932414529150435,6.7398203440941235e-06,0.0005424249167135116,0.00017342223643323018,0.002008696649293866,66.916667
7551,0.40240608229675295,-256.3556307962029,0.3168512529572211,-1.915005224032494,0.07833512926750025,0.23972756659832653,-0.5925342302445396,6.775875771905059e-06,0.0005356732287494173,0.00017149717848573908,0.0019897543849383328,66.925
7552,0.40488950046593686,-256.3690554074554,0.2777885305958222,-1.8923961689528648,0.08202176555205826,0.24004610690358785,-0.5919060814117004,6.818872552551869e-06,0.0005295423829348515,0.0001697772197838043,0.001976020536667117,66.933333
7553,0.4070239287180862,-256.38274404651736,0.23826359774056016,-1.8731865694734493,0.08572451284154138,0.2400901544806962,-0.5913632879165868,6.868379533443831e-06,0.0005240041152222278,0.00016825612246189396,0.0019673019925519593,66.941667
7554,0.4088133649626505,-256.3964416374594,0.19834020663501667,-1.8571755782132682,0.08937433181132547,0.23988468518150935,-0.5909061510127029,6.923989158812966e-06,0.000519035169904536,0.0001669300269745704,0.0019634416389088627,66.95
7555,0.41025612243299664,-256.41015996472174,0.15808727359108823,-1.8442613229654137,0.09296511364496667,0.23943056714024408,-0.5905362002789325,6.985316583360534e-06,0.000514612822871785,0.00016579727603081016,0.0019643221714912497,66.958333
7556,0.41134724888257856,-256.4238434429718,0.11756550528126221,-1.8343583790891431,0.09647391318404797,0.23873337777397935,-0.5902555980993177,7.051999486936e-06,0.0005107162509162707,0.00016485830553807237,0.001969862115553019,66.966667
7557,0.4120863947525998,-256.4375741846936,0.07684645973516532,-1.8274176507660327,0.0999116771576279,0.23778841435404757,-0.5900651145784995,7.123698227609029e-06,0.0005073271976349128,0.00016411554946686014,0.0019800152043183443,66.975
7558,0.41247182149898387,-256.45139606771437,0.03599740823027272,-1.82340633189515,0.1032796918539098,0.23659319261450848,-0.5899656592845346,7.200096248247009e-06,0.0005044291382027043,0.00016357339777946938,0.001994767655436955,66.983333
7559,0.4125016830209094,-256.4652785776531,-0.004919221902064183,-1.8222916495846548,0.1065614132002079,0.23515270552642092,-0.5899579501764333,7.280900837405704e-06,0.0005020076148606886,0.0001632381744036891,0.002014137844820971,66.991667
7560,0.412175487065803,-256.4793063990382,-0.04583384874463647,-1.8240860643333803,0.10976761250483057,0.23346062871614673,-0.5900421330383542,7.365844167135589e-06,0.0005000502860542573,0.00016311811678823714,0.0020381767070937313,67.0
7561,0.4114935974414976,-256.4934288540475,-0.08668376450640823,-1.8287807909900784,0.11287724913330088,0.23152550554405732,-0.590217908561463,7.454684581735138e-06,0.0004985467035901273,0.00016322343830326257,0.00206696630964704,67.008333
7562,0.4104562545058882,-256.50771588283277,-0.1274001745633279,-1.8364205830809375,0.11589722122739501,0.22934268010071082,-0.5904847854703721,7.547208139153131e-06,0.0004974882257431146,0.00016356633449661248,0.0021006213819785616,67.016667
7563,0.4090658122020737,-256.52218974206176,-0.16791440109893574,-1.8470496928388964,0.1188234490835786,0.22691367014482153,-0.5908415074495776,7.64323039508442e-06,0.0004968680825456285,0.00016416111552124629,0.002139288503769897,67.025
7564,0.40732368044559053,-256.5368307352127,-0.20816189006026856,-1.8607216225521461,0.1216418530120209,0.22424459926127846,-0.5912868440731205,7.742598405022904e-06,0.0004966810780177198,0.0001650243032799932,0.002183146841819329,67.033333
7565,0.40522994334040197,-256.55170954545065,-0.24807422643656102,-1.877542806353295,0.12435806130339508,0.22133017047494685,-0.5918196861396147,7.845192967366938e-06,0.0004969238365915849,0.000166174749478439,0.002232409898029159,67.041667
7566,0.4027902821942827,-256.56676825649026,-0.28758355994732654,-1.8975825416549177,0.12695027616719026,0.21818385987068908,-0.5924372906468681,7.950931099495262e-06,0.0004975950636267307,0.0001676338732012715,0.0022873257696777866,67.05
7567,0.4000093983969949,-256.58212849324013,-0.32661141233275637,-1.9209965380654737,0.1294356967050479,0.21479627841977084,-0.5931369756401089,8.059768691627444e-06,0.000498694674741664,0.0001694257753252185,0.0023481788099812,67.058333
7568,0.39688815074070216,-256.5978149021344,-0.3650902948021448,-1.9479425066678064,0.13180808925906518,0.21116802359364517,-0.5939168343239886,8.171703408386642e-06,0.0005002240894566842,0.00017157764853820514,0.0024152880676212604,67.066667
7569,0.3934327643806349,-256.61380580831855,-0.4029478863619327,-1.9785718027712484,0.1340527073667788,0.20730882918421573,-0.5947734305312457,8.286777866183809e-06,0.000502186974300851,0.00017412000503247579,0.0024890113767578725,67.075
7570,0.3896481564337566,-256.63016306487617,-0.4401068763023285,-2.0130977357696973,0.13617160896170843,0.2032170138355426,-0.5957034924159372,8.405082990845456e-06,0.0005045884016436935,0.00017708696312029732,0.002569745749642024,67.083333
7571,0.3855405287174687,-256.6469959750882,-0.476482591859456,-2.0517809723982636,0.13817558250308476,0.19888493437876734,-0.5967032796567208,8.526761622479493e-06,0.0005074351969231985,0.00018051673390419968,0.002657927191346823,67.091667
7572,0.3811176264916523,-256.66406472984863,-0.5120159004533432,-2.0947654820460215,0.14000603998032662,0.1943542793037382,-0.5977685468150292,8.652012382958804e-06,0.0005107358272232673,0.00018445216201180432,0.0027540292346015438,67.1
7573,0.37638341214687143,-256.6815217863319,-0.5466200691975561,-2.1423999059227903,0.14168184331503453,0.18961156305150706,-0.5988958366093543,8.781093681909633e-06,0.0005145003153918423,0.00018894067442709728,0.0028585726382298273,67.108333
7574,0.3713486467057057,-256.6994810283667,-0.580197913352178,-2.1950430803876113,0.1432142930499278,0.18465160796354205,-0.600079963520436,8.91432792293221e-06,0.0005187409656040545,0.00019403538738691606,0.0029721176065324604,67.116667
7575,0.36602285040239957,-256.7180169984582,-0.6126544749708177,-2.2530839163729537,0.14460499699444676,0.1794742255226339,-0.6013159817377939,9.05210595477138e-06,0.0005234712995307852,0.0001997957325286565,0.0030952595279499307,67.125
7576,0.3604143630640497,-256.73719448459934,-0.643894052728059,-2.316957708106169,0.14585186809116382,0.17408040360966534,-0.6025991688754755,9.194891642899004e-06,0.0005287064425835686,0.00020628807716340945,0.003228628938300113,67.133333
7577,0.354534223707977,-256.7570039104041,-0.6738207314614114,-2.3871076004831693,0.14693991117840113,0.16848380350847428,-0.60392415346151,9.343226504412753e-06,0.0005344634513566467,0.00021358640543233325,0.003372890900032803,67.141667
7578,0.34839299626585973,-256.7775615667747,-0.7023219771847544,-2.4640979766842963,0.14787474833872946,0.1626801202922554,-0.6052856763062007,9.49773419767067e-06,0.0005407609467989894,0.0002217728354311283,0.0035287455428702616,67.15
7579,0.3420044797413966,-256.7988558387707,-0.7292888906282828,-2.548479904472117,0.14864072264756606,0.15668598613299475,-0.6066777975139196,9.659124738571415e-06,0.0005476192715198895,0.00023093862202897233,0.0036969222858342864,67.158333
7580,0.33537857887520417,-256.8210307739515,-0.7545953337828375,-2.6409675293295773,0.1492445331348807,0.15049404771021552,-0.6080954888906404,9.828198116453327e-06,0.0005550599871783483,0.00024118439520375338,0.0038781870771927803,67.166667
7581,0.32853609626471564,-256.84410419536397,-0.778104266379938,-2.742250190107703,0.1496760802622087,0.14412124920475736,-0.6095314997610879,1.0005846988173326e-05,0.0005631065739116513,0.00025262104006762323,0.0040733463974101025,67.175
7582,0.321485485158938,-256.868190805841,-0.7996803566017147,-2.853185495424976,0.14993330505009855,0.13756570681045702,-0.6109813360672268,1.0193057768147456e-05,0.0005717823944161246,0.00026536954040940066,0.004283263768646108,67.183333
7583,0.314249646161927,-256.89337537774423,-0.8191561307341043,-2.9746615080647496,0.15001415109684965,0.13083712864338273,-0.612437680841934,1.0390909449310164e-05,0.0005811128850327766,0.00027956082623011404,0.004508909718654557,67.191667
7584,0.3068451236902168,-256.9197401508309,-0.8363654732247753,-3.1076694813132426,0.1499119579467181,0.12394400517942804,-0.6138947801705626,1.0600569057091987e-05,0.0005911225677458537,0.0002953348484779343,0.00475141989865928,67.2
7585,0.29929058458395935,-256.94740374404506,-0.8511202570228648,-3.253313414653097,0.14962391919019544,0.11689148405106149,-0.615346712381326,1.0823282133592076e-05,0.0006018359555422793,0.00031283834706275626,0.00501223573378375,67.208333
7586,0.29160825078547564,-256.976497725709,-0.8632083553247353,-3.412789295100748,0.14914814397336137,0.10968548170052965,-0.6167871909576466,1.106035659241236e-05,0.0006132766164800039,0.00033222144869414385,0.00529331756997944,67.216667
7587,0.2838196513940893,-257.0071457080148,-0.8724036308070363,-3.58738074949592,0.14847918110936126,0.10233427811779937,-0.6182104342173483,1.1313137207846931e-05,0.0006254657934963469,0.00035363210394348543,0.0055974905631745045,67.225
7588,0.2759524067117579,-257.03950770682246,-0.8784419019682133,-3.778451567073431,0.14761613040986102,0.0948444391626675,-0.6196099765810247,1.1582967430787081e-05,0.0006384217082976031,0.0003772074077010323,0.005929005958602716,67.233333
7589,0.2680343187404026,-257.0737136206237,-0.8810431887312118,-3.987394130433917,0.14655283923286025,0.08722851991059909,-0.6209798413016269,1.187113416380714e-05,0.0006521572999367499,0.00040306158640202196,0.006294370777840379,67.241667
7590,0.2600980825798376,-257.1098937128639,-0.8798947470221558,-4.215587879829084,0.14528423650486716,0.07950197411604418,-0.6223137789016484,1.2178790148129188e-05,0.000666679112955025,0.00043126850658297783,0.006703613559456311,67.25
7591,0.2521768834518177,-257.14828770516675,-0.8746362689888602,-4.464457706824788,0.14381221383298468,0.07166579195196969,-0.6236061049190851,1.2506847480719564e-05,0.0006819852127973862,0.0004618385780768034,0.007172073537906253,67.258333
7592,0.24430516485518158,-257.18906481699423,-0.8648938227050328,-4.735245458057907,0.1421305400428204,0.06373307690654659,-0.6248515961179586,1.2855835510949909e-05,0.0006980642709580949,0.0004946899462021047,0.007722833190723048,67.266667
7593,0.2365210225520748,-257.2324543386847,-0.8502472551843216,-5.02898877275566,0.14023660470666377,0.05571058469063215,-0.6260451566219285,1.3225716029042405e-05,0.0007148952110433794,0.0005296113285460293,0.00838992208034856,67.275
7594,0.22887034668552944,-257.27855646188226,-0.8302670122217565,-5.346136033890552,0.13812288508999288,0.04762574746313633,-0.6271812891572853,1.3615649231744321e-05,0.0007324474954002436,0.000566220672054973,0.00922205880901767,67.283333
7595,0.2214104512972457,-257.32773060517115,-0.8044149894250757,-5.6865736897454315,0.13580029987104011,0.03947184399881488,-0.6282537423384511,1.4023706519516963e-05,0.0007506825124090624,0.0006039201379206555,0.010286483405964377,67.291667
7596,0.21417800399605724,-257.38005566751275,-0.7722763683501808,-6.049343252794175,0.13325170460065142,0.03127618342863214,-0.6292601181126605,1.4446532943226195e-05,0.0007695566555775001,0.0006418606984495219,0.011671237460031186,67.3
7597,0.20724625821591589,-257.43588255402176,-0.733275799426366,-6.431923917600496,0.13049058438726818,0.02303351471536692,-0.6301937616813786,1.487898218975552e-05,0.0007890357566282375,0.0006789214970760196,0.01348484131369726,67.308333
7598,0.2006634392912232,-257.4951976479913,-0.687048195234019,-6.830296289626444,0.12750285310910098,0.014779487604172869,-0.6310523764880355,1.531375242031244e-05,0.0008090988247845533,0.0007137246638424525,0.01584758690877593,67.316667
7599,0.19450926434784793,-257.5583038452145,-0.6331212899249334,-7.238032081279967,0.12430041183267715,0.006506066211647805,-0.6318303501705791,1.574108969445588e-05,0.0008297594994352031,0.0007447060198759999,0.01887335866053733,67.325
7600,0.18883628658206644,-257.6251179202251,-0.5713292966855561,-7.646714227006213,0.12087147732944636,-0.0017552165965252875,-0.6325262981559712,1.614864783924685e-05,0.0008510713311079217,0.0007702519238869803,0.022633905733696804,67.333333
7601,0.1837395744027767,-257.6956645993565,-0.5015266900755119,-8.04423763793974,0.11723340375550403,-0.00999681983056061,-0.6331341921845434,1.6521631593724515e-05,0.0008731404311668947,0.0007889123467332278,0.027111596055848366,67.341667
7602,0.17927320716340844,-257.7698296529767,-0.4239480682985602,-8.4172026092712,0.11337721221929749,-0.01820742985034205,-0.6336533831075356,1.6843332244266155e-05,0.0008961020544788585,0.0007996385441192889,0.03214110986640371,67.35
7603,0.17550451228814345,-257.8471995449889,-0.33915851003702857,-8.749800662269118,0.10930843317186834,-0.026356245593001575,-0.6340816409830462,1.7096168556523523e-05,0.0009200929669107075,0.0008020235546434233,0.03737122003740994,67.358333
7604,0.1724995483968583,-257.9274191468265,-0.24801671021247765,-9.025393055535014,0.10503384956457457,-0.03443698649876171,-0.6344166588942399,1.7263247675936737e-05,0.0009451780674628232,0.0007964026101829543,0.04226860049485396,67.366667
7605,0.17031143403641671,-258.0099176708019,-0.15179758158604492,-9.228324124003485,0.10055963771985048,-0.04243536125831102,-0.6346570034692197,1.7330272309160506e-05,0.0009712574223238286,0.0007837731942460434,0.04619043151865111,67.375
7606,0.16900514209357345,-258.09404412449203,-0.052077629728757506,-9.344528554645349,0.0959041579345542,-0.05034962524096875,-0.6347990393856611,1.7287503220098985e-05,0.0009979768379150776,0.0007655215453963767,0.048528589315535386,67.383333
7607,0.16856134917165666,-258.17888534425435,0.049145812976570044,-9.368095048603708,0.09105515479233617,-0.05814376858246648,-0.6348470474348702,1.7131319288064066e-05,0.0010246657544918482,0.0007430418659120518,0.04888032874698317,67.391667
7608,0.1690136007827441,-258.26355873995175,0.1498887350703011,-9.295621551162643,0.08603962626199743,-0.06581062413175004,-0.6347981231384395,1.6865064620309014e-05,0.0010503755723570143,0.0007174153690753546,0.047181468779698095,67.4
7609,0.17035030559342895,-258.3472161819135,0.24815528833418873,-9.131436990832412,0.08086807351539073,-0.07333990196982737,-0.634652760287833,1.6498803599252517e-05,0.001073953107236975,0.0006892503593217281,0.043724176861654765,67.408333
7610,0.17256112109592378,-258.4289798870206,0.3421069836391324,-8.884764790331953,0.07556674724930436,-0.08072372262740449,-0.634409851745174,1.604803697508265e-05,0.0010942104917857059,0.0006587954369866024,0.039061273822376986,67.416667
7611,0.17558897684408475,-258.5081621947136,0.4302202584821612,-8.5706489789819,0.07014215663549576,-0.0879494740678394,-0.6340721414395306,1.553171331527969e-05,0.0011100957027544744,0.0006261857992299646,0.03384054844100851,67.425
7612,0.17935366391951538,-258.58435703686445,0.5114102951820825,-8.206606028309425,0.06458538417941605,-0.09500706216447473,-0.6336441422164912,1.4970047506221801e-05,0.001120849132295854,0.0005916778973339275,0.028641384630212496,67.433333
7613,0.18382774161827814,-258.6569851828599,0.5848840169236049,-7.807992355992346,0.058939892111286495,-0.10189619874804161,-0.6331238160696607,1.4382584323355905e-05,0.0011260838408908807,0.0005557631894916879,0.023874647496493328,67.441667
7614,0.18893219899630925,-258.7257082169415,0.6502474458392057,-7.390983299240153,0.0532252024658694,-0.10860360759039064,-0.6325147009491714,1.3786693559835482e-05,0.0011257612408218881,0.0005191667135484283,0.019763169902388536,67.45
7615,0.19458441918088193,-258.7906152218511,0.7074932878492664,-6.969221046843161,0.047429986353802064,-0.1151309725336594,-0.6318209938217723,1.3196742031465914e-05,0.0011201577123538435,0.0004827363073674788,0.016369408316959787,67.458333
7616,0.20071993324551632,-258.851467118034,0.7567460804299323,-6.55326802500705,0.04159571520097824,-0.12146752853897234,-0.631045124110434,1.262383199363682e-05,0.0011097791738750148,0.00044730620422511546,0.013649767018130187,67.466667
7617,0.2072755056233547,-258.9083056079707,0.798341277464521,-6.15095817781375,0.03574321616846184,-0.12761521415186464,-0.630189885900201,1.20759359662263e-05,0.0010952624135521245,0.0004135873413026924,0.011507979276090648,67.475
7618,0.21417386222216497,-258.96137822620614,0.8327622744927756,-5.76796998254121,0.02987126947667207,-0.13357099327259403,-0.6292606850042555,1.1558287471121333e-05,0.0010772972964261825,0.00038210713328687624,0.009832608399021331,67.483333
7619,0.22135147995238963,-259.01085819085273,0.8605173388903588,-5.407671257567727,0.023994226483436378,-0.13933250642869188,-0.6282620810010422,1.1073893501539094e-05,0.0010565759486653747,0.0003531942238266611,0.008518986089247572,67.491667
7620,0.2287516073378219,-259.05692760901917,0.8821273949500688,-5.07175953658592,0.018128763647635368,-0.1448990526212459,-0.6271986329338367,1.0624042890199896e-05,0.0010337488546739626,0.0003269965598942701,0.007479422913011369,67.5
7621,0.2363223758152698,-259.09986425583463,0.8981153388793128,-4.760685054842559,0.012278847730997033,-0.15027204431286084,-0.6260751195123734,1.0208767553748768e-05,0.0010094019844778647,0.0003035168784134018,0.006645270795918751,67.508333
7622,0.2440151859376053,-259.13978848824144,0.9089596497361326,-4.474130062881602,0.006471298740809725,-0.15544999513531405,-0.6248967386545061,9.827229158502642e-06,0.0009840474923137792,0.00028265298134708204,0.005965032133102002,67.516667
7623,0.251787220816584,-259.1769826993799,0.9151239155453895,-4.211120291109184,0.0007077191574370174,-0.1604350455647067,-0.6236686684163674,9.478025895735868e-06,0.0009581234550654798,0.000264234182498181,0.005401093676075955,67.525
7624,0.25960026442165546,-259.21167705021855,0.9170262581299722,-3.9703524110908117,-0.005005169706839879,-0.16522861876131312,-0.6223961475575137,9.159423723888274e-06,0.0009319970565106265,0.00024805186873644487,0.004926343885381838,67.533333
7625,0.2674122816265885,-259.2440850998309,0.915051722592933,-3.7503940250638057,-0.01066063791014277,-0.16982721310643517,-0.6210858082132052,8.869524810521066e-06,0.0009059708678847348,0.00023388193929120958,0.00452130910474651,67.541667
7626,0.2751954839124113,-259.27441423525903,0.9095378500215007,-3.5496473256310255,-0.01625419021570677,-0.174233789705935,-0.6197426082666413,8.606387199860786e-06,0.0008802931824148197,0.00022150052610990203,0.004171908912887897,67.55
7627,0.28291838834189437,-259.30285549399923,0.900792042162191,-3.366573104593743,-0.021781651394092372,-0.17844682161392564,-0.6183727065406704,8.368101593713253e-06,0.0008551606779838563,0.0002106938432275667,0.003867851243077759,67.558333
7628,0.29055192644697575,-259.32955983745364,0.8890875284053376,-3.199684665362899,-0.027234686244952525,-0.18246502985795743,-0.6169824125694944,8.152842847315847e-06,0.0008307282594834297,0.00020126409264491256,0.00360146139497121,67.566667
7629,0.2980725773561643,-259.3547030124555,0.8746694366749026,-3.0475550312712874,-0.032612591165234406,-0.18628807939500117,-0.6155775199345823,7.958899119617828e-06,0.0008071152316895182,0.00019303221597947317,0.0033668906303139005,67.575
7630,0.3054578692747051,-259.3784703934041,0.8577594318018905,-2.908863661419762,-0.03791968983382564,-0.18991354417141967,-0.6141640298317353,7.78468592115074e-06,0.0007844096249002915,0.00018583865209345784,0.0031595792711467847,67.583333
7631,0.3126865106396371,-259.4009639485517,0.8385524954052417,-2.7824072407499343,-0.04314744043805821,-0.1933406318705237,-0.6127480812924272,7.628750673610126e-06,0.000762673582218223,0.00017954288225943007,0.002975889542184597,67.591667
7632,0.31973908420604996,-259.42233645362614,0.8172281433120722,-2.6670832648664597,-0.04829943737672246,-0.19656617774364976,-0.6113357627297327,7.4897705231210035e-06,0.0007419479013888982,0.00017402220945949982,0.0028128601871085664,67.6
7633,0.326597945347824,-259.4426928494502,0.7939466862840758,-2.561895118017862,-0.05337251313445018,-0.19958842089883566,-0.6099330699026101,7.3665458783742584e-06,0.0007222556551603831,0.00016917019840032146,0.002668037248642845,67.608333
7634,0.3332462472944689,-259.4621276082823,0.7688541753995358,-2.4659451941856525,-0.058363355549464535,-0.20240537140958084,-0.6085460516916994,7.257991533207965e-06,0.0007036053422312161,0.0001648949634878371,0.0025393589932382354,67.616667
7635,0.3396711673222183,-259.48077961336867,0.7420863930793051,-2.378422774408067,-0.0632801082446863,-0.20501339444881403,-0.6071800792788873,7.163126630139405e-06,0.0006859938483143721,0.00016111748644094068,0.0024250736558265045,67.625
7636,0.345858453748799,-259.4987124202255,0.7137654343303619,-2.2986067458484767,-0.06811710921652542,-0.20741101780071752,-0.6058409377079552,7.081064093383359e-06,0.000669408072005641,0.00015777000698683228,0.002323681155162477,67.633333
7637,0.35179404697019345,-259.51599796072793,0.6840050493954408,-2.225853000541042,-0.07287161375188465,-0.20959558896144168,-0.6045344735191721,7.0110004734120246e-06,0.0006538278364595749,0.00015479459724229632,0.002233888661992739,67.641667
7638,0.35746884032550524,-259.5327056125139,0.6529113255703295,-2.159580819278682,-0.07754246848895271,-0.21156658082019975,-0.6032654972204939,6.952206181548962e-06,0.0006392278155029911,0.00015214186753355878,0.0021545769600774868,67.65
7639,0.36287601925895796,-259.54888587616097,0.6205834847512319,-2.099270859191071,-0.08212612836179183,-0.213325363047739,-0.6020382888129732,6.90401631814343e-06,0.00062557797241964,0.00014976980996066615,0.0020847759025396815,67.658333
7640,0.367994979986856,-259.56465110259376,0.5871155702936497,-2.0444843354230704,-0.08663020345231097,-0.2148596097062645,-0.6008602738097127,6.865822439229671e-06,0.0006128446760454784,0.0001476428204308556,0.0020236436996096127,67.666667
7641,0.37282752079944814,-259.5799571213099,0.5525944944734282,-1.9947904152273406,-0.09103442172936635,-0.21618211686767835,-0.5997337234831883,6.837065470309473e-06,0.0006009952700307786,0.00014573089083766007,0.0019704459199528265,67.675
7642,0.37735922418408463,-259.59489208985906,0.5171043280316141,-1.9498391092592826,-0.09534391001943983,-0.21728500753952423,-0.5986645780374465,6.817228794606992e-06,0.0005899935175032806,0.00014400881449597188,0.001924548209176441,67.683333
7643,0.3815849896783571,-259.60951562667805,0.48072720764416343,-1.909309750669452,-0.09956048047963877,-0.218167118280699,-0.5976565333900057,6.805832875262233e-06,0.000579804591013182,0.00014245561744801664,0.0018853997535624157,67.691667
7644,0.3854988369934082,-259.62382869793703,0.443539335676577,-1.8729125944993141,-0.10367350879497737,-0.2188320439492651,-0.5967133757434341,6.8024302563290485e-06,0.0005703934692352417,0.000141054008340911,0.001852525592004438,67.7
7645,0.389085032773592,-259.6380521575848,0.4056180324229034,-1.8404359316503114,-0.10771838243181531,-0.2192546153309414,-0.5958411503230993,6.80660145579445e-06,0.0005617258485661301,0.0001397899476993176,0.0018255183730776755,67.708333
7646,0.3923446277413801,-259.65212724338517,0.36703582879787205,-1.8116406196437576,-0.1116739138505062,-0.21944660170592764,-0.5950417116816515,6.817951618739325e-06,0.0005537705702304574,0.00013865227802267385,0.0018040292655585263,67.716667
7647,0.39527062711952393,-259.666030916265,0.32785974399952306,-1.786327442634161,-0.11552479561367819,-0.21941242355336676,-0.5943187046230801,6.836107569247142e-06,0.0005464963169337391,0.00013763240151425197,0.0017877653812213047,67.725
7648,0.3978601698226079,-259.6798469359781,0.28816189455042857,-1.7643406570023326,-0.11928043380285426,-0.21914646044539524,-0.5936745907162085,6.8607156069736875e-06,0.0005398738150061738,0.00013672403151878765,0.0017764838264701086,67.733333
7649,0.400109807766943,-259.6936022265515,0.24801008440641895,-1.745538926517931,-0.12293772670666211,-0.2186486458573743,-0.5931117919017752,6.891439747868909e-06,0.00053387522469674,0.0001359229820080326,0.0017699871341712574,67.741667
7650,0.4020134317322835,-259.70734190083317,0.20746928562152644,-1.7298089259256997,-0.1264967874164667,-0.21791501057154467,-0.5926332117059563,6.9279604792683535e-06,0.0005284745329011441,0.00013522700180850704,0.001768120103317414,67.75
7651,0.4035703051711607,-259.72102391086946,0.16660393815053495,-1.717036402124116,-0.12994029015966815,-0.2169552203066676,-0.5922402097552197,6.969973941723534e-06,0.0005236482084576176,0.0001346356403096456,0.0017707669941704255,67.758333
7652,0.40477648981767367,-259.7347132158143,0.12547891589223473,-1.7071522987923051,-0.13327329334463103,-0.21576375794450453,-0.5919347453180471,7.017191459826581e-06,0.0005193742765523212,0.00013415013616593726,0.001777849835587463,67.766667
7653,0.4056318002173874,-259.7484491596946,0.0841605420603869,-1.7000994681250052,-0.1364962494389657,-0.21433979531745018,-0.5917176173719769,7.069339469934043e-06,0.0005156330650913944,0.00013377335534491615,0.0017893262147603264,67.775
7654,0.4061294490151089,-259.7622062275873,0.04270521857310316,-1.6958261390982379,-0.1395934853469429,-0.21268793768509026,-0.5915910857069738,7.12615977588661e-06,0.000512406584944337,0.0001335097503950349,0.0018051880303241623,67.783333
7655,0.40627423718318173,-259.77604149818313,0.001183581019069212,-1.6943137784011568,-0.14257061083127537,-0.21080728026818657,-0.5915542445026722,7.187410117188435e-06,0.0005096797957607909,0.0001333653128906284,0.0018254618553132263,67.791667
7656,0.4060595658891137,-259.7900967220674,-0.04034195084511856,-1.6955890675902978,-0.14544675812107752,-0.20867847635575035,-0.591608862960919,7.252864992268441e-06,0.0005074385246986001,0.00013334761799389984,0.0018502069352582032,67.8
7657,0.4054974798891173,-259.80414321695673,-0.08180647927798541,-1.6995903650973083,-0.14816953316977197,-0.2063447966610017,-0.591751744405694,7.322316845086825e-06,0.0005056716306060693,0.00013346586867667257,0.0018795157929016868,67.808333
7658,0.40457644577587615,-259.8184656815382,-0.12314785208148739,-1.706421082125176,-0.15078533308501618,-0.20376335377574997,-0.5919854657510599,7.3955773970732514e-06,0.000504367785521898,0.00013373087604707856,0.0019135150775649186,67.816667
7659,0.4033081232747106,-259.8328243284815,-0.16430251453926986,-1.716047978806351,-0.15324008590051874,-0.2009801163580628,-0.5923064929391719,7.472479327782748e-06,0.0005035197584004232,0.00013415526463761697,0.0019523655914095443,67.825
7660,0.4016853664996655,-259.8474898735631,-0.2052043079706755,-1.728609010554322,-0.1555768519115588,-0.19795526353601567,-0.5927158420893401,7.552878144202618e-06,0.0005031203171258047,0.00013475344056390414,0.0019962641173893753,67.833333
7661,0.39971527619441705,-259.86238118040745,-0.2457869981167465,-1.744154189756618,-0.15777185905418392,-0.19470903026556985,-0.5932107102030679,7.63665434506096e-06,0.000503165641460879,0.00013554190597358414,0.0020454434855571406,67.841667
7662,0.39740098354417236,-259.8775173155467,-0.28598433459896333,-1.7627835941169934,-0.15982004094123972,-0.1912448031512919,-0.5937890976240336,7.723715862647378e-06,0.0005036528349831283,0.00013653932273191224,0.0021001746164101337,67.85
7663,0.3947451690478493,-259.8929003293501,-0.3257312550479971,-1.7846124152082399,-0.16171262618647034,-0.1875687125045373,-0.5944489189974739,7.814000702320919e-06,0.000504580776310953,0.00013776676262979424,0.002160768151685551,67.858333
7664,0.39175138015169536,-259.9086091214875,-0.36495680267329955,-1.8098039290583396,-0.16345519476041614,-0.18367508464713503,-0.5951876807039123,7.907479872833463e-06,0.0005059502783035554,0.00013924794692886359,0.0022275768429820928,67.866667
7665,0.38842674959063045,-259.9246182135777,-0.4035906528700374,-1.838509146692186,-0.16503470641732496,-0.1795769361664199,-0.5960018308284204,8.004160624958528e-06,0.000507764010202443,0.0001410096156331159,0.0023009962943350347,67.875
7666,0.38477629272547614,-259.9409826442847,-0.441559785294646,-1.87093302605758,-0.16645181347472957,-0.17527351172245212,-0.5968881826233899,8.104089981856826e-06,0.0005100260073430311,0.00014308182711193922,0.0023814672122208255,67.883333
7667,0.38080438851766046,-259.95774164331215,-0.4787915576487704,-1.9073036718051624,-0.16770322244498057,-0.1707666073941241,-0.5978435478088482,8.207358580500802e-06,0.0005127421734877542,0.00014549843438313738,0.0024694767167173733,67.891667
7668,0.37652075728426465,-259.9749137684253,-0.5152061443729028,-1.9478715275071137,-0.16878371214147966,-0.16606412407467602,-0.5988633215409446,8.314104884586702e-06,0.0005159204928443216,0.00014829755346812976,0.002565560477197151,67.9
7669,0.3719301465232178,-259.99256193648597,-0.5507256515041624,-1.9929386560792504,-0.1696928161258368,-0.1611647770736939,-0.5999439769362382,8.424519739434896e-06,0.0005195702361967309,0.0001515221504833675,0.002670301689624722,67.908333
7670,0.3670440822504521,-260.01069303827694,-0.5852645919428711,-2.0428209158713044,-0.17042304912185108,-0.1560800366786839,-0.6010802934337408,8.538851323886935e-06,0.0005237029766510751,0.0001552206977279912,0.002784332770057371,67.916667
7671,0.36186803268911544,-260.02935628825594,-0.6187404367880796,-2.0978924618537738,-0.1709706390311888,-0.15081224066347468,-0.60226839642416,8.657410483672698e-06,0.0005283315380784952,0.00015944790584545806,0.002908332190635882,67.925
7672,0.3564137715268552,-260.04863272711015,-0.6510558936943566,-2.1585878965911554,-0.1713383367118888,-0.14536140366235079,-0.6035028992259396,8.780576451565935e-06,0.0005334712147174168,0.0001642655390550288,0.0030430250151797177,67.933333
7673,0.3506912887257136,-260.0685365036764,-0.6821177687733899,-2.225360826383591,-0.17151718905272542,-0.13973888890595246,-0.6047788103619219,8.90880300400128e-06,0.0005391387630214042,0.00016974349709940822,0.0031891737055344976,67.941667
7674,0.3447112298532304,-260.08912641899707,-0.711824067105236,-2.2987405663858524,-0.17150445248830773,-0.1339494230971309,-0.6060909894600246,9.042624938860554e-06,0.00054535287867823,0.00017596069430881217,0.003347575614383818,67.95
7675,0.33848638429589173,-260.11047390817293,-0.7400631392399374,-2.3793240053067097,-0.17129899054977207,-0.12799717922596413,-0.6074338569941797,9.182664797832672e-06,0.0005521341788068475,0.00018300626161205368,0.0035190532724626166,67.958333
7676,0.3320317098453353,-260.1326326920845,-0.7667154848089591,-2.4677648342283502,-0.17089731032865382,-0.12189101545057426,-0.6088014473955032,9.329639769626917e-06,0.0005595048950723088,0.00019098079984158263,0.003704441966804017,67.966667
7677,0.3253605469952847,-260.1556862398908,-0.7916540969878594,-2.5648058922230605,-0.17029780535290043,-0.11563506507827764,-0.6101882511916533,9.484368496825528e-06,0.0005674885355333183,0.00019999758371982965,0.003904577269879687,67.975
7678,0.31848711912251737,-260.1797232487388,-0.8147413884021709,-2.6712739098384803,-0.16949839453013898,-0.1092340224280931,-0.6115886977960632,9.64777748591196e-06,0.0005761101743692742,0.00021018375492963133,0.004120285518064824,67.983333
7679,0.31143154589638755,-260.2047875301056,-0.8358253140288741,-2.788050064474866,-0.16849390507735476,-0.1027033185390791,-0.6129962030786519,9.820906652057985e-06,0.0005853961769550934,0.00022168132587182984,0.004352379009503771,67.991667
7680,0.3042121818194902,-260.2309630312107,-0.8547415426225567,-2.9161268449706172,-0.167281981098957,-0.09605206034808356,-0.6144047958622201,1.0004913093940604e-05,0.0005953728804587788,0.0002346477720183046,0.004601661805656961,68.0
7681,0.2968467679604326,-260.2584118878087,-0.8713037956510706,-3.0566440372011656,-0.16586579786940162,-0.08927747888050241,-0.6158088839387496,1.020107210673783e-05,0.0006060665953734893,0.00024925608829763646,0.004868967290891361,68.008333
7682,0.28935744072261405,-260.28722195623294,-0.8853116755305395,-3.210784010774961,-0.1642416523013105,-0.08239214436097264,-0.6172023386807086,1.0410774215078529e-05,0.0006175031643543367,0.000265694094263632,0.0051552397436266635,68.016667
7683,0.2817687106816056,-260.3174538679302,-0.8965480559496226,-3.379791014619869,-0.1624042350948009,-0.07541502845452255,-0.6185789768351947,1.0635515892782412e-05,0.0006297063286608279,0.0002841615929122138,0.005461710140753279,68.025
7684,0.2741073930356819,-260.3491307685907,-0.9047801300228913,-3.564945209041135,-0.16034712408324783,-0.0683726991712376,-0.6199326467304904,1.0876880808726065e-05,0.0006426962353922734,0.0003048652225163147,0.005790217117279206,68.033333
7685,0.2663825719843423,-260.38285997901824,-0.9096965137146423,-3.768111246826248,-0.15809088450745712,-0.06119585541860828,-0.6212606958364859,1.1136507712221292e-05,0.0006564876708363149,0.00032800975826851903,0.006143760861905878,68.041667
7686,0.25866281329901336,-260.41850602888144,-0.9109504415691038,-3.990408581496066,-0.1556352114800419,-0.05395040931065399,-0.6225508388547683,1.141604249818962e-05,0.0006710920003218555,0.0003537886421152151,0.006527337034795993,68.05
7687,0.250963435171493,-260.4561750543006,-0.9082512711537827,-4.23324189474342,-0.15296718002072965,-0.04665124123874453,-0.6238006221569439,1.1717063342534534e-05,0.000686502738230683,0.00038236198547484534,0.006949261620733559,68.058333
7688,0.24331843179424406,-260.4960596796475,-0.9012266519387215,-4.497934434052379,-0.15008784279746584,-0.03930538249769928,-0.6250049912017606,1.2040972521400398e-05,0.0007027052385628933,0.00041382862642755044,0.007423354561537886,68.066667
7689,0.23576579431303654,-260.53837990014455,-0.8894633177642877,-4.78559875184284,-0.14699914519415336,-0.03191779977617076,-0.6261589399231129,1.2388848226354738e-05,0.0007196708043550695,0.0004481910773422348,0.00797179270386294,68.075
7690,0.2283176381078463,-260.58334816199505,-0.8725915479977175,-5.097249057231407,-0.14368386585373372,-0.024493073829604254,-0.627261945843763,1.2761244075569148e-05,0.0007373548295931876,0.0004853094614832494,0.00862895934391706,68.083333
7691,0.2210939023718241,-260.6309516552095,-0.8499971020096893,-5.4320798884260215,-0.14018496187937277,-0.01707959277185012,-0.6282984773573995,1.3157931403187935e-05,0.0007557034343817057,0.0005248456923548877,0.009446445813452114,68.091667
7692,0.21407076792591392,-260.68162279445016,-0.821338609272669,-5.790294719837987,-0.13646502526341073,-0.00964600625952061,-0.6292747922164831,1.3577560696519567e-05,0.0007746311698240466,0.0005662014257603755,0.010496934334521004,68.1
7693,0.2073817815437793,-260.73530227056966,-0.7859701961640254,-6.16853682803936,-0.13257436638920345,-0.0022391257742623923,-0.6301757979867747,1.4017270865937383e-05,0.000794062550344466,0.0006084715148845036,0.011878781072857302,68.108333
7694,0.2010467187044682,-260.7922337814639,-0.7435257596873016,-6.563627916411749,-0.12849534771028048,0.005148159721148792,-0.631003133704025,1.4472240448297132e-05,0.0008139051850948895,0.0006503989769762558,0.013712805664890672,68.116667
7695,0.19513191017130888,-260.85245960024696,-0.6936224189125209,-6.969703149138435,-0.12423678450076342,0.012499058289297997,-0.6317527266223641,1.4935231559023699e-05,0.0008340951553458189,0.0006904030535099362,0.016133376869747532,68.125
7696,0.18970294050657285,-260.9160123527016,-0.6359889022439797,-7.378675613760149,-0.11980651619169456,0.01980444188137003,-0.6324212958430295,1.539622058319539e-05,0.0008546051448517747,0.0007266601199450895,0.019263612285334155,68.133333
7697,0.18482633381680968,-260.9828494016489,-0.5705257652016379,-7.77999672915069,-0.11521254642984824,0.027056371578254447,-0.6330059514555685,1.5842200404009205e-05,0.0008754632514840511,0.0007572850846618885,0.023173550712329627,68.141667
7698,0.18056832099122264,-261.0528173653381,-0.4973713870469571,-8.160751333390312,-0.11046363331746255,0.03424632317255036,-0.6335041339560986,1.6257308274764044e-05,0.0008967614392532769,0.0007806016501239537,0.027823537472010957,68.15
7699,0.176996736785733,-261.12555655821456,-0.4169779107789606,-8.505961605302636,-0.10557526495310846,0.04135815671266788,-0.6339131478202763,1.6623423622651335e-05,0.0009186431914564698,0.0007954587307349201,0.03300659732960698,68.158333
7700,0.17413538862526035,-261.20026066009746,-0.33033415826987195,-8.801339724635596,-0.10055885078153363,0.04833637063349451,-0.6342349923171055,1.6921329832372975e-05,0.0009412593424156396,0.0008015024657964366,0.03831613970455394,68.166667
7701,0.1720993436135511,-261.27725016546117,-0.23813435595666876,-9.029592088055185,-0.09542567432356856,0.0552801031222843,-0.6344608447766354,1.713246034037021e-05,0.0009647036084584876,0.0007993008494974969,0.04317687891583087,68.175
7702,0.17089254114689337,-261.3553859822678,-0.14209922208685852,-9.179179259703366,-0.090188948573629,0.06212562725494222,-0.634593470396098,1.724093478861593e-05,0.0009888838730493334,0.0007901802120059871,0.04692827824731662,68.183333
7703,0.1705381282274344,-261.4339342299708,-0.04395930450906657,-9.241562474430769,-0.08486138289679002,0.06886924523375035,-0.634632244240535,1.7235634140588416e-05,0.0010134629837278586,0.0007759155977830783,0.048999683344729136,68.191667
7704,0.1710430667965077,-261.51205093263667,0.05438672632968751,-9.213490054516221,-0.07946051918383269,0.07550229900744766,-0.6345769783183328,1.71118801828822e-05,0.0010378005758754753,0.0007582223664910781,0.04906833668596146,68.2
7705,0.17239540028654055,-261.5889850119444,0.15106031555132277,-9.097596744809307,-0.07399727384334844,0.08202326773141945,-0.6344281674787244,1.687221360979045e-05,0.0010609793874937013,0.000738351433703423,0.04715473879689885,68.208333
7706,0.17457085452389248,-261.6638991205317,0.24427637477371672,-8.9016750028454,-0.06849582495428773,0.08842235654999142,-0.6341863460387474,1.6526099829479085e-05,0.0010819100506914568,0.0007169191712564435,0.04360537919131991,68.216667
7707,0.17748803744951974,-261.73611965928035,0.33252021532222625,-8.639702657868213,-0.06296111407325927,0.09467445637414043,-0.6338573641608299,1.6088637392406995e-05,0.001099486193424633,0.0006940053202420151,0.03897698916176804,68.225
7708,0.181174761374231,-261.80539321657625,0.4147133834735844,-8.322182182438915,-0.057412781587972674,0.10083551880391019,-0.6334338823696425,1.5578662148029195e-05,0.0011127648981273588,0.0006694097225447407,0.03387567381048347,68.233333
7709,0.18553062929876019,-261.87115560996057,0.48994936333338296,-7.966408881096546,-0.051866473137541974,0.10687170997441608,-0.6329224433115143,1.5016498722520184e-05,0.001121042719438582,0.0006429671452263674,0.028826244117055682,68.241667
7710,0.19048530743197487,-261.93321824574224,0.5577613817084448,-7.587105069717113,-0.0463291456600122,0.11278222014184318,-0.6323260976413122,1.4422048290153084e-05,0.001123973080109009,0.0006147347845433359,0.024193677324814644,68.25
7711,0.1959735999932479,-261.99147949595476,0.6179673313112246,-7.196976919892879,-0.0408123214478224,0.11856821415555328,-0.6316474061420679,1.381335070927745e-05,0.0011215490072783937,0.0005850385028637643,0.020173274600580743,68.258333
7712,0.20192457269739228,-262.045937454481,0.6706257189732123,-6.806705598185548,-0.035325546439353005,0.12422731756391002,-0.6308899999331393,1.3205695729363792e-05,0.0011140499467934314,0.000554420028003656,0.016822198854220854,68.266667
7713,0.20827561663886635,-262.09667537670066,0.7159667168303874,-6.424367630583569,-0.029878229151299923,0.1297611011385393,-0.63005702974421,1.2611266258665676e-05,0.0011019688084743903,0.0005235302882012627,0.014105929207950278,68.275
7714,0.2149584176572456,-262.143870060775,0.754354421852772,-6.056037044867255,-0.024472816563709848,0.1351664138383042,-0.6291531089452959,1.2039177397404213e-05,0.0010859278740595426,0.0004930223504837996,0.011942152253046675,68.283333
7715,0.22190175018323,-262.1879825367217,0.7862785929632212,-5.7057994254321285,-0.01907593185777564,0.14043948501592152,-0.6281841868021036,1.149578181095413e-05,0.0010666110038921998,0.00046347004995990634,0.010232595626433355,68.291667
7716,0.2290801011804573,-262.2286718415578,0.8120562603581689,-5.37565233761104,-0.01377165261679722,0.1455848278637053,-0.6271506295588785,1.0985106273239595e-05,0.0010447098353154511,0.00043532364634542097,0.008882398178489747,68.3
7717,0.2364242392168097,-262.26647956296927,0.8322287437187645,-5.067047755931311,-0.00851879264262908,0.15059589047132046,-0.6260597580271887,1.0509300034588512e-05,0.0010208657734267369,0.00040889635500219,0.007810218094648892,68.308333
7718,0.24389079679720294,-262.3016624034508,0.8472462121526801,-4.780169292428767,-0.003315804542515666,0.15547154884729303,-0.6249160868590755,1.0069096904898363e-05,0.0009956694008702227,0.00038437372629625786,0.006949981069854081,68.316667
7719,0.25142523803042016,-262.3347318263086,0.8575892611799558,-4.514699161726233,0.0018816733394174943,0.16019978820148503,-0.6237267028447981,9.664196604528962e-06,0.0009696376116282921,0.0003618332178853896,0.00625061083949424,68.325
7720,0.25900179184373007,-262.3656876775353,0.8636039688162358,-4.269719876584606,0.007040633675325317,0.16478154978908388,-0.6224949662467621,9.293590055734198e-06,0.0009432167381705391,0.0003412688487445793,0.005673609131008987,68.333333
7721,0.26659017129777673,-262.39454659726715,0.8656233799650167,-4.044192609241487,0.012129858384466294,0.16921663629684,-0.6212254898279335,8.955805239148267e-06,0.0009167736247356611,0.0003226138635366216,0.00519061066164923,68.341667
7722,0.2741654231609095,-262.42132743846275,0.8639532817435432,-3.836907995882433,0.017118289229134415,0.1735094622968395,-0.6199225301143114,8.649101092986272e-06,0.0008906056093122054,0.00030576154817410744,0.004780830764003613,68.35
7723,0.2816745276535475,-262.4468991315759,0.8589961240814804,-3.6466669864148464,0.022123872626026535,0.17762948937389383,-0.6185958385252823,8.371607256427931e-06,0.0008649472796933187,0.0002905818954359661,0.004429048031027684,68.358333
7724,0.2891199312583638,-262.47070340974204,0.8509172278044642,-3.472108143866487,0.027022678018637343,0.1816031611635898,-0.617245963457107,8.12142791576798e-06,0.0008399897375521188,0.000276935146401273,0.004123942295560386,68.366667
7725,0.2964599399466037,-262.4932451314217,0.8400135047750824,-3.3120942338544053,0.031875919626972234,0.1854081065388167,-0.6158817032950611,7.896700155279032e-06,0.0008158675994674879,0.0002646785499396149,0.0038571811965618552,68.375
7726,0.303676578092911,-262.51469255937536,0.8265044293059102,-3.1654186541217477,0.03669071609016411,0.18904018714592677,-0.6145080240913247,7.695642953560269e-06,0.000792684440131223,0.00025367387458496694,0.00362241861964697,68.383333
7727,0.31074060461215,-262.5354559404492,0.8106176322729136,-3.0310197525276417,0.04152200279330676,0.1924762267444041,-0.6131323985064477,7.516578953689563e-06,0.0007705104176367725,0.00024379056927855173,0.0034147830303514594,68.391667
7728,0.31764079410327206,-262.5552828669573,0.7924973123133603,-2.9078813676917545,0.046302684779741844,0.19572769575102403,-0.6117591382024321,7.35794790106317e-06,0.0007493924381501274,0.00023490802262068843,0.003230443998262618,68.4
7729,0.32436656600186614,-262.57426401378495,0.7723043038006364,-2.795034332691757,0.051031166624559206,0.19879451374730858,-0.6103925573046477,7.21830867703341e-06,0.0007293535215719567,0.00022691613855433402,0.003066367934387054,68.408333
7730,0.33089495150161247,-262.59259420398047,0.7501990443022098,-2.691673614771753,0.0557265436835697,0.20166244220594262,-0.6090396739200313,7.096337138963563e-06,0.0007103979639883407,0.0002197158127652074,0.0029200968228373174,68.416667
7731,0.33721358979677435,-262.61025022665837,0.7263114207480971,-2.5970199281330784,0.06036737466865998,0.20433373101084182,-0.6077055365247239,6.990821018006582e-06,0.0006925193113983144,0.00021321869968293623,0.0027895956049672228,68.425
7732,0.3433108444813816,-262.6273491006741,0.7007713844332738,-2.5103643807905422,0.06496149640584284,0.20680292836340644,-0.6063951397241187,6.900651300381908e-06,0.0006757002496399411,0.00020734654126021315,0.0026731664090749495,68.433333
7733,0.3491783586636304,-262.64362501760144,0.6736771573858645,-2.431050320574459,0.06943886245520188,0.20909141035847065,-0.6051128317687812,6.824813256852124e-06,0.0006599153983454726,0.00020203045208918406,0.00256937326881026,68.441667
7734,0.3547921602316151,-262.6598217719834,0.645179166221692,-2.35859210331151,0.07393776449623582,0.2111421476559508,-0.6038664696276255,6.762377104870531e-06,0.0006451330095548214,0.00019721011747524252,0.0024769967536726403,68.45
7735,0.36014813821492575,-262.67563087361975,0.6153599464498666,-2.292432358943022,0.07838230307135603,0.21297916202015446,-0.6026596085572875,6.712489600331984e-06,0.0006313208220460987,0.00019283295220628137,0.002394974888352823,68.458333
7736,0.36523693840145216,-262.69110273170185,0.5843171120000548,-2.232109390786897,0.08277053045365025,0.2145996047663983,-0.6014969339892989,6.674364940553716e-06,0.0006184422238652321,0.00018885332279471067,0.0023223978728514347,68.466667
7737,0.3700484663296614,-262.70627839040503,0.5521425300195589,-2.177215672585735,0.08709889463841967,0.21600048328057309,-0.6003832829545843,6.64727720937008e-06,0.0006064591958504305,0.00018523181582729898,0.002258477402547746,68.475
7738,0.37457377377943285,-262.72117111259513,0.5189225320409311,-2.127381568131869,0.09135849710166195,0.21718159635370757,-0.5993231948528114,6.6305534574942045e-06,0.0005953335625835372,0.00018193457310687584,0.002202528981266266,68.483333
7739,0.3788036271494857,-262.7358514042327,0.48474219121882056,-2.0822872991436427,0.09555312950440302,0.2181371774839075,-0.5983212213495933,6.623567554865649e-06,0.0005850275366812284,0.00017893269339765245,0.0021539584748828957,68.491667
7740,0.3827319226901043,-262.7503218073558,0.44968129856921824,-2.0416301358828273,0.09967289365956,0.21886903856872675,-0.5973810935253403,6.625734885742232e-06,0.0005755044311797044,0.00017620169423836072,0.0021122502523300583,68.5
7741,0.3863505915897899,-262.76465911513907,0.4138190449058876,-2.0051621085839466,0.10372389334191746,0.2193704049773767,-0.5965069086322943,6.636507748901006e-06,0.0005667284981606763,0.00017372105185387314,0.0020769589805762906,68.508333
7742,0.38965588439713333,-262.77882731071014,0.377229337903594,-1.9726330264022602,0.10768882233980293,0.21964797206058512,-0.5957016019692568,6.655371576948577e-06,0.0005586658173651918,0.0001714737919629114,0.002047701101685176,68.516667
7743,0.39264170849297575,-262.7929234106353,0.33998833603802997,-1.9438547439222027,0.11157913652114304,0.2196930815779405,-0.5949685360386586,6.681841718511716e-06,0.0005512837290552976,0.00016944614779251357,0.0020241497391883857,68.525
7744,0.39529692440565545,-262.80692381764334,0.3021603429452614,-1.9186657940416152,0.11537850463179644,0.21950704277728975,-0.5943121835501101,6.715460936323104e-06,0.0005445516545405964,0.0001676272565413766,0.002006028134050282,68.533333
7745,0.3976240564905472,-262.8208499958438,0.2638212937140774,-1.8968846721660695,0.11908426213516406,0.21909358524865477,-0.5937334857413838,6.7557975074221935e-06,0.0005384422288690536,0.00016600891697712475,0.00199310634132522,68.541667
7746,0.39961658340721296,-262.8347346320608,0.22503791672147644,-1.8783924506745926,0.12269381005884043,0.21845011776778814,-0.5932354403577763,6.802443579199204e-06,0.0005329286602564598,0.00016458536018004903,0.001985197270229709,68.55
7747,0.4012709424758073,-262.8486457782083,0.18587999468297917,-1.863089701035871,0.12621302204078458,0.21757085305045926,-0.592820132625595,6.8550142601951116e-06,0.0005279868214271588,0.00016335309194202472,0.001982153662255892,68.558333
7748,0.4025820277666918,-262.86255245047874,0.14640968898558443,-1.8508826321201204,0.12962561202404235,0.21646129954038903,-0.5924898473262462,6.9131469950740665e-06,0.0005235946946991694,0.00016231075569521168,0.0019838653462381376,68.566667
7749,0.4035502173445163,-262.87651219143066,0.1066980053588031,-1.8416986106617015,0.13293612310933448,0.21511861078917616,-0.5922452896737929,6.976501368511732e-06,0.0005197327268980179,0.00016145902048224025,0.001990258340804858,68.575
7750,0.40417334851203834,-262.8904624919786,0.06680607448029442,-1.8354652830229006,0.13612239789748512,0.21355440106211196,-0.5920875976184955,7.044759181646454e-06,0.0005163828489587347,0.00016080050720885576,0.0020012922037508482,68.583333
7751,0.4044500686432447,-262.9045013502029,0.026803129466281307,-1.8321665600223849,0.13919693725747548,0.21175932037317088,-0.5920174959992579,7.1176249169096825e-06,0.0005135290866516263,0.00016033972338922982,0.0020169603177311885,68.591667
7752,0.40437669133731297,-262.9186295698144,-0.013249863163696984,-1.8317887924640164,0.14215035545604923,0.20973568676267734,-0.5920360891178063,7.19482646653077e-06,0.0005111574417200515,0.0001600830723290614,0.0020372876480198544,68.6
7753,0.40395483696216794,-262.93286135755375,-0.053285562733429104,-1.8343230174682164,0.14497771022803846,0.20748671544620204,-0.5921429211992505,7.276116163832999e-06,0.000509256339475166,0.00016003884280624836,0.0020623317207628983,68.608333
7754,0.4031864861490398,-262.9473597399606,-0.09322824127233556,-1.8398213649777875,0.1477045734001117,0.20499384590747716,-0.5923372306488531,7.361272009307628e-06,0.0005078156905223185,0.00016021723597132062,0.0020921817000828604,68.616667
7755,0.4020704025160597,-262.9618581173681,-0.13303109921408815,-1.84824000841144,0.1502667239588172,0.20230006429143385,-0.5926188558714331,7.450099170609767e-06,0.0005068269337405061,0.0001606304980361533,0.0021269566390767145,68.625
7756,0.4006109566715724,-262.9764068350623,-0.17262327040841938,-1.8596276506424927,0.15266798620043853,0.199405596120708,-0.5929860090265603,7.542431741712731e-06,0.0005062837114902611,0.0001612928119911746,0.0021668119154979507,68.633333
7757,0.39880637117857237,-262.99114493753774,-0.21193621098071874,-1.8741004365468987,0.15492693907877533,0.19629367920965773,-0.5934382425543685,7.63813464659745e-06,0.0005061809061194405,0.00016222052518811652,0.0022119352735367383,68.641667
7758,0.39665921081395744,-263.00614728610674,-0.2508986785957066,-1.8917645529899385,0.15704955703056375,0.19295871128296102,-0.5939738083893285,7.737105844841471e-06,0.0005065157953376342,0.00016343237067124018,0.0022625478700604262,68.65
7759,0.39417365494276513,-263.02141023913987,-0.2894420082641056,-1.9127179646631676,0.15902646372990756,0.18940802525746123,-0.5945903602293173,7.839278722652533e-06,0.0005072873092733252,0.00016494962862866232,0.002318904916162937,68.658333
7760,0.3913544163143712,-263.0369532675564,-0.3274952221386079,-1.9370874002813356,0.16085277068804246,0.18564586035284142,-0.5952852369846185,7.944624703072135e-06,0.0005084958594861691,0.00016679629170754653,0.002381297530287267,68.666667
7761,0.3882042823758389,-263.0527994239207,-0.3649893085476032,-1.9650302040408905,0.16252314446249594,0.181675249327204,-0.5960560745197729,8.053156072186549e-06,0.0005101433660287839,0.00016899933510754566,0.002450053435135921,68.675
7762,0.38472580090486147,-263.06902005913935,-0.40185109801036545,-1.9967487971109104,0.16404026408058645,0.1774915010151368,-0.5969003865836956,8.164929046381491e-06,0.0005122336941343721,0.00017158901326356997,0.0025255388824590615,68.683333
7763,0.38092886447889973,-263.08559237315507,-0.43800310304203005,-2.032418794386759,0.16539220694887838,0.17310878130150512,-0.5978137505886655,8.28004707901342e-06,0.0005147727580381274,0.00017459925411569103,0.002608159022294377,68.691667
7764,0.3768189088423987,-263.1025903159044,-0.47336590867654976,-2.0722949876494727,0.1665819921236525,0.16852375806742567,-0.5987926983046363,8.398664334633725e-06,0.0005177673717984636,0.0001780679502978536,0.0026983578210546077,68.7
7765,0.3724011847054364,-263.1200060003464,-0.5078653392465641,-2.116632463905097,0.1675977694242045,0.16374695217816496,-0.5998336736232744,8.520989409044846e-06,0.0005212261940969644,0.0001820375161816038,0.0027966182662488314,68.708333
7766,0.3676819915940324,-263.1379039413735,-0.5414178633134967,-2.1657500109290035,0.16843977726305734,0.1587777694024951,-0.6009327533552651,8.64728927304859e-06,0.000525159869888682,0.0001865552565333938,0.0029034652186541326,68.716667
7767,0.3626723840505754,-263.1563204895975,-0.5739329455703122,-2.21998240937366,0.16910478867319517,0.1536227417672565,-0.6020848248674807,8.777893392459325e-06,0.0005295809382790632,0.00019167401237447094,0.003019463057319557,68.725
7768,0.3573797271975566,-263.17535590598783,-0.6053168890951026,-2.279746774764218,0.16959682300261317,0.14827658535281812,-0.6032855746158107,8.913197968157684e-06,0.0005345031287146364,0.0001974527280477443,0.0031452129899953427,68.733333
7769,0.3518107630912306,-263.19501845167446,-0.6354822300750731,-2.3454673407907074,0.16990439172109853,0.14275001092004613,-0.6045307640908031,9.053670296399436e-06,0.0005399421573397889,0.00020395720412163924,0.0032813517277451303,68.741667
7770,0.3459851795902059,-263.2153051592883,-0.6643194151259546,-2.417580099414789,0.17002046362597992,0.1370614452090051,-0.6058132673205712,9.19985314265786e-06,0.0005459159356348351,0.0002112605365914239,0.0034285553092566748,68.75
7771,0.33990617960598274,-263.23637006459023,-0.6917243846851363,-2.4966986539385485,0.16995137307129796,0.1311969704016066,-0.6071296388948744,9.352368759537718e-06,0.0005524423464687215,0.00021944380053500346,0.0035875293174016,68.758333
7772,0.3335896578532934,-263.25822725782433,-0.7175816343635824,-2.583397439654043,0.16968857833413561,0.1251722213731809,-0.6084736757292327,9.511922679216982e-06,0.0005595423528091392,0.00022859694043733558,0.0037590164502932268,68.766667
7773,0.32704977481987313,-263.28094696442236,-0.7417666017753334,-2.6783514685890046,0.16922956530734057,0.11899351742779489,-0.6098396590187044,9.67930685101412e-06,0.000567237652471422,0.00023881898646539102,0.003943798608127994,68.775
7774,0.32029804605694,-263.304603679777,-0.7641516028859296,-2.7823201121498573,0.16856979856925086,0.11266658517894863,-0.6112225259841435,9.855401486842024e-06,0.0005755510185893939,0.0002502184904680744,0.004142709245086238,68.783333
7775,0.31335095184135026,-263.3293159132835,-0.7845859276577097,-2.8961581284743185,0.16771066291924627,0.10619269138928761,-0.6126163224357367,1.0041175280433872e-05,0.0005845067182547184,0.00026291344871261305,0.004356665768344702,68.791667
7776,0.30622797619355413,-263.35515507352613,-0.8029097022512368,-3.0207665966881962,0.16664819617694895,0.09958328595659588,-0.6140147071081083,1.0237683084142109e-05,0.0005941293760011313,0.0002770309935551448,0.004586713183538076,68.8
7777,0.2989446074177289,-263.38223677119953,-0.818953206880273,-3.1571760059223126,0.16537957106338896,0.09284249714752454,-0.6154123665269503,1.04460597630961e-05,0.0006044431470112641,0.0002927059132003973,0.0048341171839539005,68.808333
7778,0.2915263240287251,-263.41067155221873,-0.8325150888113403,-3.3064695217393685,0.16390491192866632,0.08597991254951252,-0.616802356642413,1.0667508864679418e-05,0.0006154721021467595,0.0003100782900603443,0.005100525635183721,68.816667
7779,0.28399037862591603,-263.44056824289885,-0.8433959464159132,-3.469844848191002,0.16221818659181073,0.07900447775047695,-0.6181796382203469,1.0903283910657811e-05,0.0006272376702280493,0.0003292895928082147,0.005388209085713907,68.825
7780,0.2763610362285076,-263.4720065291288,-0.8513712646564929,-3.648533511151218,0.16031365255718566,0.07193351649513295,-0.6195382269758811,1.1154659773080713e-05,0.0006397596026504518,0.00035047615618172994,0.005700489611882754,68.833333
7781,0.26866320549829403,-263.5052301271911,-0.8561678980646253,-3.843955330471574,0.15819625561419792,0.06475987761070853,-0.6208724632623784,1.1422890642595782e-05,0.0006530536365853311,0.0003737597655343105,0.00604237143216016,68.841667
7782,0.2609308579062101,-263.5402752835315,-0.8575096542414664,-4.057354492300209,0.155859486236817,0.05751349090484748,-0.6221756436810537,1.1709150354085777e-05,0.0006671302920337259,0.0003992356505146622,0.006421463170044992,68.85
7783,0.25318865985920924,-263.5774220838274,-0.8550735638333385,-4.290218988448305,0.15330527136365676,0.050185311331537766,-0.6234432139134023,1.2014449185839595e-05,0.0006819919344402205,0.0004269530956412388,0.006849376939078451,68.858333
7784,0.24547170387132658,-263.6168637743034,-0.8485040873657456,-4.543843268598852,0.15053255596438322,0.042784610724859375,-0.624669464081567,1.2339521841883973e-05,0.0006976337726298836,0.0004568934741915771,0.007343648811044288,68.866667
7785,0.23781834309277264,-263.658692553876,-0.8374372253796517,-4.819240973356539,0.14753626403985873,0.03533777272965877,-0.6258488677689432,1.2684680038926622e-05,0.000714040990802783,0.0004889397061346352,0.007930311416673684,68.875
7786,0.2302647410161747,-263.7031119024284,-0.8214705791688471,-5.117258211307424,0.14431395716271744,0.027854865922314755,-0.626976954032991,1.3049621467985724e-05,0.0007311883293541593,0.0005228393517287344,0.008647145238723798,68.883333
7787,0.2228666269159492,-263.750436226944,-0.800106053255155,-5.438141110383614,0.14087529426849163,0.02033346865661369,-0.6280471432887474,1.3433191922685298e-05,0.0007490422517965455,0.0005581658723850256,0.009547304073644102,68.891667
7788,0.21566392762259956,-263.8008355774575,-0.7729106624209937,-5.781484918450162,0.13721302800731136,0.012790438086718797,-0.6290560406789005,1.3833098031126619e-05,0.0007675601142154437,0.0005942800275943567,0.010702313717402443,68.9
7789,0.2087073466990191,-263.85439294425646,-0.7394500273141992,-6.145717957041653,0.13332499797629657,0.005254383769126584,-0.6299994833663177,1.424558069180892e-05,0.0007867007672843562,0.0006302991177692761,0.012203710562890012,68.908333
7790,0.2020636087306443,-263.9114492263217,-0.6991990547592501,-6.527859848453889,0.12921986361222312,-0.0022830775988552958,-0.6308720370096587,1.4665071222283233e-05,0.0008064321328543689,0.0006650873712467083,0.0141601746803863,68.916667
7791,0.1957813832868699,-263.9720369372244,-0.6518143434571232,-6.923327141257094,0.12489085150912585,-0.0097932115265632,-0.6316714976103651,1.5083865076812628e-05,0.0008267402289923824,0.0006972867114026464,0.016685959601289158,68.925
7792,0.18993265207536858,-264.03628648839623,-0.59694426672019,-7.325079752801224,0.12034526055234415,-0.017266669482758068,-0.6323933847405123,1.5491889388323498e-05,0.0008476481681789854,0.0007254024859229826,0.01987882919188188,68.933333
7793,0.1845898913431981,-264.10420605912225,-0.5344018993702822,-7.723540226852897,0.11559006157732675,-0.024688287791481373,-0.6330339159843451,1.5876653382854445e-05,0.0008692209860518878,0.0007479502696004139,0.023781837942691102,68.941667
7794,0.1798169825471418,-264.17574597960635,-0.4642201372843186,-8.106915801613548,0.11062632014522847,-0.032046335189899654,-0.6335908477621991,1.6223488870080963e-05,0.0008915660287645841,0.0007636635256027452,0.028333646612286413,68.95
7795,0.1756842214011423,-264.25065723454446,-0.3867067593262092,-8.46089853606923,0.10546326547897857,-0.039320768321154026,-0.6340614240664265,1.651620543812154e-05,0.0009148161257719022,0.000771725263753649,0.033319356462026106,68.958333
7796,0.17225556319110397,-264.32867460960784,-0.30246515456499656,-8.769854046599923,0.10010566142328466,-0.04650458355844923,-0.6344436089480782,1.6738219329482813e-05,0.0009390813788570254,0.0007719459622477503,0.03834334349984629,68.966667
7797,0.16960925554516806,-264.40935539970604,-0.21243201547564197,-9.016903146576134,0.09457104339047771,-0.05359319286208288,-0.634733487462954,1.6874117692014823e-05,0.0009643761251354591,0.0007648192599648746,0.04285273980540142,68.975
7798,0.1677754131782959,-264.4919966125801,-0.11802735115957176,-9.18834312759044,0.08886230593865464,-0.060561230540371026,-0.6349317605969172,1.6911461143174103e-05,0.00099052323098206,0.0007513932838397415,0.046227962642791325,68.983333
7799,0.16676344978362423,-264.57587828543905,-0.020931641098045274,-9.274474169281426,0.08297703641823484,-0.06738838018939067,-0.6350402588172636,1.6842550732630963e-05,0.0010170873171150428,0.000732997845886516,0.04793630768441913,68.991667
7800,0.16661415893783282,-264.6601846942957,0.0770395332539256,-9.268205471114184,0.07693948383604175,-0.07407049715498341,-0.6350562100745548,1.6665775327506625e-05,0.0010433438694307624,0.0007108781734361933,0.04768658277227435,69.0
7801,0.1673550127925579,-264.74400601512167,0.17394433605848306,-9.168155807465244,0.07077834721005073,-0.08060557162883024,-0.6349769130170034,1.6386075213888894e-05,0.0010683016012477985,0.0006859205098009824,0.04551994667577542,69.008333
7802,0.16892344418509858,-264.8266148588729,0.2679079900086366,-8.982667209492103,0.06447887012914172,-0.08697088658145477,-0.6348078865846777,1.6014375946106097e-05,0.0010908138217867551,0.0006586107935199648,0.0417979061585854,69.016667
7803,0.1713253265694689,-264.9071869567967,0.35728044210873455,-8.720928500207979,0.058076222067854226,-0.09317199626301545,-0.6345460142642849,1.5566264443265147e-05,0.0011097663834511073,0.0006291598160783991,0.03708481653090544,69.025
7804,0.17450460916954455,-264.98502417007114,0.44069271637409385,-8.398114283337714,0.051585991967319916,-0.09919516289583215,-0.6341937541215752,1.5060051662254484e-05,0.0011242077552513232,0.000597725270773024,0.031990119085267235,69.033333
7805,0.17840076387527795,-265.0596264068596,0.5171702868668775,-8.030626579351146,0.04502233281555542,-0.10503440343434517,-0.6337533245033407,1.4514757383013573e-05,0.0011334899308121382,0.0005646099006777166,0.02702842864561977,69.041667
7806,0.18295532281799004,-265.1305214062342,0.5860781482762674,-7.634373075730215,0.038415079617408185,-0.11068551516329297,-0.6332262716178354,1.3948395277596962e-05,0.0011373193570755234,0.000530337564783072,0.022545777766434894,69.05
7807,0.18809134774185862,-265.19768062591027,0.6471940700329645,-7.224126335726868,0.03175785808554544,-0.1161495911632982,-0.632616173993692,1.3376752784791454e-05,0.0011357398184024794,0.000495617499636008,0.018713498412550354,69.058333
7808,0.1937478956443037,-265.2609162679866,0.7004944872536069,-6.811868015923283,0.025077854570930744,-0.12142689315989451,-0.6319249350228672,1.2812750862855094e-05,0.0011290778558513724,0.0004612373418320154,0.015563744769892885,69.066667
7809,0.19985055527998755,-265.3201835391677,0.7461863347210146,-6.407414926785946,0.018395977030833482,-0.12651309966438337,-0.6311565069920384,1.2266273923224399e-05,0.0011178515561395045,0.00042794651332943035,0.01304204362758658,69.075
7810,0.20633509551372886,-265.3755969008242,0.7846307352141361,-6.0177163367455195,0.01172427312230898,-0.13141163426770738,-0.6303142362939647,1.1744363039408532e-05,0.0011026938064098094,0.0003963663633928436,0.011052538647539977,69.083333
7811,0.2131381298143628,-265.42731369588205,0.8162745424158775,-5.647524674455852,0.005075082652420549,-0.13612399478020673,-0.629402108557915,1.1251599203606542e-05,0.0010842777638400461,0.0003669457263980653,0.009490289656735835,69.091667
7812,0.2202017213272996,-265.4754966569686,0.8416010869260541,-5.29969562191897,-0.001535625625187564,-0.14065259009829886,-0.628424222503063,1.0790570293330284e-05,0.001063266330028036,0.0003399546539046118,0.008259221313192216,69.1
7813,0.22746839148570056,-265.52037971690913,0.8611159226021617,-4.975655088286866,-0.008099352657550577,-0.14499773775872232,-0.6273855028667633,1.0362333970924136e-05,0.0010402780045158367,0.0003155044660715385,0.007279652882222389,69.108333
7814,0.23488992386958454,-265.56213511294754,0.875298172507636,-4.675689657479978,-0.014598093921218634,-0.14916325977419898,-0.6262904519976352,9.966833439828549e-06,0.001015870251178628,0.00029358081988043556,0.006489387024013239,69.116667
7815,0.24241740646161725,-265.6010114044064,0.8846165528057158,-4.399359244473065,-0.021025134992619373,-0.1531495084540951,-0.6251445308365189,9.60324015095369e-06,0.0009905297023254356,0.00027407918134271395,0.005841779224613414,69.125
7816,0.2500112004020767,-265.63725571919696,0.8895005963838438,-4.145655644606681,-0.027375802233892847,-0.15695923655485403,-0.6239526233522608,9.270227302246376e-06,0.0009646741194933955,0.000256837282529673,0.005302634777482399,69.133333
7817,0.2576307791517971,-265.6710532879884,0.8903418582060575,-3.913335178301704,-0.0336377121405473,-0.160593243429488,-0.6227205048516926,8.96617383103264e-06,0.0009386538272323452,0.0002416611386676658,0.004847200438119352,69.141667
7818,0.26524492126128707,-265.70264663536324,0.8874963287379672,-3.700921419398413,-0.03981078767089034,-0.16405363661249955,-0.6214531504266732,8.689315381337542e-06,0.000912759817609811,0.00022834443205592493,0.004457583981015327,69.15
7819,0.2728205666152569,-265.73224799689905,0.8812865894476267,-3.506932011495517,-0.04589272199562173,-0.16733903058861413,-0.6201564476690502,8.437847995771043e-06,0.0008872279774085005,0.00021668196748581705,0.004120779828460462,69.158333
7820,0.28032862081853666,-265.7600031190945,0.8719968856829459,-3.3298942368992708,-0.05187315077266622,-0.1704507224653588,-0.6188361981299685,8.20999977457295e-06,0.0008622481047759879,0.00020647829792610895,0.0038272018394316263,69.166667
7821,0.28774297513803226,-265.78610507040275,0.8598863030041464,-3.1683742208519923,-0.05775247175077151,-0.17338727972666834,-0.6174981910189393,8.004075599717101e-06,0.0008379697225563093,0.00019755259413954101,0.003569659954699183,69.175
7822,0.2950418631101054,-265.81071295264945,0.845184108657106,-3.0210168853746353,-0.06352866181817912,-0.1761488891622208,-0.6161478642748891,7.818483406271711e-06,0.0008145076816872972,0.00018974105673316783,0.0033426442121890962,69.183333
7823,0.3022015408595209,-265.83396373658604,0.8280978699740855,-2.8865825993753935,-0.06919768104821937,-0.1787336781311119,-0.6147914003263815,7.6517471414949e-06,0.0007919466866316661,0.0001828975217640087,0.003141839892771104,69.191667
7824,0.30920290740805595,-265.85600918877395,0.8088146925434393,-2.7639183153030054,-0.0747611732725853,-0.18113931794474308,-0.6134344521963367,7.502511323390157e-06,0.0007703474013849392,0.00017689306661586697,0.0029637909511507922,69.2
7825,0.31602623400624996,-265.8769519352827,0.7875023794364807,-2.6519835274451626,-0.0802137631312851,-0.18336458645030937,-0.6120830771359597,7.369538854937915e-06,0.0007497494149985959,0.00017161490146145846,0.002805676822433478,69.208333
7826,0.32266533123206065,-265.89683477711475,0.764306543755543,-2.549805328334396,-0.08554397311144167,-0.18541945307906021,-0.610740835183117,7.251705507676878e-06,0.0007301755550545083,0.00016696498917469538,0.0026651560422134516,69.216667
7827,0.32908714112346343,-265.9159620533484,0.739382583131214,-2.4565734800050456,-0.09078367328924004,-0.18727484597266256,-0.609416909353546,7.147991313390913e-06,0.0007116313713030636,0.00016285844795470116,0.0025402662328047588,69.225
7828,0.3352925479111051,-265.9342270381746,0.7128447443530219,-2.371483640462441,-0.09589857150970071,-0.18895417224775155,-0.6081137208191951,7.0574730141672775e-06,0.0006941165442279743,0.00015922228129380882,0.0024293256870127644,69.233333
7829,0.34125439036895144,-265.951895795634,0.6848218099784551,-2.2938822668094088,-0.1009178949716709,-0.1904304574738536,-0.6068396262743442,6.979312988816806e-06,0.0006776169372873785,0.000155993680517981,0.0023309038182262234,69.241667
7830,0.346974634675867,-265.9688416073195,0.6554126316208304,-2.223117737484408,-0.1058057223261277,-0.19172916423182282,-0.6055968868661836,6.912751190279704e-06,0.000662115390294687,0.00015311893194493802,0.002243759189262917,69.25
7831,0.3524295378401749,-265.98535837090964,0.6247294142027807,-2.158676953786368,-0.11059992561536865,-0.19281822053747788,-0.6043933346411388,6.857095270055058e-06,0.0006475852983996206,0.000150552098021761,0.002166825034398364,69.258333
7832,0.357622141463769,-266.0013194266103,0.5928606211984784,-2.1000347046975136,-0.11526651830017548,-0.1937229132753432,-0.6032309469076245,6.811713163377911e-06,0.000633999576329709,0.000148254116913435,0.0020991695749904213,69.266667
7833,0.3625360380579801,-266.01683114822106,0.559897665832235,-2.046769662709388,-0.11981111650901166,-0.19443294010215803,-0.6021159695939767,6.776024922457657e-06,0.000621324889940246,0.00014619182118230818,0.002039988952519513,69.275
7834,0.3671563286574602,-266.0321086323727,0.525931576381144,-1.998519999351426,-0.12426158842123902,-0.19492367382136666,-0.6010543500408363,6.749496458368759e-06,0.0006095282073665118,0.00014433724469598014,0.001988582619063556,69.283333
7835,0.37148041503537665,-266.0470590140326,0.49103962247026717,-1.9549174962041092,-0.12859028987987242,-0.19521282655677866,-0.6000491666291384,6.731633553445442e-06,0.0005985769696212317,0.00014266692856000109,0.0019443407096335517,69.291667
7836,0.3755018922625368,-266.0617465199297,0.45530126045247754,-1.9156590630413224,-0.132799322786563,-0.19529705568334504,-0.5991042585267164,6.7219765211347986e-06,0.0005884369410569818,0.00014116134834876905,0.0019067376707926004,69.3
7837,0.3792119413798358,-266.07620351651275,0.4187904718356767,-1.8804764433512346,-0.13688409305947327,-0.1951752657710963,-0.5982239324654836,6.72009583623508e-06,0.0005790740573858366,0.00013980444592717522,0.0018753206391558985,69.308333
7838,0.38261141562033757,-266.09029416795664,0.3815764855081252,-1.8490972292886756,-0.14081081095225123,-0.19487440999039488,-0.5974100706598985,6.725588405294964e-06,0.0005704555533314378,0.0001385832330416986,0.0018497015104099008,69.316667
7839,0.3856919481798696,-266.1042449976458,0.3437360593395315,-1.8213489834742556,-0.14461354722983102,-0.1943666621258366,-0.5966666031274638,6.738074325442122e-06,0.000562548380905805,0.00013748744363960026,0.0018295522661666238,69.325
7840,0.38844703795138735,-266.1180979092302,0.3053374213624413,-1.7970548008762424,-0.14829101573885903,-0.19364917604824425,-0.5959968824943412,6.75719442138206e-06,0.0005553217263101081,0.00013650926183909301,0.0018145961854367264,69.333333
7841,0.39086615333121977,-266.13199865803927,0.2664484257323665,-1.7760868522588227,-0.15186043715575206,-0.19270102462257124,-0.5954051019367194,6.782608236674866e-06,0.000548746795065901,0.00013564309011823312,0.0018046046739771011,69.341667
7842,0.3929552657330287,-266.14567296133157,0.22713004583687407,-1.7582441769817554,-0.15526406492865846,-0.19157241298591074,-0.5948912450192767,6.813992540520137e-06,0.0005427977353582726,0.00013488535966902103,0.0017993928438192345,69.35
7843,0.39470864489484897,-266.15932523175024,0.18745236218342817,-1.7434538414684417,-0.158532433159923,-0.19023593078459478,-0.5944579639898128,6.851040123051166e-06,0.0005374485281675987,0.00013423434849477351,0.0017988191750814924,69.358333
7844,0.39611501583677744,-266.1731149008817,0.14747808226567213,-1.7316605936968057,-0.16168443096420937,-0.18866642661671537,-0.5941091119714117,6.893459149899841e-06,0.0005326756956192606,0.00013369009693524065,0.0018027797595568207,69.366667
7845,0.39717967612436067,-266.1869017743521,0.10727077968498501,-1.722751050177246,-0.16468818966813883,-0.18689390381509655,-0.5938442401645272,6.940972921211273e-06,0.000528459315101799,0.00013325431789460677,0.0018112069522894212,69.375
7846,0.3979020906693707,-266.2007217641709,0.06689499554424591,-1.7166737950023783,-0.16754325526837624,-0.18491800938530198,-0.5936641307128578,6.993319838893447e-06,0.0005247798641691494,0.0001329303052684831,0.0018240691813004848,69.383333
7847,0.3982776947016705,-266.2146012841731,0.026410257650778382,-1.7133957070088661,-0.17024559368501405,-0.1827379906492869,-0.5935703642200293,7.050253745420994e-06,0.0005216196351160115,0.0001327229215080259,0.0018413688833935934,69.391667
7848,0.3983092926753051,-266.2285431398041,-0.014118323267538715,-1.7128913223708326,-0.17278964717988815,-0.18036031179507975,-0.5935624722239703,7.111544576477393e-06,0.0005189635467663429,0.00013263857852943738,0.0018631423636892399,69.4
7849,0.39799509854361653,-266.2425855969685,-0.05462934462847175,-1.7151640829840298,-0.1751743285723009,-0.1777833669370127,-0.5936409198545727,7.176979259188578e-06,0.000516797815090096,0.0001326852579079815,0.001889458999775117,69.408333
7850,0.39733483557136745,-266.25676066814356,-0.09506041796657723,-1.7202327091389036,-0.17739766793231374,-0.17500717183185582,-0.5938055825736164,7.246362904398494e-06,0.0005151109158888632,0.0001328725526901536,0.0019204216205406938,69.416667
7851,0.3963295254560686,-266.2710987543935,-0.1353480438128001,-1.7281326769307659,-0.17945759020794544,-0.17203253562135384,-0.5940557992987231,7.319520248584462e-06,0.0005138933274581879,0.0001332117334408125,0.001956166870535933,69.425
7852,0.3949822589924984,-266.2856068190529,-0.17542772549220823,-1.7389097494587946,-0.18134857632190993,-0.1688653711925381,-0.5943901857820524,7.396297345289129e-06,0.0005131373516210145,0.00013371584420957287,0.0019968657989051486,69.433333
7853,0.3932940521850799,-266.30031029761585,-0.21523654627141692,-1.7526341399902894,-0.18306718211852413,-0.16550757086447607,-0.594807669329947,7.47656349637045e-06,0.00051283683478856,0.0001343998213007864,0.002042724718915954,69.441667
7854,0.3912675544765817,-266.31524706218073,-0.254708879545494,-1.7693986405038058,-0.18461232936740465,-0.1619595217518556,-0.5953065713020907,7.5602134323646024e-06,0.0005129876276624321,0.00013528064571422291,0.0020939867835247155,69.45
7855,0.38890731406672296,-266.33043054039626,-0.29377785830133946,-1.7893078910990818,-0.18597937903500522,-0.1582269893405382,-0.5958845551732174,7.647169749706975e-06,0.0005135873525290543,0.0001363775432118618,0.0021509330101777114,69.458333
7856,0.3862166563842885,-266.34586664030996,-0.3323782532172119,-1.8124852242444505,-0.187161796424716,-0.15431692947461864,-0.5965394034869773,7.737385603301328e-06,0.0005146351678543961,0.00013771220503507796,0.002213883705149221,69.466667
7857,0.3831973601808087,-266.3616482451245,-0.3704411230897493,-1.8391071298020725,-0.18816531014140922,-0.15021970356109787,-0.5972690929534218,7.83084765607144e-06,0.0005161320931761846,0.00013930903992201028,0.0022832007538660477,69.475
7858,0.3798588439561944,-266.3777568843171,-0.40789337208395626,-1.869334339346982,-0.18898142318952443,-0.1459496441535905,-0.5980695910483179,7.927579341463858e-06,0.0005180813425042146,0.00014119554707217095,0.0023592887380237937,69.483333
7859,0.37620353826855923,-266.3942317784991,-0.444666683108085,-1.9033755253722613,-0.18960690963043608,-0.1415080283959697,-0.5989384028394582,8.02764441104799e-06,0.0005204870939824767,0.00014340264602619025,0.0024425955089614542,69.491667
7860,0.3722394928496528,-266.4110808553331,-0.4806860932263383,-1.9414550461815832,-0.19003627667142586,-0.13690451852384386,-0.5998715521114631,8.131150775577498e-06,0.0005233558740634509,0.00014596510284096897,0.002533615477894442,69.5
7861,0.36797199548598114,-266.42838009093424,-0.5158743044377242,-1.9838557054410666,-0.19027166709080492,-0.13213530204108773,-0.6008655983936811,8.238254679526945e-06,0.000526695655118333,0.0001489220284897936,0.0026328890647093787,69.508333
7862,0.36340852602173634,-266.44615806184197,-0.5501520747008732,-2.030876332595558,-0.19030891712888803,-0.12720684412853422,-0.6019164788773347,8.349165241886268e-06,0.0005305164813777592,0.0001523175029340731,0.0027410029944095965,69.516667
7863,0.3585618830126535,-266.4644203031894,-0.5834325181326312,-2.082841508805443,-0.190143332448509,-0.12213231124264529,-0.6030188424517973,8.464149368789392e-06,0.0005348301962232398,0.00015620118517168188,0.0028585899031732405,69.525
7864,0.35343573251469523,-266.48325848988554,-0.6156323880380351,-2.1401563974023086,-0.18977582560327394,-0.11690605882888572,-0.6041693654114655,8.583536973537355e-06,0.0005396496561929842,0.00016062906893439785,0.0029863241371579654,69.533333
7865,0.3480420213159724,-266.50269033232416,-0.6466588184141198,-2.2032384776804355,-0.18920156647992942,-0.11153995440282458,-0.6053627990629724,8.707726600066537e-06,0.0005449905158567234,0.0001656643266794186,0.003124922112207841,69.541667
7866,0.342390924209375,-266.52277825269533,-0.676414222572992,-2.2725760570792892,-0.18841952885293534,-0.10603754347207844,-0.6065942904423393,8.837191374636182e-06,0.0005508698132334005,0.00017137819284459636,0.003275134599245457,69.55
7867,0.33649482720808277,-266.5435785732008,-0.7047935756080205,-2.348709808837394,-0.18742826365927387,-0.10040505697884332,-0.6078585223477129,8.972485188508228e-06,0.0005573064266716166,0.00017785100755095094,0.003437739938408526,69.558333
7868,0.3303624725112953,-266.56518950838165,-0.7316879313971395,-2.4322655811892075,-0.18622753333602657,-0.09464082714176567,-0.6091509930563207,9.114249065593507e-06,0.0005643207600888209,0.00018517329343820487,0.003613534059239263,69.566667
7869,0.32401188873383713,-266.5876387053261,-0.7569741827384352,-2.5238957841949836,-0.18481412076305154,-0.08876009937602838,-0.6104653128567895,9.263217569291941e-06,0.0005719354686771827,0.0001934468686668221,0.0038033228649459075,69.575
7870,0.3174591602612238,-266.6109236513238,-0.780529035973621,-2.6243025335932257,-0.1831813704875456,-0.08278386580612453,-0.6117956601223142,9.42022485962319e-06,0.000580173722793048,0.000202785898102641,0.004007907544088858,69.583333
7871,0.3107196132998296,-266.63494840305464,-0.8022344333003442,-2.7342009436529997,-0.18131594699144438,-0.07675046322966836,-0.6131365316441576,9.586209884798005e-06,0.0005890595685905075,0.00021331763845516854,0.0042280845090644,69.591667
7872,0.3038107505206294,-266.66053135367633,-0.8218523849809377,-2.854957292768839,-0.17927362064326352,-0.07053460524152401,-0.6144821812557933,9.762220020659155e-06,0.0005986179520048181,0.00022518258403441636,0.004464663847729302,69.6
7873,0.2967502119489465,-266.68726520381387,-0.839271249894236,-2.9872675701145415,-0.17701217507473554,-0.06423568834872462,-0.6158270689842049,9.949413876414473e-06,0.0006088738143067835,0.00023853855871385906,0.004718405125550716,69.608333
7874,0.28955508681620845,-266.71527077113126,-0.8543092041577985,-3.132240435056531,-0.1745310233107771,-0.05785802914717411,-0.6171660093048691,1.0149060490016601e-05,0.0006198518484513181,0.0002535551929694607,0.004990183607333873,69.616667
7875,0.28225250881741026,-266.7445987978781,-0.8667604712349348,-3.2910040336445823,-0.1718302190421897,-0.05142172414199501,-0.618492275445844,1.0362532264602183e-05,0.0006315758858842277,0.0002704140676404014,0.0052810790203428005,69.625
7876,0.27482266828361834,-266.77566149667473,-0.876441187746927,-3.4651514837878823,-0.16889843550207434,-0.04487891334007153,-0.6198078043219253,1.0591291080785984e-05,0.0006440659983088508,0.00028930501182097026,0.00559260014354081,69.633333
7877,0.267372286339063,-266.8080760769233,-0.8830139454450537,-3.655439983910259,-0.16576047655612128,-0.03833983176934388,-0.621092613374033,1.0836865961838135e-05,0.0006573470563448799,0.0003104199931067096,0.00592716260708049,69.641667
7878,0.25985304322957004,-266.8424415035415,-0.88629021436659,-3.863806273453318,-0.1623917382689227,-0.03172552184174459,-0.6223543422214283,1.1100811945142513e-05,0.0006714207352598014,0.0003339432491358095,0.006288559122492209,69.65
7879,0.2523681748115859,-266.87853166481295,-0.8858674693623784,-4.091042347712527,-0.15882512647889177,-0.02511704913756033,-0.6235753568876704,1.1384652730463285e-05,0.0006862971687800647,0.0003600365940619073,0.006683270261433606,69.658333
7880,0.2449131089462239,-266.9167104329333,-0.8814591677716603,-4.338702978597636,-0.15504759519546102,-0.018485591130910986,-0.6247567837331943,1.168979424497989e-05,0.000701960008100956,0.00038881820999775164,0.007121739551571509,69.666667
7881,0.23752565971829762,-266.9571505691334,-0.8726908856769603,-4.607896502967993,-0.15106273471187137,-0.011841042531978156,-0.625893243747787,1.2017404015893024e-05,0.000718388718858625,0.00042033400644970103,0.0076208681585957444,69.675
7882,0.23024755652352114,-267.00001276942,-0.8591592295260484,-4.899401014155842,-0.14687493172217994,-0.00519607286007943,-0.626979479675721,1.23682509398802e-05,0.0007355476606508323,0.00045451989153869965,0.008207024472274081,69.683333
7883,0.22312319216119586,-267.0454265352602,-0.8404438667226234,-5.213479753910228,-0.14248909529518813,0.0014322032936740072,-0.6280106043624458,1.2742490474075174e-05,0.0007533849632427546,0.0004911554645706539,0.008919916540286092,69.691667
7884,0.21619619781751553,-267.09362444193835,-0.8160934031831636,-5.54983833349951,-0.13790839489430776,0.008042107985825052,-0.6289826005485526,1.3139390532887995e-05,0.0007718335693232719,0.0005298114366254425,0.009816908592015599,69.7
7885,0.20949475528767764,-267.1448780955695,-0.7856862483422073,-5.907588560891482,-0.13312239241493615,0.014635785263756293,-0.6298942253294889,1.3556997673550238e-05,0.0007908159269222946,0.0005697988716221689,0.01097676698202238,69.708333
7886,0.20309782350396424,-267.19919369796827,-0.7487435895384683,-6.283686116672317,-0.1281533917918893,0.021183688404433212,-0.6307380376937944,1.3991757310679336e-05,0.0008102562432385225,0.0006101301704736928,0.012501356426974516,69.716667
7887,0.19709806914762573,-267.2565834353507,-0.704797345586643,-6.672947860259028,-0.123033027595986,0.027668657150642914,-0.6315060033032509,1.4438099689085396e-05,0.0008300808503801399,0.0006495010489447738,0.014510694432307566,69.725
7888,0.19152493892677244,-267.3172588205387,-0.6535839735181848,-7.069621806089457,-0.11774642027589922,0.03409870638642109,-0.6321989966861574,1.488803094227655e-05,0.0008502319580251132,0.0006863288018454033,0.017127115231481485,69.733333
7889,0.18644479547615916,-267.38105820159296,-0.5949522844744769,-7.4648617755693465,-0.11230971653801874,0.04044761891101379,-0.6328135826383465,1.5330848742974784e-05,0.0008707027402677155,0.0007188811955001366,0.020447651331930272,69.741667
7890,0.181921797865807,-267.4480484063623,-0.528854423310975,-7.847849039278157,-0.1067271901314152,0.04672651632699104,-0.6333470235460148,1.5753089132501676e-05,0.0008915417241835417,0.0007454654022882673,0.024499424824779552,69.75
7891,0.17801622733967398,-267.51802567555745,-0.4555390928386508,-8.205665714113396,-0.10100705795011898,0.05292607249310426,-0.6337972213340132,1.613881417392742e-05,0.0009128540983053958,0.0007646976927038789,0.029185649271417844,69.758333
7892,0.17475853008600373,-267.5903546639703,-0.3757078556331331,-8.52497217504307,-0.09516287250318271,0.05899879159540177,-0.6341653435526301,1.647037403890008e-05,0.0009347802051172286,0.0007757806382817536,0.03424038084073066,69.766667
7893,0.17226388363151446,-267.6650403747652,-0.2899223701246138,-8.788886110546862,-0.08921641039446387,0.06500320951206932,-0.6344426905130649,1.6729716339501218e-05,0.0009574512326513785,0.0007787056494637455,0.039221467291330706,69.775
7894,0.17054490448098378,-267.74127105066174,-0.19953930706437759,-8.984897392164676,-0.08317677240898304,0.07090128199410377,-0.6346315036453964,1.690007873670181e-05,0.0009808816611402945,0.0007742468936509826,0.04354642248556692,69.783333
7895,0.16962894641496237,-267.81844400003007,-0.10602718625658338,-9.102501506039143,-0.07705095026203769,0.07669277002463863,-0.6347313469221958,1.6967927131569842e-05,0.001004907153418017,0.0007638139719681349,0.046617400591483116,69.791667
7896,0.1695361394568668,-267.89576569944654,-0.011088483433642783,-9.13503689403548,-0.07085821034359367,0.08237074253118486,-0.6347414335599689,1.6924807881744317e-05,0.0010291029840335953,0.00074905053168977,0.0479699298628034,69.8
7897,0.17026851346681646,-267.97245898410256,0.08348642537622036,-9.08112888100251,-0.06461408181601759,0.08793222104370704,-0.6346616875228831,1.676861138674175e-05,0.0010527602158342192,0.0007314074968796378,0.04740554720643702,69.808333
7898,0.17180751349480974,-268.0477636837165,0.17593788814111286,-8.944980407809759,-0.05833295530292672,0.09337242902578412,-0.6344930011430006,1.65039573633468e-05,0.001074936237142269,0.0007118460659195747,0.04504636172602348,69.816667
7899,0.17412985878872073,-268.121031908322,0.26468854321593016,-8.734970239485486,-0.05202834696485714,0.09869526686139748,-0.6342356092866924,1.6141611356688432e-05,0.001094572399208147,0.000690766907598445,0.041287875843891556,69.825
7900,0.17718781147167087,-268.1916746339623,0.34839498371664124,-8.463503046086286,-0.045713142813047586,0.10389621956860656,-0.6338914708445806,1.569706653144241e-05,0.0011106417188371746,0.0006681582403397429,0.03667572951770857,69.833333
7901,0.18093335057165516,-268.2592238097486,0.4260312409669806,-8.14437990874301,-0.039403169524078706,0.10897685380653496,-0.6334618759182639,1.5188659564393306e-05,0.0011222987323299847,0.0006438543997507278,0.0317631075853141,69.841667
7902,0.18530736853211732,-268.32343851297173,0.49692147348194154,-7.7919050815982045,-0.03310153237935685,0.11394046182886887,-0.6329489492750284,1.4635613626581677e-05,0.0011289777217967996,0.0006177749436408148,0.02700194967115709,69.85
7903,0.19022262743885565,-268.38432445199453,0.5607420366182507,-7.420281928266958,-0.026791335125382787,0.1187769582175253,-0.6323581036365327,1.405635770154204e-05,0.0011304368228540608,0.0005900612774463886,0.02269142126111012,69.858333
7904,0.19564279233024046,-268.44149185468825,0.6172790480921582,-7.040166694720783,-0.020522690842083604,0.12349301317512165,-0.6316888534187773,1.3467345768927521e-05,0.00112675412516172,0.0005610880802464005,0.018978815849664293,69.866667
7905,0.201511255383696,-268.4947455364933,0.666560238455372,-6.661081257922315,-0.014332213296690332,0.12809222668856712,-0.6309433269319702,1.2882337786529585e-05,0.0011182492513910078,0.0005314046013635413,0.015895842134588962,69.875
7906,0.20775132643424243,-268.54443931870065,0.7088960701511976,-6.290773524469463,-0.008194491223045565,0.13257312934860552,-0.6301267557914942,1.2312161808097383e-05,0.0011054212406299761,0.0005016348480383647,0.013399153316418808,69.883333
7907,0.21429889923672002,-268.5907409728061,0.7446390152462736,-5.9346437780099155,-0.0021131647480823077,0.13693276299215315,-0.6292435662206506,1.1764831764236113e-05,0.0010888843049749058,0.00047238186760607153,0.011407208940514795,69.891667
7908,0.22110171218667993,-268.6338651649848,0.7741937790707907,-5.596099040977746,0.0039105253241464065,0.14117234063314052,-0.6282973744238073,1.12458600120491e-05,0.001069298192968621,0.0004441611905404954,0.00982805346576843,69.9
7909,0.22809719175728776,-268.67428106166443,0.7980462687485992,-5.277319007484589,0.009910272790880694,0.14528062096764954,-0.6272940620956526,1.0758664803053884e-05,0.0010473148525402657,0.00041736811566525135,0.008575193116531704,69.908333
7910,0.23525743234100463,-268.71164471262176,0.816510712540976,-4.979159521372226,0.015802771901267932,0.1492718919675228,-0.6262353290454578,1.030500766169091e-05,0.0010235514138533088,0.00039227094261156715,0.007574610129669845,69.916667
7911,0.24252906546898242,-268.7464981446832,0.8300719963533789,-4.701859830422569,0.021631114482429506,0.15313558972024038,-0.6251272660213137,9.885384273520962e-06,0.0009985562563283542,0.00036902033432630873,0.00676713540161008,69.925
7912,0.2498580680016669,-268.7793673774671,0.8391865712684713,-4.445098183487029,0.027440795035549845,0.1568508875167102,-0.6239770144236383,9.499382245942672e-06,0.0009728134987509098,0.0003476712518138977,0.006106880099229955,69.933333
7913,0.2572358492638698,-268.8098059460613,0.8441033234549575,-4.207943882791807,0.03313175589796846,0.16044726454353886,-0.6227852557082684,9.145968257576505e-06,0.0009467416798334327,0.0003282051123734719,0.005559205771760581,69.941667
7914,0.26461236421539386,-268.83835056793583,0.8452274700950076,-3.989503157300976,0.038753576442335215,0.16390263605029373,-0.6215598111885074,8.823701805070257e-06,0.0009206784199968404,0.00031054955150056356,0.005098622520808494,69.95
7915,0.2719626229677705,-268.8651987709166,0.8428655872480412,-3.7885649790383398,0.04430860455472861,0.16721500516594232,-0.6203050880701904,8.530915496675081e-06,0.0008949058345391191,0.00029459890332951907,0.004706249325348571,69.958333
7916,0.27924489937865143,-268.8908881287023,0.8373504541838018,-3.6039804083729803,0.049856682444308915,0.17035263271029696,-0.6190289205039762,8.265834296028492e-06,0.0008696471857597293,0.00028022798586875715,0.004368195003907419,69.966667
7917,0.2864492420147549,-268.9151461525499,0.8288761071993979,-3.434509337902048,0.05532872637637686,0.17333729399522854,-0.6177341072208817,8.026666195206076e-06,0.0008450816082533998,0.00026730342768503754,0.004074121202945406,69.975
7918,0.2935575220867041,-268.9378273306636,0.8176440028863007,-3.279012831246829,0.06067390024855495,0.17618525238083393,-0.6164251352338986,7.811656740779637e-06,0.0008213396345791231,0.0002556903471807895,0.003816343937371792,69.983333
7919,0.3005425759676078,-268.9594107129389,0.8039013669368043,-3.1363751751848956,0.06595009128999292,0.17887038529999794,-0.6151085135140563,7.619128148550507e-06,0.0007985148634972202,0.00024525806331388185,0.003589039840070565,69.991667
7920,0.30738203061341574,-268.9800116378655,0.7878388747702351,-3.0055852429142766,0.0711554596686164,0.18138614933961114,-0.6137902557576946,7.447501972078815e-06,0.000776673754698389,0.00023588387714603402,0.0033876818871981366,70.0
7921,0.3140550771278417,-269.0001059947949,0.7696575963782589,-2.8856650999593496,0.07635609700230868,0.18369790347085865,-0.6124763990448817,7.295309088741355e-06,0.0007558593845532524,0.00022745449998143566,0.0032087047845698055,70.008333
7922,0.3205490652360489,-269.01938255191004,0.749480268431918,-2.7757492419457646,0.08147819732898386,0.1858307764998354,-0.6111716113674518,7.161192405133177e-06,0.0007360956721157719,0.00021986695161314667,0.0030492399402180658,70.016667
7923,0.3268489537203207,-269.0379436938023,0.727452119307608,-2.6750266937896345,0.08652278166472183,0.1877797981216454,-0.6098811919926642,7.04390409787648e-06,0.0007173892824239533,0.00021302839534109534,0.0029069646817345123,70.025
7924,0.332943402041671,-269.055910694275,0.7037078881806106,-2.5827458493439357,0.0914966402544091,0.18953882470808536,-0.6086098187068896,6.9423003178423385e-06,0.0006997342895867422,0.00020685602964733393,0.002779955848093727,70.033333
7925,0.3388154893297042,-269.07332448671673,0.6783689162405827,-2.4982638602262344,0.09639099778130507,0.19110449773250082,-0.6073634489900862,6.85533362678566e-06,0.0006831143309234257,0.00020127651771494528,0.002666600846264701,70.041667
7926,0.3444562004612384,-269.09022585789774,0.6515477261788909,-2.420960224950202,0.10119975598925945,0.19247748303479745,-0.6061464679335381,6.7820450263361206e-06,0.0006675069398865652,0.0001962252929736781,0.0025655308137397886,70.05
7927,0.3498541387476716,-269.1066616792157,0.6233505066799061,-2.350291589238438,0.10591800105247856,0.19365609622328936,-0.6049638056318769,6.721555141721548e-06,0.0006528834243701076,0.00019164578276559583,0.0024755766470602016,70.058333
7928,0.35499815864781903,-269.122702087287,0.5938784826731991,-2.285772333689587,0.11054600008996121,0.1946356922784606,-0.6038203721566495,6.673056065514629e-06,0.0006392115171337267,0.0001874886616781435,0.0023957317374457923,70.066667
7929,0.3598765526856427,-269.1384551054725,0.563229041700262,-2.226976194396893,0.11509183437988099,0.19540601784147976,-0.6027212212345019,6.635803575963051e-06,0.0006264567946368598,0.00018371111832305134,0.002325124904557769,70.075
7930,0.36448286708594135,-269.15387878762937,0.5314882325408968,-2.173489187559974,0.11953636542387705,0.19597584907886806,-0.6016702058395995,6.6091100304701915e-06,0.0006145839852566546,0.0001802761696768551,0.0022629992992139305,70.083333
7931,0.3688057222495441,-269.1689895324753,0.4987394313870906,-2.124968079855601,0.12387058156988263,0.1963451921787948,-0.6006722543998609,6.592337830408159e-06,0.0006035566862502864,0.00017715205161781321,0.002208698968064471,70.091667
7932,0.37283913755387055,-269.18390737135985,0.4650694644407783,-2.081098298713371,0.12810783933792474,0.1965034950849241,-0.5997309985281549,6.584893890041302e-06,0.0005933394226996594,0.00017431166390604645,0.0021616538789990714,70.1
7933,0.37657531023065755,-269.1986464997171,0.43055584266728986,-2.041599619968425,0.13224043359864449,0.1964514560045041,-0.5988504035494615,6.58622461085245e-06,0.0005838969658715381,0.0001717320589081267,0.0021213693869667895,70.108333
7934,0.3800080275895811,-269.2132168152747,0.39527385666967446,-2.00621816411075,0.13626050746651383,0.1961911477567113,-0.5980339625162374,6.595811720486073e-06,0.0005751953669240872,0.00016939402895817758,0.00208741822781158,70.116667
7935,0.3831313336945009,-269.2276394082727,0.35929691433203165,-1.9747321127039872,0.14016265501244876,0.19572323467719768,-0.5972849891160467,6.613168712944103e-06,0.0005672020214211189,0.0001672817287281059,0.0020594335184507765,70.125
7936,0.3859376676792088,-269.2419549656066,0.32269588272099775,-1.9469585013777726,0.14394484980768113,0.19504464424091084,-0.5966070563132662,6.6378379312975e-06,0.0005598859743769966,0.00016538235050088005,0.002037102684891996,70.133333
7937,0.3884236564333918,-269.2562048838445,0.28554281405927046,-1.922725506647086,0.14760668351252382,0.19415380001314922,-0.5960025852283594,6.6693882495628975e-06,0.0005532185020491338,0.00016368584819448478,0.0020201623364595606,70.141667
7938,0.3905851212739217,-269.27055357770496,0.24791326727778992,-1.9019153874277996,0.15117118718568462,0.19302970181850398,-0.5954740288683716,6.7074131923390765e-06,0.0005471724229573928,0.0001621847017672834,0.0020083942740215448,70.15
7939,0.3924190501784077,-269.28468762711145,0.20985955327040795,-1.8843330888359033,0.15456944566973113,0.19172368191522843,-0.5950233851994562,6.751529592080097e-06,0.0005417224859223096,0.00016087373464730088,0.0020016209702043517,70.158333
7940,0.39392161307647694,-269.2987251313116,0.17145178825333127,-1.86989564210594,0.1578161339132632,0.19022296525782095,-0.5946526751316207,6.8013766573857635e-06,0.000536845331527597,0.00015974993853724834,0.0019997067799856377,70.166667
7941,0.39508961757550504,-269.31272823811577,0.1327569838023346,-1.8585286457036143,0.160915096381147,0.18852262460995106,-0.594363579337447,6.856615446715839e-06,0.0005325197423720001,0.0001588123471138482,0.002002552203693429,70.175
7942,0.395922045545319,-269.3267446966615,0.0938426790692437,-1.8501681871546842,0.16386801957719557,0.18662043585783844,-0.5941570480572272,6.91692868695176e-06,0.0005287265925992628,0.00015806194637985578,0.002010092577027468,70.183333
7943,0.39641504769657177,-269.3408592157311,0.054774495922122794,-1.844789857507512,0.16668200789530796,0.1845063420332132,-0.5940345365965782,6.982020903004499e-06,0.0005254485150007273,0.00015750161025107468,0.002022296661098175,70.191667
7944,0.39656902658276383,-269.35506864157594,0.015617600264177437,-1.8423528197987555,0.16934909472445067,0.18218633305438184,-0.5939962431196067,7.051618897521451e-06,0.000522670504290913,0.00015713607820701941,0.002039165620094872,70.2
7945,0.39638158273115975,-269.36940042880696,-0.023565182971033816,-1.8428522134362564,0.17186570089681458,0.1796601717033743,-0.5940428572373889,7.125472452859584e-06,0.0005203791595209678,0.00015697192338884968,0.0020607327580139134,70.208333
7946,0.395852795200866,-269.3838403966877,-0.06271095408032891,-1.8462823863273017,0.1742215610896198,0.1769359392427594,-0.5941742452612521,7.203355347807397e-06,0.0005185632798129589,0.0001570175742008579,0.0020870633777003477,70.216667
7947,0.3949848945554169,-269.39842061131395,-0.10175231750770383,-1.8526624909631018,0.17641551596653546,0.17401483218688082,-0.5943895326982406,7.2850665834007655e-06,0.0005172134391897889,0.00015728333309261412,0.0021182549604301174,70.225
7948,0.39377683919619005,-269.41318232100576,-0.14062560253174744,-1.8620439779808433,0.178446231899707,0.17089499720961843,-0.5946884519860131,7.370431836159899e-06,0.0005163216820391091,0.00015778145429386727,0.002154436548385492,70.233333
7949,0.39223123611120675,-269.42810633077244,-0.17926630216988407,-1.8744684406943908,0.18030324184710747,0.16758696704779433,-0.595069627968984,7.4593051775563706e-06,0.0005158821959840845,0.0001585262460182908,0.0021957698244024905,70.241667
7950,0.39034958635922384,-269.44326698431377,-0.21760583330113453,-1.8900299505396287,0.1819912170040489,0.16408422078043117,-0.5955317607821299,7.5515709711746265e-06,0.0005158907026848657,0.00015953415481385907,0.0022424499209077846,70.25
7951,0.38813420937359033,-269.45867975277054,-0.2555778681303961,-1.908823047184428,0.1835046757910479,0.16039121401361284,-0.596073154156486,7.647146008402663e-06,0.0005163447409060742,0.0001608239709214292,0.0022947053142420874,70.258333
7952,0.3855875722183922,-269.4743573495476,-0.29311589561111673,-1.9309626462537368,0.1848375090531314,0.15651326047329558,-0.5966918863358643,7.745981857465708e-06,0.0005172435959510458,0.00016241697980106144,0.002352799504025118,70.266667
7953,0.3827176658215305,-269.4903096716992,-0.33014606835818217,-1.9565702782520398,0.18598551056847712,0.15245863435184467,-0.5973845221849604,7.84806742474315e-06,0.000518588354510789,0.000164337173262211,0.0024170323064506044,70.275
7954,0.3795257423145906,-269.50658070825824,-0.366600902675939,-1.9858224643081868,0.18694634806365482,0.14822697201762383,-0.5981490954504148,7.953431687387827e-06,0.0005203810449146034,0.000166611502700565,0.002487739211139144,70.283333
7955,0.3760163003997705,-269.52320434197213,-0.4024081161158766,-2.018910385796619,0.18771699093766572,0.14382134650144152,-0.5989826911354122,8.062146699269121e-06,0.0005226259727412663,0.00016927020214546314,0.002565294323540523,70.291667
7956,0.37219604387701427,-269.5402072523647,-0.43749189236365243,-2.0560453795910703,0.18829391152958552,0.13924736276353422,-0.5998817279433417,8.174330797455381e-06,0.0005253291971360097,0.00017234711900271545,0.0026501105238874757,70.3
7957,0.3680724304852422,-269.5575970502543,-0.471775831912162,-2.0974595319904537,0.18867100909635862,0.1345148999675289,-0.6008423293088524,8.290152001754528e-06,0.0005284982583343972,0.000175880093482149,0.0027426395647153043,70.308333
7958,0.3636497372070272,-269.575471677909,-0.50517910027551,-2.143464360082315,0.18885233338781318,0.12961616140762194,-0.6018612460957522,8.409831599991036e-06,0.0005321421903484884,0.00017991136145423855,0.002843372857153452,70.316667
7959,0.3589370650980561,-269.5938752296054,-0.5376158302592309,-2.1943752012404327,0.18883579916756285,0.12455572797045476,-0.6029340131875942,8.533647964007189e-06,0.0005362722003390615,0.00018448815676514968,0.002952840871702189,70.325
7960,0.3539438207788181,-269.6128086745718,-0.569001471064167,-2.250526820059775,0.18861363971006698,0.11934702022388834,-0.6040560374294754,8.661940519055675e-06,0.0005409009058899854,0.00018966318525863432,0.00307161163598588,70.333333
7961,0.34867900575892297,-269.63232495650396,-0.5992449261869046,-2.3123216489570813,0.18818404894660656,0.11399416841040201,-0.6052227738333069,8.795113769029702e-06,0.0005460424348085826,0.00019549510581435436,0.0032002916291287192,70.341667
7962,0.3431505232220566,-269.65250185636904,-0.6282508168330475,-2.38022625354698,0.1875465050278725,0.10849708192496134,-0.6064298841099426,8.933641348001126e-06,0.0005517126173327603,0.00020204920598583528,0.003339523793933987,70.35
7963,0.33737003762579415,-269.67338476824574,-0.6559169706305424,-2.45473602531412,0.18669774151468585,0.10286383561873233,-0.6076721956047668,9.07807003779612e-06,0.000557929274376523,0.00020939805226569241,0.0034899871857031776,70.358333
7964,0.33134997793201987,-269.695008483023,-0.6821368486913015,-2.536395690525266,0.18563330824013313,0.0971055766670243,-0.6089444100474102,9.229023507588924e-06,0.0005647115956420208,0.00021762202156555137,0.003652396596080289,70.366667
7965,0.32510218328778506,-269.7174576147346,-0.7067941437958123,-2.625841123036071,0.1843527328900859,0.09122499141425855,-0.6102414141087322,9.387205485654781e-06,0.0005720800706878536,0.00022680977279347742,0.0038275068912889637,70.375
7966,0.31863988278054495,-269.74083789065816,-0.7297609168903317,-2.723787510657256,0.18285673251440157,0.08522253132000665,-0.6115578862262894,9.553402106284281e-06,0.0005800566122806556,0.00023705874443250894,0.004016121011264618,70.383333
7967,0.3119798021844659,-269.7652330431673,-0.750897992274178,-2.831003127981285,0.1811444286191866,0.0791049947587102,-0.6128879248773408,9.728482990151541e-06,0.00058866423884881,0.0002484753858425314,0.0042191073230590445,70.391667
7968,0.3051370271512374,-269.7906671250331,-0.7700686347884729,-2.948301677667883,0.17920852603857085,0.072890837159869,-0.6142261332190421,9.913400290715923e-06,0.0005979262922326556,0.0002611748923171222,0.004437434952549569,70.4
7969,0.29812969491166375,-269.81724622204996,-0.7871105071692059,-3.0766198454753013,0.17704935834094862,0.06658569341767899,-0.6155667167896144,1.0109184740261972e-05,0.0006078665792597482,0.00027528005449643626,0.00467225188097287,70.408333
7970,0.2909752736665685,-269.8450883180014,-0.8018491284619559,-3.2169910051302435,0.1746661417564583,0.0601946106295093,-0.6169042554976214,1.03169375405303e-05,0.0006185084239581904,0.0002909198946684136,0.004924992303062816,70.416667
7971,0.2836957563457602,-269.8743387819688,-0.8140835870255294,-3.370537798866288,0.17206057285106102,0.053720689301929477,-0.6182327712820554,1.0537816580215736e-05,0.0006298743428939763,0.00030822675533540396,0.005197570964214368,70.425
7972,0.2763134054566416,-269.9050618075927,-0.8236103838158583,-3.5384025385713422,0.16922855355241687,0.04718289120530359,-0.6195465955971877,1.0773014741428374e-05,0.0006419844920355726,0.0003273318646442901,0.005492680147608127,70.433333
7973,0.2688498772467843,-269.9374307686423,-0.8301934315717705,-3.7218803352540393,0.16617021136233487,0.0405831686704818,-0.6208405430965831,1.1023727336350911e-05,0.0006548558650787873,0.0003483578117834495,0.005814283864710742,70.441667
7974,0.26133032359538094,-269.97162906784763,-0.8335679258523494,-3.922315553068618,0.16288559574768707,0.03392493952778642,-0.6221092298398708,1.1291105423197303e-05,0.0006685014664535287,0.0003714090295325736,0.00616833544184579,70.45
7975,0.25378238849746104,-270.00769611600504,-0.8334706564546289,-4.1409473649149815,0.15936981486096868,0.027237506165657482,-0.6233473293799023,1.157619073706747e-05,0.0006829285238355565,0.0003965578823469412,0.006563841527339624,70.458333
7976,0.2462409696529538,-270.0458636920245,-0.8295654944121966,-4.379084596965368,0.15562798961242535,0.020521243051938053,-0.6245488932892269,1.1879826366784379e-05,0.0006981369986745594,0.0004238246863507655,0.007014427091679425,70.466667
7977,0.23874587191927166,-270.0864364497901,-0.8214647054064134,-4.637935286587382,0.1516660562273341,0.013768230211413497,-0.6257078838414079,1.2202537173045868e-05,0.0007141171219215883,0.0004531548812756775,0.007540354420916202,70.475
7978,0.2313325608801,-270.1294887990885,-0.8088173795221544,-4.918321449568499,0.14748061528777645,0.007007559038036415,-0.626819651021462,1.254437405928549e-05,0.0007308479657012505,0.0004843897036006772,0.008171132694791635,70.483333
7979,0.22402881393339835,-270.17516385594786,-0.7912620957184661,-5.220886765543398,0.1430647415562618,0.0002581395434809727,-0.6278812991031156,1.2904716830885037e-05,0.0007482992802859259,0.0005172293154411536,0.008948784020742171,70.491667
7980,0.2168910642807284,-270.2237220177268,-0.7683238187084179,-5.5455155667229485,0.1384282741932078,-0.006476769010400905,-0.6288864579898951,1.3282034727462933e-05,0.0007664356917208485,0.0005511968140483737,0.009931254050758224,70.5
7981,0.20997420805962927,-270.2754210857325,-0.7395258710270535,-5.891237424953814,0.13357650963860013,-0.013193647786465213,-0.6298299424502266,1.3673603073492525e-05,0.0007852144878394238,0.0005856050134029669,0.011194545966634665,70.508333
7982,0.2033278155637636,-270.3303233384077,-0.7044671249800356,-6.255880179317903,0.12851137713176777,-0.019863841519937305,-0.6307081467872184,1.4075186507280321e-05,0.0008045936801812033,0.0006195356105631797,0.012832337205860371,70.516667
7983,0.19699601758341956,-270.3886614376639,-0.6627485861914887,-6.636181071109116,0.12322770413096594,-0.026483264780327247,-0.6315188693120628,1.4480720916679969e-05,0.0008245442932017746,0.0006518433658079154,0.014950494270258356,70.525
7984,0.1910578968500255,-270.45055716183276,-0.6139649943443343,-7.026242863338271,0.11774089737984958,-0.03304113862715185,-0.6322561798182831,1.4882045326860137e-05,0.000845064749498056,0.0006812054390964227,0.01765274345761725,70.533333
7985,0.1855587324658812,-270.516071308338,-0.5579180767391154,-7.41883820160927,0.11204458451915217,-0.03952126988325136,-0.6329191046119131,1.526874136003183e-05,0.0008661844969183343,0.0007062156007415438,0.02101266374712575,70.541667
7986,0.18058596370496904,-270.585088205073,-0.49449056301650407,-7.803158616522306,0.10616216752770201,-0.045904296434452374,-0.6335020934698465,1.5628188252699372e-05,0.0008879800942528153,0.0007255512550843076,0.025035276289477087,70.55
7987,0.1762020767008766,-270.6576525717765,-0.42377863387013054,-8.166893733408818,0.10009123033805195,-0.052195675307694714,-0.6340030518574724,1.5945926638688552e-05,0.0009105578560848535,0.000738162730628794,0.029607714513868885,70.558333
7988,0.17246689340458995,-270.73341874845613,-0.34623788779106346,-8.495776131050532,0.09384168002369186,-0.05837101348929531,-0.6344202680798933,1.6206419902015235e-05,0.0009340331035041775,0.0007434840957735508,0.03445959691307329,70.566667
7989,0.1694190609294302,-270.81193918802643,-0.2626656436436569,-8.775482496712653,0.0874167945616653,-0.06440485494937205,-0.634754150331854,1.6394264963745944e-05,0.0009584767730093529,0.0007415617693258444,0.03915542054818024,70.575
7990,0.16712879199204106,-270.8927622750298,-0.1740670485185077,-8.9905271119755,0.08083451732498353,-0.070298050458449,-0.6350011634529329,1.649577550271963e-05,0.0009838440504578473,0.000733047219452524,0.04314267788260551,70.583333
7991,0.16563609393590492,-270.97524758874624,-0.08183785622433488,-9.128265002967815,0.07410606165839546,-0.07604023561687608,-0.6351603631121924,1.650067453667239e-05,0.0010098797752600827,0.0007190075998149353,0.045855344023492374,70.591667
7992,0.16496950602089983,-271.058589924887,0.01235171881593743,-9.17977147990207,0.06724955637560567,-0.08161854914890855,-0.6352309991476419,1.6403584489522786e-05,0.0010360634794727647,0.0007006479424990308,0.04686082914426136,70.6
7993,0.1651622861458829,-271.14192052214344,0.10669285756927423,-9.14026078756573,0.06029248201099616,-0.08703345938509989,-0.6352105999087357,1.620498225814384e-05,0.00106159967305387,0.0006790133024721252,0.04598902245316027,70.608333
7994,0.16616698134040375,-271.2246464013924,0.1993827023816636,-9.013968365846534,0.053213385715100606,-0.09227067919014982,-0.6351039048994459,1.5911306214775217e-05,0.001085471704977972,0.000654814091703926,0.04338616868957061,70.616667
7995,0.16800617006334861,-271.3056841709925,0.2886560096400359,-8.806309484761567,0.04606917319302669,-0.09733106228675721,-0.6349069288261409,1.5534260294422034e-05,0.0011065888636423275,0.0006284254695292044,0.039465491132976586,70.625
7996,0.17062167614071747,-271.3845410400056,0.3730764101636486,-8.530310414310529,0.038848601150371184,-0.10220961703755034,-0.6346231110270857,1.508933288896308e-05,0.0011239092718827552,0.000600032824373521,0.03478484393929911,70.633333
7997,0.1739672749653623,-271.4605481139227,0.4514608663324803,-8.200542498344737,0.03157655548329618,-0.10690007848627607,-0.6342537402644453,1.45939883791513e-05,0.0011366092451150632,0.0005698357119759284,0.02989660222527229,70.641667
7998,0.177990000179776,-271.5331002011866,0.5229575562298926,-7.832499681616124,0.024287774474615907,-0.1113997670581351,-0.6338002118857831,1.4065888417716801e-05,0.0011441680570421823,0.0005381854833591645,0.025239573338807504,70.65
7999,0.18262245769244387,-271.6021310192839,0.58715172675782,-7.441216934973921,0.016971916455053707,-0.1157134732224186,-0.6332652357761693,1.352142655966216e-05,0.0011463980217186539,0.0005056257142824004,0.0210908863994862,70.658333
8000,0.18780014968682548,-271.6673748024671,0.6438442042081092,-7.039933971765108,0.009654752061379893,-0.11984049150639887,-0.6326512112010362,1.2974760080999012e-05,0.0011434213574179983,0.00047283927711831215,0.017572280415310993,70.666667
8001,0.19345611735684748,-271.72874429884865,0.6930934796429733,-6.63962579172648,0.002354660033129702,-0.1237826910009133,-0.6319610855588348,1.2437336042636366e-05,0.0011356034182656962,0.0004405480118295019,0.014690260815511773,70.675
8002,0.19952335334171523,-271.7862525963438,0.7351399271638889,-6.2488009991792435,-0.004911289392684211,-0.12754251490636176,-0.6311983038664329,1.1917829361640699e-05,0.0011234746521770372,0.00040941415015361207,0.01238235731000742,70.683333
8003,0.20594407197280834,-271.83997257376114,0.7703357533974684,-5.873449454361621,-0.012125412268309791,-0.1311277008274748,-0.6303657772508148,1.1422361951959722e-05,0.0011076555795618273,0.00037997144208247756,0.010556056139671656,70.691667
8004,0.21265210017103406,-271.89012220775396,0.7991306026083765,-5.517731805384687,-0.019282923019846753,-0.13453778571871877,-0.6294682404774007,1.0954870526811505e-05,0.001088791823713564,0.00035259465561420997,0.009114930257310501,70.7
8005,0.21959567370641034,-271.93681814470585,0.8219750716642369,-5.183956651421694,-0.026362760624317326,-0.13778065553051408,-0.628509354337584,1.0517538074588518e-05,0.0010675153223872076,0.00032750014955689946,0.007972417104775482,70.708333
8006,0.22671962890936156,-271.98032757420907,0.839351497478435,-4.873217819107318,-0.03336178208856922,-0.1408570283046232,-0.6274940651106315,1.0111203631273976e-05,0.0010444109046671628,0.00030476669456197883,0.007057454995136098,70.716667
8007,0.23397913559596212,-272.0208683021689,0.8517128176340331,-4.585582685144433,-0.04027087421592478,-0.14377191008410548,-0.6264266974169069,9.73573054043797e-06,0.001020004770432685,0.0002843659692500889,0.006314717188098807,70.725
8008,0.24133005699632695,-272.0586337823061,0.8594869416681796,-4.3205221464150085,-0.047077787381506433,-0.14652912447391794,-0.6253122502335684,9.390306554393805e-06,0.0009947557086059692,0.0002661936550291451,0.005702657677433417,70.733333
8009,0.24873518464876593,-272.09384867853964,0.863071430945657,-4.0770263024274005,-0.05377684469237452,-0.14913273869002447,-0.6241554212708124,9.0736829998699e-06,0.0009690570527949432,0.00025009713226484476,0.005190706555538759,70.741667
8010,0.2561567502085262,-272.1267311327145,0.8628334989959887,-3.853871127947387,-0.06036284513873915,-0.1515835722279096,-0.6229616844023256,8.78435402845462e-06,0.0009432390894613809,0.00023589775965896263,0.00475659727488335,70.75
8011,0.26355887995136695,-272.1574803573081,0.8591064531108432,-3.6497023800470387,-0.06682973855842222,-0.15388154821228475,-0.6217368959937984,8.520689020842727e-06,0.0009175765090994575,0.00022340738509995562,0.004384112926503671,70.758333
8012,0.2709174119491981,-272.1862911531858,0.8521841937727508,-3.4630564542846485,-0.07317549683020337,-0.15603055536716684,-0.6204855559410439,8.281025182182038e-06,0.0008922949494228349,0.00021243969272327425,0.004061361536521049,70.766667
8013,0.27820145723743206,-272.2133463019378,0.8423378111054967,-3.2925573722144708,-0.07939662305583638,-0.1580283760780048,-0.6192137928675993,8.063728360579476e-06,0.0008675735968650698,0.00020281736991528525,0.00377952304334358,70.775
8014,0.2853884176970428,-272.2388233960023,0.8298071605193608,-3.136844551377746,-0.08549291987840985,-0.15987484943619557,-0.6179267803262921,7.867234557126629e-06,0.00084355507534987,0.000194376436146334,0.003531925272471888,70.783333
8015,0.2924541946773566,-272.26286428258885,0.81480835011126,-2.9946608105484662,-0.09145998228709219,-0.1615691521354076,-0.6166303539352327,7.690072575127124e-06,0.0008203483573177354,0.00018696815470152923,0.0033134256446865915,70.791667
8016,0.29937774051565447,-272.2856042632874,0.7975356854338664,-2.8648308563129086,-0.09729487077119701,-0.16311043170704229,-0.6153301616741685,7.5308763827856445e-06,0.0007980350649024541,0.00018045960751718234,0.003119972576442592,70.8
8017,0.30614968862181374,-272.3070671114581,0.7781539596681532,-2.746249049598897,-0.10298166163788937,-0.16451312267818405,-0.6140299035950709,7.3883888039734175e-06,0.0007766732531186502,0.00017473328430520855,0.0029483097073154502,70.808333
8018,0.31273681718770685,-272.3276190429545,0.7568437666423563,-2.6379719022027235,-0.1085545117561309,-0.16574206808624195,-0.6127381149560419,7.261459265187703e-06,0.0007562980816027793,0.00016968605620164398,0.0027957806993531334,70.816667
8019,0.31912975552956335,-272.3472444495892,0.7337400189722697,-2.5390890193949405,-0.11399398854846089,-0.166810648443497,-0.6114589853920486,7.149040618061492e-06,0.0007369336632398614,0.0001652282429051894,0.0026601597978464933,70.825
8020,0.32531485241019287,-272.36605247471516,0.7089754903666545,-2.448792711154751,-0.11930092987284655,-0.16771589266627068,-0.6101976566282684,7.050180546560127e-06,0.0007185880357945528,0.00016128198956391124,0.002539579994598963,70.833333
8021,0.3312786201738483,-272.3841144953576,0.6826710668630007,-2.366359374312144,-0.12447097730136322,-0.16845767737915543,-0.6089593577716529,6.964013957960928e-06,0.000701257903140575,0.00015778004288707624,0.002432453186403341,70.841667
8022,0.3370084132408485,-272.40150501587556,0.6549391556187619,-2.2911397599625767,-0.12950147058969078,-0.16903474075446775,-0.6077492395792671,6.889754602168913e-06,0.0006849312196174219,0.0001546645115143015,0.0023374178761342503,70.85
8023,0.34249124455908614,-272.4183200411599,0.6258856637855915,-2.222556196517624,-0.13439404498926058,-0.1694415460059856,-0.6065725973323607,6.826686715156737e-06,0.0006695891565067274,0.00015188571898300035,0.0022533000838334868,70.858333
8024,0.34771980313963474,-272.4346214324181,0.5956085406432373,-2.1600828519200053,-0.1391473955670269,-0.1696783634674025,-0.6054335371896221,6.774157067218824e-06,0.00065520805576151,0.0001494011742638102,0.0021790829826008277,70.866667
8025,0.3526822624748476,-272.4504501295799,0.5641988372433039,-2.1032582389504944,-0.1437555627820281,-0.16974532201378761,-0.6043371381105567,6.731567406857832e-06,0.0006417595409500508,0.00014717464206959527,0.0021138855849007735,70.875
8026,0.3573689895190372,-272.46590162186845,0.5317453823604397,-2.051673904509959,-0.14822314909487186,-0.16963492455084733,-0.6032879935163866,6.698367826586692e-06,0.0006292132089784692,0.00014517537470787908,0.002056942390310714,70.883333
8027,0.361773702779741,-272.48101173995946,0.4983309254604369,-2.0049580717436637,-0.15254636686236311,-0.16934874076914988,-0.6022898991623524,6.674050648049665e-06,0.0006175371251487796,0.0001433774067212339,0.0020075884460613994,70.891667
8028,0.3658876442583084,-272.4958149184127,0.4640337392266867,-1.9627848098630858,-0.15672056124108524,-0.16888693588261733,-0.6013471387214377,6.658145020740555e-06,0.0006066980119309146,0.00014175896102541,0.001965247907381147,70.9
8029,0.3697027012740115,-272.5103583077112,0.4289295213973473,-1.9248671295755642,-0.1607437405727949,-0.16824748600105613,-0.6004637757575311,6.650212302228119e-06,0.0005966627353127196,0.0001403019518550333,0.001929422962934896,70.908333
8030,0.373214312630513,-272.52469074093506,0.3930927713335259,-1.8909493150812073,-0.16461585242724058,-0.16742898968065115,-0.5996429497794245,6.649842042947821e-06,0.0005873987678637521,0.00013899154858102393,0.0018996851993875112,70.916667
8031,0.3764156889366666,-272.53885079063195,0.35659397352082217,-1.8608090005057876,-0.16833433483162355,-0.1664301432402643,-0.598888196422187,6.656648570487097e-06,0.0005788739422654909,0.0001378158070122365,0.0018756686616726713,70.925
8032,0.37930310872682504,-272.55285189224384,0.31950210160977793,-1.8342452861649923,-0.1718938469150155,-0.16525480401721993,-0.5982021964336035,6.67026821451327e-06,0.0005710574690025799,0.0001367653695147562,0.00185706344313978,70.933333
8033,0.3818704903948587,-272.5667407616643,0.2818841034742345,-1.8110924698459252,-0.1752936515739445,-0.16389990657509254,-0.597588042901252,6.690357010256368e-06,0.0005639196397487411,0.00013583320651046422,0.0018436108850908568,70.941667
8034,0.38411597377528345,-272.5805471572839,0.24380741482085294,-1.79120252677253,-0.17853201857169101,-0.1623666207263518,-0.5970476626657394,6.716588938303146e-06,0.0005574326647452564,0.00013501440774442157,0.0018350988898700072,70.95
8035,0.38603462252297843,-272.59428931143077,0.20533525837294334,-1.7744510951576948,-0.1816040026741302,-0.16065667095488098,-0.5965835507005114,6.7486545736715e-06,0.0005515700300713843,0.0001343060099220354,0.0018313585542369917,70.958333
8036,0.3876220342444907,-272.608006911902,0.16653081388720034,-1.7607391734970916,-0.18450828416076145,-0.1587679628474972,-0.5961979031540681,6.786260188547912e-06,0.0005463073801468186,0.0001337068603854066,0.0018322612681719382,70.966667
8037,0.3888765549441512,-272.62174191122847,0.12745853878494706,-1.7499865754972301,-0.18724493084142863,-0.1566987384223056,-0.5958920656688144,6.829127214023792e-06,0.0005416225097818811,0.00013321751015333733,0.0018377163173490068,70.975
8038,0.38979944148003487,-272.63546905840474,0.08818158457436984,-1.7421148896827163,-0.18980471554163092,-0.15446077061856345,-0.5956664779673942,6.876992049308159e-06,0.0005374949341580902,0.00013284013993487007,0.0018476689639220039,70.983333
8039,0.3903856572356718,-272.6492369861123,0.04875959080888342,-1.7370860858897594,-0.19218707958953526,-0.15204962665037763,-0.5955229215994348,6.9296061849984105e-06,0.000533905509587964,0.00013257850525414972,0.00186209932883943,70.991667
8040,0.39063449003867373,-272.6630845970336,0.009255271430885446,-1.7348749362142366,-0.19439157941177845,-0.14946412178103252,-0.595461923912872,6.986736656425915e-06,0.0005308377713747279,0.00013243791528692628,0.0018810214399947777,71.0
8041,0.3905465008981227,-272.6770425544199,-0.03026829314133432,-1.7354712354395097,-0.19641681133647357,-0.14670498718993064,-0.5954834973649685,7.048166760418211e-06,0.0005282771035048026,0.00013242523504848882,0.0019044824748144762,71.008333
8042,0.3901231644928514,-272.69110649702765,-0.06974919277671725,-1.7388723879267156,-0.19825647836429314,-0.14378016372519886,-0.5955872278531027,7.113697046996227e-06,0.0005262105989531337,0.00013254891256166083,0.0019325624866169586,71.016667
8043,0.38936402667083797,-272.7052937197013,-0.10912701911921913,-1.7450999242441614,-0.19990649999344698,-0.14069281753842988,-0.5957729727249031,7.183146558279301e-06,0.0005246270022540008,0.00013281901988250255,0.0019653747295927,71.025
8044,0.38826973256490815,-272.7196350920458,-0.14833973270305945,-1.7541961764547396,-0.20136500721024692,-0.1374438906662937,-0.5960401190068745,7.2563543154398905e-06,0.0005235171480612508,0.00013324732649645722,0.002003066314430847,71.033333
8045,0.3868413113076373,-272.73419378978764,-0.18732324000995892,-1.7662312673000107,-0.20263427665200293,-0.13402798795330284,-0.5963877606447914,7.333181051037316e-06,0.0005228737954224068,0.00013384740584348578,0.0020458187429013507,71.041667
8046,0.38508238641887926,-272.74896114207627,-0.22601398815634846,-1.7812714162240928,-0.20370765118526935,-0.13045518763365885,-0.596814166675061,7.413511197601949e-06,0.0005226916116212637,0.0001346347834206947,0.0020938485236077576,71.05
8047,0.3829952672654071,-272.7639477342904,-0.264349004222421,-1.799408247767298,-0.20458042507213856,-0.12673152902274265,-0.5973177394861641,7.4972551058817286e-06,0.0005229667865112755,0.00013562707313506962,0.0021474086149664037,71.058333
8048,0.3805839405731462,-272.7791836315229,-0.3022620036157327,-1.8207590937913354,-0.20525103243479173,-0.12285986061850161,-0.5978962961996457,7.584351495087888e-06,0.0005236973735044844,0.00013684417283221412,0.002206790032180253,71.066667
8049,0.37785117218911257,-272.79473562511924,-0.33968552226439347,-1.8454763937143173,-0.20572125418309645,-0.11883534688876984,-0.598547774687334,7.674770164065136e-06,0.0005248830687452571,0.00013830851559020485,0.0022723227093760833,71.075
8050,0.3748026430538949,-272.810598445181,-0.376551820174,-1.8737102627259306,-0.20598509438654009,-0.11466915238722222,-0.5992692542233118,7.768514989973886e-06,0.0005265255226805947,0.00014004537025945219,0.0023443768830223215,71.083333
8051,0.37144183817506055,-272.8268164308599,-0.41279224397938535,-1.905653894923178,-0.2060410703442317,-0.11036197693556705,-0.6000581838907597,7.865627187365718e-06,0.0005286279135521872,0.00014208312597891953,0.0024233647425282814,71.091667
8052,0.36777390852980085,-272.8434324631792,-0.44833477600477123,-1.9415271031260288,-0.2058877494225778,-0.1059157576199389,-0.6009114740138519,7.966188847206144e-06,0.0005311954543225147,0.0001444536918048894,0.0025097419179824143,71.1
8053,0.3638103334324313,-272.8603987139412,-0.4831039084143515,-1.981540745502943,-0.20551727924663518,-0.10135328385918241,-0.6018244531904803,8.070326797773357e-06,0.0005342351817699005,0.0001471929410380792,0.002604007978894033,71.108333
8054,0.3595529267883606,-272.87785101170743,-0.5170232140377905,-2.0260134283573725,-0.20493547836776027,-0.09665740751073511,-0.6027945818896193,8.178216719718472e-06,0.0005377549742240598,0.00015034115572629106,0.002706705954461615,71.116667
8055,0.3550103867739397,-272.8958255085958,-0.5500109989449028,-2.0752588569555286,-0.20414035150042148,-0.09183405271671666,-0.6038176349916485,8.290087639995455e-06,0.0005417654441095232,0.00015394372961596077,0.0028184228815609754,71.125
8056,0.35019275639646213,-272.9143199804947,-0.58198434359846,-2.1296112803307885,-0.20312687659208242,-0.08689791850726551,-0.6048890282035619,8.406226809809829e-06,0.0005462787577250091,0.0001580517610436588,0.0029397873204877016,71.133333
8057,0.34511079682268936,-272.93333139509207,-0.6128571745663167,-2.189443599619756,-0.2018907570704079,-0.08186452070942903,-0.6060039893718135,8.526984806992605e-06,0.0005513085485250861,0.0001627227235352025,0.00307146738898794,71.141667
8058,0.3397721043641705,-272.952817220702,-0.6425487316672093,-2.2551540803002172,-0.20042335951140258,-0.07675704130596546,-0.6071584193998445,8.652780881113985e-06,0.0005568699351545183,0.00016802124633713287,0.003214167012388276,71.15
8059,0.3341899842417105,-272.97334602992726,-0.6709122120181744,-2.3274921965556947,-0.19876434265236395,-0.07147866651888685,-0.6083469807590529,8.784108475890448e-06,0.0005629802299555725,0.0001740198031274511,0.003368626212414596,71.158333
8060,0.328376491032406,-272.9945848554645,-0.6978744058071913,-2.4068222912547,-0.19688152215672627,-0.06611437011823244,-0.6095646552853273,8.921541430505205e-06,0.0005696578559765913,0.00018080114029913873,0.0035355807506111596,71.166667
8061,0.3223337834376648,-273.0163222319397,-0.7233667445451466,-2.4936171210616824,-0.19475198986252132,-0.060721877930524346,-0.6108085040838732,9.065740006702212e-06,0.0005769227905383212,0.0001884572542246642,0.003715793428250575,71.175
8062,0.3160906455624478,-273.03924370426523,-0.7471835245059354,-2.588892402381038,-0.19242317585688534,-0.055189885187897705,-0.6120701844086974,9.217455868082209e-06,0.0005847984427446915,0.00019709005625351768,0.003910062202615882,71.183333
8063,0.3096557716998781,-273.0630719846992,-0.7692375488278915,-2.6932156706054213,-0.18986877558648188,-0.049593142374329185,-0.6133456455887901,9.377537442218245e-06,0.0005933063065686283,0.00020681549296617442,0.004119128112174402,71.191667
8064,0.3030452727572031,-273.08787856217816,-0.7893876351004565,-2.8074154266693303,-0.18708920477348467,-0.043940366214913255,-0.6146294707790414,9.546934320627212e-06,0.0006024700139007381,0.00021776094197418515,0.004343758166107481,71.2
8065,0.2962773898976593,-273.11375518517224,-0.8074767021517311,-2.9324077164400077,-0.1840863901397378,-0.0382380755005842,-0.6159160358549953,9.726699139477344e-06,0.0006123135499391389,0.00023006659721763138,0.004584736544065459,71.208333
8066,0.2893680963647721,-273.14084414467936,-0.8233335486062063,-3.069226335449553,-0.18086165169663418,-0.03248485355843524,-0.6172003806794455,9.917987086197934e-06,0.0006228604746786499,0.000243885244384844,0.0048429071139664,71.216667
8067,0.2823397552701357,-273.1691787278127,-0.8367761977317255,-3.2189024861705224,-0.17741533862300674,-0.026701593630528125,-0.6184766246147659,1.0122051458370496e-05,0.0006341338540196061,0.0002593811036882644,0.005119269322595324,71.225
8068,0.27521128135886075,-273.19898255827735,-0.8475885803717941,-3.3826808133063713,-0.1737504399744623,-0.02087638150988485,-0.6197398437890972,1.0340233066876892e-05,0.0006461542431159759,0.0002767267181708246,0.005415160535077947,71.233333
8069,0.26801075483452336,-273.2302713207333,-0.8555491109373875,-3.5616985335468763,-0.1698689342640937,-0.015036741336093729,-0.6209838599013443,1.0573941331582708e-05,0.0006589394248826798,0.0002960989883707636,0.0057325506103171695,71.241667
8070,0.2607621422870549,-273.263239097181,-0.860400325178907,-3.7572725334732406,-0.16577344870130006,-0.009180247080434438,-0.6222036639599767,1.0824623333071852e-05,0.0006725013135736972,0.0003176705192349933,0.0060745653692538815,71.25
8071,0.25349546689922897,-273.29798302635913,-0.8618671189711656,-3.9706341872415574,-0.16146755894016968,-0.0033231220085410446,-0.6233936933800496,1.1093716616972021e-05,0.0006868453891947709,0.0003415988112000836,0.00644628069058014,71.258333
8072,0.24623860115603569,-273.33469229570386,-0.8596429649486501,-4.203057413616638,-0.15695323070656267,0.002532100227615493,-0.6245492650825952,1.138258050498415e-05,0.0007019677902108632,0.00036800893537573744,0.006855955266627791,71.266667
8073,0.23902981425794972,-273.3734775152908,-0.8533903893201576,-4.45558315394935,-0.15223752137937233,0.00836878979749485,-0.6256646171213381,1.1692399298332457e-05,0.0007178541610154106,0.00039697088323971494,0.00731681150836801,71.275
8074,0.23187778785648672,-273.414699258647,-0.8427724934725566,-4.7294980622110705,-0.147305367816972,0.014205494015696884,-0.6267390567278193,1.2024049368738239e-05,0.0007344759348688912,0.00042846864489780724,0.0078494852090663,71.283333
8075,0.22485452496183964,-273.4577742962067,-0.8274774873801809,-5.024447598029216,-0.14219426956195472,0.019924232219000117,-0.627762954745042,1.2377926004819357e-05,0.0007517965021432174,0.00046236352144846045,0.008485362487438697,71.291667
8076,0.21798833778208412,-273.5039846872184,-0.8068937272381499,-5.341565790932063,-0.13688235254849876,0.025676192322664982,-0.6287340195858644,1.2753713260469286e-05,0.0007697572846730088,0.0004983412308649837,0.009270388839513604,71.3
8077,0.2113636445393951,-273.5529238512819,-0.7806170869335943,-5.679013188221999,-0.13140814854071053,0.0313737321874696,-0.62964283534535,1.3150102063495447e-05,0.0007882903952780917,0.0005358834961298898,0.01026830293932537,71.308333
8078,0.20497804477658724,-273.60483801688866,-0.7483454248377178,-6.035673825447484,-0.1257434707907539,0.03701421291138378,-0.6304926964462361,1.3564453456983767e-05,0.0008073113929751776,0.0005742069676590038,0.011562927988604803,71.316667
8079,0.19893931141530727,-273.65974628070256,-0.7095595865186063,-6.407271808654546,-0.11993245481677474,0.04258455917638095,-0.6312727415922341,1.399243285332317e-05,0.0008267510014826455,0.000612251022490328,0.013257862169181477,71.325
8080,0.19324464682690043,-273.717271885972,-0.6642162739121166,-6.78955460449952,-0.11397092260935013,0.0480130615939701,-0.6319872525549445,1.4427634437542479e-05,0.0008465407992889274,0.0006486785268659839,0.015466181374426133,71.333333
8081,0.18801819300089315,-273.7784528749438,-0.6116146266444512,-7.174994692482004,-0.10786066509377742,0.05342492781608014,-0.6326249810822955,1.4861271671083684e-05,0.0008666594284312828,0.0006819554854700253,0.01829475479146519,71.341667
8082,0.18327953477713824,-273.84284683989415,-0.5518782844805615,-7.555000854924486,-0.10160295498672936,0.058753626047306454,-0.6331882529234556,1.5282000549299576e-05,0.000887113159975563,0.0007104798824984832,0.021805071751312202,71.35
8083,0.17911173345983383,-273.9100701524869,-0.4851170172637164,-7.917495038557493,-0.09523535539066186,0.06397375673439303,-0.63367191685359,1.5676002663523103e-05,0.0009079734288702185,0.0007328017306107672,0.025973733907648254,71.358333
8084,0.1755621275825151,-273.9800239570491,-0.4116696967089986,-8.250008079224944,-0.08875540789546937,0.0690918206275685,-0.6340751616075786,1.6027449905063702e-05,0.0009293505921510278,0.0007478554945604495,0.030642697512961323,71.366667
8085,0.17264889309780085,-274.0521522492792,-0.33231118292440165,-8.540200487563215,-0.0821730653134999,0.07407129894472524,-0.6344001439829791,1.6319413112113197e-05,0.000951370676758744,0.0007552018673448299,0.035490293329170274,71.375
8086,0.17048883045143634,-274.1264446722326,-0.247664262766459,-8.771900219404735,-0.07550139657490369,0.07897549487819362,-0.6346376312510814,1.6535273915149674e-05,0.0009741227887554719,0.0007551441082872758,0.04004668947730568,71.383333
8087,0.16904467738366874,-274.20185670680104,-0.15926661371373577,-8.93630904781842,-0.06875505301568736,0.0837309527645273,-0.6347947565236771,1.666038687524394e-05,0.0009975460604145624,0.000748630309703237,0.04374988465269586,71.391667
8088,0.1684248025977292,-274.27807716899747,-0.06831894474184254,-9.020798347298571,-0.06195375308078289,0.08840106553625529,-0.6348617934379577,1.6683882174795215e-05,0.0010213958313203435,0.0007370591538197907,0.04608296327313707,71.4
8089,0.16859423382779584,-274.3542441017204,0.023397525151896213,-9.022974028540805,-0.05510225204883411,0.092951558084411,-0.6348434943707206,1.6600125890259213e-05,0.001045140219000418,0.0007218595366030657,0.04669479754177362,71.408333
8090,0.16947713718267707,-274.4294693202432,0.11410190533980309,-8.946968691406113,-0.048209470187847894,0.09733208646258817,-0.6347478433244546,1.640957251546689e-05,0.001068009399250433,0.0007042042140037277,0.045509922837538005,71.416667
8091,0.17120468404634298,-274.50337051421064,0.20243845652726292,-8.790371558091877,-0.04130423606909758,0.10164164820323,-0.6345592550024617,1.6118921639966653e-05,0.00108907641965511,0.0006847687056113766,0.04274097235191287,71.425
8092,0.17367447834167205,-274.57511534047785,0.28680868741911014,-8.566146449043346,-0.03439629065893547,0.10583115834823786,-0.6342863499931055,1.5740115926598794e-05,0.0011072960319819765,0.0006637559601809204,0.038816229059876375,71.433333
8093,0.17683989315070733,-274.64420602717547,0.3660400643622361,-8.286613625874395,-0.027495253970037353,0.10990044220130192,-0.6339309240675055,1.5288848622109873e-05,0.0011217351464080936,0.0006411177481973155,0.03425907087047326,71.441667
8094,0.18065234865919536,-274.71028002144806,0.439263397367227,-7.965082485369226,-0.02060932065374467,0.11385339765552274,-0.6334944138826203,1.4782829808253905e-05,0.0011316692627155805,0.0006167545434065156,0.029562905104295704,71.45
8095,0.18505314518822694,-274.77302542141763,0.505890263808745,-7.615062743048064,-0.013753131169903829,0.11768955852617217,-0.6329790927613156,1.424004559633507e-05,0.0011366571417075078,0.0005906986721601149,0.025107943406598516,71.458333
8096,0.18997940855276838,-274.8322880330525,0.565622848689644,-7.248992000898534,-0.0069362535299937285,0.12140921947858431,-0.6323876995076427,1.3677342349865204e-05,0.0011365644946187078,0.0005631955486697416,0.02113053246791803,71.466667
8097,0.19537002533299952,-274.8880416649032,0.6184016353990015,-6.877438496817066,-0.00016445938558880637,0.12501426446861735,-0.6317229767140666,1.3109467387938324e-05,0.0011315376907556412,0.0005346874715418826,0.017734897710177996,71.475
8098,0.201163802053311,-274.94029480691205,0.6643377662706877,-6.508997917501644,0.006551427287162591,0.1285054226805306,-0.6309880726433735,1.254856847495031e-05,0.001121944690449492,0.0005057391122567307,0.014927550655841514,71.483333
8099,0.20730064210594387,-274.9891561842596,0.7036829665351132,-6.150231213547354,0.013205626047196564,0.13188263987159551,-0.63018655445606,1.2004080039828302e-05,0.0011083055021496244,0.0004769459193133845,0.012655850209618423,71.491667
8100,0.21372715349054633,-275.03475984041165,0.7367667857825255,-5.805747386114868,0.01979053569631021,0.135147939180116,-0.629321763415362,1.1482882747601761e-05,0.0010912249024994725,0.00044885663784989755,0.010839970359827592,71.5
8101,0.22037453389499034,-275.0776326411907,0.7640527063247102,-5.478806793275931,0.02634715091619737,0.13828195666874188,-0.6283999051356257,1.0989620865932013e-05,0.0010713340203115473,0.000421923690499087,0.009394777027729664,71.508333
8102,0.22722010243738908,-275.11729115755236,0.7857990106722272,-5.170956673398793,0.032780348916991074,0.1413158564718234,-0.6274215409997614,1.0527099922644121e-05,0.0010492566797131017,0.00039648137578247877,0.00824179185952427,71.516667
8103,0.23420789633478234,-275.1543382858343,0.8024912358134308,-4.88308731120912,0.0391392752443296,0.14423256712066573,-0.626392525810399,1.0096663310647871e-05,0.0010255616038641984,0.0003727445685927514,0.007315337538158606,71.525
8104,0.24128145569762988,-275.1893018453911,0.8145844527803184,-4.615384658328631,0.045465259681952225,0.14700564170784727,-0.6253197295337136,9.698564556052394e-06,0.0010007643091646183,0.0003508246013626358,0.006562683344426221,71.533333
8105,0.24843090540853158,-275.22168990952804,0.8223214988226855,-4.367263573412114,0.051659074649223966,0.14967859018243188,-0.6242036304951979,9.332277473139605e-06,0.0009753206927346821,0.00033074844360981106,0.005943079093584843,71.541667
8106,0.25559747083061357,-275.2523673022045,0.8261633839785629,-4.13806614222205,0.0578127968519788,0.15220168487163152,-0.623052839106274,8.996735015711757e-06,0.0009496071182878444,0.00031247808019372036,0.005426068810234179,71.55
8107,0.2627696758019959,-275.28088820395755,0.826330936886382,-3.926770388325839,0.06383327261016536,0.15461773048012661,-0.6218691047198368,8.69053814500287e-06,0.0009239468942064141,0.000295932722350875,0.004988828168025643,71.558333
8108,0.26989722976833375,-275.3081126777262,0.8232151240668452,-3.7323250057149644,0.06981906330728645,0.15686833281919776,-0.620661048587245,8.4120937465568e-06,0.0008985961839631916,0.00028100258086810733,0.004614604238186861,71.566667
8109,0.2769675810434872,-275.33378976514337,0.8170218840469142,-3.5535543526107096,0.07570839353511163,0.15898215204347466,-0.6194315354871418,8.159730049266162e-06,0.0008737677775895831,0.0002675638270095422,0.004290885119135793,71.575
8110,0.2839546095065923,-275.3581550995294,0.8080024244516344,-3.3893268207568363,0.08151267939415284,0.1609476675470521,-0.6181860917920668,7.931765998669753e-06,0.000849622986454111,0.00025548622487431223,0.0040084065730245045,71.583333
8111,0.2908372351280283,-275.3812961066526,0.7963695305814071,-3.238544902417851,0.08722264714095994,0.16276487250722793,-0.6169297519000275,7.726564403746963e-06,0.000826285043720018,0.00024464055368317365,0.0037601727938890842,71.591667
8112,0.2975951399943956,-275.40332954229694,0.7823209112820788,-3.1001636340250927,0.09283508954726225,0.1644304980357955,-0.6156677433002741,7.542563390378925e-06,0.0008038439248809405,0.00023490279925161823,0.0035408331145761166,71.6
8113,0.30420804229202014,-275.4244240201066,0.7660421668336378,-2.9732047807650157,0.09835660917095851,0.16593449227990462,-0.6144055943594603,7.378294765557611e-06,0.0007823622179661257,0.00022615686395990701,0.0033462219847169004,71.608333
8114,0.31066042013058903,-275.44460850432057,0.7476910193437591,-2.8567522183447163,0.10377336604609032,0.16728091399790224,-0.6131481851783389,7.232392680602409e-06,0.0007618804143977441,0.00021829601687397857,0.0031730347943871484,71.616667
8115,0.31693450494954195,-275.4640363046135,0.7274230364707113,-2.749972057549772,0.10909242437983793,0.1684591077824697,-0.6119010415288273,7.103595219398956e-06,0.0007424199724949136,0.00021122338782405623,0.0030186099746103987,71.625
8116,0.323016526537192,-275.4827854972726,0.7053754085415862,-2.6520895944466187,0.11431058899743318,0.16946643614757226,-0.6106690830052728,6.990742084010029e-06,0.0007239881105267071,0.00020485201877945574,0.002880762416210225,71.633333
8117,0.32889155563583056,-275.50091214277404,0.6816745234653865,-2.5624114325865626,0.1194213080774279,0.17030118697489532,-0.609457602764965,6.892769073346845e-06,0.0007065799409423061,0.00019910445512249058,0.00275767543749671,71.641667
8118,0.33454806931948095,-275.5184452052164,0.6564360267506729,-2.480293588102135,0.12441521204668432,0.17096604162682608,-0.6082713048449951,6.808701296911932e-06,0.0006901817854128896,0.0001939121707297055,0.0026478188288753092,71.65
8119,0.3399750756425257,-275.53550512077163,0.6297734905849579,-2.4051562918115814,0.12929938600785892,0.1714518762296851,-0.607114845471029,6.737645403920548e-06,0.0006747726254855385,0.0001892148706474641,0.002549892039957849,71.658333
8120,0.345159540947881,-275.5522088728044,0.601793195847101,-2.3364932339096294,0.13408022867756855,0.17174702674006642,-0.6059933694024365,6.678781782425352e-06,0.0006603261088471618,0.00018495976597081803,0.002462779209854808,71.666667
8121,0.3500932685457557,-275.5684519143337,0.5725839331363437,-2.2738178467887185,0.13872830358694196,0.17187101544476271,-0.6049110054461527,6.631357061732097e-06,0.0006468128337746437,0.00018110085230980318,0.00238551635778019,71.675
8122,0.3547636423834199,-275.5843975390017,0.5422430192041454,-2.216730600351449,0.1432588717482083,0.17180509399734872,-0.6038728492141311,6.59467683152885e-06,0.0006342004818710749,0.00017759823014630344,0.002317271096585049,71.683333
8123,0.3591631557315332,-275.6001076287058,0.5108588590865222,-2.1648497637395443,0.1476720065827047,0.17154520396338807,-0.6028828527541625,6.568099233939051e-06,0.0006224561443153321,0.00017441745513396758,0.002257318606355426,71.691667
8124,0.36328693404132206,-275.6153965589848,0.47850481552051854,-2.117798544036376,0.15192669659326904,0.17112522250705972,-0.6019443078559396,6.551028961253459e-06,0.0006115459350312063,0.00017152896057982735,0.002205029249319368,71.7
8125,0.3671261901788753,-275.6303858273802,0.4452643897738197,-2.075288235783224,0.15603347956619942,0.17053257620317802,-0.6010613166591007,6.542912004365727e-06,0.0006014353173703664,0.00016890756823628253,0.002159858884299339,71.708333
8126,0.37067267051954705,-275.6451961649006,0.411217898482521,-2.037066487965578,0.1600030187855086,0.16975318413791946,-0.6002377888225314,6.5432312139734415e-06,0.0005920907563207351,0.00016653200287437592,0.002121334983985387,71.716667
8127,0.3739175407058267,-275.6599070814414,0.3764404783129268,-2.0029123428832225,0.16383860986985888,0.16877775073681173,-0.5994776838616555,6.551502433793812e-06,0.0005834800399614725,0.00016438449378309777,0.0020890489079588882,71.725
8128,0.3768583723761731,-275.67448341009987,0.341003418335616,-1.9725924717978265,0.1675268208593636,0.1676179609394247,-0.5987833465780961,6.567271273720194e-06,0.0005755727524270391,0.0001624504349219339,0.002062649701970584,71.733333
8129,0.3794892833706733,-275.6889539896087,0.30497654059259716,-1.9459255801651896,0.17106377746412976,0.1662737228178701,-0.5981577934090543,6.590110338943329e-06,0.0005683392030784234,0.00016071808854775486,0.0020418399164754434,71.741667
8130,0.38180464160861644,-275.7033439942199,0.26842772901158274,-1.922754946724252,0.17444509807571162,0.1647454581086792,-0.5976038440856257,6.619617130382733e-06,0.0005617515607066031,0.0001591783320952699,0.0020263700751786333,71.75
8131,0.38380182464570145,-275.71767127392866,0.23142521469781008,-1.902936048606433,0.17766649424165343,0.16303595167819282,-0.5971234444905563,6.655412381869175e-06,0.0005557839882177965,0.00015782444362329894,0.002016034901067767,71.758333
8132,0.3854753714709038,-275.73200268796353,0.19403564908953438,-1.8863681407754311,0.1807303467757095,0.16113789311479385,-0.5967190577087823,6.697138803681266e-06,0.0005504121976245219,0.0001566519219621201,0.0020106701798842577,71.766667
8133,0.3868224860705407,-275.74630899399335,0.15632221569131083,-1.872942620407852,0.18362448460932906,0.15906207952817933,-0.5963923341091244,6.744460299277151e-06,0.0005456141951517196,0.000155658350481673,0.002010149799757659,71.775
8134,0.38783959585865735,-275.7606463232967,0.11835023119991592,-1.8625930639085513,0.18635010625438939,0.15680360749980868,-0.5961449314135144,6.797061494481209e-06,0.0005413698297738196,0.0001548432755230545,0.0020143844445811953,71.783333
8135,0.3885289702012027,-275.7750320389137,0.08018796774262511,-1.8552453525412842,0.18890466268669645,0.15436670521114582,-0.5959768967111735,6.854647636403768e-06,0.000537661045406182,0.0001542081291974084,0.002023319304017588,71.791667
8136,0.38888516664275785,-275.78947237323314,0.04189422409264123,-1.850867552394167,0.1912802883894969,0.15175478888812208,-0.5958899629958139,6.916944738902692e-06,0.0005344708673324762,0.00015375616727038326,0.002036932628238902,71.8
8137,0.38891008019570905,-275.80399243721195,0.003535845583911445,-1.8494275592081764,0.19347529934520358,0.14897054436967025,-0.5958838797362185,6.9837001334938135e-06,0.0005317850269524504,0.00015349244310610175,0.0020552358338134244,71.808333
8138,0.3886013724156159,-275.81860906464965,-0.034826110518022826,-1.8509234342734115,0.19548461334370693,0.14601668431844264,-0.5959592322655215,7.054683171971269e-06,0.0005295905660846433,0.0001534237970624736,0.002078271966426335,71.816667
8139,0.3879578020083861,-275.8333618900275,-0.07312853943525945,-1.8553747076024754,0.19730674448621474,0.14289195314672146,-0.5961161388371957,7.129686261308362e-06,0.0005278767519773745,0.0001535588780869566,0.0021061162250853205,71.825
8140,0.3869827427447473,-275.8482947193104,-0.11130298227852943,-1.8628077106273155,0.19894255388775572,0.13959585347129622,-0.5963533940728751,7.208526109329937e-06,0.0005266348793349609,0.00015390819304244205,0.0021388757381681674,71.833333
8141,0.38567481612500626,-275.86338539457086,-0.14929072341627078,-1.8732626303726194,0.20038107523316234,0.13613944789725727,-0.5966707535070173,7.291045168763941e-06,0.000525857488339301,0.0001544841814897244,0.0021766889192168337,71.841667
8142,0.38403790866633414,-275.87867777957734,-0.1870230236784987,-1.8868035603549478,0.20162301233947982,0.13252270930176613,-0.5970664997221613,7.3771133553411945e-06,0.0005255393540866382,0.00015530128405412643,0.0022197279477757835,71.85
8143,0.3820720416209076,-275.8942080356491,-0.2244363333350662,-1.9035239884144777,0.20266559012751034,0.128745964270374,-0.597539662230349,7.4666299245818374e-06,0.0005256765614388588,0.00015637609412972098,0.002268197528364449,71.858333
8144,0.37978339688570967,-275.9099497670928,-0.2614631256879218,-1.9235009100591827,0.20350081650122767,0.12482446755977906,-0.5980876045010056,7.5595256103451496e-06,0.0005262673171692125,0.00015772751322224351,0.0023223369252229173,71.866667
8145,0.37717278741067184,-275.9259899323995,-0.2980354303768903,-1.946886020872198,0.2041321928736308,0.12074902164567079,-0.5987088059150426,7.655764913986699e-06,0.0005273109100273245,0.00015937689318865208,0.002382420329255034,71.875
8146,0.3742448704822732,-275.94232767039944,-0.3340852532308868,-1.9738148067029888,0.20455359599200312,0.11652978856093806,-0.5994006568403837,7.755348656322154e-06,0.000528808805315562,0.0001613483383394314,0.002448757781248719,71.883333
8147,0.37100387253483114,-275.95899897042955,-0.3695421761915898,-2.0044618894868638,0.20476293745811142,0.11216965970895655,-0.6001604948347588,7.85831671741277e-06,0.0005307640144283661,0.0001636688981006357,0.0025216966438526495,71.891667
8148,0.3674541209485656,-275.9760475024136,-0.4043341089198088,-2.039032031034207,0.20475850120098668,0.10767040339032966,-0.6009854849292862,7.964750982225086e-06,0.000533181286111336,0.00016636889251198456,0.0026016222683151453,71.9
8149,0.36360268576914717,-275.9935008073318,-0.43838522161235216,-2.077746406194443,0.20453772540408852,0.10303834148663268,-0.6018720227309173,8.074778503674987e-06,0.0005360671894534471,0.0001694822605707616,0.0026889588497233507,71.908333
8150,0.35945817047016176,-276.0113645131925,-0.47161817925444555,-2.120844438740784,0.20409642541725168,0.09828515711332181,-0.6028160496362965,8.18857484789152e-06,0.0005394297329464655,0.00017304693205400404,0.0027841693723491124,71.916667
8151,0.35502484801442474,-276.02970262732896,-0.5039555722792587,-2.1686344959727406,0.2034336689233764,0.0934099993487861,-0.6038143978459224,8.30636759752452e-06,0.000543278241006264,0.00017710522708995122,0.002887755943741743,71.925
8152,0.3503110504309391,-276.0485356322337,-0.5353155601205534,-2.221434614346761,0.20254588594258013,0.08842263568518918,-0.6048628888121834,8.428440057782697e-06,0.0005476242703307521,0.0001817043888717357,0.003000260890959585,71.933333
8153,0.34532575940444227,-276.0679387068195,-0.5656081641778202,-2.279626793261674,0.20143435603021764,0.08332257917743885,-0.6059571442650966,8.555135079749407e-06,0.0005524809538825164,0.00018689703835490266,0.0031222660172046664,71.941667
8154,0.34007880152657444,-276.0879967410699,-0.5947378408043233,-2.3436422539516295,0.20010044537731558,0.0781085041484923,-0.6070925679132343,8.686858934372442e-06,0.0005578630017917404,0.000192741818700946,0.0032543899867086227,71.95
8155,0.33458024882938897,-276.1087089747328,-0.6226134031070426,-2.4139196556179043,0.19853808675705115,0.07279724153155889,-0.6082645003682572,8.824085194951832e-06,0.0005637866570256252,0.00019930400735328468,0.0033972866070438998,71.958333
8156,0.3288393138058667,-276.1301415357501,-0.6491347121084845,-2.4909860498644307,0.1967457492284447,0.06739294528243425,-0.6094684682267794,8.967358428907655e-06,0.0005702697594902409,0.0002066558878540342,0.0035516493537201144,71.966667
8157,0.3228699708693686,-276.1523919041912,-0.6741855848000013,-2.5754331930918237,0.19472574709051646,0.06189575977313923,-0.6106990347283563,9.11729753268146e-06,0.000577331960838404,0.0002148773900853649,0.003718212692354588,71.975
8158,0.3166852351274603,-276.1754486604586,-0.6976580064386612,-2.6678588065517737,0.19247228453104762,0.05632800576737488,-0.6119510504359561,9.27459846646713e-06,0.0005849938351687233,0.00022405666428093133,0.0038977523474902054,71.983333
8159,0.3102981814357688,-276.199489978291,-0.7194155813872933,-2.769036061866383,0.18999027679118694,0.05067651723969471,-0.6132194533780407,9.440035893130976e-06,0.0005932770948914019,0.00023428999434860838,0.004091108473122546,71.991667
8160,0.3037246273670667,-276.224511684851,-0.7393310202997878,-2.8796998436979195,0.1872749502069425,0.04496517086443667,-0.6144987706335296,9.614463365364771e-06,0.0006022044654888587,0.00024568237771009107,0.004299200638257356,72.0
8161,0.29697824309008053,-276.25064044164435,-0.7572562520081801,-3.0007475340665772,0.18432653132469384,0.03919398638060374,-0.6157841131089724,9.7988112354323e-06,0.0006117990199443051,0.00025834646419854745,0.004523089836684147,72.008333
8162,0.2900790281210573,-276.27800718949624,-0.7730200888896473,-3.1331438904040803,0.18114746545640875,0.0333651524756988,-0.6170695868660135,9.994081282440996e-06,0.0006220843306657994,0.0002724018488177839,0.004764060021584992,72.016667
8163,0.2830426215087768,-276.30657739429165,-0.7864720707345404,-3.277840180066227,0.17773133865360988,0.02751192586545784,-0.6183503682149543,1.0201336871236026e-05,0.0006330827925585223,0.00028797315558081284,0.005023751885443123,72.025
8164,0.275896270861244,-276.3366606633283,-0.797375509001425,-3.436055687592386,0.17408862891798144,0.021608660746249946,-0.6196198251655695,1.0421686607843813e-05,0.000644816064938066,0.00030518565733026127,0.00530442994610369,72.033333
8165,0.2686600105531763,-276.3683063836142,-0.805530783676384,-3.6089283787265347,0.17021580695490784,0.015677944386928277,-0.6208730093976464,1.0656259447627213e-05,0.0006573018662660915,0.0003241620192423994,0.005609278721228053,72.041667
8166,0.26135605749199686,-276.40167027627473,-0.8107010873658153,-3.7977235315657816,0.16611247236988397,0.009725886504428773,-0.6221049480038457,1.090616847529175e-05,0.0006705547603249247,0.00034501303366692545,0.0059430120997437195,72.05
8167,0.25401057604305094,-276.4369190600917,-0.8126205234292482,-4.003732174322388,0.16177916857525765,0.0037595274819612647,-0.6233104196499613,1.117245958977803e-05,0.0006845846835590996,0.0003678272409425582,0.006312690770063757,72.058333
8168,0.2466502003350436,-276.47405385367483,-0.8110343866906885,-4.228109077654526,0.15721551524739003,-0.0021854895265635706,-0.6244846019535045,1.1456040735220025e-05,0.0006993950490976633,0.0003926560723168591,0.006728914369233665,72.066667
8169,0.23931708695225462,-276.51343561811996,-0.8055644074973807,-4.472107815909458,0.15243047221597725,-0.008129510637472252,-0.6256207915924865,1.1757586064761992e-05,0.0007149817921194987,0.0004194927989517651,0.00720755147565574,72.075
8170,0.23204055355011008,-276.55516643900074,-0.7958904252212824,-4.736705002124763,0.14742281198079932,-0.014049374464246176,-0.6267149609358607,1.2077409005196339e-05,0.0007313290879118248,0.0004482504680811399,0.007771787495986241,72.083333
8171,0.22487204596196184,-276.59963810167864,-0.7815579512842492,-5.022616194562039,0.14219975402967017,-0.01996431695261439,-0.6277604389243694,1.2415299998256169e-05,0.0007484125090828219,0.0004787298085025393,0.008454994837457592,72.091667
8172,0.21783890534043848,-276.64683771155313,-0.7622450019562692,-5.330022773075257,0.13675755995973235,-0.02583125621991986,-0.6287548239751017,1.2770323197308437e-05,0.0007661949074082387,0.0005105879472281478,0.009303478274363373,72.1
8173,0.21098911605870568,-276.6968995121533,-0.7375411896383209,-5.65837925163564,0.13110376114931113,-0.03163147798430973,-0.6296933905394216,1.3140573868369267e-05,0.0007846355215581112,0.0005433018239247867,0.010379578629596271,72.108333
8174,0.20436985463197777,-276.7500547642338,-0.7070185383570065,-6.00633684874091,0.12524102064784728,-0.03736005325013282,-0.6305723002513136,1.3522901204956237e-05,0.0008036904952783927,0.000576141788764904,0.011762767933863306,72.116667
8175,0.19802308166603785,-276.8064230131228,-0.6703090072266361,-6.371417648252701,0.11917029164483008,-0.042997433432527724,-0.63138908367464,1.3912611594413629e-05,0.0008233215979395513,0.0006081619248793382,0.01354736816204903,72.125
8176,0.19202977646234448,-276.8662152947197,-0.6269590897092684,-6.748876723166032,0.11290948153699712,-0.04854622343134506,-0.6321370309083312,1.4303189668398378e-05,0.0008435089043858223,0.0006382183613239294,0.015834330738912217,72.133333
8177,0.18644001630797283,-276.9294323242565,-0.5767308323033713,-7.132541295979899,0.106463836090584,-0.05398344083257832,-0.6328141531261392,1.46860760869465e-05,0.0008642531569890273,0.0006650261660237728,0.018711542743018724,72.141667
8178,0.18131774334972578,-276.99614152861614,-0.5194416791109662,-7.513913652613764,0.09984029856591131,-0.05930405107176345,-0.6334172850378709,1.5050587243698263e-05,0.0008855945241047481,0.0006872787754807594,0.022224386817998237,72.15
8179,0.17671703524707139,-277.0663636435486,-0.45509875994576343,-7.8826219581480395,0.09303729868147778,-0.06450206702029303,-0.6339448375688244,1.5384076001119183e-05,0.0009076111983230763,0.0007038102079691767,0.026334351921145246,72.158333
8180,0.1727080706388455,-277.1398051497864,-0.383958129351965,-8.225584290144171,0.08607620347508194,-0.06955692013916392,-0.6343935960679855,1.5672422287044906e-05,0.0009304089875474196,0.0007137860295211671,0.030876898771929475,72.166667
8181,0.1693595697843095,-277.2161115552535,-0.30654350500819816,-8.528187008852203,0.07897714245855215,-0.07445866768071159,-0.6347606087749105,1.590090786683772e-05,0.0009540813436970057,0.0007168606498782592,0.03553359129227073,72.175
8182,0.1667169097119993,-277.29493372753853,-0.22369195348101029,-8.776244021099776,0.0717426132049883,-0.07920266520551586,-0.6350452329959358,1.605545588168183e-05,0.000978649598725811,0.00071325794053345,0.039842368604604446,72.183333
8183,0.1648210065500409,-277.3757877131192,-0.1365422938001369,-8.95653252845263,0.06437767147287352,-0.08378342582811484,-0.6352466966842375,1.612414485943028e-05,0.0010039924146209905,0.0007037196720758392,0.04326448583684591,72.191667
8184,0.16371289510186207,-277.4579690778616,-0.0465275849225844,-9.05794300712558,0.056901049216831166,-0.08819379545632583,-0.6353633902870321,1.6098756165406428e-05,0.0010297719342641188,0.0006893004242277867,0.04530108268066483,72.2
8185,0.1634145663279517,-277.54060941553035,0.04467477401748098,-9.073818695532482,0.04933752212011173,-0.09242256427993233,-0.6353946735683023,1.5976008138525614e-05,0.0010553886600997815,0.0006710886988759203,0.04562703274863495,72.208333
8186,0.16392993064366798,-277.6229499345284,0.13533478430218598,-9.002885916452275,0.04169875997313644,-0.09646788655717914,-0.635340596023813,1.575818244421785e-05,0.0010799981807534526,0.0006499693982954029,0.044189449806026015,72.216667
8187,0.16524634305438057,-277.70420829611135,0.22374739757501746,-8.849348634682007,0.033999381142158086,-0.100326256215232,-0.6352016979446654,1.5452971373113253e-05,0.0011025919933377864,0.000626512497219124,0.04122242341560014,72.225
8188,0.1673412667833577,-277.7835863362815,0.3083472006879578,-8.622020150219596,0.026262745914291966,-0.10399628971020282,-0.63497838749012,1.507256076233913e-05,0.0011221275797654068,0.0006010189840021832,0.037173189904984236,72.233333
8189,0.1701746328597337,-277.86047860916693,0.3878460575228529,-8.333479264991007,0.018501654825205695,-0.10747904017698613,-0.6346719289265619,1.463215608205678e-05,0.0011376714870989545,0.000573674733972398,0.03257464112900412,72.241667
8190,0.17369436858315268,-277.9343777754322,0.4612615181889287,-7.998293373573256,0.010731103438089005,-0.11077450209425084,-0.6342841364725843,1.4148296039214997e-05,0.0011485221743943869,0.0005447167422165983,0.02791782392502308,72.25
8191,0.17783621142068504,-278.00500698547586,0.5279643017725426,-7.631442424582217,0.0029550583167970764,-0.11388087720845431,-0.6338177388749682,1.3637288630205345e-05,0.0011542804409986232,0.0005145322318584871,0.023568753972101147,72.258333
8192,0.1825455379569411,-278.07197346306435,0.5875677743916485,-7.246467462990838,-0.004794430670791321,-0.11680443487027944,-0.6332742297813623,1.3114004933326846e-05,0.0011548624607053038,0.0004836660625976558,0.019741659926406734,72.266667
8193,0.18775969369585382,-278.13515330086693,0.639982110181918,-6.855289563669949,-0.012502931189702388,-0.11955116305047409,-0.6326560746574276,1.2591109477984707e-05,0.0011504565588765277,0.0004527609473823697,0.016517740470549984,72.275
8194,0.19341544512807765,-278.1945514184071,0.6853278036471256,-6.467584723575799,-0.02016028693623633,-0.12212656587017975,-0.6319661204648594,1.2078730050383143e-05,0.0011414609924466806,0.0004224686191345794,0.013883506298966041,72.283333
8195,0.1994511896102569,-278.25017194203645,0.7238586165961646,-6.090752979905018,-0.02774737303186527,-0.12453783165523534,-0.6312075129879577,1.158447018322563e-05,0.001128410684825084,0.00039336900782920156,0.011771973087028887,72.291667
8196,0.20580354935729367,-278.30213634808143,0.7559421013943446,-5.730112623639114,-0.03525192986028246,-0.1267891108510399,-0.6303842760465465,1.1113645893904433e-05,0.0011119098131128057,0.0003659176834548417,0.010095224100742827,72.3
8197,0.21242102311048297,-278.3505950345406,0.7819907667020476,-5.388951600314075,-0.042662087864573095,-0.1288901656761494,-0.6294996299657454,1.0669641115845712e-05,0.001092580153035053,0.00034042567395500193,0.008765120431222137,72.308333
8198,0.2192485781007526,-278.39576686800564,0.8024526493115063,-5.069221850035729,-0.04997106695807038,-0.13084432306574884,-0.6285580070801247,1.0254290842577842e-05,0.0010710189912102109,0.0003170651164322024,0.007704145087970033,72.316667
8199,0.22623758642910027,-278.43784555211545,0.8177671653632214,-4.771702191805958,-0.05716817240007,-0.13265755771291005,-0.6275637697653378,9.868252472486264e-06,0.0010477792269805994,0.00029588992974643503,0.006849046137799842,72.325
8200,0.2333433619457409,-278.47704749997456,0.8283602351340817,-4.496338709085943,-0.06424573289109012,-0.13433471058411253,-0.6265214952526126,9.51132727424072e-06,0.0010233557047168123,0.0002768627755379568,0.0061507079513200115,72.333333
8201,0.24052373093818805,-278.5135951278845,0.8346344751573292,-4.242519194793057,-0.0711974863753096,-0.13587883770503584,-0.6254361454807087,9.182725612398481e-06,0.0009981807834581464,0.00025988226912705134,0.005572155436641072,72.341667
8202,0.24774297890472277,-278.54770822818836,0.8369596387880285,-4.009229079832838,-0.078019208098288,-0.13729358906118755,-0.624312410773976,8.881275848622072e-06,0.0009726255828830105,0.0002448067109479197,0.005086051281625654,72.35
8203,0.25496642099630495,-278.5795853028489,0.8356742982172157,-3.7952687848510283,-0.08470508593263006,-0.13858151762611254,-0.6231554573824971,8.605581401773703e-06,0.0009470023325002477,0.00023147293904546962,0.004672355353939036,72.358333
8204,0.2621661125209615,-278.60940100953076,0.8310812775339006,-3.599305368685283,-0.09124931817640915,-0.13974781536772546,-0.621969953219839,8.354136672197233e-06,0.000921570638309106,0.0002197102872109087,0.0043163665077905165,72.366667
8205,0.2693115194448409,-278.63737909543505,0.8234632051765095,-3.4200063966052223,-0.097653453637414,-0.14078871398239948,-0.6207615111166829,8.125407766439391e-06,0.0008965416891482115,0.0002093501719853166,0.004007228921107053,72.375
8206,0.2763762880081256,-278.66366013026743,0.813067594098393,-3.256059670449731,-0.10391013900231011,-0.14170709835119852,-0.619535546974832,7.917888630193981e-06,0.000872086292835244,0.00020023238768408097,0.003736810178237599,72.383333
8207,0.2833373981266739,-278.6884360022299,0.8001212285500762,-3.1061901353363637,-0.11002177157916587,-0.1424996094598802,-0.6182973263393297,7.730136210649104e-06,0.0008483394454977172,0.00019220857259535714,0.003498920681919069,72.391667
8208,0.29017330723272494,-278.71183108769674,0.7848247221235437,-2.9692114310192053,-0.1159830488222078,-0.1431677505596678,-0.6170522184236843,7.560791383248298e-06,0.0008254048602302373,0.0001851439564782623,0.00328875730217376,72.4
8209,0.29686544988264385,-278.73400929072056,0.767361947591142,-2.8440125074999187,-0.12179666495498798,-0.1437074729646882,-0.6158053647833428,7.408589794171179e-06,0.0008033597327169418,0.00017891780910742823,0.003102519039246921,72.408333
8210,0.30339476772941676,-278.7550848097216,0.7478979154099168,-2.729585957617039,-0.12745914584348778,-0.1441176547124826,-0.6145622673228663,7.27236535713455e-06,0.0007822583840454712,0.00017342312169811366,0.00293713967783091,72.416667
8211,0.3097457914636487,-278.7751509358164,0.7265812327118695,-2.6250048592899944,-0.1329664273257696,-0.14439956232632756,-0.613327977741262,7.151049204255514e-06,0.0007621366335815668,0.0001685658155067016,0.002790101848960233,72.425
8212,0.31590425013620704,-278.7943481912037,0.7035509319919924,-2.5294281839283097,-0.13832269374126208,-0.14454677383314762,-0.6121074866774543,7.0436651994464055e-06,0.0007430142209771063,0.00016426367486541902,0.0026593096181316785,72.433333
8213,0.3218555894829712,-278.81275427970496,0.6789320586545122,-2.4421026460375512,-0.14352375960271269,-0.14455905487226803,-0.6109059852055301,6.949323773143107e-06,0.0007248977178385336,0.0001604452137520606,0.0025429953670908292,72.441667
8214,0.3275855557240461,-278.83045737121347,0.6528410306720226,-2.3623509673030276,-0.14856774968511965,-0.14443341492319414,-0.6097287307345162,6.867214827154247e-06,0.0007077834643618125,0.00015704853473866632,0.002439653892106459,72.45
8215,0.3330830158236398,-278.84754830714985,0.6253860724071351,-2.289560054939502,-0.1534551180660422,-0.1441662281506848,-0.6085804286009712,6.796600211475123e-06,0.0006916598399407035,0.00015402023435157706,0.002347993490177541,72.458333
8216,0.3383385124234977,-278.86407808673886,0.5966666295543108,-2.2231780704707225,-0.1581818535868781,-0.14375922742363728,-0.6074654709548342,6.736806148674204e-06,0.0006765084145719325,0.00015131437808459444,0.002266900571472722,72.466667
8217,0.34334245589442874,-278.88010835964513,0.5667768505764447,-2.1627142694442574,-0.16274590776960882,-0.14321147786817803,-0.6063882871453392,6.687216053502942e-06,0.0006623053888909627,0.00014889159345412518,0.0021954120920917542,72.475
8218,0.3480814446590868,-278.89572451911124,0.535806174694249,-2.107741228425725,-0.16714724054068955,-0.14251553565303368,-0.6053541399488086,6.647263882647699e-06,0.0006490232755944102,0.0001467182698555669,0.002132692850288546,72.483333
8219,0.3525507138784638,-278.910958752466,0.5038385961800746,-2.0578595046208275,-0.17138242035384735,-0.14167512116111564,-0.6043663944277845,6.616428130970287e-06,0.0006366331600398497,0.00014476585904819574,0.002078016594111429,72.491667
8220,0.3567418456085889,-278.92587843214335,0.4709549957201557,-2.0127254715808527,-0.17545162592997118,-0.14068581819328116,-0.6034291509314217,6.594226192190783e-06,0.000625103505788515,0.00014301023354976224,0.0020307544116521447,72.5
8221,0.3606465022475086,-278.94049308457016,0.43723020972434257,-1.9720283377198742,-0.17934708755239673,-0.1395526115276841,-0.6025464326326033,6.580209617635379e-06,0.0006144021854351141,0.00014143117280994574,0.0019903614153468294,72.508333
8222,0.36425871352539924,-278.9548923604595,0.4027404074640874,-1.935501056385003,-0.18307352721850653,-0.13826661455854383,-0.6017216462836399,6.5739599132991126e-06,0.0006044972088494093,0.0001400119094769224,0.0019563674484833695,72.516667
8223,0.3675717822245452,-278.96911828617687,0.3675567465907653,-1.902905144404976,-0.18662863581200978,-0.13682629034169339,-0.6009582608154072,6.575084915077971e-06,0.0005953567845779433,0.00013873873224510988,0.0019283686383625924,72.525
8224,0.3705810327562066,-278.98315487649353,0.3317466310936584,-1.874020190452269,-0.19000323064587948,-0.1352413478200521,-0.6002591630787025,6.583215779556294e-06,0.0005869500583230404,0.0001376006640247102,0.0019060207476561907,72.533333
8225,0.37328081422486237,-278.997091019349,0.2953792865241915,-1.8486728309039395,-0.1932019997881052,-0.13350116248871935,-0.5996273339066838,6.5980044629779144e-06,0.0005792471039639447,0.00013658918338636006,0.0018890339768085085,72.541667
8226,0.37566806834800076,-279.01091511254464,0.2585195794631116,-1.8266946595873628,-0.1962172543821574,-0.13161467373767377,-0.5990650043322957,6.619121727892553e-06,0.0005722195201862089,0.00013569799521477845,0.0018771672988518709,72.55
8227,0.3777402005374774,-279.02464305618855,0.22123227387383826,-1.8079454595821438,-0.19904538417526707,-0.1295856943484212,-0.5985741353706807,6.646255577020642e-06,0.0005658401776580948,0.00013492283990772263,0.0018702252367973227,72.558333
8228,0.37949107867301163,-279.03834261659983,0.18358030927293487,-1.7923220356854597,-0.20168765872111027,-0.12740630887989604,-0.5981573651249289,6.679110112523171e-06,0.000560083426650915,0.0001342613410112882,0.0018680542832248408,72.566667
8229,0.38092005494157466,-279.05203259080093,0.14562769779885645,-1.7797262387837967,-0.20414151155503923,-0.12507978969036185,-0.5978158597319402,6.7174048152906835e-06,0.0005549260226829689,0.0001337128873927141,0.001870539890757854,72.575
8230,0.38202212342545333,-279.06575181297086,0.10743461959863913,-1.770089006469962,-0.20640455883039102,-0.12260383361527659,-0.5975516469334423,6.760874133786792e-06,0.000550346114921088,0.0001332785390435929,0.0018776045882690315,72.583333
8231,0.38279746685320565,-279.07948465106153,0.06906252185511175,-1.7633423377208062,-0.20847022492183367,-0.11998892261075185,-0.5973653291309692,6.8092674458081056e-06,0.0005463242902535549,0.00013296096291203453,0.0018892063946211852,72.591667
8232,0.3832451202424264,-279.0932778742866,0.030573728113736955,-1.759452376562449,-0.21033893722087635,-0.1172322988835398,-0.5972575928887575,6.862349279905474e-06,0.0005428426138635907,0.00013276438634682465,0.0019053377674496971,72.6
8233,0.38336477912675826,-279.1071405434912,-0.007971112049217036,-1.758393467684922,-0.21200672802355747,-0.11433919241947253,-0.597228774445445,6.91989984790701e-06,0.0005398850103009158,0.00013269459381249192,0.001926024372779299,72.608333
8234,0.3831558308801762,-279.1211315289175,-0.046509878794050066,-1.7601707466299796,-0.21347498700105252,-0.11130421968157263,-0.5972790916162868,6.981715846322809e-06,0.0005374372360213592,0.0001327589296916115,0.0019513249100714845,72.616667
8235,0.382619512930887,-279.1352284932739,-0.08498272321455742,-1.7647838321176612,-0.2147366438809417,-0.10813981693238336,-0.5974081238521789,7.047611521160287e-06,0.0005354870172595197,0.00013296634514918664,0.00198133063990625,72.625
8236,0.38175377951020123,-279.1495218591893,-0.12332818398247264,-1.7722836694856567,-0.21579505096930943,-0.10483352852817245,-0.5976160472657056,7.117419967948923e-06,0.0005340237773341243,0.00013332743375304217,0.002016166122616883,72.633333
8237,0.38056284144082414,-279.1639714658412,-0.1614843800651263,-1.7826973815170715,-0.21664251370392754,-0.101402749889847,-0.5979013432388497,7.190994691705674e-06,0.000533039309941728,0.00013385454529472524,0.0020559892611618073,72.641667
8238,0.3790500921834929,-279.17858222115996,-0.1993884949307868,-1.7960830614644328,-0.2172759642182501,-0.09785519605032504,-0.5982625081475373,7.268211381177419e-06,0.000532526660017948,0.0001345618597210861,0.002100992259089701,72.65
8239,0.3772186400711107,-279.19334332874956,-0.23697900894378107,-1.812512376195528,-0.21769075029160864,-0.0942021131054244,-0.5986979303454701,7.348969902137615e-06,0.0005324804232596357,0.00013546553943083228,0.002151402288949569,72.658333
8240,0.37507130090464896,-279.20832422676625,-0.2741903094741846,-1.8321019987151346,-0.21788960763431958,-0.09043741318533567,-0.5992058960468489,7.433196530774154e-06,0.0005328969054761341,0.0001365838852451775,0.0022074829860140887,72.666667
8241,0.37260047964768195,-279.2235555162288,-0.31097068233924624,-1.8549852561203082,-0.21786518326952756,-0.08656137576483033,-0.5997869645304365,7.520846447093519e-06,0.0005337742513076508,0.00013793758641073587,0.002269534786249299,72.675
8242,0.3698255875475352,-279.23942128233705,-0.34721323145783506,-1.8814238097277016,-0.21765393895081833,-0.08250378375970219,-0.6004351765182698,7.611906508263451e-06,0.0005351143542578111,0.00013954987820403905,0.0023379005729019576,72.683333
8243,0.36674640307939915,-279.25556977706935,-0.38287799426719354,-1.911461012443904,-0.2172176078793307,-0.07835070089449493,-0.6011490590298906,7.706398373757907e-06,0.0005369178902756694,0.00014144728546042277,0.0024129512073900175,72.691667
8244,0.36335733645204416,-279.2717547844194,-0.4179273642231585,-1.945195470783558,-0.21652854823986423,-0.07416432807842235,-0.6019281958122688,7.804381801648763e-06,0.0005391883201461085,0.00014365926678121024,0.0024951056147890513,72.7
8245,0.3596782044933163,-279.2886778731306,-0.4522282421868579,-1.9830969756570076,-0.215644174001413,-0.06980703328958959,-0.6027661909883089,7.905957926619053e-06,0.0005419328121025737,0.00014621849863028123,0.002584835729650814,72.708333
8246,0.35570984529354066,-279.30602398560353,-0.48573571374145424,-2.025292304188147,-0.21453269021449528,-0.06535851243804883,-0.6036609167050795,8.011273240919232e-06,0.0005451575199585534,0.00014916253225206563,0.0026826347736818674,72.716667
8247,0.35146284939160793,-279.32379887948605,-0.5183702703329756,-2.0720550920881986,-0.21319319191334246,-0.06083109358824737,-0.6046079338303946,8.12052390443087e-06,0.0005488714853944391,0.00015253310223706956,0.0027890469479927085,72.725
8248,0.34694382687392655,-279.3420544126266,-0.5500526297921898,-2.123715192257287,-0.2116253088375342,-0.05622704829501032,-0.6056036330599817,8.233959983477762e-06,0.000553084850334504,0.00015637707785011326,0.002904655625452173,72.733333
8249,0.34215964018461925,-279.36084180450945,-0.5807004495507625,-2.180641994617403,-0.20982818252563018,-0.051549630894251214,-0.6066442796636735,8.351890139380533e-06,0.0005578097477293368,0.00016074711715584268,0.003030082636581991,72.741667
8250,0.3371095578250956,-279.37993734052367,-0.6102621970844129,-2.243124365295991,-0.20778301216654563,-0.046859115354298174,-0.6077276987592467,8.474686615636669e-06,0.000563060340059497,0.00016570236246085955,0.0031659855066765623,72.75
8251,0.3318140923593311,-279.3996822730259,-0.6386062164580701,-2.3117482682552883,-0.20551204406738982,-0.042101123912583305,-0.6088471136373569,8.602790227377885e-06,0.0005688543397124183,0.00017130849767987925,0.003313072739376567,72.758333
8252,0.3262944070856372,-279.4204020210519,-0.665592557626985,-2.3871551102026944,-0.20303153030613683,-0.03722756227516874,-0.6099957532512802,8.73671560696695e-06,0.0005752089558958552,0.00017763991776573548,0.0034720606821451597,72.766667
8253,0.320550378268532,-279.4418996343943,-0.691154740353804,-2.469794876793881,-0.20032235082801086,-0.032296370644903226,-0.6111713449417491,8.877056945407699e-06,0.0005821409896953968,0.00018478086197650854,0.0036436575111968767,72.775
8254,0.31459560199954345,-279.46421451052686,-0.7151795901495799,-2.560285751057814,-0.19738454134219197,-0.02731908747603624,-0.6123687802089598,9.024493294940029e-06,0.000589671090041065,0.000192824668903768,0.0038286025054341728,72.783333
8255,0.30844700336676867,-279.48739604565174,-0.7375413761929185,-2.659310453179892,-0.1942204114973774,-0.022306438933608213,-0.6135824045846577,9.17979310135377e-06,0.000597820913350564,0.0002018752214074368,0.004027640909700321,72.791667
8256,0.30211813441485913,-279.5114982667987,-0.7581121227221327,-2.767623962464406,-0.1908302311053979,-0.017268936948572518,-0.6148073839739783,9.34381796672847e-06,0.0006066124072256803,0.00021204763076516472,0.004241521612168181,72.8
8257,0.2956261709010819,-279.53663209858354,-0.7767425964851836,-2.8860834447512045,-0.18721709845528045,-0.012207725245649198,-0.6160383447207752,9.517524960538627e-06,0.0006160683350113815,0.0002234684452941614,0.004471016432188145,72.808333
8258,0.2889843632087327,-279.5629596447363,-0.7932731000383699,-3.015663336731819,-0.18338094482536077,-0.00711627847748215,-0.6172708484381787,9.701966708603657e-06,0.0006262112376703991,0.00023627573876884236,0.004716948050781939,72.816667
8259,0.28220307406741135,-279.5901230195465,-0.80760624845571,-3.1570768089435135,-0.17931677702429633,-0.0020843196500704097,-0.6185011412804468,9.898288297125573e-06,0.0006370637962074433,0.000250618273842028,0.004980267388879012,72.825
8260,0.2753025554888222,-279.61917305413476,-0.8194259668832916,-3.3120687297760525,-0.17503009468632616,0.0030505380878185066,-0.6197238682247688,1.010771847577817e-05,0.0006486489575198877,0.00026665059130958875,0.00526227695045172,72.833333
8261,0.26834077787198124,-279.6494708258155,-0.8285540563424317,-3.481155731317844,-0.17054368569216724,0.008145323773152194,-0.6209275462138573,1.0331555348422344e-05,0.000660986683550661,0.00028453670880291545,0.005564679449200321,72.841667
8262,0.26132015446230566,-279.68130259854183,-0.8347815839812488,-3.6656680220355335,-0.1658483849854611,0.013222212505157541,-0.622110921757674,1.0571140606146784e-05,0.0006740852687743782,0.0003044365485047946,0.005890104970563971,72.85
8263,0.2542432531359395,-279.71502929215507,-0.8378662299135644,-3.8670958712820886,-0.16092971026504005,0.018309007428910902,-0.6232727503083849,1.0827819523356584e-05,0.0006879521017688124,0.00032649953990324235,0.006242758981928596,72.858333
8264,0.2471631850486849,-279.7505659098569,-0.8375104503088926,-4.086373168424957,-0.15580958674850712,0.023360253041704797,-0.6244038628412599,1.110288703736555e-05,0.0007025920916927175,0.0003508517143110438,0.006629410049807059,72.866667
8265,0.24011080888373393,-279.7874862525241,-0.8335177419336193,-4.324105238902835,-0.15050952904666712,0.028281635863780366,-0.6254994351836132,1.1397507491210025e-05,0.0007179948684297651,0.0003775754858956697,0.007060761752131242,72.875
8266,0.23311679811487332,-279.82682954960836,-0.8254043117551542,-4.5819849905111285,-0.14501263657406385,0.03320254567722117,-0.6265552161385225,1.171260118922503e-05,0.0007341388291456988,0.00040668060017734134,0.007553659071842085,72.883333
8267,0.2262183088846879,-279.8681996029074,-0.8129194431574157,-4.8601810974152,-0.13934222544444566,0.038032575315680765,-0.6275665543183817,1.2048698156715523e-05,0.0007509897456501496,0.00043808507096630646,0.008133323077022716,72.891667
8268,0.21948031344779229,-279.91247855857955,-0.7954694952134235,-5.159254089836896,-0.13349302966274965,0.04286931532336707,-0.628525532903132,1.2405748800602384e-05,0.0007684998200218273,0.00047156513026425724,0.008836976096896607,72.9
8269,0.21289790475614984,-279.95918316703296,-0.7729185770444698,-5.478701613647165,-0.12746745015110125,0.04760648452832031,-0.6294348135103677,1.2782882019928867e-05,0.0007866020855012231,0.0005067257822277099,0.009716433575659319,72.908333
8270,0.20654674012976657,-280.0090378568095,-0.7446562776716181,-5.817437764657865,-0.12126352993243047,0.05231491279518248,-0.6302862991399695,1.3178123978785737e-05,0.0008052326501326207,0.0005429484967927539,0.010842161409356317,72.916667
8271,0.20049746765657067,-280.0616281246961,-0.7103697694764177,-6.172056285043969,-0.11492710028979218,0.05692359464603161,-0.6310736713471371,1.3588074122330089e-05,0.0008243172293808392,0.0005793716006363526,0.012302344403295447,72.925
8272,0.19477850223324428,-280.11720462648145,-0.6697480400902084,-6.53908367693286,-0.10844571378119759,0.0614395987478417,-0.6317968150791762,1.4007552422547734e-05,0.0008437842759646724,0.0006148733202024679,0.014198584732485203,72.933333
8273,0.18945073145881705,-280.1758723537048,-0.6224894054095554,-6.912761811338791,-0.10182883394056606,0.06586344073280895,-0.6324519020677702,1.442928397892565e-05,0.0008635902149655504,0.0006481210600371672,0.016633620735262714,72.941667
8274,0.18457016231869014,-280.23762674289816,-0.5684349170960755,-7.285479751253657,-0.09508538230995815,0.07018825933398218,-0.6330362477762509,1.4843683065536245e-05,0.0008837258216768015,0.0006776596359495979,0.019686864535227302,72.95
8275,0.18015544988383522,-280.3021493657561,-0.5077482681314982,-7.648778926647676,-0.08822430244066932,0.07437113352957808,-0.6335518286867958,1.5238815002285932e-05,0.0009042288182830111,0.0007020687133795438,0.023378824850416584,72.958333
8276,0.1763283000881397,-280.36979742650834,-0.4402926968506843,-7.98971565899507,-0.08125067818135825,0.0784795744809768,-0.633988798292489,1.560067002908248e-05,0.0009251948114579451,0.000720175551661186,0.0276322362535721,72.966667
8277,0.17312850982789266,-280.4398835296497,-0.3666827506939763,-8.295602491691234,-0.07419814826562193,0.08246827878661771,-0.6343470110782626,1.5913770137298933e-05,0.0009467285369274177,0.0007312423070301138,0.03222585817948913,72.975
8278,0.17059676463551943,-280.5121383483017,-0.2876323870621951,-8.553693340395396,-0.06706560172169317,0.08634099615985302,-0.6346258347434586,1.6162188892169635e-05,0.0009689251824358942,0.0007351578690236197,0.03678905908723424,72.983333
8279,0.1687713791734969,-280.5860317357966,-0.20416663731484785,-8.751793915888346,-0.059867117037414944,0.09009159188875107,-0.6348243426685678,1.6330991097117967e-05,0.0009918023361152341,0.0007324715135141932,0.04083447850862123,72.991667
8280,0.16768399603518042,-280.66098192259767,-0.1175454264794392,-8.879720628707366,-0.05261502316679482,0.09371953376962777,-0.6349415886545481,1.6407870229665354e-05,0.0010152217262229546,0.0007242535607643034,0.043844473606531674,73.0
8281,0.16735613357209292,-280.73636113993206,-0.02921686998294312,-8.930565980193375,-0.045319845184161794,0.09722703803846443,-0.6349767927906899,1.6384701903943402e-05,0.001038823384101885,0.0007118140197781002,0.045391588405937225,73.008333
8282,0.1677887602766792,-280.811425482479,0.05922694637149346,-8.90206153313217,-0.03799784862792195,0.1006089373361018,-0.6349303252355726,1.6258687627773317e-05,0.0010619987943915072,0.0006963731585798877,0.0452526147909536,73.016667
8283,0.16896263286130428,-280.88574653639637,0.14628796707993735,-8.796860201890944,-0.03063329118894261,0.1038674568364216,-0.6348036433081237,1.603282851230384e-05,0.0010839247124690098,0.0006788065699280091,0.04346998500868148,73.025
8284,0.1708847317258318,-280.9582061065814,0.2303809064829358,-8.619995992560385,-0.023292784092966538,0.10700467636687963,-0.6345943256292306,1.5715613753393897e-05,0.001103653987090268,0.0006595491349647719,0.040330927402169627,73.033333
8285,0.17350218147061597,-281.0284443303965,0.3102748886167053,-8.382284751591984,-0.015964179293881515,0.11001896542247126,-0.6343055138518362,1.531994157649615e-05,0.0011202269903008858,0.0006386828894967996,0.03628398907274073,73.041667
8286,0.1767750275102722,-281.09602634686024,0.3849607163195662,-8.095539484800442,-0.008656736998720917,0.11291519771220757,-0.6339382712111236,1.4861603238891208e-05,0.0011328203787103852,0.0006161320131152464,0.031817743878850294,73.05
8287,0.18065660163829553,-281.1605920480759,0.4536926294819011,-7.772411037616736,-0.0013827100532151366,0.11569810647555771,-0.6334939217915823,1.435762132775545e-05,0.0011408385519332276,0.0005918563570859269,0.02736061652724067,73.058333
8288,0.1850724466821542,-281.2221916378904,0.5160819796252052,-7.425974391248181,0.0058811375721660114,0.11835661564851198,-0.6329768056011909,1.3824729370835411e-05,0.001143966542459135,0.0005659828214810163,0.02322211091068308,73.066667
8289,0.18999475155726464,-281.28012045530045,0.5717548514689385,-7.0665822639834275,0.013058076835463112,0.1209138401936784,-0.632385833613449,1.3278229259646847e-05,0.001142182600788092,0.0005388364361555645,0.01957841819384376,73.075
8290,0.1953512589395352,-281.33464480473276,0.6207721834788119,-6.704232603135962,0.020174569960220674,0.12336375520474072,-0.6317253226717329,1.2731229552248228e-05,0.0011356991449077611,0.0005109043874116926,0.016495233619493715,73.083333
8291,0.20107835757549938,-281.38581731049777,0.6632839252699725,-6.3467395778836195,0.02722358242219332,0.12570429432012625,-0.6309990646788481,1.219432997322113e-05,0.0011249240592829985,0.0004827548131095767,0.01395799562400325,73.091667
8292,0.20711637925470483,-281.43404511647486,0.6996084802261128,-5.999769596921443,0.03423641368687647,0.1279238779329753,-0.6302109663505153,1.1675617381965908e-05,0.001110390502889996,0.00045495258674555,0.011907150485828145,73.1
8293,0.21341714236295323,-281.47918718361683,0.7300102655271795,-5.667377825495085,0.041172156651469824,0.1300316281117838,-0.6293640773695823,1.1180873614387694e-05,0.0010926946522289032,0.0004279971271644173,0.010264792363298641,73.108333
8294,0.21994373725031427,-281.52105983757804,0.7547828429226154,-5.352124057427048,0.047981010428503876,0.13205206538516498,-0.628460489881243,1.071389648785952e-05,0.001072442836808208,0.00040228449737165085,0.008952391199409446,73.116667
8295,0.2266298754083293,-281.5605168781538,0.7744424392269101,-5.0556389176163306,0.05474116336259925,0.13394332360385333,-0.6275070547584806,1.0276861967379932e-05,0.001050212834001896,0.00037809555471058086,0.007899834208769012,73.125
8296,0.23345312223870096,-281.59712219499795,0.7892497794905076,-4.778456122284114,0.061368801616547126,0.13574860278366283,-0.6265051473902128,9.870695429656248e-06,0.0010265462177207992,0.0003556030763732736,0.007048409385697952,73.133333
8297,0.2403608861373994,-281.63142738657956,0.7996424471253671,-4.5206608512893105,0.06790404396802778,0.1374406908399253,-0.6254611178884202,9.495380732219834e-06,0.0010019170006107811,0.0003348844760593771,0.006351881712012334,73.141667
8298,0.24731445684368808,-281.66391366392065,0.8060074073158432,-4.281707246094257,0.07438270177392575,0.138993933840094,-0.624380022669261,9.150241672756545e-06,0.0009767425536722828,0.00031594367025096563,0.005774577507281362,73.15
8299,0.25429218326647324,-281.69414904351083,0.8085789619540041,-4.060897842553361,0.08071952441951183,0.14045579252144194,-0.6232648244531866,8.834157851983679e-06,0.0009513781389608411,0.0002987304582842784,0.005289616131760555,73.158333
8300,0.26125173223909504,-281.72290153424547,0.8077381617404545,-3.857244342592167,0.08699054607890747,0.1417709293415275,-0.6221223040227164,8.545731333689529e-06,0.0009261148889766846,0.0002831564446274797,0.004877094329433955,73.166667
8301,0.2681775801193203,-281.7497672242142,0.8036846178637361,-3.6697279742827047,0.09311654726640389,0.14299024444548789,-0.62095540201741,8.283418283200741e-06,0.0009011949730372541,0.00026911163979884064,0.004522154515446998,73.175
8302,0.2750349236992308,-281.7755197430008,0.7967392079723128,-3.4972080869023077,0.09918008890369287,0.14404897110733594,-0.6197706967612889,8.045616422198277e-06,0.000876807630243685,0.0002564737160558584,0.004213815202818258,73.183333
8303,0.28180411004543854,-281.8000212507705,0.7870959706261819,-3.338641186351887,0.10514012267044882,0.14496882081730014,-0.6185726378297739,7.830732333805456e-06,0.0008531041645421521,0.00024511772125950036,0.0039437816816220266,73.191667
8304,0.2884679521963224,-281.82332210444554,0.7749507219724534,-3.1929669862857817,0.11098392495456699,0.14575621557094243,-0.6173655373440569,7.637222105610167e-06,0.0008301985965979636,0.0002349205304162822,0.0037057814865733567,73.2
8305,0.2950029982021222,-281.84556213228444,0.7604953963708836,-3.0592206807185547,0.1167102905880435,0.14640376503461452,-0.6161551414461652,7.463617869958468e-06,0.0008081732803990712,0.00022576479244901365,0.003494987044316747,73.208333
8306,0.3013934591843894,-281.8668524748529,0.7438999580007468,-2.936453396782942,0.12231756807995992,0.1469089749473261,-0.6149460775506502,7.30854336978642e-06,0.0007870868558728,0.00021754122365200292,0.003307605820748317,73.216667
8307,0.3076225496809709,-281.88725177871135,0.7253179815573968,-2.8238051179862187,0.1277968423455141,0.1472737252297352,-0.6137433743996528,7.170719795931869e-06,0.0007669762865365924,0.00021014965653929352,0.0031406121216253405,73.225
8308,0.3136724054363235,-281.90689677061613,0.7048972236965899,-2.7204888405197205,0.1331509322046695,0.1474883043313789,-0.612552481028754,7.048966749311198e-06,0.0007478616279257795,0.00020349942090956339,0.0029915492055958837,73.233333
8309,0.31953378066178956,-281.9259134738655,0.6827710158644309,-2.6257436054449523,0.13838527769800404,0.14754598372249436,-0.611377305990178,6.942199385955708e-06,0.0007297499659369652,0.00019750925587727584,0.002858387197672611,73.241667
8310,0.3251892579707995,-281.944163738032,0.6590493853354061,-2.5389315493254214,0.14346356688856274,0.1474720172462253,-0.6102235014983772,6.849422658549812e-06,0.0007126358732523126,0.00019210685658168188,0.002739430510776076,73.25
8311,0.3306290140273433,-281.96176258793844,0.6338491921221981,-2.4594285721606397,0.14839055371133056,0.1472605907470055,-0.6090952919355787,6.769725213573673e-06,0.0006965068057476864,0.00018722831274581682,0.002633245626254126,73.258333
8312,0.33583869501476027,-281.9789266484862,0.6072856309514965,-2.386702919509047,0.153184479690302,0.14688627359357845,-0.6079979033580658,6.702271870974433e-06,0.0006813429245114637,0.00018281742776683768,0.002538608150216554,73.266667
8313,0.34080848710094014,-281.9956813026102,0.579456369489117,-2.320254385790937,0.15783766859580461,0.14635190473618181,-0.6069356663010772,6.646296575467479e-06,0.0006671203667669557,0.00017882502695545216,0.0024544612823803147,73.275
8314,0.3455284282873441,-282.01208894468374,0.5504557168709461,-2.2596379200794448,0.1623481248220689,0.1456540179147062,-0.6059129525831747,6.601095235260466e-06,0.0006538115104387002,0.000175208265234602,0.0023798921122951955,73.283333
8315,0.34999050026113004,-282.02813214931035,0.5203694985580041,-2.204442021735425,0.16670336754619194,0.14480233853020064,-0.6049337010623103,6.566019167229673e-06,0.0006413864138504897,0.00017192998695019822,0.0023141084340098594,73.291667
8316,0.35418328321450787,-282.0439145186257,0.4892845202975346,-2.154324453702899,0.1709071969179222,0.14378503396840275,-0.6040025717862167,6.540469030857787e-06,0.00062981347388959,0.00016895814010306378,0.0022564225725527696,73.3
8317,0.3581046272252301,-282.059411335157,0.45728059857607045,-2.108931772082623,0.17494928000027493,0.142614788068974,-0.6031221139432935,6.52388951505681e-06,0.0006190612001549225,0.0001662652342588889,0.0022062353368514785,73.308333
8318,0.36174098885941536,-282.07472215424065,0.4244357348797607,-2.0680103751148793,0.17883200022610188,0.14127818081323731,-0.6022973551305316,6.515764357964286e-06,0.0006090967147909462,0.00016382786266375758,0.002163027930930863,73.316667
8319,0.3650886256668614,-282.08981866937245,0.3908233836457007,-2.031283820533827,0.18254414938622732,0.13978752957169838,-0.6015310405765444,6.515612436565645e-06,0.0005998892195969948,0.00016162628782682515,0.0021263495856335603,73.325
8320,0.36814127060815105,-282.10478123676467,0.35651823374359387,-1.9985336516106398,0.18608879287368923,0.13813449562104657,-0.6008263767198743,6.522984043734757e-06,0.0005914080387269227,0.00015964406585001193,0.0020958127687210424,73.333333
8321,0.3708936665169573,-282.1196212962219,0.32159011009028726,-1.9695569502643098,0.1894597762458692,0.13632316577745102,-0.6001862213790641,6.537457948723943e-06,0.0005836237327343463,0.00015786772534367852,0.002071085501183282,73.341667
8322,0.3733382105467455,-282.1343731405936,0.28610626864408994,-1.944190385122573,0.1926529749779172,0.13435240973748616,-0.599613853997628,6.558638930105662e-06,0.0005765082248824343,0.00015628649929282754,0.0020518868330835537,73.35
8323,0.37547592495162324,-282.14902448319566,0.250136235134097,-1.9222560639943298,0.19566224077772731,0.13223289891111764,-0.5991103910427533,6.586155845787195e-06,0.0005700355650433697,0.00015489209249303792,0.0020379822710646675,73.358333
8324,0.377297396070739,-282.16367585929476,0.21374511905439597,-1.9036598126838125,0.198491238448811,0.12994960316254703,-0.5986792476551646,6.619659999707018e-06,0.000564180317283704,0.0001536784786390566,0.002029180702012907,73.366667
8325,0.3788020096614418,-282.17830538629875,0.1769982429043521,-1.8882744749766724,0.20113157747973034,0.1275141417745476,-0.5983216065495344,6.658824156161063e-06,0.0005589200326187483,0.00015264175536295376,0.0020253304441315485,73.375
8326,0.3799878282198385,-282.19288888154364,0.1399582733174862,-1.8759978054887803,0.20357428277802886,0.12493851632377946,-0.5980387873760563,6.703341719199676e-06,0.0005542334609117213,0.00015178000233098896,0.0020263178008815145,73.383333
8327,0.380851250852096,-282.2075366568291,0.10269170995243283,-1.86678403016118,0.20582637043021648,0.12220688199997391,-0.5978323309284701,6.752926348593463e-06,0.0005501010530296586,0.0001510931796338314,0.0020320651728656905,73.391667
8328,0.38138902905233835,-282.22219907847835,0.06525678813894623,-1.8605689086637944,0.2078748231173263,0.11933598912567357,-0.5977035153730799,6.8073119050941396e-06,0.0005465053998306054,0.0001505830729876212,0.0020425284672620273,73.4
8329,0.38160099951482734,-282.23697800716894,0.027721501148352923,-1.8573343212657076,0.2097265081666396,0.11631234596148454,-0.5976526939830226,6.8662526764593575e-06,0.0005434312187672251,0.00015025322509529048,0.002057697587850321,73.408333
8330,0.3814887628602006,-282.2518219004657,-0.009852724349314787,-1.857037376654923,0.21137072857304381,0.11315482906038088,-0.5976796068453538,6.929523848275823e-06,0.0005408648056759414,0.00015010893833509653,0.002077593910459345,73.416667
8331,0.38105082499835413,-282.26675439645254,-0.047404757013721315,-1.8596822521603384,0.2128041848391133,0.10986595248552992,-0.5977845465344582,6.996922233667462e-06,0.0005387938460328018,0.00015015724644488484,0.002102271153596705,73.425
8332,0.3802862038813603,-282.2818324038304,-0.08487144151260381,-1.8652996434134261,0.21402716905033217,0.10644135530065751,-0.5979674919810105,7.068267275302134e-06,0.0005372081175129707,0.00015040695683475459,0.002131815017909947,73.433333
8333,0.3791957576458079,-282.2970454912216,-0.12219145608302454,-1.8739147651382788,0.21503332857309015,0.10289164691366189,-0.5982277904562541,7.143402266662745e-06,0.0005360994162390584,0.0001508687135859568,0.0021663429545922034,73.441667
8334,0.3777832947510597,-282.3124360441345,-0.1592974221660922,-1.8855789777510366,0.21582340810011075,0.09921707239046904,-0.5985638994613002,7.222195780896962e-06,0.0005354612651055269,0.00015155504669152884,0.002206005125763817,73.45
8335,0.37604852214681306,-282.3280758750945,-0.19612503190757258,-1.9003849191636497,0.21639824010110087,0.09541057909180965,-0.5989750710626544,7.304543294450345e-06,0.0005352884606562339,0.00015248049721958593,0.002250983686531579,73.458333
8336,0.37399560964929535,-282.34390954681555,-0.23261209403388267,-1.918393188368777,0.21674844324083253,0.09149399114907482,-0.5994593185632272,7.390369071804087e-06,0.0005355779466065025,0.00015366177158791355,0.0023014940689060947,73.466667
8337,0.37162519318954834,-282.35999273468946,-0.26869407367903053,-1.9397306392977411,0.21687341869502091,0.08746457695208372,-0.6000153170695955,7.479628208696132e-06,0.0005363280501303504,0.00015511782433819937,0.0023577867728321517,73.475
8338,0.3689425582313072,-282.3764059150954,-0.304298190039213,-1.9645442713529722,0.21677645826558387,0.0833156134817888,-0.6006404817925468,7.572308908151837e-06,0.000537539231742641,0.00015687010938286548,0.002420147916835115,73.483333
8339,0.36595461295636167,-282.3930592962758,-0.3393606501790388,-1.9929406637853788,0.2164471482449356,0.07907794825405147,-0.6013317077891074,7.66843494901342e-06,0.0005392132890483087,0.00015894283947271885,0.002488898234491011,73.491667
8340,0.3626603032907342,-282.4100918111569,-0.37381190455895646,-2.025154527303658,0.2158894155923157,0.07473160691199965,-0.6020875848575179,7.76806832453135e-06,0.0005413532281779131,0.00016136310319859995,0.0025643968672661023,73.5
8341,0.3590693574587545,-282.4275213657227,-0.40757494283493806,-2.061378156127539,0.21510256666069713,0.07028561076308804,-0.6029040814355465,7.871312148470652e-06,0.0005439648202889122,0.00016416135197018145,0.0026470411283047906,73.508333
8342,0.3551854702849491,-282.44537015706106,-0.4405797146380562,-2.101849747795739,0.21408269670928182,0.0657473510454225,-0.6037784340933284,7.978313722649515e-06,0.0005470546647878187,0.00016737165642248197,0.0027372652361246958,73.516667
8343,0.35101550658109065,-282.46365315641305,-0.4727510048833082,-2.1468288523279795,0.2128271438957506,0.061126942058449873,-0.6047070501091917,8.089267794221131e-06,0.000550631483281372,0.0001710320719607921,0.002835543812960026,73.525
8344,0.3465667973103902,-282.4824506214343,-0.5040058682387107,-2.196636823598825,0.21133726573758135,0.05642130668599031,-0.6056861472234679,8.204419970177139e-06,0.0005547056171252009,0.0001751850480381612,0.002942391376640983,73.533333
8345,0.3418483191324574,-282.50176277518943,-0.534263500815582,-2.25159514270292,0.2096101230137882,0.051645372900255095,-0.6067115166734007,8.32407027643177e-06,0.0005592890586277745,0.0001798779871812069,0.0030583602995353813,73.541667
8346,0.33686702787385214,-282.5217072149301,-0.563433116663219,-2.3121256607014393,0.20764752023517466,0.046789889782262714,-0.6077793400818643,8.448576791309021e-06,0.0005643952771180041,0.00018516362314209556,0.0031840425465007966,73.55
8347,0.33163628103963966,-282.54223470846733,-0.5914265984233521,-2.378602631945043,0.20544627594361875,0.04188223209980843,-0.6088844052948279,8.578359331605732e-06,0.0005700396994433417,0.0001911007372859033,0.0033200667807542945,73.558333
8348,0.32616248543514037,-282.5635116122138,-0.6181423787992165,-2.4515715887722527,0.2030085927975197,0.036905139958908685,-0.6100229787237398,8.71390298200921e-06,0.0005762386095885706,0.00019775440285330987,0.0034671012172178065,73.566667
8349,0.3204583520516914,-282.5855434090091,-0.6434800817070825,-2.5315397607350625,0.20033262728993512,0.03187657924843498,-0.6111900153099118,8.855761436775188e-06,0.0005830105542843667,0.0002051968952288362,0.003625851568925847,73.575
8350,0.31453539083033233,-282.60838551376537,-0.6673316691447806,-2.6191010295484647,0.19741778678026567,0.026805109988722133,-0.6123807771454572,9.004559920082464e-06,0.0005903751600170774,0.00021350783364380542,0.003797068674755228,73.583333
8351,0.3084073830502089,-282.6321258431226,-0.689575949734037,-2.7149259866573656,0.19426527386758485,0.021694334719883197,-0.6135901497630271,9.16099721944935e-06,0.0005983533887083248,0.00022277459113718073,0.003981558869825268,73.591667
8352,0.3020890449412038,-282.65685170271644,-0.7100831093911676,-2.8197522258584025,0.1908760085069557,0.0165496007065291,-0.6148129575479905,9.325846558295186e-06,0.0006069670378693973,0.00023309252810859953,0.004180200902698488,73.6
8353,0.2955953523096582,-282.68260958336765,-0.7287201253431979,-2.934365345458496,0.18724987678922375,0.01138554287778616,-0.6160441264485838,9.499954678939646e-06,0.000616238447646677,0.0002445647966835192,0.004393983024342467,73.608333
8354,0.2889497781324579,-282.70980427422995,-0.7452816389931963,-3.0598245312611057,0.18339445359476855,0.00615235667972237,-0.617277195086585,9.684238288600085e-06,0.0006261902590025092,0.0002573014498670921,0.004624074048940402,73.616667
8355,0.2821629284028672,-282.73821299567106,-0.759657346060356,-3.196912837621133,0.17930170453490182,0.0009190776411524015,-0.6185083400595083,9.879677089893547e-06,0.0006368432648323985,0.0002714196791729914,0.004871877667741186,73.625
8356,0.2752546348039971,-282.7679076403998,-0.7716720400310314,-3.3466418268485394,0.17497415542472441,-0.004299773247658756,-0.6197322563490004,1.0087301646065705e-05,0.0006482188054597368,0.0002870383742406689,0.00513930126555724,73.633333
8357,0.2682461575498711,-282.7990703564044,-0.7811180071325003,-3.5101644082913643,0.17041433911951287,-0.009507297692443071,-0.6209436987272252,1.0308173838834695e-05,0.0006603361368429366,0.00030427532582784513,0.005429003005251362,73.641667
8358,0.26115982767918755,-282.8318011198315,-0.7877824057879906,-3.68863344926855,0.16562470105997826,-0.014689880395095707,-0.622137588069368,1.054335820074272e-05,0.0006732113594429219,0.0003232417935856084,0.005744812016263782,73.65
8359,0.25402351189873246,-282.8662639542609,-0.7914141568458488,-3.88325789408128,0.1606097676257567,-0.019843024169472652,-0.6233083262808304,1.0793880880591658e-05,0.000686856328422834,0.00034403343432617804,0.0060923961785133455,73.658333
8360,0.2468624926810267,-282.9025849580228,-0.7917561050305576,-4.0952385662850315,0.15537217413457777,-0.024953712172063238,-0.6244512090063788,1.106067220207344e-05,0.0007012764329041623,0.00036671879709572957,0.0064801911275060775,73.666667
8361,0.23970600609920953,-282.9409802985448,-0.7885070764662717,-4.325786466062129,0.14991400000854976,-0.03002114272931594,-0.6255613768981128,1.1344488662097281e-05,0.0007164702252095183,0.0003913229900333232,0.006920764592010293,73.675
8362,0.2325870255229817,-282.98158091821216,-0.7813537502005753,-4.575907615063556,0.14424061551162093,-0.03502945699246981,-0.6266339399167918,1.1645809495423539e-05,0.0007324276843254264,0.00041780771471284324,0.007432605761548797,73.683333
8363,0.22554265905861326,-283.02458437650625,-0.76994201578053,-4.846411870739618,0.13835703178651565,-0.03997181063293654,-0.6276640015055426,1.1964702181238247e-05,0.0007491290475058761,0.00044604522477896156,0.00804246231646986,73.691667
8364,0.2186106523683292,-283.07019091731405,-0.7538991787441631,-5.137760242016089,0.1322669596368677,-0.04484000925566468,-0.6286472282881482,1.2300652132002623e-05,0.0007665443585849947,0.0004757893006653566,0.00878803280079287,73.7
8365,0.2118342127921702,-283.118570284668,-0.7328347824035636,-5.449807105228069,0.1259771700664111,-0.049621641973910446,-0.629579191163329,1.2652354693947922e-05,0.0007846352856125364,0.0005066438324527403,0.009720745011874274,73.708333
8366,0.2052607662274448,-283.16988086533064,-0.7063487716524873,-5.781590616805527,0.11949603470983154,-0.05430405913180378,-0.6304556126536082,1.3017470963528118e-05,0.0008033578131910138,0.0005380334509494708,0.010907750266083989,73.716667
8367,0.19893741601532233,-283.22433755961924,-0.6740389673405679,-6.131201071246659,0.11282658672987601,-0.05888204454686668,-0.6312729828155698,1.3392356462352858e-05,0.000822667829147523,0.0005691841108320806,0.0124316587360784,73.725
8368,0.19291976471176464,-283.28203818917336,-0.6355391052650445,-6.495174687327475,0.1059804294866872,-0.06334058430633595,-0.6320273978409079,1.3771785826027706e-05,0.0008425305899148279,0.0005991248348919256,0.014385788203447748,73.733333
8369,0.18726315803204496,-283.34314145728666,-0.5905229593668241,-6.868483639857037,0.09896204193556844,-0.0676749059763049,-0.632715681829557,1.4148710385955763e-05,0.000862930081275659,0.0006267198470213116,0.016861902977843894,73.741667
8370,0.1820252378620939,-283.4076883834732,-0.538775251981771,-7.244084568868961,0.09178024123701313,-0.07187292640491921,-0.6333349685943993,1.4514106995780488e-05,0.0008838804958077976,0.0006507474127878757,0.01992776240278885,73.75
8371,0.17727323338410958,-283.4756110925394,-0.48021256156180564,-7.6125176035127495,0.08445146887268329,-0.07592338668787002,-0.6338817724426933,1.4856997205358866e-05,0.0009054328052639785,0.0006700251330222769,0.023593930043542023,73.758333
8372,0.17306525934676498,-283.5468164277905,-0.41495045935871666,-7.962551480598459,0.07698349010067042,-0.07981869491989091,-0.6343540264467511,1.5164717841192544e-05,0.0009276687596163339,0.0006835716067497309,0.02777324418079213,73.766667
8373,0.1694633431361943,-283.62103809690274,-0.3433514869328598,-8.281035465221706,0.06939237839670268,-0.0835492903517013,-0.6347493415342594,1.54235246153444e-05,0.0009506823599642071,0.0006907794898957363,0.032245817674516536,73.775
8374,0.16650983988511456,-283.6978432999003,-0.2661063442535449,-8.554583219576108,0.06169319843576058,-0.0870972195569615,-0.6350673478365995,1.5619561010164038e-05,0.0009745349633828109,0.0006915375716173333,0.03664711934038623,73.783333
8375,0.1642620046696384,-283.7768424406444,-0.18410373503441607,-8.76928607891796,0.053896575400877236,-0.09046760658536998,-0.6353056618626757,1.5740152089606485e-05,0.0009991962737370625,0.0006862569143380138,0.04050135453198179,73.791667
8376,0.16275554805199688,-283.857443664577,-0.09857102264430469,-8.913412477791677,0.04601559387957923,-0.0936542451296993,-0.6354635789446126,1.577524633128221e-05,0.0010244651946584844,0.0006757531813348102,0.043302275200468206,73.8
8377,0.16202147214855625,-283.9389625370834,-0.010958338417373087,-8.978109390325818,0.03806570518131921,-0.09665616359270142,-0.6355400072415504,1.5718756490848975e-05,0.0010499148717164172,0.0006610343961675429,0.04463397856127291,73.808333
8378,0.16205176183141093,-284.02076261461656,0.07713934866560887,-8.960231655809556,0.03004632213863444,-0.09946170251753761,-0.6355368604056372,1.5569509672561272e-05,0.0010748708715759235,0.0006430501034187188,0.04428597979879551,73.816667
8379,0.1628656670093904,-284.101927574952,0.16406396318652455,-8.859556302949896,0.021992401830954952,-0.10207592959519395,-0.635452084373781,1.5331587897120596e-05,0.0010984581858210773,0.000622508956073462,0.042315671740243456,73.825
8380,0.16446491053643403,-284.1816712713853,0.24823717602899265,-8.681048103352474,0.01392543016742043,-0.10451065254601984,-0.6352842816999784,1.501389705706341e-05,0.001119681600301039,0.0005998272600374464,0.03902955031861875,73.833333
8381,0.16680217918562174,-284.2593204784407,0.32825536945588035,-8.435644456239032,0.0058577873086876064,-0.1067582659263981,-0.6350361183903123,1.4629061769134778e-05,0.0011375577816023022,0.000575230495163042,0.034892061209409075,73.841667
8382,0.16983468964677031,-284.33430934987643,0.4029979984870886,-8.136236914122708,-0.002195693928195018,-0.10882196264688725,-0.6347089664167769,1.4191978917014144e-05,0.0011512610351978006,0.0005489026348512856,0.030401419543862024,73.85
8383,0.17351004372638462,-284.4062019025024,0.47164832144549473,-7.796964319900825,-0.010221173334776346,-0.11070530362258216,-0.6343046397761035,1.3718284615926249e-05,0.0011602147465854212,0.0005211133440866073,0.025984493005003974,73.858333
8384,0.17777589290875068,-284.4746340071969,0.5336759832826032,-7.431564473991985,-0.01819939590501363,-0.11241734514237121,-0.6338246091592166,1.3223003785711148e-05,0.0011641379376091487,0.0004922792064082909,0.021938495087572032,73.866667
8385,0.18257124733266406,-284.5394016968858,0.5888343221846604,-7.052736281256114,-0.026115766828866772,-0.11396506551739878,-0.6332712240742945,1.2719557110147622e-05,0.0011630364999217413,0.00046294823198807597,0.01842250197150768,73.875
8386,0.18782850591288242,-284.60045977295596,0.6371203900329707,-6.67137935994413,-0.03396108568533667,-0.11535127361014332,-0.6326478017124466,1.2219189155493932e-05,0.0011571607051043614,0.00043373229882515173,0.01548175610040128,73.883333
8387,0.19349657294085845,-284.6577449848073,0.6786731374097291,-6.295763671922123,-0.0417170728267326,-0.11659209221923032,-0.6319560764346772,1.1730774049459714e-05,0.0011469425265749076,0.00040522551470651693,0.013085515102402362,73.891667
8388,0.1995067448104934,-284.71137263021063,0.7137909990762223,-5.932515593524416,-0.04937519347450173,-0.11768869163213576,-0.6312004236431339,1.1260885872337641e-05,0.0011329197966323571,0.00037793952104434877,0.011163568988123698,73.9
8389,0.20580659032424936,-284.76146874175,0.7428325535486732,-5.585945092136154,-0.05692549498094145,-0.1186514633577237,-0.6303838758568033,1.0814060405837237e-05,0.00111568595311142,0.0003522642671840685,0.009632322210455888,73.908333
8390,0.21233899375961482,-284.8082048819978,0.7662069697559694,-5.258910577107878,-0.06435805496077131,-0.11948535689251476,-0.6295107647419024,1.0393126161282081e-05,0.0010958368275884188,0.0003284574647131281,0.008411431148449293,73.916667
8391,0.21906167314891656,-284.85173003761327,0.7843206774263922,-4.952779803138786,-0.07166158011451786,-0.12020426924066795,-0.6285841743695172,9.999560208531484e-06,0.0010739427993449388,0.00030665360727382047,0.007431507173887549,73.925
8392,0.22592301708456047,-284.89230040006964,0.797600928868279,-4.6681356723140155,-0.07883315378571298,-0.12080796880790799,-0.6276091787192932,9.633812385434833e-06,0.0010505240292112868,0.0002868846957753275,0.006636573879261261,73.933333
8393,0.23288237835866962,-284.93011435481355,0.8064421946624877,-4.404746304128966,-0.08586540660347233,-0.1213034450229099,-0.6265900724160847,9.295593389793672e-06,0.0010260472012137117,0.0002691050339092147,0.00598325197931927,73.941667
8394,0.2399037901709011,-284.96535051096146,0.8112112191270389,-4.16190045618323,-0.09275004835057185,-0.12169943464629152,-0.62553112537566,8.984104491811214e-06,0.0010009187601692847,0.0002532149168051695,0.005438878961500947,73.95
8395,0.2469516906726172,-284.99824132253246,0.8122554829594582,-3.938597976446855,-0.0994857316123355,-0.12199722358012574,-0.6244371700341831,8.69821887650548e-06,0.000975485808043999,0.0002390810892498698,0.004979236700580393,73.958333
8396,0.2539916405614926,-285.0290198890895,0.8098946887960038,-3.7336732345285304,-0.10607205453354884,-0.12219465177022781,-0.6233134837317292,8.436619605540405e-06,0.0009500412415080468,0.00022655298473176174,0.004586461244376062,73.966667
8397,0.260994713591916,-285.05785695170096,0.804411963788557,-3.5458637332080043,-0.11250380765933231,-0.12229503879646492,-0.6221650339129668,8.197900236562924e-06,0.0009248293923116456,0.00021547455015564134,0.004247350940076832,73.975
8398,0.26793533700794164,-285.0849185764643,0.7960632570332623,-3.3738852598888713,-0.11877738916775368,-0.122300936314139,-0.620996719375535,7.980635051992771e-06,0.0009000500711247441,0.00020569228288457313,0.00395208031706692,73.983333
8399,0.2747894536280717,-285.1103838056961,0.7850819148377435,-3.2164856071005006,-0.12489227476306698,-0.12221097756938593,-0.6198136085486037,7.783426959329784e-06,0.0008758636154018665,0.00019706045507902707,0.0036932408867387857,73.991667
8400,0.28153454929323435,-285.1344006516455,0.7716772598740732,-3.0724766771068692,-0.13084562692570065,-0.1220251222071198,-0.6186208888655135,7.60493847666136e-06,0.0008523963346297232,0.00018944415565275312,0.003465150816356072,74.0
8401,0.28814981076210044,-285.1571469086647,0.7560411966893964,-2.9407389262432932,-0.1366397540751971,-0.12173723437860347,-0.6174237896681004,7.443910064916954e-06,0.0008297453865408079,0.00018272072212332797,0.0032633712295123004,74.008333
8402,0.2946192950208236,-285.178690483196,0.7383394237454481,-2.8202318611818695,-0.14226654051249119,-0.1213552886864074,-0.6162269371217445,7.299169388330823e-06,0.0008079830211455616,0.00017678013134557845,0.003084366955568481,74.016667
8403,0.3009239555484322,-285.19917856413826,0.7187301793521719,-2.7100117207660364,-0.14772679460608407,-0.1208731487845138,-0.6150357621588591,7.169634038188044e-06,0.0007871593006425622,0.00017152464460119782,0.0029252764463711858,74.025
8404,0.30704812018639366,-285.2187703624624,0.6973580919433452,-2.609209447147902,-0.15302486667297385,-0.12028131939709512,-0.6138552818538036,7.054310649256207e-06,0.0007673071862187618,0.0001668681743617822,0.0027837396626419026,74.033333
8405,0.3129799361647606,-285.2374990210859,0.6743483920954499,-2.5170331386505067,-0.15815226714227132,-0.11958856487520476,-0.6126899282874239,6.952290729050484e-06,0.0007484447194373927,0.00016273533359074228,0.002657784310057654,74.041667
8406,0.31870227051127026,-285.255503803067,0.6498240422317322,-2.432784736507189,-0.16311118319098625,-0.11878384581559628,-0.6115452988677889,6.862744899984232e-06,0.0007305769172849462,0.0001590604077785907,0.0025457464420743326,74.05
8407,0.3242069173306687,-285.272813566397,0.6238922438295562,-2.355811699499998,-0.16789537326479537,-0.11787531602714321,-0.6104253158116693,6.7849167118425015e-06,0.0007137001181420706,0.00015578639250601235,0.0024462043556963777,74.058333
8408,0.3294795897038127,-285.28954956943556,0.5966584161229894,-2.2855491373404146,-0.17250692384989272,-0.11685249042995122,-0.6093351863959323,6.718115466786345e-06,0.0006978014832276888,0.00015286397612287954,0.0023579400283007417,74.066667
8409,0.3345107247313377,-285.3057808009882,0.5682187469581642,-2.2214795760183828,-0.17694428506211862,-0.11571364071299886,-0.6082792007070427,6.661709715317548e-06,0.0006828629358171753,0.0001502506872867023,0.0022799005579775536,74.075
8410,0.3392906113693596,-285.3215633951306,0.5386633732657561,-2.1631418352340392,-0.18120456554497064,-0.11445812483186309,-0.6072616863936273,6.615120629961234e-06,0.0006688614120924383,0.000147910062887333,0.0022111747806944602,74.083333
8411,0.34381175521094365,-285.3369219067532,0.5080765611175515,-2.1101181942694898,-0.18528262663250483,-0.11309094179113323,-0.6062864832972564,6.5778159917627574e-06,0.0006557704421399952,0.00014581093572921022,0.002150972449194753,74.091667
8412,0.3480649839160187,-285.35196445456296,0.4765419193503496,-2.062049307579122,-0.18918209975980718,-0.11160032963656769,-0.6053577555722565,6.549304637432368e-06,0.000643560857241111,0.0001439268003387608,0.0020986084272670235,74.1
8413,0.35204258626445595,-285.3666997512716,0.4441352484200362,-2.018604610972966,-0.19289616143532584,-0.10999252383521113,-0.6044793034338539,6.529131562425359e-06,0.0006322023348773265,0.00014223526440297965,0.0020534879509716874,74.108333
8414,0.35573865639448093,-285.381189434508,0.4109321509126491,-1.9794947157028266,-0.1964249518925058,-0.10826379747055337,-0.6036544550546131,6.51687353843086e-06,0.0006216638933218403,0.00014071757462833247,0.0020150968157032706,74.116667
8415,0.35914780992231143,-285.3954335990228,0.37700302595836294,-1.944456149463455,-0.19976223028927728,-0.10642199810062673,-0.6028863262225509,6.5121353014543865e-06,0.0006119142154840535,0.00013935820174759732,0.001982991978156421,74.125
8416,0.3622631767967161,-285.4094903454335,0.3424176168775728,-1.9132680632981147,-0.2029073146639064,-0.10446278083527301,-0.6021782640979698,6.514546310806956e-06,0.0006029222195741268,0.00013814449687939986,0.0019567943210192546,74.133333
8417,0.3650788471616478,-285.4234533868001,0.30724550125789585,-1.8857437952093008,-0.20586346816985146,-0.10237405723988134,-0.6015332888156117,6.5237580500893046e-06,0.0005946579351504555,0.00013706639543927766,0.001936181607960709,74.141667
8418,0.3675932033815383,-285.437267944564,0.27155057559402995,-1.8616918667855697,-0.20862080722638912,-0.10017483921702432,-0.6009533035569845,6.539441801375094e-06,0.0005870926539899415,0.00013611616765130336,0.0019208830207163704,74.15
8419,0.36979928656532196,-285.45101985862834,0.23539762886432203,-1.8409786014688203,-0.2111810142930245,-0.09785366209362524,-0.6004412982907122,6.5612868350359286e-06,0.0005801983624073886,0.0001352882103040754,0.001910675954770202,74.158333
8420,0.37169665993265877,-285.4646944845369,0.19885022985457335,-1.8234652941510476,-0.2135390938524191,-0.09542140280572592,-0.5999986032977703,6.588999098748015e-06,0.0005739492516139392,0.00013457888257764787,0.0019053810315064808,74.166667
8421,0.37328179571959097,-285.47827100274105,0.1619680191127267,-1.8090371715383045,-0.21568811033601223,-0.0928896581357411,-0.5996271034127005,6.6223002147131e-06,0.0005683205073000945,0.00013398636380399046,0.0019048598957262216,74.175
8422,0.37455135406412765,-285.491756844472,0.12481074185583096,-1.7976047417465335,-0.2176241548992498,-0.09026414792791185,-0.5993284771135403,6.660926884306063e-06,0.0005632892505476785,0.00013351054545701307,0.001909012772290954,74.183333
8423,0.3754979641157108,-285.50529680668416,0.0874398626583006,-1.7891341228533304,-0.2193531807967401,-0.08751954396783507,-0.5991051862352845,6.704630607970052e-06,0.0005588346226880843,0.00013315294909548272,0.001917776406470444,74.191667
8424,0.37612419830933647,-285.5189072468227,0.04991937225377204,-1.7835699583902125,-0.22087429099177083,-0.08466029928515316,-0.598957172074791,6.753177764610855e-06,0.0005549386443116262,0.00013291668834645583,0.0019311218775346622,74.2
8425,0.3764345236664739,-285.5329341866088,0.012329780343372393,-1.780955519658013,-0.22221451262985392,-0.08161796160833448,-0.5988837377952226,6.806349924624025e-06,0.0005515842498090243,0.00013280643343477664,0.0019490538540286964,74.208333
8426,0.37641867371830684,-285.5467029629037,-0.025310474817829387,-1.7811119808319051,-0.22330823877619638,-0.07854755025159145,-0.598887489867794,6.863944512145706e-06,0.0005487551746314521,0.00013282850895886557,0.0019716062914980777,74.216667
8427,0.37608323985151176,-285.5605892588125,-0.06291863613140175,-1.7841245050585688,-0.2241869827958568,-0.07537512857945694,-0.5989668600286001,6.9257756496105e-06,0.0005464390548230808,0.00013299062107342775,0.001998853558377496,74.225
8428,0.3754278488766933,-285.5745894337307,-0.10043670449259821,-1.7900065320698293,-0.2248463897716813,-0.07210929089435138,-0.5991217437627807,6.991675143171515e-06,0.0005446239631521736,0.0001333021774017599,0.002030898701879082,74.233333
8429,0.3744595097048246,-285.5890893294706,-0.1377791851178177,-1.7988934192587176,-0.22531323886219953,-0.068672402409458,-0.5993501132199267,7.061493909454476e-06,0.00054330002467157,0.00013377425569532073,0.0020678781265049593,74.241667
8430,0.3731678074220842,-285.6034244740818,-0.17493299484103683,-1.8106519901377782,-0.22553058680669724,-0.06522043423685754,-0.5996538685346594,7.135103629856557e-06,0.000542458070258184,0.0001344198959192603,0.0021099558944924295,74.25
8431,0.37156457139037674,-285.61833513865616,-0.2117880000485044,-1.8255616508879617,-0.22555024576391236,-0.061597141615888404,-0.6000294921556698,7.212398527328466e-06,0.0005420931292119355,0.00013525369034683772,0.002157340900674793,74.258333
8432,0.36965215226704806,-285.6334157679875,-0.24830419495000738,-1.843583895679618,-0.22534167029284302,-0.057903137530912946,-0.6004755373616046,7.293297388982875e-06,0.0005422000015418094,0.00013629266466591295,0.0022102655243821886,74.266667
8433,0.3674186857146553,-285.6484947434063,-0.2844475915808068,-1.8647779612138855,-0.22488474616376147,-0.05418447727495382,-0.6009936821974925,7.37774594519536e-06,0.0005427754272954279,0.0001375558616395307,0.0022690031303752673,74.275
8434,0.3648825481530766,-285.66381502437173,-0.3201238556225963,-1.8893341840424127,-0.22420062674960856,-0.05039850638451461,-0.6015784090168901,7.465719218844806e-06,0.0005438206936625009,0.00013906452659460133,0.0023338725162975237,74.283333
8435,0.3620495630453374,-285.67978856474457,-0.35524155117757966,-1.9175431904606162,-0.22330760478524692,-0.04646359361091445,-0.602227001046811,7.557224224015743e-06,0.0005453358645232632,0.00014084277058944866,0.0024052231926341987,74.291667
8436,0.35891962729505056,-285.69611053000676,-0.3897583673409927,-1.949474558179878,-0.22218367979813908,-0.04245873492648799,-0.6029379577832202,7.652303179747628e-06,0.0005473225014537279,0.0001429180546718178,0.002483435287156714,74.3
8437,0.355500422084635,-285.7127376803518,-0.4236065851963915,-1.985305552485397,-0.2208265237293748,-0.038405291198206695,-0.6037078703326476,7.751036841030592e-06,0.0005497849177984367,0.00014532089782266755,0.002568935732415334,74.308333
8438,0.3517940225070348,-285.7297915885571,-0.4567138111450163,-2.0253087600303354,-0.21923711587673395,-0.03428794921841809,-0.6045344789476005,7.853547868965678e-06,0.0005527287249434734,0.000148085476890076,0.0026621920641263577,74.316667
8439,0.347808833070134,-285.7472772284736,-0.4890050431874963,-2.0697386636776507,-0.21741498320033253,-0.030118572661293943,-0.6054139982993831,7.960004634237938e-06,0.0005561619904465058,0.0001512501976555727,0.0027637118066148355,74.325
8440,0.34355220572001083,-285.76526828655483,-0.520399985575395,-2.118912026600318,-0.21536107390583423,-0.025894508175795177,-0.6063428031802304,8.070625308273027e-06,0.0005600941244977432,0.0001548581159074811,0.0028740415353608714,74.333333
8441,0.33903434413143924,-285.7837228090982,-0.5508208588478178,-2.173129821232433,-0.21307469794088013,-0.02163894073402256,-0.6073165912580623,8.185682184185682e-06,0.0005645362175454321,0.00015895757936535288,0.002993764239539397,74.341667
8442,0.3342521679575927,-285.802456869664,-0.5802188526299923,-2.2326745407044575,-0.2105458171343582,-0.01740416282258228,-0.6083338447593316,8.305506193784116e-06,0.0005695006372610226,0.00016360269787879693,0.0031234989329756357,74.35
8443,0.32923595135554196,-285.82205671798675,-0.6084304710241317,-2.298202925136965,-0.2077983299968826,-0.013082513817114016,-0.6093859323603817,8.43049144008035e-06,0.0005750036779317703,0.0001688534986338577,0.003263915859803786,74.358333
8444,0.32398521803215974,-285.84231825511915,-0.6353973982282347,-2.3700764704038604,-0.20482106026197566,-0.008733372130817903,-0.6104707807589032,8.56110020406808e-06,0.0005810590801682427,0.00017477856011366172,0.003415674287016073,74.366667
8445,0.31851221100163973,-285.86327673478587,-0.6610190060417753,-2.448808998396115,-0.2016157215749419,-0.004366618975142243,-0.6115836378849107,8.69786806443074e-06,0.0005876843635129219,0.0001814539188010432,0.0035794717994971537,74.375
8446,0.31279847739426386,-285.88528224819953,-0.6852054876866032,-2.5351801959753737,-0.19816529145082187,6.951074499815586e-05,-0.6127258972072808,8.841408485017476e-06,0.0005948982199218113,0.00018896437649212753,0.003756021472354337,74.383333
8447,0.30691211627237375,-285.9079498051247,-0.7077965579651335,-2.629536892319547,-0.19450362582747643,0.004477939241551745,-0.61388174779522,8.99241770331235e-06,0.0006027264598011737,0.00019740441307572338,0.003946067080010543,74.391667
8448,0.30084318275847627,-285.9314699439447,-0.7286963754242274,-2.732669982043333,-0.19061938694662892,0.00887754410733994,-0.6150511777134596,9.151677921185613e-06,0.0006111847176391009,0.00020687844924539262,0.004150328406542293,74.4
8449,0.2946053350153923,-285.9559776236007,-0.74776626820456,-2.845393694701285,-0.18651400271480725,0.0132734415687297,-0.6162295475033817,9.32005910260736e-06,0.0006202943875576819,0.00021750118538372195,0.0043695697777196875,74.408333
8450,0.28821593863718886,-285.9815509852209,-0.7648579422176071,-2.9685541898674277,-0.18219086345114943,0.017658174207826855,-0.6174116866682803,9.498519807251602e-06,0.0006300773371422273,0.0002293978421790692,0.004604606912364928,74.416667
8451,0.2816930348821797,-286.0082661116872,-0.7798120449417774,-3.103062778396081,-0.17765360707869657,0.02202262139584348,-0.6185925255891663,9.688104794052707e-06,0.000640554785434219,0.00024270334635528336,0.004856368709253231,74.425
8452,0.27503058995516944,-286.0364810220476,-0.7924636654685888,-3.2501634904537946,-0.17288361601911417,0.02640287754606051,-0.6197714546874866,9.889938306416646e-06,0.0006517466647250467,0.0002575606556895893,0.005126012732992945,74.433333
8453,0.2682788828331614,-286.0659907623957,-0.802603414651396,-3.4106487022129315,-0.16790931393890052,0.03073816780621436,-0.6209381128651106,1.0105212558587614e-05,0.0006636759829947404,0.00027411832014541577,0.005415144549131277,74.441667
8454,0.2614547097041723,-286.0969541665553,-0.8100247796198083,-3.585669271804428,-0.16273086811647436,0.03502911134493751,-0.6220885295490045,1.0335166549958326e-05,0.0006763558485330507,0.00029252445197760395,0.005726103984411462,74.45
8455,0.25458462013679384,-286.1289099247424,-0.8145860137499024,-3.7758990642116466,-0.15737758309842806,0.03917718788751995,-0.6232174235074974,1.0581052924782928e-05,0.0006897958097003259,0.0003129199201947743,0.006062509799230026,74.458333
8456,0.24771262009346717,-286.16307405107295,-0.8158221298566757,-3.9832033957564836,-0.1518257519678706,0.04335299104903938,-0.6243172045382801,1.0844089305213276e-05,0.0007039986394327354,0.00033542346621432323,0.006430169277237002,74.466667
8457,0.24085245346348336,-286.19911983816064,-0.8135582228729992,-4.2083288130285155,-0.146088012763892,0.047471572118169145,-0.6253856850323058,1.1125391089021202e-05,0.0007189544496533065,0.00036012851798549264,0.006837812621172222,74.475
8458,0.2340061718160512,-286.23675128595823,-0.8076416825375408,-4.452060180349186,-0.14017592670252862,0.05145748360097546,-0.6264226605340381,1.1425880965483209e-05,0.0007346468203127734,0.00038707128272512175,0.007299119430599648,74.483333
8459,0.22725978953443754,-286.2770122272165,-0.7974528647142144,-4.715506957586678,-0.13408266145163913,0.05544174954862824,-0.627415783178135,1.174616636065934e-05,0.0007510546942370036,0.0004162036588117981,0.007835108484018317,74.491667
8460,0.22062545657660879,-286.31958151727315,-0.7827897377614658,-4.998768804541945,-0.12782347279660658,0.05934347773339425,-0.6283645630752274,1.2086376871748157e-05,0.0007681313369303322,0.0004473744004313073,0.008475957702256343,74.5
8461,0.21414198380556052,-286.36470061767716,-0.7632696429707683,-5.301774079008737,-0.12140013160377067,0.06316660683735405,-0.6292650478957514,1.2445961122992207e-05,0.0007858239207894494,0.0004802802797020943,0.009264802530265407,74.508333
8462,0.20785631389326029,-286.41249566934516,-0.738511392752023,-5.623564443677027,-0.11482371505309863,0.0669019976543752,-0.6301128072395124,1.2823441944840232e-05,0.0008040696587046877,0.0005144345133607475,0.010260206280638888,74.516667
8463,0.20181481661665815,-286.46308252712157,-0.7081495578872173,-5.962247064149318,-0.10810377877289364,0.07054085496976956,-0.6309041713851282,1.321613098186568e-05,0.0008227994591791501,0.000549134819595448,0.011537423632300215,74.525
8464,0.19606690931603865,-286.5165572180193,-0.6718440297133998,-6.314696716672501,-0.10125045765384769,0.07407561296893918,-0.6316357028099048,1.3619819150088756e-05,0.0008419470046186333,0.0005834491763894291,0.013186322562340147,74.533333
8465,0.19066737364562436,-286.5729866753238,-0.6292985395662086,-6.676228113327519,-0.09427548476801512,0.07750121559717789,-0.6323038883548918,1.40284748182146e-05,0.0008614599947689874,0.0006162314276921152,0.015303231578270245,74.541667
8466,0.18566735512406107,-286.632439986214,-0.5803041268634161,-7.040595180896505,-0.08718419804110934,0.08081569245380131,-0.632906195372696,1.4433998789569159e-05,0.0008813125176428792,0.0006461809331239471,0.01797372971494151,74.55
8467,0.18112388588018322,-286.6948627002989,-0.5247794267246852,-7.39954947075275,-0.07998923595047801,0.08401353316483867,-0.6334397848676853,1.4826110592348539e-05,0.0009015183399350586,0.0006719581712382754,0.021245007464166733,74.558333
8468,0.17703018445686478,-286.75977340233493,-0.4630695660598062,-7.745067319905853,-0.07270812249961334,0.08703431121739137,-0.633909354931362,1.5192453479327788e-05,0.0009221346770106725,0.0006923487632907525,0.025089142040882723,74.566667
8469,0.17356031597880214,-286.82769812095427,-0.3949402634102616,-8.06220555870241,-0.0653404551863044,0.08998807081632688,-0.6342990498990223,1.5519044248600662e-05,0.0009432722731167798,0.0007064672649358204,0.029371854656690514,74.575
8470,0.17070779497512667,-286.89801264466246,-0.32118364369574776,-8.340121415794744,-0.05789890464526379,0.0928207480895197,-0.6346136921316626,1.5791003491058803e-05,0.0009650126320566603,0.0007138791203459591,0.033811801544247996,74.583333
8471,0.16851476363700885,-286.9702084505558,-0.24264014602546383,-8.566598470451396,-0.05040303335125457,0.09552425799662427,-0.634852079652565,1.5993672143632138e-05,0.0009874110317939985,0.0007147645983285367,0.03800252182263669,74.591667
8472,0.16702088029437265,-287.043845479229,-0.16034496568573964,-8.73052690784154,-0.0428589510795327,0.0981043756055918,-0.6350127199319705,1.6114079919999843e-05,0.0010104115432213318,0.000709849785485568,0.04146369855700578,74.6
8473,0.16624871914933478,-287.11830582648633,-0.07559697649522087,-8.823572853451719,-0.03527971825540525,0.1005581703169551,-0.6350951964377668,1.6142436894469948e-05,0.0010337767253737805,0.0007002191564101641,0.04373684470222114,74.608333
8474,0.16619340867083557,-287.19310638199534,0.010196470352315403,-8.841804267336878,-0.02765715278236307,0.10287954297898885,-0.6351010897584789,1.607341539396187e-05,0.0010570444218866823,0.0006870391591245841,0.044498989762235916,74.616667
8475,0.16688940305186115,-287.26718295913366,0.0954634244105147,-8.782863597212721,-0.020050152991711916,0.10507844639897485,-0.6350267900989586,1.590696084452311e-05,0.0010795324687265318,0.0006712820689468629,0.0436487273311057,74.625
8476,0.16830235215638562,-287.3401114377346,0.17877992897765238,-8.651541222662942,-0.012443932151417652,0.10715123233717479,-0.6348750070976458,1.5648361485451656e-05,0.001100375130240311,0.0006535575132266545,0.041332439395025886,74.633333
8477,0.17041392612305506,-287.411265437258,0.2588131045687591,-8.454971825302115,-0.00485421262036373,0.10910380721633453,-0.6346458134634918,1.5307628582068968e-05,0.0011186454822717357,0.0006341196622173215,0.037895089578961365,74.641667
8478,0.17317765937354607,-287.4804122505208,0.3345106025097552,-8.203816853214107,0.0027388392174812095,0.11093150721777126,-0.6343415579497644,1.4898312027388538e-05,0.001133467593828575,0.0006129857398013195,0.033784797946894055,74.65
8479,0.17656774234479206,-287.546596828089,0.40485100775053645,-7.909238182611139,0.010264522915888677,0.11264845628976579,-0.6339617319214481,1.4436011357937814e-05,0.0011441365017890003,0.0005901166728505764,0.029445790089023954,74.658333
8480,0.18052742283471776,-287.6098047678334,0.46929262614080847,-7.583707477504464,0.017744673303869696,0.11425480009682777,-0.6335088633161915,1.3936849175043259e-05,0.0011501839908085365,0.0005655731302380998,0.025242596280050756,74.666667
8481,0.18500070489779882,-287.66984376998096,0.5274707938271802,-7.238911190109259,0.025170226648846085,0.11575221512965277,-0.6329853055632685,1.3416188090958903e-05,0.0011514195213385625,0.0005395935572119079,0.021418669865793195,74.675
8482,0.18993133800363857,-287.72659413662416,0.5792353312520576,-6.885155220722176,0.03252985167118907,0.11714404081659166,-0.6323935445016902,1.2887714807748593e-05,0.0011479143679257503,0.0005125884583126908,0.018098630084027845,74.683333
8483,0.1952537563927249,-287.78032402028254,0.6246867649240704,-6.531155678980611,0.03984692279635074,0.11841645469841566,-0.6317375077326973,1.2362914650797145e-05,0.001139955994235553,0.00048508167332343206,0.01531288481119807,74.691667
8484,0.2009339756044832,-287.8305375630034,0.6638618557286577,-6.1833209193570795,0.047053264497035,0.11960458091551653,-0.631017628280063,1.1850898537331676e-05,0.00112799202399394,0.00045763202240838176,0.013029587302051561,74.7
8485,0.2069044961159965,-287.877621909196,0.6970937215764095,-5.847014557635573,0.05417234492192218,0.12069241351228406,-0.6302390110444134,1.135846491830287e-05,0.0011125548733865074,0.0004307636371310219,0.011185439068983116,74.708333
8486,0.2131151640309091,-287.9217541811756,0.7247119202192748,-5.525708513901402,0.06120195154219854,0.12167942202743627,-0.6294052367580806,1.0890355202330164e-05,0.0010942253653970638,0.00040491772432116774,0.009705657734198408,74.716667
8487,0.21951570583306568,-287.963430399794,0.7471257254096286,-5.221526859028712,0.06817566504628983,0.12254176500702532,-0.6285205702285799,1.0449573279661375e-05,0.0010735832147938697,0.0003804286560759107,0.008518057834046763,74.725
8488,0.22606936251928178,-288.0024501777816,0.764627689702323,-4.935715654765661,0.07504401346489827,0.12330504577295845,-0.6275880610766977,1.003772990775509e-05,0.0010511791410754113,0.000357521448259424,0.007559583572048805,74.733333
8489,0.23273947232227366,-288.0387281127725,0.77753775467966,-4.6687855284327355,0.08176969104420263,0.1239939652404733,-0.6266113044675143,9.655363706876194e-06,0.0010275124409304406,0.00033632013020725804,0.006778772901695994,74.741667
8490,0.23948326141682416,-288.07304422038703,0.7862909153417111,-4.420480320043541,0.08841979361130085,0.12455852890186193,-0.6255954169041994,9.30222642510407e-06,0.0010030237234145154,0.00031686538805370375,0.006135218219692444,74.75
8491,0.24626841189982598,-288.1050495403166,0.7911432114925617,-4.190456862238232,0.09492479865848721,0.1250434174336468,-0.624544585303692,8.977521509060609e-06,0.0009780959714575709,0.00029913574873409644,0.005597878606991849,74.758333
8492,0.2530595275471124,-288.1355094097825,0.7924735173767964,-3.9777909318170455,0.10135290109686179,0.12539016728113858,-0.623464039110884,8.680090829961253e-06,0.0009530527989640518,0.0002830633919096842,0.005143484914416425,74.766667
8493,0.2598322840459834,-288.16426712198484,0.7905187456142765,-3.781603958410155,0.10766173775554967,0.12562746668004504,-0.6223577769378394,8.40856031302827e-06,0.0009281644099442172,0.00026855195597269376,0.0047546087693475965,74.775
8494,0.266566301072805,-288.19110515965446,0.7854944706122731,-3.60092261750704,0.1138032010711052,0.12579826572635033,-0.6212295392543824,8.161445719529199e-06,0.0009036495008316184,0.0002554874824677112,0.004418313969827261,74.783333
8495,0.27322068681438255,-288.2170954010837,0.7777382073216994,-3.434645499168773,0.11988334187008885,0.1257881023171926,-0.6200869699755824,7.937229625977387e-06,0.0008796808495387002,0.00024374810319557853,0.004124952280439969,74.791667
8496,0.2797900937341562,-288.24158159680917,0.767376386072061,-3.2817604142699714,0.12580628009863126,0.12569169008421882,-0.6189320573435484,7.734417567521195e-06,0.000856399583418071,0.0002332122048374262,0.0038671527774705406,74.8
8497,0.2862517789712759,-288.26476392098476,0.7546143277235973,-3.141276493627036,0.13157734842425872,0.1254994468742017,-0.6177700242743336,7.551568575951094e-06,0.0008339075417575478,0.00022376115586861004,0.003639342566961892,74.808333
8498,0.29257999322744715,-288.2869204197006,0.7396477330049728,-3.012270705438469,0.13721074476538858,0.12518602144480262,-0.6166069933367192,7.3873188675653745e-06,0.0008122803024798548,0.00021528322021047866,0.0034371761160410805,74.816667
8499,0.2987630670982215,-288.30815480108,0.7226357325032344,-2.893814657728126,0.1427055433860659,0.12475132463732051,-0.6154467869475976,7.240393501111795e-06,0.0007915728937460762,0.000207675173230662,0.0032572006527811954,74.825
8500,0.30478144246522487,-288.32855700043257,0.7037280085925999,-2.785108575138875,0.14805603410966583,0.12419224800324782,-0.6142948876359117,7.1096096816360594e-06,0.0007718190801912874,0.00020084286179438917,0.0030966423560635278,74.833333
8501,0.31062066607203814,-288.34824459116555,0.6830629692109841,-2.6853877862761375,0.15326268246892213,0.12350210387358293,-0.6131560104714209,6.993877208198297e-06,0.0007530382000390239,0.00019470141005677185,0.0029532282578202743,74.841667
8502,0.3162679501400446,-288.36725069180056,0.6607634653296953,-2.5939528645123286,0.1583166794334323,0.12268614460831612,-0.6120346817054727,6.892194795409397e-06,0.0007352366416550838,0.00018917494723497195,0.002825070305619431,74.85
8503,0.3217095166997285,-288.3856515298772,0.6369469484883478,-2.5101739528726634,0.16321447345430456,0.12174184333970302,-0.6109357346818775,6.8036447674052915e-06,0.0007184102925288142,0.00018419611625076755,0.002710581752756752,74.858333
8504,0.3269336410050298,-288.4035442328831,0.6117241107367388,-2.4334735590592973,0.1679562941449106,0.12066270075955397,-0.6098636803241513,6.727386839104625e-06,0.0007025473473327131,0.0001797054770613896,0.0026084128896259385,74.866667
8505,0.3319307447637296,-288.4209392545123,0.5851941176482155,-2.363321269687291,0.17253317898863077,0.119456310486426,-0.6088226381377813,6.662651314310401e-06,0.0006876297598110995,0.00017565083059430122,0.002517406220142297,74.875
8506,0.3366882871875382,-288.437938664668,0.5574552474862261,-2.299257998688867,0.17694595132923416,0.11811299837135884,-0.6078173760266481,6.608732278806114e-06,0.000673634479271316,0.00017198654588752534,0.0024365643532600215,74.883333
8507,0.34119816064544906,-288.45455339376696,0.5285962162553326,-2.2408494815426514,0.18118690921862382,0.11663951982034718,-0.6068517438550219,6.564981228067264e-06,0.0006605357949265303,0.00016867291583019887,0.0023650215214143953,74.891667
8508,0.3454515753906479,-288.4708557115029,0.49870433267678627,-2.1877154323939436,0.18525542756855615,0.11503096066601043,-0.6059297131851566,6.530800880763563e-06,0.0006483053420367159,0.00016567554397724327,0.0023020263043692507,74.9
8509,0.3494416086783339,-288.48684609564873,0.4678599130818305,-2.1395040001622934,0.18914362510552812,0.11329552867961527,-0.6050548115163996,6.505639671843966e-06,0.0006369134139180842,0.00016296478975292685,0.0022469246427008222,74.908333
8510,0.35315949440341515,-288.5025980836957,0.436142712123711,-2.0959174854415834,0.19285116935168742,0.11142684323030674,-0.6042309142731903,6.4889867495864985e-06,0.0006263294077175982,0.0001605152742167421,0.002199148297682095,74.916667
8511,0.3565984656403437,-288.51808439163887,0.4036253640189273,-2.0566735118932042,0.19636749679100765,0.10943797431969537,-0.6034613895327815,6.48036764306322e-06,0.0006165230384832793,0.0001583054332315005,0.0021582034040182187,74.925
8512,0.3597502199622294,-288.53345361238934,0.3703851792763737,-2.021552600577473,0.19970063605922875,0.10730688383735418,-0.6027498662916949,6.479340426791035e-06,0.000607464424398071,0.0001563171313852183,0.002123663401420932,74.933333
8513,0.3626104509861127,-288.5486713250178,0.3364907086523092,-1.9903250776379173,0.20284047859896132,0.1050479857447653,-0.602098973266615,6.485492508124015e-06,0.0005991249149017511,0.00015453530967863449,0.0020951602973071216,74.941667
8514,0.36517487073617905,-288.56372657269003,0.3020094678254159,-1.9627922623184413,0.20577989408046232,0.10267138551535743,-0.6015112089268084,6.498437845679575e-06,0.000591476562136376,0.0001529477024444174,0.0020723809490925007,74.95
8515,0.3674385919795385,-288.5786975876291,0.2670107617211685,-1.9387995790087331,0.20852072041542308,0.1001686115229217,-0.6009890773541587,6.5178147064966665e-06,0.0005844925379348627,0.000151544583818722,0.00205506186366858,74.958333
8516,0.3693981173721791,-288.59361501180877,0.2315610748658717,-1.9182045855269576,0.21106033211139424,0.09754084446098905,-0.6005346222715766,6.543283886593567e-06,0.0005781475720476583,0.00015031855502244376,0.0020429843325846914,74.966667
8517,0.3710468696766198,-288.60848344217635,0.19572186696048602,-1.9008930747924762,0.21339180822070056,0.09479387913378953,-0.6001504555851543,6.574527325399431e-06,0.0005724178877878319,0.0001492643712053773,0.002035971522558775,74.975
8518,0.37238486381007796,-288.6232923844413,0.1595577915373797,-1.886747133097198,0.21551055854274118,0.09193850203868385,-0.5998374977237407,6.611247155724726e-06,0.0005672820342043158,0.00014837879802724783,0.0020338860488741542,74.983333
8519,0.3734090246953057,-288.6381049609841,0.12313315989648263,-1.875696067264983,0.21741716658823754,0.08896888218078901,-0.5995972201004967,6.653164996853727e-06,0.0005627196193582043,0.00014766048652394315,0.002036627771770521,74.991667
8520,0.37411633216043877,-288.65296220282374,0.08651040025715337,-1.8676847797072227,0.21910975065811664,0.08588370929224888,-0.5994309120497061,6.700021664285086e-06,0.0005587121721274966,0.00014710989775583585,0.0020441314580410207,75.0
8521,0.3745043195372824,-288.667896957459,0.049751283356137994,-1.8626742363167799,0.22058567840589674,0.08268352658672101,-0.5993395578379533,6.751577160931099e-06,0.0005552432212562531,0.00014672924309670955,0.002056365682138725,75.008333
8522,0.37457461400680025,-288.6828649067955,0.012916917465057805,-1.860612645186955,0.22183819180944742,0.07938686754203061,-0.5993229968827986,6.807610943190769e-06,0.0005522982536664596,0.0001465224475676684,0.0020733319574799884,75.016667
8523,0.374325085795168,-288.69794056244314,-0.023930152961157743,-1.8615081908549642,0.22286819267420202,0.07598535495471534,-0.5993817708293611,6.867922407369583e-06,0.0005498640117306924,0.00014649511742389712,0.002095064485427892,75.025
8524,0.37375581374331546,-288.71312328304367,-0.06072929767007784,-1.8653617235673028,0.22367149865469954,0.07248777604089306,-0.5995157176339967,6.932331677517308e-06,0.0005479293621563987,0.00014665458012295775,0.002121629127120747,75.033333
8525,0.3728698347548894,-288.72841718706377,-0.09741700578936553,-1.872185292323232,0.2242460989448226,0.06890258733743425,-0.5997237974619951,7.0006805961810966e-06,0.0005464849141997863,0.00014700989883043185,0.0021531239480103055,75.041667
8526,0.37166525151659524,-288.7438939096011,-0.13393180911447167,-1.8820431307521226,0.22459166763896363,0.0652223623914161,-0.6000059490932004,7.072833915763294e-06,0.0005455225560128443,0.00014757192973397702,0.0021896789124931397,75.05
8527,0.3701450230420027,-288.7595487784813,-0.17021094010840032,-1.8949834238901289,0.22470506103870005,0.061457851700270794,-0.6003607920942053,7.148680761397688e-06,0.0005450365046674199,0.00014835343412834603,0.0022314565352064353,75.058333
8528,0.36830949714572764,-288.7754622157301,-0.20618974237952561,-1.9111076902996107,0.22458676477789571,0.05760052650112109,-0.6007873809505255,7.228136256941433e-06,0.0005450224142266898,0.00014936915527308196,0.0022786525681870993,75.066667
8529,0.3661632999054931,-288.7915847380569,-0.24180603447877816,-1.9304859011679258,0.2242316973621965,0.05367201445100578,-0.6012836048312306,7.311143390369423e-06,0.0005454779682372171,0.00015063600001848456,0.0023314963051641263,75.075
8530,0.3637093335468133,-288.80796244752634,-0.2769939738106403,-1.9532446441478137,0.2236395070054879,0.0496724959415631,-0.6018475942705742,7.397675044886932e-06,0.0005464021555920954,0.00015217312992114404,0.002390252485980725,75.083333
8531,0.3609494351414517,-288.8246723059658,-0.3116863051980234,-1.9795479430015694,0.22281010037792484,0.045595564824316114,-0.6024775649880506,7.487736239583038e-06,0.0005477957205067735,0.00015400221127378737,0.0024552214706144546,75.091667
8532,0.3578900513587737,-288.84172073077934,-0.3458137555632958,-2.0095489658448464,0.22174214829276864,0.04145167064259418,-0.6031705325589487,7.581366604892309e-06,0.0005496614400892189,0.00015614767409235012,0.002526740155295074,75.1
8533,0.35453661590923913,-288.85906677492113,-0.3793113540416792,-2.0434106763790405,0.220432129684162,0.03726193363607577,-0.6039236186643188,7.678643026404452e-06,0.0005520033513776897,0.0001586369329059607,0.0026051827039228646,75.108333
8534,0.35089340665218566,-288.87686072564173,-0.4121009496949951,-2.0813999736303104,0.2188831486858949,0.033005598304779615,-0.6047340823683515,7.779682455856636e-06,0.0005548271005647682,0.0001615006283135127,0.002690963336899977,75.116667
8535,0.3469692583492372,-288.8950377999243,-0.4441125947388906,-2.123720273615116,0.2170926359171068,0.028710359554495215,-0.6055980641983709,7.884644956174792e-06,0.0005581402511318329,0.0001647731694917675,0.002784533198737999,75.125
8536,0.34276691530298226,-288.9137060773226,-0.47527016986352283,-2.170691798258171,0.21506008394964007,0.024366124398069455,-0.6065129553021861,7.993736891595462e-06,0.0005619515567495846,0.0001684928921251911,0.0028863842511850633,75.133333
8537,0.33829545393546306,-288.9329006187741,-0.5054920621373207,-2.2226278277186404,0.21278586836309002,0.01998017214619724,-0.607474674058083,8.107214289042118e-06,0.0005662722324102431,0.0001727026617393633,0.002997048608598085,75.141667
8538,0.3335643636842725,-288.95267671967963,-0.5346921249601323,-2.2798889974670664,0.2102708051054931,0.015556243110589698,-0.6084790090845962,8.225386333654463e-06,0.0005711148217275598,0.00017745027008016895,0.0031170973312939047,75.15
8539,0.32858030082097983,-288.9730965757231,-0.5627847680562204,-2.342889935608265,0.20751362968274334,0.011097507068441944,-0.6095223142008496,8.348618878953019e-06,0.0005764932586662584,0.0001827889631442154,0.003247139468279319,75.158333
8540,0.32335483675154425,-288.9941529530945,-0.5896804180892573,-2.4120477158268643,0.204515095140136,0.006622707836262181,-0.610599892136198,8.477337975852381e-06,0.0005824235225838594,0.00018877794170385102,0.0033878244611002524,75.166667
8541,0.3178974177771175,-289.0159421955768,-0.6152793475164231,-2.4878857646050236,0.20127569717694047,0.002129965784262356,-0.6117075033442818,8.612033194219505e-06,0.0005889227608687566,0.0001954827468868928,0.0035398435479182056,75.175
8542,0.31221940264225917,-289.03850104254417,-0.6394800712236769,-2.570949973414429,0.19779626890765134,-0.0023691018434649803,-0.6128405469929902,8.753260617020253e-06,0.0005960097728650276,0.00020297591719765681,0.003703930843654856,75.183333
8543,0.30633502694400694,-289.0619430726089,-0.6621631627195176,-2.661880393274013,0.19407906855467724,-0.0068769512958023514,-0.6139939212775841,8.901645288946672e-06,0.0006037046602144432,0.00021133724998516655,0.00388087329259602,75.191667
8544,0.3002575526125416,-289.0862648917896,-0.6832175440715287,-2.76131948240245,0.19012599151867932,-0.011371803237923188,-0.6151628256942686,9.057882712854137e-06,0.0006120282274229827,0.00022065427982827975,0.004071518406873125,75.2
8545,0.2940002694641158,-289.1115737999097,-0.7025130040436679,-2.870040898406202,0.1859383009395149,-0.015852231603204765,-0.6163425733088091,9.222738894237112e-06,0.0006210021397848064,0.00023102190183907917,0.0042768130592760415,75.208333
8546,0.2875787513893466,-289.1380629356505,-0.7198954895842263,-2.9889411578990663,0.1815161504208209,-0.02033047442019532,-0.6175281950018604,9.397048332962871e-06,0.000630648736662568,0.0002425422791634514,0.004497847787390308,75.216667
8547,0.28101160216515436,-289.1657239568418,-0.7352210952947505,-3.118858641113967,0.17686437800463703,-0.024779746888597368,-0.6187143675503018,9.581709283418942e-06,0.0006409902712207497,0.0002553242639280364,0.004735929445193797,75.225
8548,0.27430923577399197,-289.19465119196536,-0.7483381108446303,-3.2608020192017517,0.17198137129707236,-0.029190280033291785,-0.6198974497078985,9.777674734616978e-06,0.0006520479495644065,0.00026948086511262347,0.0049927357226725875,75.233333
8549,0.26750241504513683,-289.2250160676217,-0.7590330474925592,-3.4158274471687284,0.16687525826886437,-0.033565370073691696,-0.6210704684538751,9.985937785328252e-06,0.0006638431548627738,0.00028512642155933043,0.0052705488496684405,75.241667
8550,0.2606116107297972,-289.2569155576994,-0.767108570682437,-3.5850359516055175,0.16154932957642015,-0.037892410900945576,-0.6222286492805704,1.0207509225182552e-05,0.0006763923457610799,0.0003023727908513802,0.005572547267267749,75.25
8551,0.2536493161368519,-289.2904299578561,-0.772372083024053,-3.769616252347205,0.15600290440194325,-0.04215325559045794,-0.6233688390810722,1.044338471537346e-05,0.0006897085705311512,0.0003213220722528673,0.0059033539099133305,75.258333
8552,0.24665604456629656,-289.3257994260661,-0.7745299819503564,-3.9707470906833806,0.1502453509399896,-0.04635705772508799,-0.6244836830502397,1.0694499211959473e-05,0.0007038023183604463,0.000342056720273392,0.00626984476606069,75.266667
8553,0.23965903059313107,-289.36326228825686,-0.7732959802014452,-4.1896450312167035,0.14427595262954485,-0.05050684132010758,-0.6255685583121189,1.0961663401775002e-05,0.0007186740996648903,0.00036462806182586526,0.006682127112929128,75.275
8554,0.23267738956630224,-289.4027120678707,-0.7684477569316328,-4.427256671995775,0.13810621670942694,-0.054551847507456175,-0.6266205243332938,1.1245478216851764e-05,0.0007343165960187053,0.0003890390988266803,0.007155062546727132,75.283333
8555,0.22574167497572672,-289.44446029435005,-0.7596438986837825,-4.684653565067552,0.13173387761359936,-0.05850293621302254,-0.6276353277336612,1.1546223690244724e-05,0.0007507160773949142,0.0004152203490462935,0.0077104062576378645,75.291667
8556,0.21890504645008588,-289.4886012702926,-0.7465142472201428,-4.962217628601622,0.1251801229674353,-0.06234451472028151,-0.6286060856960823,1.1863716797712497e-05,0.0007678495315597201,0.00044300701506531443,0.008379133387954015,75.3
8557,0.2121902044593038,-289.53547418442366,-0.7286977987176566,-5.260441605260218,0.118432701008804,-0.06608320511976834,-0.6295309507950009,1.2197131704043366e-05,0.0007856803391852299,0.0004721081564359422,0.009204020928820595,75.308333
8558,0.2056644165502839,-289.5852209665978,-0.7057566136286343,-5.578457906143813,0.11151416904770227,-0.06971147958534259,-0.6304025796200575,1.2544786600360787e-05,0.0008041684739991164,0.0005020799787503459,0.010242228963750962,75.316667
8559,0.19935731329515313,-289.63798433091125,-0.6773536691699055,-5.91504834248706,0.10442475020122073,-0.07321162584084157,-0.6312194880254833,1.2903897110991229e-05,0.0008232643155968799,0.0005322982535499968,0.011565900347864488,75.325
8560,0.1933041524966338,-289.69386812513505,-0.6431652673220951,-6.267917543897975,0.09716952793567672,-0.0765637725383539,-0.6319798922841241,1.3270313519648475e-05,0.0008429260237073425,0.0005619497816302689,0.01326055692217311,75.333333
8561,0.187591332189908,-289.7530289824169,-0.6027623464082567,-6.6323163678930195,0.08977233252570714,-0.07977553671621726,-0.6326763032788042,1.3638277182888044e-05,0.0008631282621654765,0.000590045034831944,0.01541787340503529,75.341667
8562,0.1822430204404336,-289.8155568054951,-0.5559626234409122,-7.00310999289844,0.08222679666034742,-0.08282668814601649,-0.6333095659452338,1.4000216341022236e-05,0.0008838600112249711,0.0006154604755573241,0.018118037949466276,75.35
8563,0.17734985627518027,-289.8814137504675,-0.5025451681704259,-7.371462230043223,0.07456306170619309,-0.08571927886052537,-0.6338730691050298,1.4346668457158385e-05,0.0009051513479444944,0.0006370413775099369,0.021405413753597963,75.358333
8564,0.17293672495926055,-289.9505896599572,-0.4425896225805547,-7.728477400167477,0.06677344916439193,-0.0884347836685585,-0.6343682749004601,1.4666391896593178e-05,0.0009270581869228306,0.0006537225831965111,0.025250178724229015,75.366667
8565,0.16908063512104804,-290.0228884115769,-0.3762682229447616,-8.061730552737414,0.05888125670684248,-0.09097292944696796,-0.6347908603567477,1.4946761474600493e-05,0.000949670806505279,0.0006647053900240227,0.029513792891837757,75.375
8566,0.16583804746126643,-290.0980320305957,-0.30404515557853695,-8.357985100665845,0.05089967474932174,-0.09332901207952778,-0.6351389070830669,1.517449730967634e-05,0.0009730690678300494,0.0006695846709235813,0.033920356222162405,75.383333
8567,0.16325879339484056,-290.1755855502283,-0.22667916163724303,-8.603662409183462,0.04284521718457993,-0.09549701182077167,-0.6354109857200374,1.5336706360548788e-05,0.0009972768074975938,0.0006684379825547931,0.03806266257452758,75.391667
8568,0.1613878314175656,-290.2550566162936,-0.14519059196949582,-8.785973355645694,0.03472967044186584,-0.09747693340750299,-0.6356057033416777,1.542217958680027e-05,0.001022195382029251,0.0006617987760925327,0.04145472845424576,75.4
8569,0.1602723083951067,-290.3357644418731,-0.06086802083277463,-8.893814487999974,0.026574647119452257,-0.0992745697902595,-0.6357207410486427,1.5422742335671695e-05,0.0010475356794946685,0.0006505102572302282,0.043629541509664624,75.408333
8570,0.15991341989534702,-290.41696368308726,0.02475842882182102,-8.921517574419225,0.018393995817721585,-0.10087848729331797,-0.635757583041893,1.5334380915093185e-05,0.0010727707077897014,0.0006355061582813599,0.04425744295679773,75.416667
8571,0.1603210764042518,-290.49791366941656,0.11011718709892097,-8.86702585240608,0.01020228531351385,-0.10229339520907045,-0.6357157284093125,1.5157926793092868e-05,0.0010971507528923982,0.0006176040975371568,0.04324189278029951,75.425
8572,0.1614876265861508,-290.577882711351,0.1936459579043544,-8.733413093705673,0.002012504603178557,-0.1035228656922314,-0.635595373472849,1.4899087569286838e-05,0.0011197564904074687,0.0005973729498694665,0.04074566348232864,75.433333
8573,0.16338962308710583,-290.656114692895,0.27388608819894417,-8.52840963262617,-0.0061552154803333,-0.10457014000778089,-0.6353972865988207,1.4567789553645408e-05,0.001139609596089392,0.0005751424091613584,0.037140101121973,75.441667
8574,0.16599256831597212,-290.73202244768834,0.349617450295308,-8.263131830707811,-0.014289617980759192,-0.10544080748338015,-0.6351224729225198,1.4177003038299313e-05,0.0011558037666029935,0.0005511110823907849,0.0328998530330609,75.45
8575,0.1692522978447591,-290.80508397252805,0.41987833428710497,-7.9507342985530824,-0.022375243661109934,-0.10614166683601038,-0.6347722486911187,1.3741308458726907e-05,0.001167620659298546,0.0005254845929377967,0.028487664591506368,75.458333
8576,0.1731164022169175,-290.87488846981876,0.48399610906715795,-7.605000851415707,-0.030395796194940216,-0.10668070959610043,-0.6343483541791121,1.3275490195540893e-05,0.0011746056282112307,0.0004985755064026863,0.02427053600848133,75.466667
8577,0.17753063309756642,-290.9411533471429,0.5415781854220315,-7.238951577254204,-0.03833665918585237,-0.1070691153626503,-0.6338525205234474,1.2793383278376265e-05,0.0011765924856472492,0.0004708315179400157,0.02048361416422589,75.475
8578,0.1824293274498865,-291.003765827955,0.5924940490717364,-6.864375171374767,-0.04618804835084256,-0.10731134846690757,-0.6332878108378166,1.2307085168559923e-05,0.001173680516757234,0.0004428003112248538,0.017236236655947406,75.483333
8579,0.18775626968426323,-291.0626502552297,0.6367932128235485,-6.490723822203816,-0.05393630421110795,-0.1074204738127453,-0.6326564862307918,1.1826555094710125e-05,0.0011661865542894796,0.0004150593068610905,0.014541707059831134,75.491667
8580,0.19345286669520784,-291.11785665935696,0.6746824119999864,-6.125433718420924,-0.061572866852363003,-0.10740564428107424,-0.6319614880039357,1.135952186729822e-05,0.0011545752055892606,0.00038814560501000656,0.012354234937789407,75.5
8581,0.19946066637940324,-291.16946950226503,0.7064658581756205,-5.773981617145296,-0.06908638570672458,-0.10727621368885026,-0.6312063038045215,1.0911620356698161e-05,0.0011393973205438715,0.00036250431883016744,0.010599990131738683,75.508333
8582,0.2057284334103979,-291.2176234376221,0.7325059708783436,-5.439967134769223,-0.07646830431039112,-0.1070435186466472,-0.6303941594174539,1.0486660089585663e-05,0.001121237795028795,0.00033846229405063745,0.009198798009505028,75.516667
8583,0.21220462602473827,-291.2625121110906,0.753202110760659,-5.125610178316468,-0.08371277632057325,-0.10671423710183493,-0.6295289948497012,1.0086945501137433e-05,0.001100673711155635,0.00031622518406044706,0.008076596015490456,75.525
8584,0.21884175345370413,-291.30433686136763,0.7689579341643349,-4.831980323511497,-0.09081366958158504,-0.10629512075740029,-0.6286149357088936,9.713601214908216e-06,0.0010782497409401693,0.0002958899187499532,0.007170804105077626,75.533333
8585,0.2255986914911899,-291.3433133939778,0.7801653972467282,-4.559257432062269,-0.09776726826461592,-0.10579275128101295,-0.6276559309912305,9.366866624040664e-06,0.0010544623450855582,0.00027746517114820543,0.006431468923374316,75.541667
8586,0.2324341074632232,-291.3796715094827,0.7872016143066298,-4.307076375930922,-0.1045702719657676,-0.105209496177065,-0.6266566307086949,9.04634548297325e-06,0.0010297512017740666,0.0002608940377581048,0.005820159410313522,75.55
8587,0.23931368960648824,-291.4135668208274,0.7904073687992745,-4.074645377246447,-0.11121405801134787,-0.10455583302942022,-0.6256213101838624,8.751209761549142e-06,0.0010044993987130607,0.0002460751105963766,0.005307953075194134,75.558333
8588,0.2462042939496989,-291.4452276767179,0.7901064102491393,-3.8609230580222094,-0.11769809279117324,-0.10383236845745362,-0.6245546500426012,8.480356524446921e-06,0.00097903356406728,0.00023287997895137522,0.004873367267111923,75.566667
8589,0.2530756417539257,-291.47484679904125,0.7865913687464368,-3.6647392036791637,-0.12401944355411358,-0.10304136044110272,-0.623461440936787,8.232527041561223e-06,0.0009536286926938536,0.00022116706806812723,0.004500489980349925,75.575
8590,0.25990031478359754,-291.5026355675048,0.7801299504295065,-3.4848584506037206,-0.13017861055564758,-0.10218048349438695,-0.62234651989278,8.00639313658916e-06,0.0009285129455302714,0.00021079152801240867,0.004177497885241586,75.583333
8591,0.26665201947126665,-291.5287682565662,0.7709628301349266,-3.3200610351509656,-0.13617301693017364,-0.10124895467993528,-0.6212149960459382,7.800617867092782e-06,0.0009038726334651814,0.0002016120237251195,0.0038955242734165486,75.591667
8592,0.2733122973902748,-291.5533266536669,0.759297571972651,-3.1691416147009406,-0.14199498970225566,-0.10025881663677562,-0.6200710485597999,7.613896697555922e-06,0.000879857742140773,0.00019349499396618288,0.003647828652502173,75.6
8593,0.27985541342440773,-291.57657650235905,0.7453414677853195,-3.0309819409011247,-0.14765210205936252,-0.09919102070359066,-0.6189204398347429,7.444982984868457e-06,0.000856584492698719,0.0001863169936570799,0.0034292116423083755,75.608333
8594,0.28626719028522896,-291.5985410081269,0.7292607904563485,-2.9045133238157175,-0.15313378241385078,-0.09806231110192744,-0.6177672219379855,7.292704336451334e-06,0.0008341434161305836,0.00017996601101035167,0.0032355725427097907,75.616667
8595,0.29252503106450817,-291.6194411001224,0.7112248639347383,-2.7887741513629987,-0.15844507906510466,-0.09685503145079034,-0.6166172009267331,7.155969134244891e-06,0.0008125995287643886,0.0001743414983986397,0.0030636351218152748,75.625
8596,0.2986176948563984,-291.63933274334386,0.6913741096419732,-2.6828517763546746,-0.16358095238165088,-0.09557786041790844,-0.6154743352015963,7.033769515936216e-06,0.000791999681411969,0.00016935420661829496,0.002910722652380601,75.633333
8597,0.3045269353580659,-291.65837004023246,0.6698462060755015,-2.5859427392875416,-0.1685424483087776,-0.09421965569970098,-0.6143440504097951,6.92517905879653e-06,0.0007723721159933782,0.0001649253891119278,0.0027746260673409896,75.641667
8598,0.3102394030269325,-291.676628749659,0.6467625502631509,-2.4973062327418107,-0.17332580999090702,-0.09278148818031923,-0.613231010075356,6.829349445822509e-06,0.0007537323088161816,0.00016098605226361304,0.0026534905136686663,75.65
8599,0.3157437318157121,-291.6942037747094,0.6222366035413769,-2.416269966319241,-0.17793034721334555,-0.09126019162563939,-0.6121395932636525,6.745504926343489e-06,0.0007360840473486978,0.00015747600103261562,0.002545745665647729,75.658333
8600,0.3210277645452631,-291.71118223324095,0.5963739244365198,-2.342234596404191,-0.18235429510052947,-0.08965204988687223,-0.6110744092870122,6.672936271176101e-06,0.0007194213865006667,0.00015434293317353863,0.002450050816807885,75.666667
8601,0.326082568388171,-291.72758951873516,0.5692702141160693,-2.274652901166337,-0.1865922298724112,-0.08796420696639547,-0.6100394665265637,6.610994584324487e-06,0.000703731152787278,0.00015154158696021477,0.0023652531762811376,75.675
8602,0.33089722684347617,-291.7435163487469,0.5410187520327185,-2.2130442925527056,-0.19064363166275797,-0.08619033495555714,-0.609039197870452,6.559085025822074e-06,0.0006889939169879558,0.00014903293475764505,0.002290358525490374,75.683333
8603,0.33546435024355364,-291.75896677600474,0.5117039302021246,-2.1569663558420267,-0.19450245653382414,-0.08434035325231384,-0.6080773074959982,6.5166609875341295e-06,0.0006751862657034057,0.00014678347113802984,0.002224505120634723,75.691667
8604,0.3397759154265519,-291.7740278558423,0.4814096941193562,-2.1060332924355167,-0.19816957686435974,-0.08240739322513438,-0.6071576014703586,6.483218521254966e-06,0.0006622812168883209,0.00014476456240145464,0.002166946560855642,75.7
8605,0.3438246003799518,-291.7887070060166,0.4502126444254792,-2.0598942582818243,-0.2016395853503446,-0.0803994498221653,-0.6062836949514924,6.458291371343531e-06,0.0006502496673237104,0.0001429518813618006,0.0021170351013681333,75.708333
8606,0.3476026377325756,-291.8031229377274,0.4181908777184474,-2.018251830766152,-0.20491584783988206,-0.07830142043344991,-0.6054592434988225,6.441446501720605e-06,0.0006390612433359574,0.00014132491768979874,0.002074209998025639,75.716667
8607,0.3510963244383415,-291.8172628591609,0.3854112394574077,-1.9808401797120043,-0.20798766162004564,-0.0761227568971737,-0.60468915251739,6.432280185486413e-06,0.0006286852489777371,0.00013986654432236018,0.0020379861254271763,75.725
8608,0.3543050115151762,-291.8312334449761,0.3519486718278942,-1.9474168564409848,-0.21086092572156778,-0.07385068237279353,-0.6039753797903655,6.430414701751698e-06,0.0006190927028246781,0.00013856265999661702,0.0020079459524276204,75.733333
8609,0.35722438979535126,-291.8450392888873,0.31786987508189624,-1.917763826831115,-0.21353147223840985,-0.07149212310326195,-0.6033205610402196,6.435495284690823e-06,0.0006102535812245648,0.00013740184267240784,0.0019837332992514232,75.741667
8610,0.35984761180170755,-291.8587532250008,0.28324111510991873,-1.891706613271121,-0.21599857262263492,-0.0690387385677685,-0.6027277842259768,6.4471877808736145e-06,0.0006021384562067187,0.0001363751063499795,0.0019650473934342922,75.75
8611,0.3621732260271156,-291.87233961703356,0.24812549288877236,-1.8690685520514199,-0.2182568522570232,-0.06650621242793081,-0.6021987901244463,6.465176730435097e-06,0.0005947195002832703,0.00013547568037588633,0.0019516371390817834,75.758333
8612,0.3642017804893722,-291.8862050680295,0.2126054270882481,-1.8497786366706706,-0.2203309010385678,-0.06381339394993965,-0.6017347068901068,6.489163791678227e-06,0.0005879695875018443,0.0001346988195990757,0.0019432980572830828,75.766667
8613,0.36591852185746493,-291.89972821944383,0.17670623413117478,-1.8336120567503615,-0.2221694003389362,-0.061101926963675245,-0.6013400242378377,6.5188666373344115e-06,0.000581862255509024,0.00013404168963377934,0.00193986506416875,75.775
8614,0.3673277333646557,-291.91323562122926,0.14050725528675156,-1.8205219119502642,-0.22379425282474708,-0.05830911433415096,-0.601014718841544,6.5540182623574215e-06,0.000576375323559915,0.00013350318047255832,0.0019412180783892486,75.783333
8615,0.36842702471497973,-291.9267500391027,0.10406859059151326,-1.8104314425193784,-0.2252032085543981,-0.055437324003323574,-0.6007601273721109,6.594366385636384e-06,0.0005714866510955163,0.00013308385620745518,0.0019472721002883617,75.791667
8616,0.36922261335268286,-291.9405649470161,0.06746936065520628,-1.8033342137386816,-0.22641312124084573,-0.052428778771680805,-0.6005754193791886,6.639673410682036e-06,0.0005671759694326934,0.00013278588528226444,0.001957977875731166,75.8
8617,0.36970065675736424,-291.9545086885916,0.03074913856237609,-1.7991637361100759,-0.22740269077192943,-0.0493275944725199,-0.6004642514998215,6.689716605282324e-06,0.0005634232866544165,0.0001326130678807181,0.0019733172742100453,75.808333
8618,0.3698597838454772,-291.9682073593161,-0.00605184112763702,-1.7977981045510916,-0.22815070030005974,-0.0462269229512461,-0.6004272164243156,6.744288667380943e-06,0.0005602132094432845,0.00013257072730897814,0.001993308284900708,75.816667
8619,0.369704711145401,-291.9820058966667,-0.04285474761419175,-1.7993042249936984,-0.22867531968795546,-0.04305724675226344,-0.6004633080744619,6.803198296608885e-06,0.0005575321745183937,0.00013266562238987287,0.0020180060081141297,75.825
8620,0.3692361641074432,-291.99591988421184,-0.07960005589302475,-1.803690249458134,-0.2289750534850707,-0.03982318391606563,-0.6005722700727169,6.8662711040677025e-06,0.000555367330572081,0.00013290615740282934,0.002047494743974297,75.833333
8621,0.36845549687336987,-292.00996766183073,-0.11622777451258356,-1.8109818368737534,-0.22904880372209455,-0.03652891958521299,-0.6007535236878886,6.93335087189427e-06,0.0005537075872118107,0.00013330236644451706,0.0020818915391593363,75.841667
8622,0.36736223888232117,-292.0242260361179,-0.15267700091876896,-1.8212417562189038,-0.22889621831322066,-0.03316525509970366,-0.6010067385413229,7.00430097243361e-06,0.0005525435854152991,0.00013386599054903222,0.002121346427853346,75.85
8623,0.3659666338653758,-292.0389675168566,-0.1888640652977579,-1.8345996587131808,-0.2285282294619332,-0.029679450228715754,-0.601328937644876,7.079006037120993e-06,0.0005518681212710742,0.00013461059984418467,0.002166042742655754,75.858333
8624,0.3642568842127114,-292.0535764417871,-0.22477807685929754,-1.850957097032928,-0.22791569379064563,-0.026220307631871945,-0.6017220659636962,7.157373893849562e-06,0.0005516741570657614,0.00013555187954735935,0.002216192164121507,75.866667
8625,0.362248568901577,-292.068773991823,-0.26030366496091234,-1.8706214625863582,-0.22708489402779874,-0.022633753866790018,-0.6021815978309873,7.239337617222726e-06,0.0005519592890010753,0.00013670722412691515,0.002272054061146036,75.875
8626,0.35993300719715143,-292.08390574615765,-0.29543046185588817,-1.8935045736952174,-0.22601131622764078,-0.019077765455234603,-0.6027084174609514,7.324857836447051e-06,0.0005527202519058378,0.00013809677411222464,0.0023339098120463684,75.883333
8627,0.35729804926272085,-292.09990735678934,-0.3300590849882125,-1.9200791566630495,-0.2247024414006299,-0.015350638589255823,-0.6033039726369275,7.413925326978316e-06,0.0005539579561975025,0.0001397426795253031,0.002402092606828623,75.891667
8628,0.35439916591369486,-292.1159460091249,-0.3641101295774945,-1.9501620236021562,-0.2231722630623163,-0.011653644703778753,-0.603954341188771,7.506563949925689e-06,0.0005556777635565753,0.00014167045477267548,0.0024769644562988593,75.9
8629,0.3512030384641706,-292.1320580198104,-0.39756762209791735,-1.9839765939009557,-0.22140085414386393,-0.007986903073550718,-0.6046655140155268,7.602833587866043e-06,0.0005578769341354286,0.0001439083042440952,0.0025589205262834627,75.908333
8630,0.3477328408488111,-292.14885640606036,-0.4303008313628376,-2.021944917311026,-0.21940452843222558,-0.004226336723112557,-0.6054306761779878,7.702833110351061e-06,0.0005605622512194735,0.00014648758698237503,0.0026484128287307504,75.916667
8631,0.3439866235735746,-292.16605472173234,-0.46226919612517886,-2.0642014712857066,-0.2171751589712159,-0.00044782930311801334,-0.606248515421475,7.806704142000425e-06,0.000563738660578074,0.0001494442155392455,0.0027459109449368686,75.925
8632,0.3399630280023061,-292.1834072279456,-0.49343001567953976,-2.110916630454193,-0.21470946874354419,0.003283259005226686,-0.607117432559937,7.914634972852571e-06,0.0005674145337252421,0.0001528180220112493,0.0028519339111585185,75.933333
8633,0.33568801851939034,-292.2015357411871,-0.5236370707242035,-2.1626339924861817,-0.21201873417921194,0.007088083949018873,-0.6080298743474505,8.026864302085555e-06,0.0005716014925054788,0.00015665312071460935,0.0029670534060138322,75.941667
8634,0.3311573139959411,-292.2202109437311,-0.5528458500035955,-2.219604907701414,-0.20909616789673907,0.010902553440825993,-0.6089847613654784,8.143685563383318e-06,0.0005763091157787853,0.0001609999846671504,0.0030918470512398496,75.95
8635,0.3263828296143578,-292.2394868303418,-0.5809652432997774,-2.282227412493954,-0.2059446242708394,0.014723284485821794,-0.6099774990144247,8.265451553626511e-06,0.0005815512136705043,0.000165914580490916,0.003226940867123364,75.958333
8636,0.32137241402958294,-292.2593671703736,-0.6079110927876394,-2.350923754650961,-0.20256514984070384,0.018535623244372575,-0.6110043399329959,8.392578873045583e-06,0.0005873425594533141,0.0001714595588084997,0.0033729870479881695,75.966667
8637,0.31613875606832564,-292.2799735479542,-0.6335777766648487,-2.42621711758191,-0.19895966221490738,0.022348268541134517,-0.6120605528708278,8.525552475944415e-06,0.000593699811693384,0.00017770477186126042,0.0035306658826280554,75.975
8638,0.3106932995750536,-292.30121395001254,-0.6578768731631073,-2.5085737760488334,-0.195133735444531,0.026126203689839513,-0.6131417123701672,8.664930158001826e-06,0.0006006405772300051,0.0001847282672252521,0.003700672154001553,75.983333
8639,0.30504736956153355,-292.3232999743323,-0.6806862062257135,-2.5986753370046136,-0.1910859298845836,0.029893675120989227,-0.6142434763706529,8.811346612702438e-06,0.0006081837371544193,0.00019261638872107342,0.0038837260282892794,75.991667
8640,0.29921407448519893,-292.34624875098797,-0.7018928592070917,-2.6971592495052863,-0.18682006662524214,0.03363513966905328,-0.6153612376170468,8.965516957598627e-06,0.0006163493834919903,0.0002014650644869984,0.004080558032379451,76.0
8641,0.29319052935226547,-292.3703347366122,-0.7213748048846562,-2.8049108655179866,-0.1823213425100434,0.03737955252471563,-0.6164934791174903,9.128239340901605e-06,0.0006251583757406263,0.00021137968186267086,0.004291928469135621,76.008333
8642,0.2870267131025453,-292.3952146686193,-0.7389824008549062,-2.9224154143767778,-0.17762920533252555,0.04104730534423885,-0.6176289313276316,9.300396262432897e-06,0.0006346353842811497,0.00022247555559208666,0.004518657783663887,76.016667
8643,0.2807236312601769,-292.42118570027077,-0.7545701611250619,-3.0506832261066896,-0.17273093225240707,0.0446705515362224,-0.6187657711482303,9.482952381797493e-06,0.0006447976142122714,0.00023487647339916957,0.004761651444667627,76.025
8644,0.2742977781362709,-292.44838283116655,-0.7679713476587245,-3.1906767040183914,-0.16762782041539287,0.048250393110507495,-0.6198994483490579,9.676948843000244e-06,0.0006556648420502802,0.000248714564401614,0.0050220127899957044,76.033333
8645,0.26776864117589894,-292.4768833595436,-0.7790090321232912,-3.3433753496618612,-0.16232525146312884,0.051776569880768196,-0.6210251301073202,9.883493697076564e-06,0.0006672553946982235,0.0002641277211533093,0.00530119556599727,76.041667
8646,0.26115811163429514,-292.5068271222542,-0.7874798843645308,-3.5098454105841155,-0.15682678961075666,0.055247961168050364,-0.6221378734036027,1.0103744819335132e-05,0.000679584735218359,0.0002812554327649475,0.005601273881551539,76.05
8647,0.25448904537477474,-292.5382882231998,-0.7931737248721631,-3.691135129727902,-0.1511398466649153,0.05865139012150304,-0.6232329210358846,1.033888324196604e-05,0.0006926639617556283,0.00030023302912491424,0.00592535227133725,76.058333
8648,0.24778608917151887,-292.57137979998555,-0.7958561251682759,-3.8883207156763797,-0.1452708610169233,0.0619790632112951,-0.6243056025207944,1.0590073695889377e-05,0.0007064984852649568,0.00032118231311163134,0.0062782234509257805,76.066667
8649,0.24107759581069158,-292.60628144661706,-0.7952571850342218,-4.1024807481679035,-0.1392239656461581,0.06523204551457613,-0.6253510856340954,1.0858408316414197e-05,0.0007210863651665039,0.0003441991271434595,0.00666731823088072,76.075
8650,0.23439158559304188,-292.64311651222243,-0.7910999613863402,-4.334564497059118,-0.1330059879285153,0.06840122479350345,-0.6263650631204684,1.114482894335671e-05,0.0007364161617175591,0.00036933680575361986,0.007104036621564572,76.083333
8651,0.22773014481917417,-292.6815502963545,-0.7832423020480741,-4.585219252230178,-0.12664212453967,0.07141035393154457,-0.6273474685686158,1.1450022647272318e-05,0.0007524659659730762,0.00039658356323060744,0.007605604303106022,76.091667
8652,0.22116692591913553,-292.7227868923388,-0.7710598665337652,-4.8555905947312565,-0.1200878313164025,0.07440033233922083,-0.6282881631811448,1.1774286272417834e-05,0.0007692094054924638,0.000425830733034095,0.008197826148374061,76.1
8653,0.2147525420066776,-292.76632191973295,-0.7543001957188891,-5.144987506449432,-0.11340342328580055,0.07728501122052867,-0.629181375521959,1.21173517209779e-05,0.0007865977422319465,0.00045685468790433557,0.008916905007664481,76.108333
8654,0.20850270344741872,-292.81258630040406,-0.7326079263429847,-5.453353695835865,-0.10656215172540671,0.08008297418938826,-0.6300267754156431,1.2478166443625578e-05,0.0008045682981951508,0.0004892676008840655,0.009812717495701985,76.116667
8655,0.20247152867889512,-292.8613956362951,-0.7056697508628176,-5.778891077611555,-0.09960351524076892,0.0827569176139794,-0.6308192649362534,1.2854640761936673e-05,0.0008230572921270744,0.0005224953101734828,0.010950689763744418,76.125
8656,0.19669862060901275,-292.9130144003198,-0.6731307084438996,-6.11938877441573,-0.09252216941009275,0.08531569784594953,-0.6315563257103113,1.324336731387155e-05,0.0008419972714762,0.000555750022668325,0.012411315407205985,76.133333
8657,0.1911817855330121,-292.96712657746434,-0.6349244770297736,-6.471962505912473,-0.08534112150798254,0.08769659235544505,-0.6322410247247506,1.3639331445208633e-05,0.0008613310011033233,0.000588037266466393,0.014285158632191328,76.141667
8658,0.18606797010805076,-293.02471625024583,-0.5903094624297641,-6.830125569920139,-0.07803321790912959,0.09001901738784503,-0.632858519803023,1.4035672729119183e-05,0.0008810356684629363,0.0006181922189889093,0.016663417744237588,76.15
8659,0.18133695273103906,-293.0849956911426,-0.5395472852578451,-7.187935828902543,-0.0706463844024819,0.09217901129776553,-0.6334150542282866,1.4423498334286114e-05,0.0009010937353393022,0.0006449487859767627,0.01960989985188671,76.158333
8660,0.1771154246861651,-293.14835330789697,-0.48231701418473777,-7.534832626660856,-0.06317878861945668,0.0942451157392212,-0.6338996856789557,1.4791878843673862e-05,0.0009215499224951708,0.0006670904001319912,0.023137578814489877,76.166667
8661,0.17334472049604416,-293.21422840457035,-0.41919446645889974,-7.863812580539228,-0.05564006577060171,0.09613018951250865,-0.6343230111081675,1.5128084940203432e-05,0.0009424670567432784,0.0006835942423487228,0.02716319627269188,76.175
8662,0.17021399378263447,-293.2828883456528,-0.3500742034513731,-8.15867416468052,-0.04803906935504153,0.09793749352789292,-0.6346676357377737,1.541819235523352e-05,0.0009639630501852497,0.0006938511149147788,0.03148992332897682,76.183333
8663,0.16770513555771804,-293.3537289501704,-0.2758495316889772,-8.409277832697892,-0.04038803092000934,0.09961618364939383,-0.6349393164622386,1.5647968061295365e-05,0.000986096138960201,0.0006977156726925708,0.03577749434831507,76.191667
8664,0.16585305014068533,-293.4262118148035,-0.19745314360308955,-8.604318537887671,-0.03270601944448232,0.101160386071708,-0.6351373121285823,1.5804064446803054e-05,0.0010088695529092797,0.0006956196193126268,0.039587466560592144,76.2
8665,0.16462890258829813,-293.49993302773953,-0.11605836551865821,-8.737104842061395,-0.024982208375685173,0.10253907813578923,-0.635266982768455,1.5875478097272302e-05,0.0010321443539238273,0.0006884307422501317,0.04245341786333852,76.208333
8666,0.16417141675237834,-293.5741834312511,-0.032795228116134466,-8.795107741177633,-0.01725914066911397,0.10382308557989789,-0.6353151986534188,1.5854958984314496e-05,0.0010555999392002054,0.0006772268295209556,0.04398694540923129,76.216667
8667,0.16442861681501025,-293.64834780691854,0.050803647021023336,-8.778183997720873,-0.009533557342084347,0.10497925480857474,-0.6352881078851087,1.573992221521677e-05,0.001078648399144022,0.0006629968884954281,0.043968401537240666,76.225
8668,0.16540149511038638,-293.7217666452883,0.13330038542378814,-8.687277817855644,-0.0018179380009541982,0.10601367692298885,-0.6351852549317347,1.5532857161509936e-05,0.0011005234124397086,0.0006465022376137324,0.04241479970462236,76.233333
8669,0.16706536450675305,-293.7938359553659,0.21332628020565764,-8.528017770219595,0.0058785102240715295,0.10692450811581461,-0.6350079569247433,1.5241130184103486e-05,0.0011203326938628315,0.0006281614980101144,0.03956722604090824,76.241667
8670,0.1693933147239314,-293.86398235115655,0.2896719307695533,-8.308875396078953,0.013542640656491795,0.107715966812655,-0.6347569456521639,1.4876121052837054e-05,0.0011371750250524252,0.0006081103867708738,0.0358196706590856,76.25
8671,0.17234767676495386,-293.9317428925961,0.3613489748210355,-8.040613773518421,0.02116415602811675,0.10839189544609909,-0.634433438728776,1.4451926819222337e-05,0.0011502550326016286,0.000586349012157497,0.031617827788192596,76.258333
8672,0.17588781006888865,-293.9967474285062,0.42761126731613897,-7.734861717834062,0.02873297783864963,0.10895923201067616,-0.6340384960080637,1.3983903107489365e-05,0.0011589798192844338,0.0005629042846690927,0.027365730271967464,76.266667
8673,0.1799586031129141,-294.0587481924851,0.4879670086002665,-7.403604179300583,0.03624020653732859,0.10941880373435173,-0.6335745303399397,1.3487303873158364e-05,0.0011630118990905093,0.000537940912160687,0.023366973179825917,76.275
8674,0.1845079320631941,-294.1176092637017,0.5421564030955056,-7.057646249281495,0.043679417849750136,0.10977440546018433,-0.6330436012141423,1.2976216559194404e-05,0.00116228264887594,0.0005117925861302017,0.019805799839376383,76.283333
8675,0.18948013057261295,-294.1732467550253,0.5901073948178253,-6.706448880011389,0.05104016853621839,0.11002961217471234,-0.6324483364801246,1.2462858919628962e-05,0.0011569608220093205,0.0004849291391146793,0.01676011113899261,76.291667
8676,0.1948230793657075,-294.2256674573408,0.6319042730607015,-6.357647598766345,0.05831505313731829,0.11018926061232974,-0.631791258327701,1.195723583995105e-05,0.0011474019512366445,0.00045788828750584985,0.014229864987861659,76.3
8677,0.2004792641832221,-294.2752038463274,0.6678000518590768,-6.0171977562833625,0.06552453452410434,0.11023666751438435,-0.6310760058714977,1.1467086400263563e-05,0.0011340865885260901,0.0004312034941403916,0.012168007478788176,76.308333
8678,0.20640935333509888,-294.3214672177761,0.6979682539557153,-5.689416117715886,0.07261015297269613,0.1102115896221275,-0.6303044374540334,1.0998040547770428e-05,0.0011175662846034259,0.000405347111513247,0.010505680399441974,76.316667
8679,0.2125544018939314,-294.36488863448983,0.7227967359263734,-5.377398632197327,0.07959357080953983,0.11009267594359447,-0.629481515904451,1.0553884119673113e-05,0.001098408886638912,0.0003806948679128758,0.009170315138365831,76.325
8680,0.21887202750827559,-294.4059153182181,0.7426721781307252,-5.082746984584977,0.08650057082589051,0.10985785405276674,-0.628610702920111,1.0136888493250487e-05,0.0010771738889698284,0.00035751516211768807,0.008094754340601501,76.333333
8681,0.22532568347741141,-294.44443113382516,0.7578929450740175,-4.80640977359573,0.09329529869570541,0.10953169611447833,-0.6276952345394735,9.748128401870173e-06,0.0010543817813926195,0.00033597365876718874,0.007222041039618507,76.341667
8682,0.23187890255522922,-294.4804357646624,0.7687778342757394,-4.548673882916427,0.09995377849121634,0.1091334796982667,-0.6267388917645664,9.387775106655943e-06,0.0010304998012513951,0.0003161457746668999,0.006506468817622344,76.35
8683,0.2384946243168273,-294.51421495427513,0.7756744720018872,-4.309269683336906,0.10648235797541146,0.10865452252232283,-0.6257461265173301,9.055349098371922e-06,0.001005937512221194,0.0002980353140357781,0.005912540069954934,76.358333
8684,0.24513790068483343,-294.5460717042655,0.7789105895517133,-4.087584989355056,0.11288938686310634,0.1080802337575285,-0.6247216676893719,8.749926382909755e-06,0.000981047475352769,0.0002815937315959552,0.005413244562257337,76.366667
8685,0.25178016895696975,-294.5760950710328,0.778763053520073,-3.8828086474164056,0.1191625034936987,0.10741876597165807,-0.6236697997772863,8.470299745177813e-06,0.0009561278164672098,0.00026673678667371993,0.004988302255898533,76.375
8686,0.2583965353794512,-294.6044810222727,0.7754981440943592,-3.6939584341970475,0.12530270022880546,0.10666589204396776,-0.6225946783147401,8.215100182993225e-06,0.0009314248919908004,0.00025335797771522547,0.004622598096043925,76.383333
8687,0.264957907189461,-294.6313565985239,0.7693591383602187,-3.5200719560473392,0.13130170124529172,0.10582138529807346,-0.6215015771015299,7.98288630114949e-06,0.0009071381613230394,0.00024133946598688292,0.004304844230275487,76.391667
8688,0.2714447053548369,-294.65690641701207,0.7605685409783614,-3.3600828565690386,0.137162033583491,0.10487913453861841,-0.620394597298906,7.772208782969557e-06,0.0008834284473524551,0.0002305598997836576,0.004026545637418527,76.4
8689,0.277831999578923,-294.6812373244132,0.7493283251044323,-3.213021360404091,0.14287560553261805,0.10383873354916864,-0.6192790900996032,7.581652331180688e-06,0.0008604201385309471,0.0002208998996733024,0.003781245748914223,76.408333
8690,0.28410545625087436,-294.7044109270384,0.7358145928519859,-3.0778898015578187,0.148435244931676,0.10270882106778527,-0.6181588702048519,7.409864220981601e-06,0.0008382091923987347,0.00021224562614572312,0.0035639584129626063,76.416667
8691,0.29024266488525513,-294.72662099742644,0.72020414605493,-2.9537949711553613,0.1538436715080934,0.10147398610850045,-0.6170394376019751,7.255569577915685e-06,0.0008168642817994661,0.0002044908609986951,0.0033707798495448294,76.425
8692,0.29622987720243743,-294.74792722972205,0.7026461282972463,-2.839868396915906,0.1590943555792038,0.10013956323867383,-0.6159249682982543,7.117580350509841e-06,0.0007964345649179041,0.00019753825257870302,0.0031985854464837795,76.433333
8693,0.3020503852477073,-294.76844161573536,0.6832834184486547,-2.7353264602207847,0.16418483429537994,0.09870041994597158,-0.6148203639811287,6.994797016366221e-06,0.0007769505418049696,0.00019129959156447059,0.0030448417468193945,76.441667
8694,0.30769060665401815,-294.7882121371516,0.6622434244627102,-2.6394396613420117,0.16910809446763408,0.09716134205540411,-0.6137301024648527,6.886207386392005e-06,0.0007584287641700978,0.00018569577196806056,0.0029074569453831816,76.45
8695,0.3131364902542062,-294.8073375290441,0.6396479476143387,-2.551545639579404,0.17386209100428696,0.09551744871239826,-0.6126588797847392,6.790882480888958e-06,0.0007408738364842677,0.00018065637663102155,0.0027846824047685747,76.458333
8696,0.3183763219980901,-294.82583280984215,0.6156054808072051,-2.471034505292434,0.17843814165008545,0.09377783797810846,-0.6116110360225817,6.707971153539275e-06,0.0007242812346199735,0.0001761191282826103,0.0026750371580457366,76.466667
8697,0.32339881859081837,-294.84381682526725,0.5902234207179338,-2.397355050380858,0.18283783817561913,0.09193258595109337,-0.6105908918806527,6.636693814910683e-06,0.0007086388487749178,0.00017202923097282098,0.002577257045039643,76.475
8698,0.3281919882712313,-294.8613517517452,0.5635996811366392,-2.3300154279799354,0.18705694472770112,0.08998021422762839,-0.6096029635366678,6.576335991697996e-06,0.0006939288276745323,0.00016833869978357714,0.0024902531876844964,76.483333
8699,0.3327482921511113,-294.878480359599,0.5358259519247432,-2.2685552398784488,0.19109195989934258,0.08792321790764414,-0.6086508714284348,6.5262420122027185e-06,0.0006801294264690091,0.00016500570166982746,0.002413082891628049,76.491667
8700,0.33705622633448845,-294.89524592003596,0.5069887918006654,-2.212579026316511,0.19493735035878332,0.08576234612209724,-0.6077390575721875,6.485808821380262e-06,0.000667215153873656,0.00016199391986690718,0.0023449285005525036,76.5
8701,0.3411104269596042,-294.911646486785,0.4771695541306212,-2.1617057655709826,0.19858725525038007,0.08350828008146158,-0.6068706467493354,6.45448049678267e-06,0.0006551591073753663,0.00015927199105156417,0.0022850779941785498,76.508333
8702,0.3448983341899849,-294.9278163388843,0.44645048709015583,-2.1156371358026793,0.20204328064234528,0.08114249903260677,-0.6060502621680993,6.431742997301084e-06,0.0006439323053239811,0.00015681297151447224,0.0022329128583616384,76.516667
8703,0.3484173943495261,-294.94372465769027,0.41490603126173214,-2.0740563066493745,0.20529871911625816,0.07868095136434178,-0.6052803123327455,6.417119791839819e-06,0.0006335064173494404,0.00015459387486390115,0.0021878934957302145,76.525
8704,0.3516590463003939,-294.95939850589014,0.38260819403446217,-2.0367099932036323,0.20834853789231686,0.07612657560398796,-0.6045644249548134,6.410167666450516e-06,0.0006238518585567445,0.00015259525414215925,0.002149553529561996,76.533333
8705,0.3546186977912626,-294.9749067723024,0.34963013148338384,-2.0033684040315576,0.21119305709200867,0.07347403932770397,-0.6039052664590719,6.410473384697087e-06,0.0006149400099707226,0.00015080085104794954,0.002117490229118535,76.541667
8706,0.3572911485056202,-294.99025263854924,0.3160395002935295,-1.9738241442640085,0.21382716194724588,0.07073117245875814,-0.6033055268536794,6.417650691697736e-06,0.0006067426939535727,0.00014919727367524553,0.0020913582464071045,76.55
8707,0.3596702244694426,-295.0054629153301,0.2819024148496261,-1.9479037131353136,0.21624700766091914,0.06790053645811907,-0.6027679997332291,6.4313378795645115e-06,0.0005992327865729299,0.00014777373650520456,0.0020708646862210166,76.558333
8708,0.3617508134730018,-295.0205979017667,0.24728539378846678,-1.9254615490965872,0.2184514676338993,0.06497739739534515,-0.6022951160289471,6.451195812180867e-06,0.0005923847585279814,0.00014652183042800407,0.0020557643850591424,76.566667
8709,0.3635296181256118,-295.03565874827854,0.21225201122780543,-1.9063593792900748,0.22043630720925442,0.06196993777830023,-0.6018887554620878,6.476906350038759e-06,0.0005861746577791732,0.00014543532884189912,0.002045856014149042,76.575
8710,0.3650052578556049,-295.05067929765113,0.17686738098798263,-1.8904819984018015,0.22220052736893775,0.05887943222861193,-0.6015502063613662,6.508171153194473e-06,0.0005805799384818718,0.0001445100284897983,0.0020409795521314014,76.583333
8711,0.3661722667498405,-295.0657005569545,0.14119251753059345,-1.8777500277070833,0.22374093612722426,0.055704748509133706,-0.6012815373603679,6.544710835943548e-06,0.0005755792891999918,0.0001437436225291331,0.002041013392799018,76.591667
8712,0.36702944386939995,-295.08071249681876,0.10528859050283801,-1.8680802491147697,0.2250537979458296,0.052456790572676645,-0.6010836762290023,6.586264518112964e-06,0.0005711536940315206,0.000143135606579842,0.0020458724117848313,76.6
8713,0.36757492005952463,-295.0957872479894,0.06921913322073316,-1.8614301186504252,0.22613933954248555,0.04912792790516962,-0.6009575346786435,6.632589605696669e-06,0.0005672856170296696,0.00014268719508204276,0.0020555067269112486,76.608333
8714,0.3678088594509799,-295.110874470922,0.03304289014670336,-1.857741240033072,0.2269925899929313,0.0457384201184976,-0.6009033813262868,6.6834618931121e-06,0.0005639592941101828,0.00014240128526134857,0.0020698997813033714,76.616667
8715,0.3677298132679464,-295.1260720130246,-0.0031764509560377762,-1.857015170432612,0.22761476042253567,0.04227486777074132,-0.6009216829743774,6.738675905623121e-06,0.0005611604522625965,0.0001422824114274779,0.00208906857002555,76.625
8716,0.3673375794904587,-295.14129706465627,-0.03938353003180541,-1.859221801423494,0.22799960765767704,0.03876514486097599,-0.6010124417413112,6.798045516989006e-06,0.0005588767515464239,0.00014233677361216523,0.002113061849544048,76.633333
8717,0.3666301679750868,-295.1567148133216,-0.07551257630954428,-1.864420849315965,0.2281499032228783,0.035180633180693595,-0.6011758955450534,6.861404783237062e-06,0.0005570976230742338,0.00014257221118784915,0.0021419618704509994,76.641667
8718,0.3656119519465578,-295.1722586004421,-0.11150321581247752,-1.8726106531781455,0.2280626883706733,0.03154632349594312,-0.6014106353590951,6.9286090268563295e-06,0.0005558146706327603,0.00014299831919804774,0.002175882032749435,76.65
8719,0.36428144210759034,-295.18796731454364,-0.14729638892178915,-1.8838529975077143,0.22773561962961564,0.027862806892382276,-0.6017164317350764,6.999536089003309e-06,0.000555020509546535,0.00014362644576528628,0.002214968787468163,76.658333
8720,0.3626425953329468,-295.20388754042847,-0.18282637626980253,-1.8982182678774704,0.2271694127720779,0.02412963560586595,-0.6020916302875481,7.07408783429122e-06,0.0005547100516980056,0.00014446981559727368,0.002259402288338345,76.666667
8721,0.3606970764077897,-295.2199618159449,-0.21803624909627708,-1.9157698659268994,0.22636081866027255,0.020370065616593522,-0.6025349391348414,7.152191826791991e-06,0.0005548794891993572,0.00014554365838652053,0.0023093957878131902,76.675
8722,0.3584437229083521,-295.2363136830547,-0.2528615056280781,-1.9366571597078046,0.22530898734101287,0.016566481313569838,-0.6030455410632388,7.233803216686462e-06,0.0005555268815791246,0.0001468652917861567,0.002365198909506797,76.683333
8723,0.3558922274522076,-295.2529781735456,-0.28722907276008064,-1.9609985753477452,0.22401683741981823,0.012722410005391998,-0.6036200042345163,7.3189068575667406e-06,0.0005566527352705426,0.0001484543934150728,0.00242709697513332,76.691667
8724,0.3530429089490105,-295.269945281917,-0.3210800213498223,-1.9889422506194658,0.22248099120055584,0.008851434487844432,-0.604256876947152,7.407519575351965e-06,0.000558257994733483,0.0001503331851734747,0.0024954097901055353,76.7
8725,0.34990249708652665,-295.28728270249997,-0.35434156000159306,-2.0206744704641286,0.2207027752194724,0.004950472628995894,-0.604953130835086,7.499692671876472e-06,0.0005603460516926409,0.00015252661965092817,0.002570497079488275,76.708333
8726,0.34647494216906405,-295.30501230775116,-0.38694654013555063,-2.056398749138771,0.21868107384354246,0.0010271809187136112,-0.6057062369812577,7.595514601222308e-06,0.0005629215569141763,0.00015506273366266008,0.0026527556685198373,76.716667
8727,0.34276697420565827,-295.3230955427319,-0.4188277054756417,-2.096317127389462,0.2164166576710354,-0.002897149213061112,-0.6065129425535247,7.69511385959975e-06,0.0005659911044819788,0.00015797291805761795,0.0027426226562608505,76.725
8728,0.3387846218923003,-295.34165201483904,-0.44990584794740884,-2.14072744112048,0.21390981512789461,-0.006835155684977464,-0.6073700554972332,7.798662012095898e-06,0.0005695628046587573,0.00016129219894441829,0.002840577002341202,76.733333
8729,0.33453446604800385,-295.36073179631416,-0.48010393642187027,-2.189934773661544,0.21116049452440075,-0.010783265446324445,-0.6082741811177955,7.906376910402666e-06,0.0005736465315657642,0.00016505981144545475,0.0029471363732599645,76.741667
8730,0.33002478392410595,-295.3803592323394,-0.5093425762227063,-2.244267242774036,0.20816977281768076,-0.014731670435142162,-0.6092215001518131,8.018526094855704e-06,0.0005782539327143636,0.00016931956554073154,0.0030628589912996673,76.75
8731,0.3252640206286464,-295.4005360533235,-0.5375419727749406,-2.3040822195875577,0.204939434095604,-0.018665309840103797,-0.6102081179705384,8.135430252870401e-06,0.0005833982128645994,0.0001741202817700761,0.003188343911953424,76.758333
8732,0.3202600371683818,-295.42134297734503,-0.5646135822389233,-2.3698193434634067,0.20146972144745579,-0.0225846733134172,-0.6112302320298063,8.257466671576542e-06,0.000589094220853569,0.00017951622740103022,0.003324232842396653,76.766667
8733,0.3150237590456542,-295.44284571698626,-0.5904618796414716,-2.4419547396005146,0.1977625636752258,-0.02648604797100525,-0.6122834068856349,8.385072651773439e-06,0.0005953586441868491,0.00018556773901041445,0.0034712090679940174,76.775
8734,0.3095673877125258,-295.4651337980909,-0.6149827686439783,-2.5210274447512626,0.1938196784453935,-0.030369234819677668,-0.6133629875528777,8.518748736345909e-06,0.0006022094657115203,0.00019234171972447905,0.0036299980304332837,76.783333
8735,0.3039001722158233,-295.48828755833244,-0.6380723620510032,-2.607638763144649,0.18964076519821194,-0.03423033758809342,-0.6144649516771822,8.659061520172973e-06,0.0006096657651708259,0.0001999121642623984,0.003801369796283552,76.791667
8736,0.2980388851725022,-295.5122782642476,-0.6596212097704673,-2.702372749996861,0.1852339256586899,-0.038044421368108615,-0.6155838914915146,8.806645833449125e-06,0.0006177483291308945,0.00020836045410508043,0.003986153616208402,76.8
8737,0.29199378531788905,-295.5372515391026,-0.679505521649308,-2.8059921054150045,0.18059748170553344,-0.041817744270136355,-0.6167157680340086,8.962205692736557e-06,0.0006264780705243449,0.00021777528784180903,0.004185258738387685,76.808333
8738,0.285779985409114,-295.56324640727587,-0.6975976624134085,-2.919258459012617,0.17573646286028824,-0.045535588246614446,-0.617855742467762,9.126513692301407e-06,0.0006358772525797007,0.00022825293460364702,0.00439970869332251,76.816667
8739,0.27941211117888864,-295.59038868179977,-0.7137520323276617,-3.0430611264875784,0.17065197155363057,-0.0491972362121532,-0.6189992320107873,9.300408154424542e-06,0.0006459682559067934,0.00023989637962922456,0.004630709215079104,76.825
8740,0.27291035338028136,-295.61880288022246,-0.7278026735554025,-3.1783471316915985,0.16534796893298737,-0.05280027197183945,-0.620140865550268,9.484786917644368e-06,0.0006567733505923225,0.00025281435506207975,0.004879750189328272,76.833333
8741,0.26628694911923745,-295.6485374973352,-0.7395972327539124,-3.326118594808147,0.15982763699855207,-0.05632627029164121,-0.6212769031619412,9.680596551806707e-06,0.000668313045707574,0.00026711928396983117,0.005148767967664661,76.841667
8742,0.25957999589430486,-295.67984521394067,-0.7488926299766309,-3.4874715191963754,0.1540979439487503,-0.05979298748459624,-0.6223994979066377,9.888815337083457e-06,0.0006806072644226432,0.00028292324837368867,0.005440447159102389,76.85
8743,0.25280006108040326,-295.7127532796538,-0.7555167465497787,-3.6635111679975974,0.1481620315881522,-0.06317418558047243,-0.6235058518954858,1.0110427357053908e-05,0.0006936687821439424,0.0003003342582220842,0.005758542799145768,76.858333
8744,0.245972605179035,-295.74736418392894,-0.7592428683003489,-3.855366503600832,0.14202811599540036,-0.0664576028352091,-0.6245909973480204,1.0346385634226633e-05,0.0007075086259232134,0.0003194469343150693,0.006108597885468598,76.866667
8745,0.23911574426392132,-295.78371352681836,-0.7598559402087333,-4.064168737349017,0.1357053364246874,-0.06961866316425186,-0.6256515132892151,1.0597560818661822e-05,0.0007221316035230511,0.0003403324322006741,0.0064988054505004025,76.875
8746,0.23227171096633353,-295.8222458720066,-0.7569998068051557,-4.291158482244262,0.12918785440835603,-0.07269316515696927,-0.6266807119170232,1.0864671190803594e-05,0.0007375370472162537,0.00036302349970444007,0.006941338745657664,76.883333
8747,0.22546464136276945,-295.8629588571658,-0.7504171349777001,-4.537229374512517,0.1224896843807746,-0.0756477946687329,-0.6276752353391485,1.1148189078088829e-05,0.0007537120822176612,0.00038749907458952284,0.00745385503532368,76.891667
8748,0.2187314664613985,-295.90603407739695,-0.7397732920056828,-4.803108749545231,0.11561903287444358,-0.07847696542435383,-0.6286303506918539,1.1448219448297488e-05,0.0007706357086248103,0.00041365820133665575,0.008061854621456714,76.9
8749,0.21210508076610599,-295.9516765297159,-0.7247235676882732,-5.089248086636314,0.10857928493097,-0.08117450879972278,-0.6295424931495912,1.1764346238428276e-05,0.0007882759959291526,0.00044129457016069953,0.008801129225698135,76.908333
8750,0.20562790529280986,-296.00001859889045,-0.7049058939856403,-5.395429967758405,0.10138357669790149,-0.08372823449806069,-0.6304073808259057,1.2095444525009144e-05,0.0008065928087994722,0.0004700679774906223,0.009720386447339736,76.916667
8751,0.19934606030731636,-296.05124846641195,-0.6799362264176319,-5.720698342245455,0.0940408488219694,-0.08613348747343223,-0.6312209231041915,1.2439459357538814e-05,0.0008255390980449284,0.0004994764736617264,0.010883111637557582,76.925
8752,0.19328819163945635,-296.10552580347974,-0.6494906767340262,-6.063462763920166,0.08655238022269257,-0.08837487373968526,-0.631981866706064,1.2793158367598645e-05,0.0008450660964007922,0.0005288376118482834,0.012367309288074061,76.933333
8753,0.1875413155681261,-296.1629661257803,-0.6131351269099954,-6.419702264941604,0.0789467061020744,-0.09046007820762227,-0.632682309316693,1.3151883273751281e-05,0.000865136798629217,0.0005572876746466446,0.014261756776229498,76.941667
8754,0.18213551518265697,-296.2236291498672,-0.5706511224261477,-6.784910607413585,0.07122770576931238,-0.09237008395611389,-0.6333221093541428,1.350931700762844e-05,0.000885721368363195,0.0005838013751342731,0.01665340253073078,76.95
8755,0.17711531343510434,-296.2877043954003,-0.5218236792016159,-7.152787638042633,0.06338984697350646,-0.09410320116562038,-0.6338996983017567,1.3857331816371322e-05,0.0009068240233542693,0.0006072651440374394,0.019608280976669674,76.958333
8756,0.17255367978789374,-296.3550642600821,-0.4665620265423701,-7.514056808196576,0.055461095574264756,-0.09565393655256754,-0.6344106745442575,1.4185999701990901e-05,0.0009284864452136265,0.0006265831763737727,0.02314098577675003,76.966667
8757,0.16850835917741894,-296.42559739171264,-0.4049680171862952,-7.857912429219639,0.04745399954700735,-0.09701849977195438,-0.6348527713611968,1.4483809961897062e-05,0.0009507781309029427,0.0006408116987188677,0.027176465876220794,76.975
8758,0.16505472332734014,-296.4989483622577,-0.33736654926555887,-8.17105583446677,0.03939970538614963,-0.09819982713482334,-0.6352219846968267,1.4738173109888452e-05,0.0009737830933025098,0.0006493171737250939,0.03151660919523867,76.983333
8759,0.16220834834305606,-296.5750381766655,-0.2643539076624391,-8.44179130105863,0.031277017711144696,-0.09918593279931262,-0.6355205831236523,1.4936243082558704e-05,0.0009975558813315232,0.0006518930280161705,0.03582559601184322,76.991667
8760,0.16003184129096806,-296.65322423392456,-0.18680253947163036,-8.656317076489657,0.02312267408624504,-0.09997797720412169,-0.6357454354482409,1.5066064887534247e-05,0.001022080096346635,0.000648814270839313,0.03965877255205076,77.0
8761,0.1585813679180484,-296.73292591334325,-0.10581598437936557,-8.802190747175928,0.014953681762683918,-0.10058934820026322,-0.6358936098958587,1.5117881151588412e-05,0.0010471836062483772,0.0006407369656817383,0.04253344667066759,77.008333
8762,0.1578480444142644,-296.81355490618853,-0.02278165486358027,-8.872648082530306,0.0067722691353110645,-0.10100165397738979,-0.6359680140860785,1.5085339229904355e-05,0.001072479193884161,0.0006285309064848753,0.04403762347449286,77.016667
8763,0.15787798810656622,-296.8942499773358,0.0608137906174004,-8.861695176580932,-0.001391523218750017,-0.10123792365096917,-0.6359649826476079,1.496644496960539e-05,0.0010973582890663346,0.0006130714173031352,0.043942977025307556,77.025
8764,0.15865234258495828,-296.9742687146965,0.1434056751849024,-8.770781995570847,-0.00952546343161843,-0.101293023193087,-0.6358863905406513,1.4763940123837471e-05,0.0011209947835190011,0.0005950488856362377,0.042268598173133644,77.033333
8765,0.16014172911110633,-297.05305807891284,0.22356523508878,-8.605861126976903,-0.017631062869162908,-0.10116195998738502,-0.6357341552485712,1.4485039038290214e-05,0.001142446334522089,0.0005749164396783789,0.03927404317836722,77.041667
8766,0.16234958293042398,-297.12967825520417,0.29992704271166226,-8.374675544326902,-0.02566887144265352,-0.10087560471223883,-0.6355058883195346,1.414060535726542e-05,0.0011607720704091737,0.0005529290576032306,0.03537996040618492,77.05
8767,0.16522393759138634,-297.2037036359474,0.3714422334786889,-8.089912155132087,-0.03363912468261734,-0.1004326136395174,-0.6352040712118608,1.3743866792389679e-05,0.0011751393252975035,0.000529270079859745,0.031059621539074163,77.058333
8768,0.16871666475202532,-297.274684627311,0.43731033015220916,-7.764957318032801,-0.04152904176154847,-0.09984183586105737,-0.6348302601312112,1.3309032936508077e-05,0.0011849416806850818,0.0005041749481788665,0.026733660454796505,77.066667
8769,0.17277148137168713,-297.34227861035237,0.4970086274063524,-7.413248594177496,-0.04932423932942131,-0.09911257561191031,-0.634386577290336,1.2850045325165329e-05,0.001189846757210687,0.000477995533668245,0.022709023086840738,77.075
8770,0.17733268012992154,-297.4062851591001,0.5502757616681748,-7.046952782679515,-0.057014419857953295,-0.09825643543882316,-0.6338750204094791,1.2379617627731493e-05,0.0011898012965698753,0.0004512000490639078,0.019162845694541953,77.083333
8771,0.1823446235405667,-297.46660246501824,0.5970623012901608,-6.676470746161212,-0.06459012215930796,-0.09728641388498178,-0.6332977044556894,1.1908631878195704e-05,0.001184994250342277,0.00042432522040331504,0.0161603668232327,77.091667
8772,0.18775045319041214,-297.5231937843047,0.6374830603693762,-6.310256620971181,-0.07204019013824002,-0.09621647199108972,-0.6326571853685329,1.1445873447608128e-05,0.001175798870112192,0.000397909673728614,0.013688245703057956,77.1
8773,0.1934874171768269,-297.57617712722544,0.671796623624352,-5.954863697097364,-0.0793594721131325,-0.09505088833372002,-0.63195721017241,1.0998035551474586e-05,0.0011627100301576036,0.00037243369969965887,0.01168847722681159,77.108333
8774,0.19950175410334783,-297.62565982152785,0.7003247624434042,-5.614787951460352,-0.08653952348979417,-0.09380109098655444,-0.6312010605820395,1.0569905908651295e-05,0.0011462895468239273,0.0003482796813151825,0.010084918590873211,77.116667
8775,0.20574548550155491,-297.67179921567015,0.7234328075191199,-5.292881631154703,-0.09357515101204594,-0.09247829962338672,-0.6303919161028637,1.0164641527671219e-05,0.0011271158654170726,0.00032571647446835077,0.008800794648633987,77.125
8776,0.2121732025824135,-297.71477041961964,0.7415033930169304,-4.990764346767347,-0.10046113555211414,-0.0910930943685135,-0.6295332565305417,9.784074814552085e-06,0.0011057491135357963,0.00030490270968896945,0.007767771309958018,77.133333
8777,0.21873921446754097,-297.75478912320455,0.7549257381632151,-4.709135098934957,-0.10719365062262023,-0.08965086373005265,-0.6286292679908018,9.429011077903769e-06,0.0010827100986120102,0.0002859015650105429,0.006929338957975174,77.141667
8778,0.22539866344120185,-297.79210563469337,0.7640815473900598,-4.447983851672457,-0.11377045699166295,-0.08815141680949774,-0.6276847325739144,9.099494181784836e-06,0.0010584702177441922,0.0002687008064372012,0.006240901045914369,77.15
8779,0.2321203134392938,-297.8268744421101,0.7693100367006979,-4.206692730176433,-0.12018626392872724,-0.08660796659456974,-0.6267031472405482,8.795028819624306e-06,0.0010334474425935775,0.000253233452963453,0.00566831786109162,77.158333
8780,0.23887083801229286,-297.8592880613068,0.7709354315527653,-3.9843905091100624,-0.12643770081782024,-0.08502638469825691,-0.6256888479052887,8.514754957108786e-06,0.0010080009950264065,0.0002393961348641257,0.00518598481604137,77.166667
8781,0.24561421288073085,-297.88963418351756,0.7692700651700194,-3.780032102238167,-0.132527395578345,-0.08339623969827119,-0.6246471558419276,8.257585969570755e-06,0.000982436680559374,0.00022706441404145696,0.004774839702436311,77.175
8782,0.2523297138912495,-297.91797951746753,0.7645685459409297,-3.592409558419979,-0.1384469224542755,-0.08173753230577109,-0.6235815409002282,8.022312016300726e-06,0.0009570133054488365,0.00021610448369764197,0.004420689297767456,77.183333
8783,0.2589851064906034,-297.9446249790404,0.7570936410505585,-3.42035025809318,-0.1442010735131634,-0.08003220617491259,-0.6224977181070045,7.807671743487781e-06,0.0009319418147499196,0.00020638110070834325,0.00411295196117766,77.191667
8784,0.2655589182458694,-297.96968170853575,0.7470621935054393,-3.2626619608757026,-0.14978443813430384,-0.07828815413760633,-0.6214001123998268,7.612406350472541e-06,0.00090739646251567,0.00019776355669249405,0.003843617662231838,77.2
8785,0.2720331775373428,-297.9932929549291,0.7346728368850469,-3.1181854096150294,-0.15519625756846853,-0.07650735500845761,-0.6202928815828467,7.435292929740004e-06,0.0008835157110686993,0.00019012886842629216,0.003606560152476739,77.208333
8786,0.27838385443550023,-298.0156579226229,0.7201146205361244,-2.985865656630137,-0.16043654441805622,-0.07467842240673812,-0.6191815251749958,7.275166264204289e-06,0.0008604064219763727,0.00018336375176727183,0.003397014870404621,77.216667
8787,0.2845950703813356,-298.0368586728087,0.7035483059102804,-2.864694958719227,-0.16550074372109333,-0.07280779231018038,-0.6180704182232658,7.130932177743521e-06,0.0008381511787066873,0.00017736554850640178,0.00321119991835794,77.225
8788,0.290652358730304,-298.05694273839293,0.6851189899614806,-2.7537466900688785,-0.17038292566814067,-0.0709065636549522,-0.6169638810719889,7.001572713042996e-06,0.0008168093946110671,0.00017204220619386034,0.003046071032884113,77.233333
8789,0.2965403484102453,-298.07605960470784,0.6649669547951612,-2.6521742923828535,-0.1750841366770668,-0.06896680754549459,-0.61586657420015,6.886147390834863e-06,0.0007964209601846942,0.00016731193624076995,0.002899137744853192,77.241667
8790,0.30224096501061637,-298.09472362527674,0.6432429410333846,-2.5592136936113383,-0.17962785972658618,-0.06691165915754184,-0.6147838437652952,6.7837914430528275e-06,0.0007770101642603583,0.0001631026210972665,0.002768329223855394,77.25
8791,0.3077434917210141,-298.11222944333275,0.6200173043760958,-2.4741762953116053,-0.1839591234744629,-0.0648812474923459,-0.6137197872729413,6.693712077217731e-06,0.000758589512173132,0.00015935105952653421,0.002651894437835975,77.258333
8792,0.3130357823533187,-298.12913786709606,0.5954242568170267,-2.3964264357421743,-0.1881080919492214,-0.06278916989772541,-0.6126788543460414,6.615183104518006e-06,0.0007411600343871719,0.00015600202887514118,0.002548361470505547,77.266667
8793,0.31810967100871523,-298.14545021711524,0.5695595438918526,-2.325388784110675,-0.19206920561022514,-0.06064773091056001,-0.6116647657562575,6.547539399834143e-06,0.000724714070014297,0.00015300753672303514,0.0024564631018047407,77.275
8794,0.3229514797112239,-298.16128468476353,0.5425191870626368,-2.2605682907904234,-0.19584102393650377,-0.05844517811763943,-0.6106823783066769,6.490170975853716e-06,0.0007092362779310044,0.00015032601818587555,0.0023751110735241486,77.283333
8795,0.32755556813615316,-298.177067000045,0.514408792204954,-2.201524504031334,-0.19944347365868545,-0.05610803467940881,-0.6097349440005646,6.442517490222745e-06,0.0006947071324094345,0.00014792164337724262,0.0023033631496433655,77.291667
8796,0.33191342166717863,-298.1923878181747,0.4852890903551575,-2.147821167382772,-0.20284631351865282,-0.05372573578154596,-0.6088262733182791,6.404062629942741e-06,0.0006811020136005195,0.00014576361740254858,0.0022404007275045306,77.3
8797,0.3360158402620693,-298.2073837363793,0.4552429677578141,-2.0991045346871764,-0.20605114965590698,-0.0512807162020664,-0.607960298495948,6.374329212687836e-06,0.0006683936351689254,0.0001438256761055932,0.0021855187908771294,77.308333
8798,0.33985436046931755,-298.22209984510664,0.42434554886788584,-2.0550529031174274,-0.20905457252620385,-0.0487728561271942,-0.6071407636512988,6.352874642685686e-06,0.000656553255549629,0.00014208553869260354,0.0021381050797938702,77.316667
8799,0.3434254757500374,-298.2365299399975,0.3926682109626219,-2.0153646484253107,-0.21185359399600284,-0.0462130037158272,-0.6063702875921096,6.339286865166846e-06,0.0006455513623000997,0.0001405244652606515,0.002097629742653539,77.325
8800,0.346716260395864,-298.2503840962615,0.3602632895840753,-1.9797524154629424,-0.2144276241385309,-0.043671601504487186,-0.605653447034142,6.333180750656418e-06,0.0006353572205428429,0.00013912686602827098,0.002063636958351759,77.333333
8801,0.34972514718430353,-298.2640970984722,0.32721764685216975,-1.948035568456322,-0.21679584046824305,-0.04106611870708892,-0.6049922727820608,6.334195162742238e-06,0.0006259419574258927,0.0001378799907723525,0.0020357379117290227,77.341667
8802,0.35245428608275814,-298.27801261227256,0.2936144902605739,-1.9200541214883344,-0.21897185588858656,-0.0383299623240428,-0.6043878332601886,6.341990245993226e-06,0.0006172760747490587,0.00013677359298499758,0.0020135995784035065,77.35
8803,0.3548877322505578,-298.29145056909636,0.2594799727815212,-1.8955402192980435,-0.22091848961982175,-0.03561805171576833,-0.6038450861041014,6.356245349583486e-06,0.0006093293433710353,0.00013579973480781136,0.0019969398722462497,77.358333
8804,0.35702469398398795,-298.3048680284681,0.22489719718833787,-1.8744124198160022,-0.22265257074956418,-0.0328389780562666,-0.6033655168592504,6.3766574818575375e-06,0.000602075596822198,0.00013495259872205363,0.0019855303605626597,77.366667
8805,0.35887123632487095,-298.31853127832494,0.18994512152402854,-1.8565752782265863,-0.22418441475812753,-0.029941289957094393,-0.6029489033170731,6.402939844972746e-06,0.0005954890976047286,0.00013422829420560185,0.0019791840621719283,77.375
8806,0.3604106203383555,-298.3319023616382,0.15464910491018882,-1.8418357620104828,-0.22548600529441393,-0.027051642426722516,-0.6026000188635778,6.434820935449609e-06,0.000589543554581509,0.00013362476763556643,0.001977753316538598,77.383333
8807,0.3616519594551701,-298.34557459149227,0.11910354470168463,-1.8302071526136345,-0.22657845515986513,-0.024045235337137354,-0.6023176429351466,6.472044084859295e-06,0.0005842175712382346,0.0001331416390466102,0.001981134389608733,77.391667
8808,0.36258911206353944,-298.3592644797815,0.08335071864151536,-1.8215641148059725,-0.22744836467620388,-0.020993114681212923,-0.6021038475363715,6.514367037796533e-06,0.0005794888095212024,0.00013278021370543558,0.0019892550278592298,77.4
8809,0.3632140760800714,-298.37268195903266,0.047428980004716986,-1.8157932612176095,-0.22808464397637698,-0.017969083131919222,-0.6019609787266677,6.5615621084266e-06,0.000575337799395293,0.00013254335497865232,0.00200208098543925,77.408333
8810,0.3635326829527702,-298.3861574695324,0.011417029020596103,-1.8129228040549712,-0.22849744115381068,-0.014906472088827113,-0.601888053671134,6.613416414368019e-06,0.0005717482452881447,0.00013243539614166255,0.002019615958892055,77.416667
8811,0.3635436852157581,-298.3997376479273,-0.024626272045336524,-1.8129449987496364,-0.2286854112294235,-0.01180249825245081,-0.6018855343018558,6.669732378331712e-06,0.0005687041143508134,0.00013246225403601352,0.002041893673502262,77.425
8812,0.36325069453398373,-298.41377978904836,-0.06062205519782647,-1.8159462033629519,-0.22865235966182673,-0.008583591612053163,-0.6019526003367011,6.730328621928399e-06,0.0005661914141630112,0.0001326314095722219,0.0020689806608072065,77.433333
8813,0.3626512674383117,-298.42795218023923,-0.09653134037500367,-1.821857349159063,-0.22839027340224657,-0.005333861917842779,-0.6020896491456139,6.7950410813474415e-06,0.0005641972764333026,0.00013295206834360666,0.0021009716773794113,77.441667
8814,0.36174883627576765,-298.4422118825431,-0.13229597497790252,-1.8306923096609575,-0.22789969520411185,-0.002071712807079514,-0.6022955666513892,6.863724329848851e-06,0.000562711373402911,0.00013343500355640306,0.0021379983827221304,77.45
8815,0.36054049827373896,-298.4566782512966,-0.16785656666220938,-1.8425383212431037,-0.2271778854802371,0.0012213564883018805,-0.6025705181246895,6.936252997443319e-06,0.0005617247361038373,0.00013409271171161642,0.0021802259333243783,77.458333
8816,0.3590220835018387,-298.4710729201256,-0.20317637023053248,-1.8573828110528792,-0.2262217344547444,0.004473174097961976,-0.6029147785962594,7.012523531974942e-06,0.0005612310911048471,0.00013493957507188962,0.002227853124516655,77.466667
8817,0.35720366519827945,-298.48568885135296,-0.23817154966320167,-1.8753877553275433,-0.2250361178398916,0.007741314525922113,-0.6033252277113574,7.092456112854187e-06,0.0005612270827231834,0.00013599177190659113,0.002281119817219524,77.475
8818,0.3550936961347205,-298.50087727653073,-0.2727546851150083,-1.896765050066759,-0.22362065466032374,0.011095126419898255,-0.6037989844766343,7.175996762852219e-06,0.0005617094579337543,0.0001372677782127924,0.002340296047334555,77.483333
8819,0.35267208589434407,-298.5166449166155,-0.3068904903759348,-1.921677069717583,-0.22195822133443271,0.014524054275024529,-0.6043394017482818,7.2631198899149874e-06,0.0005626756756675411,0.00013878869726073798,0.0024056804622937886,77.491667
8820,0.34998091062937103,-298.53234378031976,-0.3405075307834155,-1.9499979790620585,-0.2200810226275012,0.01787488762916739,-0.6049358185357171,7.353831122827648e-06,0.0005641295408419548,0.00014057817470670893,0.00247761687399774,77.5
8821,0.34699705836708516,-298.5481317297983,-0.373570093123546,-1.981976673518883,-0.21797383906916307,0.021172540594416207,-0.6055919762366643,7.448169837412758e-06,0.0005660690658687245,0.00014266237902003522,0.0025564847728554536,77.508333
8822,0.3437414018611684,-298.564584908943,-0.40595463891192884,-2.0180024868483217,-0.2156358843782212,0.024532873949145675,-0.606301753370562,7.5462120340528024e-06,0.0005684997185398036,0.0001450705646650955,0.0026427131425907384,77.516667
8823,0.3402106253540645,-298.5814355401187,-0.4376223599394274,-2.058206056488939,-0.21306794375579852,0.027884851743142498,-0.6070642462399997,7.648073882588062e-06,0.0005714254672900543,0.00014783617057366474,0.0027367500850864765,77.525
8824,0.33640179935925885,-298.5983097178047,-0.4685432556180632,-2.1026928230425255,-0.210278300000196,0.031137141783291033,-0.6078783000129178,7.75391539300703e-06,0.0005748539177452502,0.00015099626954182633,0.002839093115108463,77.533333
8825,0.33234367090136974,-298.6160563486167,-0.4985533570630158,-2.152070696203614,-0.20725747384456636,0.03445890063355333,-0.6087359332080666,7.863943888331431e-06,0.0005787961689315997,0.000154591689535745,0.0029502974300255895,77.541667
8826,0.3280326571251988,-298.63437072444435,-0.5276139913093939,-2.2065424515244136,-0.2040093296904617,0.037770604542266946,-0.6096360287152985,7.978418084326662e-06,0.0005832605269504736,0.0001586694584282739,0.0030709169533216685,77.55
8827,0.3234797970580368,-298.6531528318852,-0.5556503734523228,-2.266411584933036,-0.20054264431216362,0.04103855563403107,-0.6105743177040429,8.09765251866979e-06,0.0005882593889991215,0.00016328159329291792,0.0032015558855893623,77.558333
8828,0.31869077531461526,-298.6725923506615,-0.5825691057562562,-2.332162709255193,-0.196852003930252,0.04428669949921195,-0.6115476183193836,8.222021602028975e-06,0.0005938062503561806,0.0001684859908838414,0.0033428531951468295,77.566667
8829,0.3136763176420099,-298.69269639547394,-0.6082803326525416,-2.404236991446599,-0.1929418256214473,0.04750131511550906,-0.6125517036660335,8.351963945525416e-06,0.0005999168349164591,0.0001743474822789192,0.0034954728121017217,77.575
8830,0.3084474075787633,-298.7135718883679,-0.6326807298601526,-2.4831743957485237,-0.18881218704351585,0.05068728102195391,-0.6135823255623045,8.487986702287899e-06,0.0006066081261210112,0.0001809381979065518,0.0036601039036389584,77.583333
8831,0.3030166322917974,-298.73511139198354,-0.6556805062375903,-2.5694517907100054,-0.18447501823694798,0.05380825457022362,-0.6146349746496564,8.63066958404365e-06,0.0006138983418837467,0.000188338391005442,0.003837453712135605,77.591667
8832,0.29739463097639945,-298.7575121633961,-0.6771581308779941,-2.6637681878596835,-0.1799258723712368,0.05688423767223739,-0.6157055924968506,8.780668231671591e-06,0.000621806636994535,0.00019663642480875805,0.00402826104725186,77.6
8833,0.29159691489411876,-298.78080113733506,-0.696994192181275,-2.766783607425639,-0.17517178971942926,0.059902662461248445,-0.616789289622109,8.938716784014031e-06,0.0006303533868797178,0.00020592987743955427,0.004233289008885626,77.608333
8834,0.28563768986560756,-298.8050359029263,-0.7150614231945207,-2.8792379294124624,-0.17021768740697307,0.0628555392203794,-0.6178815685543123,9.105629183393613e-06,0.0006395590345927271,0.000216325282435104,0.004453350380076797,77.616667
8835,0.279515952433109,-298.83019390638356,-0.7312611137878781,-3.0019248135268746,-0.16506529801263112,0.06571716904743186,-0.6189807862610863,9.282298225240864e-06,0.0006494441328956025,0.00022793784061227144,0.004689350890891869,77.625
8836,0.273281096160889,-298.8566957283625,-0.7453400334356369,-3.135868518833513,-0.1597163108531335,0.06854474385063618,-0.6200764717467644,9.469691775302483e-06,0.0006600322492565521,0.0002408896386832188,0.004942411258207515,77.633333
8837,0.2669363090358207,-298.884478353448,-0.7571762234892984,-3.281942750062102,-0.15417654107823625,0.07130217614738106,-0.6211667300602945,9.668844468926779e-06,0.0006713383380992124,0.0002553109820201051,0.005213854963545153,77.641667
8838,0.26048285207122573,-298.91366789984653,-0.7666171403070098,-3.441239701931356,-0.14843897982803742,0.07398180572597608,-0.6222500095340582,9.88084367970707e-06,0.0006833785084701355,0.0002713340583684109,0.0055055640160427905,77.65
8839,0.2539787327177123,-298.94422427856983,-0.7734108180616798,-3.6145618473483982,-0.1425409713395798,0.07656553715343536,-0.6233155723114697,1.0106807994730869e-05,0.0006961694668398047,0.000289088452703043,0.005820338543374681,77.658333
8840,0.247429090506809,-298.97636581412667,-0.7773594419859137,-3.8030904110831965,-0.13647131233711213,0.07905853916336752,-0.6243619470870568,1.0347852863090634e-05,0.0007097146002361096,0.00030869440258883335,0.006162320334760213,77.666667
8841,0.24085898436982597,-299.0101765653998,-0.7782292353533662,-4.007832824353948,-0.13023993853979776,0.08144980556396936,-0.6253846818229092,1.0605042340055548e-05,0.0007240150632678264,0.00033025217346667544,0.006537889263047056,77.675
8842,0.23427699012676328,-299.0459623758436,-0.7757684819657692,-4.230045992748226,-0.12383002303701215,0.08374950553165947,-0.6263821983372897,1.0879323516826362e-05,0.0007390638516500446,0.00035382730847364303,0.0069567978975324666,77.683333
8843,0.22775280978233065,-299.0836845315765,-0.7696319957892063,-4.470159491044466,-0.11728456078046069,0.0859426136319435,-0.6273441731941446,1.1171438546005e-05,0.0007548485595606594,0.0003794327836386294,0.007433804447804882,77.691667
8844,0.2212990361968049,-299.12350995372515,-0.7595565613034828,-4.7289127159831645,-0.11059948993504319,0.08802106218289812,-0.6282694948143692,1.1481804184460555e-05,0.0007713358489313983,0.0004070038767313812,0.007990526541243478,77.7
8845,0.21495085875917294,-299.16567751375015,-0.7451985554220082,-5.006641118894804,-0.10377528975860818,0.08999033788179325,-0.6291541472480633,1.181035825484532e-05,0.0007884855907988303,0.0004363704595658494,0.008658132997711211,77.708333
8846,0.20870082067395718,-299.2098652283008,-0.7264329383903746,-5.303336211206852,-0.09684277390681056,0.09177986510415162,-0.6300003541106133,1.2156372645822223e-05,0.000806246383436299,0.0004672266571019768,0.009479876455688738,77.716667
8847,0.202681810208373,-299.2571118558927,-0.7024838616889797,-5.617670861825817,-0.0897723229585955,0.09351401019673768,-0.6307920200854971,1.251823396298538e-05,0.0008245700641172234,0.0004990962762111685,0.01051434660763885,77.725
8848,0.19688229945644733,-299.30714555842513,-0.6732414670109922,-5.948121739716312,-0.08258335846987572,0.09512266225676808,-0.6315331984187537,1.289317645008726e-05,0.0008433799839326577,0.0005313156074887343,0.011833597473135966,77.733333
8849,0.19137019169630703,-299.3600219745851,-0.6383473831168044,-6.291219290530171,-0.07529935580957746,0.09660731010956891,-0.6322179587168149,1.3277005510189464e-05,0.0008626187713584852,0.000563021173313405,0.013522726341823848,77.741667
8850,0.1861675339482935,-299.41593084008053,-0.5975786806801927,-6.64317930464825,-0.06790843591203005,0.09795952130642478,-0.6328466553545162,1.3663842352224837e-05,0.0008822379414632621,0.0005931658158024072,0.015670028771157425,77.75
8851,0.18135762315842938,-299.47466053691977,-0.5507260429701524,-6.996970310150529,-0.06045644513503426,0.09917631432626588,-0.6334126534845135,1.4045928860872582e-05,0.000902223015384341,0.0006205837170463463,0.018351381326855654,77.758333
8852,0.17690603175747643,-299.53607696112664,-0.49797034629211173,-7.347388682246497,-0.05293758906880783,0.1002058343926429,-0.6339234299923425,1.4413549302995008e-05,0.0009225870709933923,0.0006440806458374792,0.021602365417229413,77.766667
8853,0.1729898854210347,-299.6006060483877,-0.4389147721381969,-7.681643592109528,-0.045349691681063495,0.10114487119838275,-0.6343623831617817,1.4755189103144493e-05,0.000943408192104661,0.0006626034320732196,0.025391572756024876,77.775
8854,0.1696242333028289,-299.66777413139283,-0.3740222871414459,-7.989436072611823,-0.037717847563008174,0.10195755709207617,-0.6347318592941666,1.5057907221312251e-05,0.0009647571052412291,0.0006753499238004414,0.029572831895322838,77.783333
8855,0.16683661324913443,-299.73723957728873,-0.3038645380820467,-8.25971672355512,-0.03005269301690744,0.10263115065591348,-0.6350324363632733,1.5308020080185395e-05,0.0009867178102352801,0.00068196925266894,0.033874065464714505,77.791667
8856,0.16467316701429108,-299.80869426012305,-0.22915296156608964,-8.480733266707531,-0.022357747551084276,0.10317189831072918,-0.635262310545339,1.5492191900578338e-05,0.001009333332634006,0.000682626772862247,0.037907551502020985,77.8
8857,0.16316284369721543,-299.8816262317729,-0.150887192642566,-8.642237967394255,-0.01464610126663038,0.10357666022980472,-0.6354210256588361,1.5598729235371004e-05,0.0010325343524584885,0.0006779503183654387,0.04121956984182586,77.808333
8858,0.16233743445954993,-299.9554614551279,-0.07024265163344208,-8.73571903267237,-0.006930611270783722,0.10385151915520761,-0.6355071528099183,1.5618914227295276e-05,0.0010560793723401961,0.0006688699192631588,0.04338103584963141,77.816667
8859,0.16220411748243457,-300.02954958147467,0.011430579667718804,-8.756621443254108,0.0007748974362054908,0.10399491030990225,-0.6355210231295255,1.554813154790596e-05,0.0010795093306669248,0.0006563774637897054,0.04408991410143032,77.825
8860,0.16276462090978835,-300.1033266670179,0.09276398214888114,-8.704014140688747,0.008467173835692891,0.10400991656459348,-0.6354626321818322,1.5386553949724766e-05,0.0011021532763021559,0.0006413037093140733,0.04325175428338707,77.833333
8861,0.16401468016000093,-300.17611324426923,0.17237969733431158,-8.580691782288834,0.016130446130828174,0.10390365165248369,-0.6353316870398483,1.513921878081595e-05,0.0011231779181700011,0.0006241810559942336,0.04100203307682609,77.841667
8862,0.16592861439759632,-300.2473213012453,0.24901435760525864,-8.393593810740478,0.023753608599041274,0.1036777735794978,-0.6351292766202185,1.4815455093117862e-05,0.0011416809576846193,0.0006052449663859063,0.037664908424240355,77.85
8863,0.168476168052965,-300.316454060097,0.32159492787512584,-8.15213831657896,0.03132801679637765,0.1033373733945357,-0.6348562477439473,1.4427809716495162e-05,0.001156811351497606,0.0005845452636131413,0.03366470693992905,77.858333
8864,0.17162066090021771,-300.3831058120356,0.38926955004636876,-7.86732788068198,0.03884591178057273,0.10288852075239097,-0.6345135618025204,1.3990695543737015e-05,0.0011678745981701466,0.0005620998419622562,0.029427440123864848,77.866667
8865,0.17530422517455516,-300.447248972989,0.4514963668840377,-7.5511948188541265,0.04632481306432127,0.10231545779246502,-0.6341041487541885,1.3519018828125516e-05,0.0011744069121347451,0.0005380248073237866,0.025304972059769962,77.875
8866,0.17949316870763302,-300.5080954646072,0.5077544944322421,-7.214539228082629,0.053701014765911236,0.10165693478063084,-0.633628109619608,1.3027021171277138e-05,0.0011762124831724656,0.0005125941892671835,0.021536446482267414,77.883333
8867,0.184123289748903,-300.56608099240293,0.5580027131986753,-6.867664860105873,0.06101981379176348,0.10088317763642521,-0.6330889980648818,1.2527419189523691e-05,0.0011733400627073514,0.00048623307092578486,0.01824966751574892,77.891667
8868,0.18913920869943496,-300.6210612211598,0.6022169631366854,-6.519185131691754,0.06826086930888385,0.09999904120122867,-0.6324896506315582,1.2030920899600408e-05,0.0011660546654309373,0.00045946255244633954,0.015479417860795463,77.9
8869,0.19450527281910016,-300.6727017363926,0.6404448783539645,-6.175623212028122,0.07538613423790391,0.09904152779664167,-0.6318308469933799,1.1546051132714127e-05,0.0011547766012890755,0.00043282597113094255,0.013199451458356144,77.908333
8870,0.20016794455654913,-300.7211043527789,0.6729240612164693,-5.8423195486116555,0.08239073802539065,0.09801530981948073,-0.6311158990269716,1.1079201149484757e-05,0.0011400139059267894,0.0004068261341326095,0.011350969968664897,77.916667
8871,0.20607218281091216,-300.76659441596775,0.6999899439353399,-5.523053635516641,0.08928608080786742,0.09690598944486332,-0.630348901529687,1.0634849082309835e-05,0.001122320480538706,0.0003818817063062472,0.009862803255248551,77.925
8872,0.2121724016223915,-300.80930869464845,0.7219677063732518,-5.220235590483601,0.09606483526522092,0.09571730389562619,-0.6295333651494719,1.0215856538624842e-05,0.0011022566764281774,0.00035830657409971207,0.008664925164348426,77.933333
8873,0.21842765627623062,-300.8494201642262,0.7391984107320575,-4.93521072493721,0.10272269076506314,0.09445159206032634,-0.6286727751662664,9.823781741433145e-06,0.0010803569218792279,0.0003363075567461866,0.007695687786188404,77.941667
8874,0.22479915185562663,-300.88707342974413,0.752018327171963,-4.668573270554286,0.10925184253482863,0.09311411878588084,-0.6277709044400465,9.459178153715432e-06,0.0010571108790578265,0.00031599523246945104,0.006904269615918807,77.95
8875,0.2312525658325074,-300.92232181125115,0.7607411889688495,-4.420345112059781,0.11563708593291822,0.09172184980047147,-0.626831460044981,9.121858452610654e-06,0.0010329545362300465,0.00029740090979380357,0.006250537084213524,77.958333
8876,0.2377498174331242,-300.95565262325056,0.76572366205785,-4.190059519541996,0.12190030549492056,0.09023863926603469,-0.6258592622783972,8.811114194395162e-06,0.001008266393404828,0.00028049533015274614,0.005703698898047013,77.966667
8877,0.24426467270410587,-300.9869324235608,0.7672192934127058,-3.9770629752528603,0.1280116146807628,0.08870253867243823,-0.6248579028994421,8.525893203230534e-06,0.000983371215017048,0.0002652072261154656,0.005240467900040659,77.975
8878,0.2507625305602044,-301.01664979183704,0.7655398586244947,-3.7804521408012532,0.1339924998038333,0.08707029736619264,-0.6238327387921242,8.264933239668834e-06,0.000958539410016029,0.000251437301073206,0.004843483633360428,77.983333
8879,0.2572252011246205,-301.0447755095452,0.7609081013741291,-3.599228820920555,0.1398262419141192,0.08536678014148054,-0.6227870001826069,8.026865153572642e-06,0.0009339964159133022,0.00023907130074696017,0.004499745968142754,77.991667
8880,0.2636235895864132,-301.07145197639204,0.7535560087290578,-3.4324360299331915,0.14550582933683434,0.083590066920921,-0.6217260385548896,7.810283316998261e-06,0.00090992196127306,0.00022798824049942917,0.004199544329957295,78.0
8881,0.2699430343263437,-301.09676549723315,0.7436826116814763,-3.27901279903692,0.15102723183344124,0.08174909317087647,-0.6206531830954123,7.613798307628374e-06,0.0008864611071145585,0.0002180672005369254,0.003935520680442999,78.008333
8882,0.27615678367498014,-301.1209148881885,0.7314883241218835,-3.138018360989928,0.15638916153795243,0.07983027461227346,-0.6195741037880661,7.436068695913823e-06,0.0008637241436158985,0.0002091915137071243,0.0037020456451144824,78.016667
8883,0.28224824870512555,-301.14398856780264,0.7171430948480486,-3.008502839204141,0.16158657544537736,0.07783733912899077,-0.6184930395316942,7.275823382029873e-06,0.0008417969069119214,0.00020125164102855278,0.0034947196615578106,78.025
8884,0.2881988066136285,-301.1661455259258,0.7008097290261825,-2.8895871681067096,0.1666188082340126,0.07576029549591164,-0.6174148225018975,7.131872045128485e-06,0.0008207413566011932,0.00019414649927735936,0.003310058332668713,78.033333
8885,0.2939934427795409,-301.18740513175794,0.6826276391392184,-2.7804511876660474,0.17147640356240929,0.0736112604502657,-0.6163438472413146,7.003110257222696e-06,0.0008006006504462429,0.00018778416281372727,0.003145247434240147,78.041667
8886,0.2996198185150789,-301.20783393593234,0.6627283698247597,-2.680323420291969,0.17615541005775537,0.07139452281907166,-0.6152841671088418,6.888519542704089e-06,0.0007814015606909797,0.00018208187662204812,0.0029979815737115403,78.05
8887,0.30506144590732087,-301.22759875607034,0.6412413202733842,-2.5885194836393977,0.18065659787011137,0.06909415814820265,-0.6142407538024387,6.787164521591269e-06,0.0007631569264141457,0.00017696578506644302,0.0028663432345873937,78.058333
8888,0.31030974811160944,-301.24664215751017,0.6182723606288404,-2.5043856621478398,0.18496942659528817,0.06673466371441877,-0.6132171789504383,6.69818856171805e-06,0.0007458698843985938,0.000172370453225672,0.0027487117324827655,78.066667
8889,0.31534884199836033,-301.2651438982208,0.5939348922108181,-2.4273627874088346,0.1890956008941153,0.06429510741984987,-0.6122185112852792,6.620807716786955e-06,0.0007295337352203926,0.00016823818335546435,0.002643710761024093,78.075
8890,0.320168019098713,-301.28317896025817,0.5683289870436096,-2.3569256347783956,0.19303214296264845,0.06177301805533496,-0.6112488844158188,6.554304925857014e-06,0.0007141363810381541,0.00016451838539258435,0.002550153928028531,78.083333
8891,0.3247592385455296,-301.30073032061307,0.5415444018366758,-2.292588030434034,0.19677195279956547,0.059183391484166,-0.6103119181532322,6.498023581905429e-06,0.0006996603482020443,0.00016116686600957286,0.0024670160595218122,78.091667
8892,0.32911304729511087,-301.31787200022177,0.513670630260721,-2.2339237445292395,0.2003129366074316,0.056522936436399156,-0.6094115175809479,6.451361417860485e-06,0.0006860836265131262,0.00015814518419250684,0.0023934091644303855,78.1
8893,0.33321967621738874,-301.3346287067285,0.48479021878703216,-2.180550208081392,0.20364983048807558,0.05379730525902225,-0.6085516487242851,6.413764876131625e-06,0.0006733814678400342,0.00015542005487959192,0.0023285601600932238,78.108333
8894,0.3370699855003513,-301.3511142841358,0.4549860583820558,-2.1321324264471,0.2067824341287608,0.05099350212278997,-0.6077361272402997,6.384723896389602e-06,0.000661527552334583,0.00015296280383617916,0.0022717955839373864,78.116667
8895,0.3406589488737866,-301.36729494737995,0.4243318509898151,-2.0883448851033144,0.20970496949068293,0.048128690053977595,-0.6069678472873171,6.363767192607698e-06,0.0006504946751118967,0.00015074886385818464,0.0022225282149395007,78.125
8896,0.34398054399265404,-301.383207424917,0.3929013283245511,-2.0489091237642985,0.21241501136423713,0.0452052240325035,-0.6062498357470312,6.3504579847733475e-06,0.0006402544888717185,0.00014875734472959167,0.0021802490453078673,78.133333
8897,0.34702556383690475,-301.3989813813722,0.36076839528184695,-2.013603929528311,0.21491207410640537,0.04220465260389749,-0.60558573330113,6.3443903587384685e-06,0.0006307785358247403,0.00014697065053378798,0.0021445175250685896,78.141667
8898,0.3497905598513979,-301.41454530951086,0.32799823988524923,-1.9821905043118175,0.21718994444427037,0.03915170615620622,-0.6049778381175238,6.345186183577947e-06,0.0006220395574961198,0.0001453741464609236,0.002114953246089132,78.15
8899,0.3522678045843944,-301.4299775670361,0.2946583765250391,-1.9544946507606165,0.21924642124480875,0.03603841773409846,-0.6044292778270809,6.352492363046124e-06,0.000614010506547515,0.00014395587492391682,0.0020912325941889616,78.158333
8900,0.3544569579785075,-301.44523806827084,0.2608135106094299,-1.9303252566023779,0.22107909787209346,0.03288313096881114,-0.6039414250221203,6.36597868963143e-06,0.0006066659873474271,0.0001427063075857799,0.0020730820175719287,78.166667
8901,0.35635222059798627,-301.4604300744522,0.2265296472967459,-1.909558873733652,0.22268732903914462,0.029671957127153818,-0.6035167281208169,6.38533596514255e-06,0.0005999808538252419,0.00014161813378014892,0.002060275353223831,78.175
8902,0.35794953218062586,-301.4755615069411,0.19186835292960241,-1.8920724408200724,0.22406788940914582,0.026411927428679052,-0.6031571136123929,6.410274671316691e-06,0.0005939318379299811,0.00014068609668554412,0.002052628816747817,78.183333
8903,0.35924518775866415,-301.4906838346896,0.15689214856119799,-1.8777723944443194,0.225218880755241,0.023100326394440165,-0.602864282693731,6.440523933365891e-06,0.0005884973243696259,0.00013990685092167207,0.002049999123954687,78.191667
8904,0.3602375692751109,-301.50579461707014,0.1216616622521361,-1.866568758815824,0.22613811148101134,0.019746619090072023,-0.6026393102398095,6.475830829355068e-06,0.0005836574393777061,0.00013927885153512746,0.0020522808493086612,78.2
8905,0.3609251240966673,-301.52103172458004,0.08624320550498979,-1.858423537992677,0.22682595509328748,0.01632851625619097,-0.6024830938116764,6.515959991906408e-06,0.0005793937661433405,0.00013880226429352372,0.0020594050356112004,78.208333
8906,0.3613049980226541,-301.5362990464393,0.050690290949130724,-1.853267780132344,0.227277287866432,0.0128766680269235,-0.6023966621061271,6.560693521082347e-06,0.0005756894995250246,0.00013847892716309962,0.002071336388510238,78.216667
8907,0.3613758163535975,-301.55155153908936,0.01505906354196127,-1.8510571635792636,0.22748986902291182,0.009410522700949598,-0.602380539385556,6.609831174422881e-06,0.000572529864600352,0.00013831228288197297,0.0020880747075586927,78.225
8908,0.3611373873840214,-301.566843151444,-0.02058913939022588,-1.8517871156422276,0.22746358592838972,0.0059271297493534375,-0.60243480882626,6.663190768883288e-06,0.000569901880566829,0.0001383073562436903,0.002109653855400272,78.233333
8909,0.3605909752831537,-301.5822254803034,-0.056192005279116254,-1.8554680622959256,0.2271986522722369,0.0024241344565268516,-0.6025590499310552,6.720608828304909e-06,0.0005677942152512211,0.00013847077957875,0.0021361403622477907,78.241667
8910,0.3597362424876333,-301.5978073310951,-0.09168600197750891,-1.8621500182850292,0.2266937388604212,-0.0011136615543509822,-0.6027530349947859,6.781941461513958e-06,0.0005661970142776653,0.00013881083013424672,0.0021676331667976273,78.25
8911,0.35857620601674306,-301.6134859013272,-0.1270154022883755,-1.871833765704582,0.22594919725582405,-0.00465321299459953,-0.6030156055561711,6.847065486501574e-06,0.0005651023387018287,0.00013933751243730086,0.00220426335624533,78.258333
8912,0.3571104965969661,-301.6293533029926,-0.16211813351769533,-1.8846032164640905,0.22496342185489412,-0.008205478015798526,-0.6033462037950261,6.91587972044012e-06,0.0005645036020762214,0.0001400625602156376,0.002246196745280322,78.266667
8913,0.3553411215293512,-301.6454565746611,-0.1969315818776239,-1.900544247623181,0.22373570219195324,-0.011770799859752002,-0.6037435685051521,6.988306500268098e-06,0.0005643963474569864,0.0001409996077484249,0.002293632948685653,78.275
8914,0.3532720311460106,-301.66178245482644,-0.2313942848289798,-1.9197398984203775,0.22226701140557878,-0.015335731804959327,-0.60420584542591,7.064293412989691e-06,0.0005647778310543907,0.00014216430796186837,0.0023468063151959933,78.283333
8915,0.35090658393407737,-301.678393211634,-0.26544086528916344,-1.9423205695969465,0.2205570059256451,-0.018903369492376934,-0.6047311654239012,7.14381520211839e-06,0.0005656467545228842,0.0001435744586285613,0.002405987436230797,78.291667
8916,0.3482469013644676,-301.6952672202778,-0.2990120924005326,-1.9684140790438331,0.2186058971563383,-0.022457735034296974,-0.6053177880597941,7.226875882563127e-06,0.0005670035035936119,0.0001452502339224781,0.002471483257795852,78.3
8917,0.3452996555982459,-301.71245839597276,-0.33203802541699867,-1.9981883831764398,0.21641531026415364,-0.025999414190466166,-0.6059628343562192,7.313511062949496e-06,0.0005688504956735292,0.00014721433858345135,0.0025436404858027117,78.308333
8918,0.34206910423775555,-301.73000254168574,-0.3644520419671112,-2.0318366969722805,0.2139855447303772,-0.029524323718210125,-0.6066638390669301,7.403790436455635e-06,0.0005711913744175521,0.00014949232565488065,0.0026228437641183456,78.316667
8919,0.33855791935943547,-301.7479884715984,-0.3961845809973068,-2.069604956930312,0.2113140878295439,-0.03303882119919045,-0.6074185585364805,7.497820493781632e-06,0.0005740316366174836,0.00015211287036914967,0.002709518138353684,78.325
8920,0.33477313635889117,-301.7664336927635,-0.4271638507573195,-2.111734052182393,0.20840284734175055,-0.03653349408194492,-0.6082237003817063,7.595747462484515e-06,0.0005773790246167299,0.00015510814734375584,0.0028041297122878184,78.333333
8921,0.3307229586456244,-301.7853109682907,-0.4573187628148398,-2.1584757046850607,0.20525645561587327,-0.03998941730123486,-0.6090756493309487,7.697760407406361e-06,0.0005812427585982812,0.00015851414636140377,0.002907186218241577,78.341667
8922,0.32641439162151126,-301.8046934553591,-0.486570677663888,-2.210160878700421,0.20187536296337397,-0.043407965931076035,-0.6099709820951589,7.804094423984565e-06,0.0005856334617124409,0.0001623710175053075,0.003019238736685466,78.35
8923,0.32185411422745475,-301.82468834492096,-0.5148358336675048,-2.267177880385328,0.19825780534547446,-0.04679599724623392,-0.6109062857241907,7.915033975006034e-06,0.0005905635244425806,0.0001667236306192815,0.003140880143929691,78.358333
8924,0.3170523640443575,-301.84526921952965,-0.5420338004374758,-2.3298906748081936,0.19441002570452018,-0.05013304793752912,-0.6118773832117521,8.030916383442307e-06,0.0005960472638651688,0.00017162211864212674,0.0032727443358483506,78.366667
8925,0.31201791225841125,-301.8665023096804,-0.568075651146122,-2.3987544795550844,0.1903334852245386,-0.053416316284327504,-0.6128803914573324,8.152135263619322e-06,0.000602100320278732,0.0001771221838307776,0.003415509832361601,78.375
8926,0.3067650086913786,-301.8885899313024,-0.5928472265826545,-2.474332988714499,0.18602504157770144,-0.056668019099184334,-0.6139103616924778,8.279143802387988e-06,0.0006087400433939487,0.00018328572836348906,0.0035698996007346748,78.383333
8927,0.30130069286668265,-301.91142479345996,-0.616269930470388,-2.557105859398921,0.18149405584235728,-0.05984926545853584,-0.6149638085236927,8.412457889174263e-06,0.0006159844112977163,0.00019018172077139606,0.0037366710550352502,78.391667
8928,0.2956377425462211,-301.9351155757283,-0.6382311506487491,-2.6477091327625275,0.17674194903231435,-0.06296212241950183,-0.616036173668958,8.552658686065434e-06,0.0006238536112299437,0.0001978858431489023,0.003916648403114897,78.4
8929,0.2897893420350727,-301.95973467100754,-0.6586150082148231,-2.7468236933517205,0.17177238643106235,-0.06600047022270336,-0.6171229195761245,8.700394297082934e-06,0.000632368747427264,0.00020648128883552524,0.0041107218563935935,78.408333
8930,0.28376820400874675,-301.9853551342299,-0.6772994876394888,-2.855201067763069,0.16658889967580953,-0.06895680040877256,-0.6182197108295624,8.856380249023672e-06,0.0006415516818074371,0.0002160587497194715,0.004319877709900308,78.416667
8931,0.27759071170846095,-302.0120757882999,-0.6941454870154246,-2.9736700631558293,0.16119555563499657,-0.07182722867626598,-0.6193216892215323,9.021398096661732e-06,0.0006514249639881428,0.00022671610901938682,0.004545249909607497,78.425
8932,0.2712738488367108,-302.03999823744687,-0.7090031269250644,-3.103132643687862,0.1555966213329566,-0.07460666026099455,-0.6204240891120114,9.196291333629375e-06,0.0006620107595603801,0.00023855777150159834,0.004788196898000338,78.433333
8933,0.26483389345212244,-302.0692080702982,-0.7217154551133473,-3.244556941242315,0.1497973845666453,-0.07728554958727775,-0.6215224855771391,9.381957514476372e-06,0.0006733303313009918,0.000251693123363624,0.005050436980243166,78.441667
8934,0.2582944551605408,-302.09980340139964,-0.7320989523916674,-3.398957950066021,0.14380663916197692,-0.0798568533907427,-0.6226114728909727,9.579335188373094e-06,0.0006854036598950451,0.00026623378413476,0.005334271347020229,78.45
8935,0.2516732461873205,-302.13196169542755,-0.7399564538635854,-3.5674890099913723,0.13762377106139267,-0.08232131333602036,-0.6236869500682808,9.789383567909245e-06,0.0006982470984493556,0.00028228965554054277,0.005642905621383275,78.458333
8936,0.24499690340875813,-302.16582841097096,-0.7450622314205477,-3.7512850088329888,0.13125543286967106,-0.0846748875505236,-0.6247436973963815,1.001305290836822e-05,0.0007118738405256521,0.00029996305799784176,0.005980962451671387,78.466667
8937,0.23828814675683982,-302.2014981869743,-0.7471906165097838,-3.9514761853594402,0.12471068708854725,-0.08690366073484003,-0.6257775251259718,1.0251242427141908e-05,0.0007262908501745595,0.0003193400660758585,0.006355211463150086,78.475
8938,0.23156833531566778,-302.23905389824523,-0.7461057914663627,-4.169180715314764,0.11799970579344304,-0.08899083523193937,-0.6267848222104478,1.0504741938940117e-05,0.0007414987341480953,0.00034047813559779765,0.006775666256828062,78.483333
8939,0.22487093580306422,-302.2787220697171,-0.7415042037204337,-4.405470477639994,0.11112647916211704,-0.09093981240998861,-0.6277605983365535,1.0774153494833482e-05,0.0007574910696484816,0.00036339007060937447,0.007257096717115414,78.491667
8940,0.21823014742108435,-302.3206405512847,-0.7330784643822168,-4.661164234444152,0.10410281539105175,-0.09274167637782879,-0.6287003244521882,1.1059787826725464e-05,0.0007742506821316277,0.00038802499945359215,0.007820899502357426,78.5
8941,0.21166351301966102,-302.3650431879386,-0.7205258328424776,-4.937092373233951,0.09692378033501182,-0.0943887939333827,-0.6296022943584083,1.136153081051438e-05,0.000791749374015022,0.0004142434884352062,0.008497499229652547,78.508333
8942,0.20522507676281984,-302.41209143276507,-0.7034582880630468,-5.23322735043428,0.08960757456032753,-0.09587914014689211,-0.6304602967214573,1.1678679506348994e-05,0.0008099530243648328,0.00044179087142140613,0.009329153735605207,78.516667
8943,0.19895655171574966,-302.46196822986093,-0.6815074604133475,-5.5490418290813786,0.08216314154966493,-0.09720713394992166,-0.6312705473534559,1.2009742280519251e-05,0.0008288148778695313,0.00047026800790145,0.010372107256233207,78.525
8944,0.19290331907366495,-302.5147636084805,-0.6543213586573575,-5.883029643110217,0.07460826969754762,-0.09836117432387297,-0.6320294282344507,1.2352206640531793e-05,0.00084828363487627,0.0004991077185994761,0.011697731884188907,78.533333
8945,0.1871256437281876,-302.5706131136029,-0.621521445340018,-6.232290179674746,0.06695926262627878,-0.09934274312581726,-0.6327321623031209,1.2702291145817834e-05,0.0008683101420644371,0.0005275617114392148,0.013390611987013587,78.541667
8946,0.18166404383657042,-302.62969258242794,-0.5828092406104584,-6.592926251254619,0.059216941617178165,-0.10014689588134223,-0.6333770328539229,1.3054700641927243e-05,0.0008888536316029254,0.0005547095025275816,0.01554062678267495,78.55
8947,0.17657333710539955,-302.69202514195774,-0.5379509382079515,-6.958985228094445,0.05139784525074034,-0.10076754963275729,-0.6339610990593909,1.3402433028082523e-05,0.0009098988283881912,0.0005795041190270276,0.018227625366888756,78.558333
8948,0.17189050550124685,-302.75773202781284,-0.48682595902164044,-7.323311972835468,0.04349773588437019,-0.10119628788965011,-0.6344838618643415,1.3736695343939507e-05,0.0009314623157154354,0.0006008528565272425,0.021495466858570157,78.566667
8949,0.16768977541196498,-302.8266807851023,-0.4294157683986598,-7.675550821499104,0.0355409088032509,-0.10143630656021066,-0.6349409674834835,1.4047005160112952e-05,0.0009536015672729042,0.0006177447234465205,0.025318305050519088,78.575
8950,0.16402509844132698,-302.8986377075005,-0.36595425569111883,-8.004079768038542,0.027546457378029666,-0.10148273160510038,-0.6353305915410399,1.4321535211509262e-05,0.0009763955402203425,0.0006293870442638075,0.02956181011173108,78.583333
8951,0.1609533031913101,-302.9733459007414,-0.29687678750201374,-8.295863814122166,0.019525746626259746,-0.10133885038784894,-0.6356506078788537,1.4547757132970555e-05,0.0009999231694879103,0.0006353504903123371,0.03395840043195921,78.591667
8952,0.15851988423679408,-303.0503995325638,-0.22290660592693806,-8.53776599472216,0.011492109101859356,-0.10100401253966255,-0.6358998612637675,1.4713401804799647e-05,0.0010242128866768977,0.0006356507004748078,0.038110911179540866,78.6
8953,0.15676565827233707,-303.1292355526059,-0.145039803044807,-8.717451459607705,0.003463473200088697,-0.1004803473971122,-0.6360772097916635,1.4807656081577813e-05,0.001049179543866746,0.0006307354275932734,0.041542751079229105,78.608333
8954,0.15573531057127946,-303.2091572310012,-0.06450458456707503,-8.824212603876077,-0.004539804114020487,-0.09978136573039603,-0.6361804633180614,1.4822427622553698e-05,0.0010745571011396098,0.0006213579816344072,0.04379227274825984,78.616667
8955,0.15543423878115975,-303.28950610178083,0.017277958725583582,-8.852395727792185,-0.012509818782350413,-0.09890504537005852,-0.6362105069160517,1.4753418971542892e-05,0.001099849089788093,0.0006083784299513113,0.044527160668766635,78.625
8956,0.15586447250896995,-303.36954977869215,0.09881179958657163,-8.800422249302006,-0.020433985965803775,-0.09785604051140122,-0.6361675567246261,1.4600803059077045e-05,0.0011243374741695515,0.0005925708741799605,0.04363829494417486,78.633333
8957,0.15702068681011283,-303.44854470298935,0.1786184808523066,-8.671182864567657,-0.028299038585408613,-0.09664421711025156,-0.6360515485322618,1.4369319714150773e-05,0.0011471339322592989,0.0005744917605905847,0.041269367408365,78.641667
8958,0.15887763862173235,-303.52580013085276,0.25533244698558666,-8.472281848472358,-0.036091841963593885,-0.09527623528539829,-0.6358634528021849,1.406773306555844e-05,0.0011672801945830258,0.0005544718492297699,0.03777158244062687,78.65
8959,0.16138984668048592,-303.60085479975766,0.32782943125470465,-8.214967401733837,-0.04381061378319452,-0.09374858810760044,-0.6356054948030038,1.370779521770342e-05,0.0011838760887517138,0.000532705586714355,0.03360410073376923,78.658333
8960,0.16454353450361212,-303.67289775164267,0.3951260355975894,-7.910678875443464,-0.05142196579284987,-0.09210163162155387,-0.6352759900725405,1.3302959645639286e-05,0.0011961979610943623,0.000509371991141955,0.029222123196048437,78.666667
8961,0.1682788688978173,-303.7416595925698,0.4566049166777156,-7.5732403452675205,-0.05892453890014459,-0.09033781309617263,-0.6348775400944708,1.2867046430309215e-05,0.0012037591707878016,0.00048473841012133296,0.024996330038975872,78.675
8962,0.1725380837910505,-303.80690918054665,0.5118966122489725,-7.215519465189388,-0.06631071484139142,-0.08846643366084089,-0.6344123989082777,1.2413147106459028e-05,0.0012063574330791937,0.00045919603372142673,0.021170572822028593,78.683333
8963,0.17726186834339777,-303.8685215782006,0.5608626611650682,-6.848862438536034,-0.07357292753385367,-0.08649739532335789,-0.6338830630426823,1.1952860011230835e-05,0.0012040557754192979,0.0004332335368319662,0.01786502032415569,78.691667
8964,0.18239645163039367,-303.92642207301753,0.6035384914042067,-6.482517733101432,-0.08070272119085255,-0.08444683414603026,-0.6332916513511799,1.1495867297441063e-05,0.0011971351653704747,0.0004073783962592125,0.015103469675792378,78.7
8965,0.18788131894117358,-303.9806880356249,0.6401188264894058,-6.123902703295468,-0.08769549248817879,-0.08232137459413091,-0.6326414502371691,1.1049804418145087e-05,0.001186030361209805,0.0003821336797071888,0.012848287558456043,78.708333
8966,0.1936684472701952,-304.03134137696793,0.670865931452695,-5.7782476447191735,-0.09454232027029935,-0.08014169569974088,-0.6319347837904465,1.062035338232017e-05,0.0011712723335551322,0.00035792806355386007,0.011030867744831963,78.716667
8967,0.199703026268571,-304.07861165793804,0.6961360964188911,-5.449256792998472,-0.1012440378512816,-0.07790905883038327,-0.6311753607577946,1.0211460799941487e-05,0.0011534301163942853,0.0003350884761415413,0.009573928892974563,78.725
8968,0.20593365179004197,-304.1226569586609,0.7162990858019925,-5.139226304136034,-0.10779344826655575,-0.07563294333980682,-0.6303671494205286,9.82562535252615e-06,0.0011330753285378919,0.0003138332869462846,0.008404262303859166,78.733333
8969,0.21232329054604443,-304.1636173490261,0.7317174638800695,-4.849149573292155,-0.11418697111886685,-0.0733305003443308,-0.6295128958345089,9.464193226370362e-06,0.0011107540518312386,0.00029428007537351766,0.007458989498700043,78.741667
8970,0.21882439102468496,-304.20175890226136,0.7427753249699215,-4.579401146070472,-0.12042309146793853,-0.07100001877086433,-0.628617362989475,9.12762787718312e-06,0.0010869643890084508,0.0002764624057905182,0.006687325559303159,78.75
8971,0.22539985516459995,-304.2373090708185,0.7498268631495827,-4.329641277153336,-0.1265008735031341,-0.0686449815533084,-0.6276845610547467,8.815751187194165e-06,0.0010621549823801116,0.00026034955250829486,0.006049689159338893,78.758333
8972,0.23201890204785275,-304.27044967995226,0.7531953119416182,-4.09911677219848,-0.1324184133350046,-0.06627379132934391,-0.6267181671761833,8.527936332354251e-06,0.0010367183460292786,0.0002458653329559677,0.005516035931219063,78.766667
8973,0.2386417664688682,-304.3016759240544,0.7532210709018634,-3.8868625502354566,-0.13818796590660296,-0.06384674355765674,-0.6257237346398795,8.263260798231617e-06,0.001010990522160754,0.00023290443000556832,0.005063886201947159,78.775
8974,0.2452523008630846,-304.3305718715241,0.7501119517975913,-3.691817461189123,-0.14377535868756325,-0.061451937434791645,-0.6247037844416928,8.020626334329688e-06,0.0009852597425659658,0.00022134591032121526,0.004676450733015716,78.783333
8975,0.25181904061447263,-304.3575244359015,0.7441472091088287,-3.5128049469348164,-0.14919029863290156,-0.05906375881854266,-0.6236635630402426,7.798841981997222e-06,0.0009597614099133852,0.0002110617359104679,0.004341286343080914,78.791667
8976,0.2583191339546006,-304.38268788380566,0.7355553079420734,-3.348637528481095,-0.15443153814290675,-0.0566870502916071,-0.6226074132485517,7.596689500187579e-06,0.0009346912480190492,0.0002019248978579436,0.0040490102588245465,78.8
8977,0.2647230713994438,-304.40686538948177,0.724598643648101,-3.198100171107492,-0.15952866602846608,-0.05421901409144927,-0.6215411618727511,7.412965161253514e-06,0.0009102071446524627,0.00019381359949915457,0.0037924897641881616,78.808333
8978,0.2710165564697997,-304.42971813750586,0.7114212225391251,-3.0601526315428007,-0.16445414498658928,-0.05173228056318518,-0.6204684665802621,7.246508979300932e-06,0.000886437114167454,0.00018661441277670977,0.0035661838098125444,78.816667
8979,0.277181640947411,-304.4509857461292,0.6961660260446753,-2.9338159939600863,-0.16918646833468304,-0.049292368835351076,-0.6193938278535209,7.096220686116956e-06,0.0008634782186600648,0.0001802228963913682,0.003365775462423989,78.825
8980,0.28320031012219976,-304.47119210719484,0.6790166064747801,-2.818091460290986,-0.17374423165553826,-0.04683330333281171,-0.6183220005315706,6.961070044068135e-06,0.0008414030237543046,0.00017454444548708442,0.003187829932960131,78.833333
8981,0.28906122276046387,-304.49076386928664,0.6601307320950471,-2.712067007510395,-0.17814131850202014,-0.04429783830587418,-0.6172567414291954,6.8401007646521025e-06,0.0008202636192892412,0.00016949453627501887,0.003029545202636037,78.841667
8982,0.2947178997059931,-304.5097717587648,0.6396439671212303,-2.6150976006254183,-0.18235204869269991,-0.04168132617040768,-0.6162084956102531,6.732430061739985e-06,0.0008000930186754863,0.0001649981611425616,0.002888608859876612,78.85
8983,0.300214365506796,-304.52735278874775,0.6176041350868406,-2.526243595136602,-0.18636841843363208,-0.039165080892674765,-0.6151710507860533,6.637248351731974e-06,0.0007809202889111867,0.0001609893045574557,0.0027630707088974814,78.858333
8984,0.30551142673777176,-304.544649295034,0.5941862225193244,-2.444950505316415,-0.19021534520647437,-0.036550251002555066,-0.6141536568934782,6.553810204101804e-06,0.0007627423787917169,0.0001574096439773762,0.002651338771809797,78.866667
8985,0.3105996420170979,-304.5612586991185,0.5694651709213538,-2.370626993471036,-0.1938718512641887,-0.033924183746877674,-0.6131601485097548,6.48143365480561e-06,0.0007455567031974001,0.00015420852433732245,0.0025520202951077155,78.875
8986,0.31546531747553075,-304.5773663384825,0.543542125668023,-2.3027551373777637,-0.19733749122662786,-0.031263568345470436,-0.6121952437962,6.41949327901142e-06,0.0007293523572893732,0.0001513418985471512,0.002463928985725844,78.883333
8987,0.32010110584932877,-304.59298638048,0.5165036907295809,-2.24084827463555,-0.20060924376409386,-0.028577397918028977,-0.6112624447163698,6.367414864603603e-06,0.0007141132956389809,0.00014877164621793348,0.0023860390760380183,78.891667
8988,0.3244969348688209,-304.60822782657254,0.4884362686296711,-2.1844857853168373,-0.20368515271837348,-0.025854733933618073,-0.6103657952173556,6.324669888227923e-06,0.0006998180055473426,0.0001464648973927505,0.002317464808656379,78.9
8989,0.32864188081688317,-304.6227513265349,0.4594006250264472,-2.133258818318957,-0.2065515559167839,-0.023175789351449202,-0.6095095160965849,6.290770599683633e-06,0.0006864418376219369,0.00014439345616093177,0.0022574376539940518,78.908333
8990,0.3325315621675073,-304.63700695054064,0.42949223731178454,-2.0868491177474597,-0.2092189141505394,-0.02045959986092485,-0.6086964460313533,6.265265423286015e-06,0.000673958417229633,0.0001425333001637006,0.002205294744922862,78.916667
8991,0.3361655765484084,-304.6512948252768,0.398797428929638,-2.044967875476795,-0.21169284670448502,-0.017652014613360443,-0.6079284972019663,6.247734669509513e-06,0.0006623387696590258,0.00014086405095457984,0.0021604590152013224,78.925
8992,0.339525630666458,-304.66506603398915,0.3673551330605621,-2.0073060439492143,-0.2139524079249478,-0.01487677439263447,-0.6072112988102144,6.2377868522467966e-06,0.0006515514705381354,0.0001393686024462114,0.0021224307813509234,78.933333
8993,0.3426165881565685,-304.67896231188877,0.3352644429487041,-1.9736796933645664,-0.21601142150193453,-0.012006394073940989,-0.6065454846572141,6.235055776445173e-06,0.0006415681811519361,0.0001380328508712339,0.0020907836387320717,78.941667
8994,0.34542906290898323,-304.69273466248944,0.3025764199935793,-1.943851862143776,-0.217859836595664,-0.00910153366999163,-0.6059346221824303,6.239197473666466e-06,0.0006323579556207871,0.00013684528958054574,0.002065149662233865,78.95
8995,0.34795792932802866,-304.70639690327977,0.26935385172499293,-1.9176378805804537,-0.2194948724824502,-0.006167341854961448,-0.6053812662482685,6.249888151006065e-06,0.0006238917670428339,0.00013579683758232737,0.0020452192146187195,78.958333
8996,0.35020202631017155,-304.7199101994727,0.23565789892626415,-1.894860573554377,-0.2209160064297812,-0.003220564650866034,-0.6048869801396345,6.266822265652829e-06,0.0006161416940839836,0.0001348805963372132,0.0020307339968785626,78.966667
8997,0.3521561790519748,-304.7333334222277,0.2015499217780759,-1.8753922228384,-0.22212095130231402,-0.0002563223567338454,-0.6044540759788163,6.289711023535527e-06,0.0006090803819620499,0.00013409166835271071,0.002021483331149985,78.975
8998,0.3538095955892328,-304.7464602693374,0.16707395653315654,-1.859086098847718,-0.223104217581236,0.002671325690834665,-0.6040859912235327,6.318281328552698e-06,0.0006026823491300685,0.0001334270180679207,0.0020172996121441246,78.983333
8999,0.3551664443682964,-304.75960551999026,0.1323072831646257,-1.845890084807247,-0.22386901689831432,0.0056243521178704625,-0.6037826948598615,6.352275072937934e-06,0.0005969253754180953,0.0001328853265508358,0.002018058169333346,78.991667
9000,0.3562282465790522,-304.77312342542945,0.09732691668580393,-1.8357947847658311,-0.22441302894988527,0.008674744711519761,-0.6035445749219588,6.391448619322669e-06,0.0005917871747457414,0.00013246693398313527,0.002023670067250923,79.0
9001,0.35699090385693194,-304.7866521222484,0.06217193019195345,-1.8286639379144776,-0.22473474444717573,0.011733871098009932,-0.6033731213629904,6.4355727757677954e-06,0.0005872464434013852,0.00013217383348829582,0.002034079309032637,79.008333
9002,0.35745240301392633,-304.8002504949501,0.026901114480877977,-1.824467353165941,-0.22483223998612192,0.01480701622545059,-0.6032692009454172,6.484432995447076e-06,0.0005832843598342044,0.00013200953910443984,0.0020492684736449144,79.016667
9003,0.3576131486680258,-304.81387699440256,-0.008429799006963303,-1.8231643345782065,-0.22470626972684635,0.0178769134611027,-0.6032329740544279,6.537829756131778e-06,0.0005798841304471153,0.00013197910734477386,0.0020692538982469057,79.025
9004,0.3574728214761198,-304.82757074237617,-0.04376258996387959,-1.8247527297210548,-0.22435612170351352,0.020944343881149557,-0.6032646001461933,6.59557922811382e-06,0.0005770305835398542,0.00013208912152144859,0.002094085850945122,79.033333
9005,0.3570302237865774,-304.8414520897412,-0.0790360924633665,-1.829272084091656,-0.22377828042530126,0.02402808337861617,-0.6033642723057486,6.657514187741172e-06,0.0005747104396566954,0.0001323477335708746,0.00212384757644639,79.041667
9006,0.3562858943752174,-304.8554331933406,-0.11419785027762823,-1.8367207177875786,-0.22297459857155186,0.027100108251240682,-0.6035316273407935,6.723485194824887e-06,0.0005729125558063328,0.00013276474266099984,0.0021586545176074377,79.05
9007,0.35524179605863704,-304.86958968712156,-0.14918593467903202,-1.8471575668226496,-0.22194410109901286,0.030168933928326442,-0.6037658189140716,6.7933619626262546e-06,0.0005716276363839731,0.00013335159861797055,0.002198656836445354,79.058333
9008,0.3539004474212154,-304.8839620214109,-0.18393944912849466,-1.860649991265396,-0.22068656650451754,0.033234929787350355,-0.6040657178506963,6.867034930822527e-06,0.0005708480195895288,0.000134121556065564,0.002244037722404702,79.066667
9009,0.35226187064213443,-304.89853269119766,-0.21840341184237175,-1.8772704830971279,-0.21920208774738736,0.03628514427654917,-0.6044305962705865,6.944417082023624e-06,0.0005705676781825658,0.00013508979190980712,0.002295014284210708,79.075
9010,0.35033004601968615,-304.9133202855474,-0.25251614288736274,-1.8971159929606805,-0.21749213156798555,0.03931475318590345,-0.6048586905748694,7.025445964728777e-06,0.0005707828115643624,0.00013627351489116731,0.0023518401033988056,79.083333
9011,0.34810774948436946,-304.9285096798311,-0.2862070408713066,-1.9203624115519071,-0.21555040951334298,0.04235439290244067,-0.6053483617195109,7.110085907096465e-06,0.0005714911020469719,0.0001376921678496185,0.0024148046920125397,79.091667
9012,0.34559963605539223,-304.94392887144005,-0.3194236610718212,-1.9470848150559232,-0.21338596378020036,0.04535702456950722,-0.6058974199151175,7.198330514346974e-06,0.0005726920557985625,0.0001393677615827066,0.002484231718786496,79.1
9013,0.34280774822666865,-304.9597201724658,-0.3520974913746046,-1.9774932168913189,-0.210993444052691,0.04834289199195417,-0.6065041170813585,7.290205330610385e-06,0.0005743867582411822,0.00014132487521465226,0.0025604858231386037,79.108333
9014,0.33973978806524147,-304.97584447317945,-0.3841630146321594,-2.01175043562976,-0.20837877206985503,0.05129358636064776,-0.6071653547633644,7.385770712811765e-06,0.0005765784641728421,0.00014359115737985862,0.0026439688788562196,79.116667
9015,0.3363997778032702,-304.9923738247331,-0.4155513647634312,-2.050092208108538,-0.20554046429100828,0.05421328388359923,-0.6078787297361153,7.485124954301685e-06,0.0005792715731236255,0.0001461975315912413,0.0027351218137426623,79.125
9016,0.3327956287637855,-305.00926533367544,-0.44619509360416987,-2.0927327215840474,-0.20248542186799387,0.05708244007928443,-0.6086409135455285,7.588407610444905e-06,0.0005824724988445989,0.00014917864890460895,0.0028344242455734347,79.133333
9017,0.32891570315511703,-305.0268048294807,-0.4760272248761776,-2.1400829450171543,-0.1991903162612569,0.05994400244368672,-0.6094525799065681,7.695803025638796e-06,0.0005861889993120553,0.0001525731956699787,0.002942395466784257,79.141667
9018,0.3248008528070098,-305.0446251619392,-0.5049550741394272,-2.1922387012385047,-0.1957006908518054,0.06271804221634435,-0.6103033667420449,7.807544257290774e-06,0.0005904340997277414,0.0001564246062451057,0.0030595970388805375,79.15
9019,0.3204411093443101,-305.0630344909123,-0.5329051967294341,-2.2496884145087583,-0.19199271005623325,0.06545075773014329,-0.611193512951351,7.923916813844383e-06,0.0005952156451680761,0.00016078113075302698,0.0031866170418035212,79.158333
9020,0.31584761570801273,-305.0819762646802,-0.5597985815946606,-2.3127744802843773,-0.18807687564331968,0.06811869155915362,-0.6121188163947553,8.045262564217857e-06,0.0006005469629720465,0.0001656969063739551,0.0033240804282841565,79.166667
9021,0.3110284176330713,-305.10163255805423,-0.5855374591283531,-2.3820000755619417,-0.1839461841144603,0.07074247770364107,-0.6130757015851134,8.1719840154247e-06,0.0006064424444408025,0.00017123215742441525,0.0034726451091543977,79.175
9022,0.305993350821271,-305.1218961140871,-0.610042929653908,-2.457771923172064,-0.17961461101247597,0.07328797156230032,-0.6140602392364454,8.30454840578891e-06,0.0006129182353512445,0.000177454196557166,0.00363299159662502,79.183333
9023,0.3007525117957565,-305.1429408639731,-0.633206041461777,-2.5406893292328547,-0.17507674364605913,0.07577212165225373,-0.6150684775621397,8.443491569439837e-06,0.0006199919334985064,0.0001844374141341699,0.003805834922975178,79.191667
9024,0.29531892504498236,-305.16477036047763,-0.6549238803295863,-2.631313857439547,-0.1703411559439001,0.07818038106121465,-0.616095959477758,8.589421355868047e-06,0.0006276824867750379,0.00019226439896911338,0.003991911619166574,79.2
9025,0.28970555432059775,-305.1874995241843,-0.6750766586432692,-2.7303258345163974,-0.16540815848818127,0.08051663445537496,-0.6171383356732332,8.743020386077653e-06,0.0006360095523837485,0.0002010259729874433,0.0041919932823238255,79.208333
9026,0.2839137607289413,-305.2112685532194,-0.6935532283040194,-2.8385152344171867,-0.16026937397808472,0.08278336403800954,-0.618193460883584,8.905047568989133e-06,0.0006449933824204812,0.00021082166336017883,0.004406896672304493,79.216667
9027,0.2779835391530731,-305.2359584869655,-0.7101988958021208,-2.956489095875985,-0.15495940645044048,0.08495094044875298,-0.6192523175131439,9.076338196553212e-06,0.0006546570783615702,0.0002217593710575221,0.004637536282346154,79.225
9028,0.2719171495229957,-305.26171819227704,-0.7248864445989586,-3.0851558854750523,-0.1494706473821046,0.08702228294469468,-0.6203129536921409,9.257800680865843e-06,0.000665017907881024,0.00023395457770325581,0.004884952196264561,79.233333
9029,0.26573429998509196,-305.28874015425686,-0.7374401576361255,-3.225484101708508,-0.1438009293134673,0.089008735005364,-0.6213704615584233,9.450409661959377e-06,0.0006760952447551317,0.00024752892706075185,0.005150462943534052,79.241667
9030,0.2594523828833339,-305.3170011641298,-0.7477056218808912,-3.3783589225539052,-0.1379659415045799,0.090887433165059,-0.6224205862223885,9.655194668712861e-06,0.0006879059549387727,0.0002626082568180464,0.005435816709890017,79.25
9031,0.2530916764641477,-305.34671191609533,-0.7554790421964775,-3.544865110384024,-0.131962441117293,0.0926686700520449,-0.6234588554196262,9.873221263616743e-06,0.0007004642129815618,0.00027931736280308256,0.005743527319588784,79.258333
9032,0.2466748152384591,-305.3779374307064,-0.7605585696649064,-3.7260034493434473,-0.12580168003932277,0.09434122059539721,-0.6244807315457015,1.0105562698554046e-05,0.0007137798272334707,0.00029777494764327564,0.006077300889602843,79.266667
9033,0.24020074591357596,-305.41061653127383,-0.7628002848502085,-3.92282529476305,-0.11949603674675863,0.09586918065078184,-0.6254856593713122,1.0353259049125482e-05,0.0007278566337830322,0.0003180839550169109,0.00644274784568023,79.275
9034,0.233745156799008,-305.44531872915815,-0.7617764532712723,-4.136399424635517,-0.11303550745733379,0.0973207696266986,-0.6264616145695842,1.0617260766639419e-05,0.0007426970237944088,0.00034031755292350015,0.006848540253658012,79.283333
9035,0.2273124971046858,-305.48193808373156,-0.7573093692431286,-4.3675407295390025,-0.1064388932200394,0.09865245590893033,-0.6274081348127626,1.0898349135385361e-05,0.0007582820239150369,0.00036450892252483223,0.007307352175028908,79.291667
9036,0.2209339556428675,-305.5207094199383,-0.7490894633357534,-4.6170296941992515,-0.09970543405979199,0.0998698558622431,-0.6283210572509912,1.1197031982724267e-05,0.0007745881561234268,0.00039062423553451686,0.00783811827604405,79.3
9037,0.2146420156136163,-305.56167657964727,-0.736827333707903,-4.88520335154596,-0.0928534489961337,0.1009577342149668,-0.6291965397137071,1.151341070866588e-05,0.000791580305307448,0.0004185401238890497,0.008468150989101541,79.308333
9038,0.20847215455508575,-305.60498865067643,-0.7201987714020944,-5.172059215098247,-0.08589161628094993,0.101913072809887,-0.630030847275824,1.1847011995046268e-05,0.0008092122198494126,0.0004480133509866942,0.00923578179731884,79.316667
9039,0.20242730820372923,-305.6506615425154,-0.6989871631445219,-5.477452680985655,-0.07882872627723157,0.10270528530252424,-0.630824990754517,1.219658354108034e-05,0.0008274281004609264,0.0004786519703832626,0.010192745285393774,79.325
9040,0.19662204771854436,-305.6992029218547,-0.6725866846878278,-5.799246192952625,-0.07166502437478145,0.10339765025427498,-0.6315659608301073,1.2559863829977099e-05,0.0008461759194597452,0.0005098895250273477,0.011406341779474466,79.333333
9041,0.19106589547422712,-305.75061010292353,-0.6407958027353199,-6.135307880937103,-0.06440818568828509,0.1039589259030642,-0.6322552016531178,1.2933314578315585e-05,0.0008653846064725707,0.0005409686082335846,0.012956213496010152,79.341667
9042,0.18580534552355385,-305.8049138479297,-0.603347359577681,-6.481831558348477,-0.05707419954207995,0.10438183875392043,-0.6328897851608773,1.3311856414209487e-05,0.0008850032525390897,0.0005709509742014753,0.014930029893165692,79.35
9043,0.18089149458868498,-305.8621248852897,-0.5600287202049693,-6.833459974420769,-0.04967815187801291,0.10466375364193044,-0.6334667257051205,1.368865735776686e-05,0.0009050029044016735,0.0005987542821740298,0.017410025655808667,79.358333
9044,0.17637919570696262,-305.92230907289684,-0.5106905715777849,-7.183155863913103,-0.0422243431461383,0.10480988599762209,-0.6339830481322373,1.4055007126758844e-05,0.0009253869415885677,0.0006232325092934416,0.02045077862254811,79.366667
9045,0.1723045084528424,-305.98540455792573,-0.4553802262586285,-7.522747462722163,-0.03471906819467964,0.10481060186390118,-0.6344382055934369,1.4400353455607267e-05,0.0009461968524890957,0.0006432993749407664,0.02404802032048783,79.375
9046,0.1687176130522878,-306.0514551964381,-0.3942186719675826,-7.842295557912769,-0.02715396417970719,0.10467017685741137,-0.6348301575870238,1.4712587414222537e-05,0.0009675140198318243,0.0006580838260211997,0.02810555012881746,79.383333
9047,0.16568887248535147,-306.119804126579,-0.3276573018361123,-8.129426410624255,-0.019587359318701862,0.10439004286612887,-0.6351547582922826,1.497863151538079e-05,0.0009894346075522923,0.0006670726821574797,0.03240695255935331,79.391667
9048,0.16325037196114167,-306.1903621082078,-0.25627347847925147,-8.373049974949742,-0.012001543639241224,0.10397227855748907,-0.6354118671521954,1.5185321080197504e-05,0.0010120226820014453,0.0006702030313462377,0.03661093661840767,79.4
9049,0.16137535296980693,-306.26281652166574,-0.1809892557499743,-8.565234658612471,-0.004392806073745326,0.10337777522579047,-0.6356069945494341,1.532056013948455e-05,0.0010352623471061838,0.000667885154950419,0.04028479900361646,79.408333
9050,0.16021942707735362,-306.33635419271934,-0.1027134478977658,-8.690579922750713,0.0031915507310416127,0.10268669531881294,-0.6357261747674328,1.5374681946428403e-05,0.0010590099202264487,0.0006608897134057494,0.04298278805047939,79.416667
9051,0.1597398580666921,-306.41049479071603,-0.022790974022500358,-8.745407986269223,0.01075704489472605,0.10186499176823359,-0.6357753707978869,1.534156149150761e-05,0.0010828769370420093,0.0006501018575098516,0.04433385529970042,79.425
9052,0.15994519462497092,-306.4846608013951,0.05744891675130666,-8.726804130838365,0.018298760787091282,0.10091633628103844,-0.6357543244849139,1.5219442536885935e-05,0.0011062770993836891,0.000636376191497964,0.044147649577702196,79.433333
9053,0.16083382045483952,-306.5582128654427,0.13664149461793013,-8.635787159579799,0.025806562763672432,0.09984572078400461,-0.6356629342941488,1.5011318351304386e-05,0.0011284331288093023,0.0006203327676468998,0.04246119030634648,79.441667
9054,0.16238745823720416,-306.6305020146023,0.2134755655920762,-8.477529758202316,0.033266151223435084,0.09865674449324974,-0.6355019454138384,1.472463460833169e-05,0.0011484547150126321,0.0006023068207484601,0.03952542656315622,79.45
9055,0.1645763047272842,-306.7010094297736,0.28680939195620697,-8.260439230501438,0.04066987704799476,0.09735133592868664,-0.6352725329886387,1.4370437193448312e-05,0.0011654511490923301,0.0005824166754464247,0.035733962074504994,79.458333
9056,0.16735894280176128,-306.76961785127475,0.3557863779128083,-7.995054980655257,0.04803953430665395,0.09591439484070984,-0.6349764914403843,1.3962151177230258e-05,0.001178646391196839,0.0005606992513672161,0.03152412913755596,79.466667
9057,0.17071444738612562,-306.8352209297233,0.4195024781099022,-7.692176500888277,0.05530066333680605,0.09439668840765975,-0.6346129643555799,1.3514239099997008e-05,0.0011874710813765347,0.0005372466164816053,0.02728716569786624,79.475
9058,0.17458914160059993,-306.89789049132605,0.4775575580058829,-7.363564590642431,0.062476943303615626,0.09278694508054904,-0.634184300542087,1.3040942201762043e-05,0.001191601970222566,0.0005122945495393887,0.023317032564118198,79.483333
9059,0.17892015219545437,-306.9577012127322,0.5297468337217747,-7.020268989217184,0.06957845207119137,0.09106817200995608,-0.633693884876714,1.2555316422170937e-05,0.0011909806969281316,0.0004862376510121867,0.01978926024927783,79.491667
9060,0.18366637299758198,-307.01434538404095,0.5759371045968488,-6.671290971082212,0.0765800811439205,0.08926474388047553,-0.6331428032821219,1.2068623838858732e-05,0.001185786522659511,0.00045958397288465636,0.01677516787627069,79.5
9061,0.18877518488758105,-307.06784646842357,0.6162064341118083,-6.324337297596714,0.08347731145689305,0.08737957860878288,-0.6325336832059464,1.1590031766005978e-05,0.0011763734825488898,0.00043288689830946593,0.014271682701574915,79.508333
9062,0.1941951094538562,-307.11827256378467,0.6507413011338167,-5.985410940903314,0.09026436035338184,0.08541599049330156,-0.6318694220280351,1.1126588371645397e-05,0.0011632171600233635,0.00040667670868357593,0.012230482022571163,79.516667
9063,0.1998760052696492,-307.16570531131373,0.6798002073051786,-5.65894607638592,0.09693262614228121,0.08337955191592847,-0.6311532531703056,1.0683381358975619e-05,0.001146858936869286,0.0003814091182810212,0.010582857607064188,79.525
9064,0.20577549245839094,-307.210269603648,0.7036858269540982,-5.347861464923237,0.10347734958903557,0.08127706036435772,-0.6303879680455181,1.0263801210368104e-05,0.0011278603039463148,0.0003574369379067139,0.009256614452959593,79.533333
9065,0.21184943485351254,-307.252119101511,0.7227298627587515,-5.054044602446556,0.10989262656400374,0.07911232907499206,-0.6295771300573065,9.869842539579062e-06,0.0011067663116388628,0.00033500309260734183,0.008185680000070875,79.541667
9066,0.21805970912352746,-307.2914305057441,0.7372687978385087,-4.778412303373335,0.11617518441759435,0.0768887039387099,-0.6287240781202541,9.502406752231734e-06,0.0010840856522206625,0.00031424805098404033,0.007314185688588681,79.55
9067,0.22436170929312704,-307.3284276279034,0.7476479407373141,-4.521328854087344,0.12232005315382741,0.074600532541628,-0.6278336386471741,9.161574009593466e-06,0.0010602763619453213,0.00029522582705594736,0.00659730198236909,79.558333
9068,0.23072840553578025,-307.3632268306636,0.754170486437136,-4.282464632076204,0.12832193343363038,0.07225944824231234,-0.6269087383467961,8.846838552946935e-06,0.0010357446999266502,0.0002779230193636428,0.006000217213865781,79.566667
9069,0.23712558712699053,-307.39602125545804,0.7571404667569748,-4.061274630165996,0.13417666045416435,0.0698638521000211,-0.6259538150974993,8.557293484527377e-06,0.0010108373284035306,0.00026227737926957234,0.005496569682772111,79.575
9070,0.24352493431671646,-307.4269988860779,0.7568374367179366,-3.8569406966950224,0.13988185879102855,0.06741219144934116,-0.6249729391751008,8.291780507490054e-06,0.0009858488245966712,0.00024819443620586985,0.0050665882063841705,79.583333
9071,0.2498994112398624,-307.4562508857814,0.7535113874042951,-3.6685506904081753,0.14542868097612463,0.06491465988118474,-0.6239704306760495,8.049000504610705e-06,0.0009610242545473664,0.0002355607637005259,0.004695523090515423,79.591667
9072,0.2562249139389909,-307.48398383626585,0.7474025581927659,-3.4950831771142243,0.15081722905650927,0.06236404583834056,-0.6229505613468775,7.82759508613633e-06,0.0009365647814461544,0.00022425402239163242,0.004372350185987304,79.6
9073,0.26247769009155447,-307.51032742811975,0.7387254400342158,-3.335531801525744,0.15604212332753092,0.059761765527369365,-0.6219179204722175,7.626203770266928e-06,0.0009126325392480947,0.00021415042199786404,0.0040887591225977115,79.608333
9074,0.2686403837110567,-307.53536898389075,0.7276701678133994,-3.188874715343554,0.16109893440460263,0.0571155527446649,-0.6208763642178473,7.443502943595948e-06,0.0008893564240380453,0.00020512962990754292,0.0038384091955115797,79.616667
9075,0.27469148024331064,-307.5592608762776,0.7144194801408842,-3.0541599255833547,0.165984432935421,0.05442014936704745,-0.6198307253129478,7.278230017131463e-06,0.0008668350141728678,0.00019707788748867428,0.0036163943532031466,79.625
9076,0.2806119210016461,-307.5821318399997,0.6991384621920361,-2.9304787893374793,0.17069487475344566,0.05167235677504599,-0.6187856979231323,7.129198445988387e-06,0.0008451432697857143,0.00018988992116838766,0.0034188419315759632,79.633333
9077,0.2863889086000466,-307.6040238552534,0.6819707242744629,-2.816960341951572,0.1752254493826234,0.048883185151142074,-0.6177450839740749,6.995304552746477e-06,0.0008243357808114177,0.0001834697458345806,0.003242642241658799,79.641667
9078,0.2920037382019978,-307.6251225247136,0.663060653090608,-2.7128256629855785,0.17957482979920247,0.0460361855636987,-0.6167139229799601,6.875528935173347e-06,0.0008044483806210738,0.00017773080069666982,0.003085261452355466,79.65
9079,0.2974434046401768,-307.6454398502704,0.6425295003593119,-2.617343640435154,0.18373623493240648,0.043144715415473024,-0.6156963879872785,6.7689353025399895e-06,0.0007855037221973366,0.00017259580007623765,0.002944592938419106,79.658333
9080,0.3026997893300875,-307.66498341314195,0.6204889706651691,-2.529824617514263,0.18770622667492234,0.040223411800194814,-0.6146958290785897,6.674666253128269e-06,0.0007675121030810075,0.00016799616388941724,0.0028188687159994806,79.666667
9081,0.30775590239863704,-307.68390518807024,0.5970531119378155,-2.4496827746696908,0.1914820139584614,0.03725782159560568,-0.6137173663310838,6.591937853970181e-06,0.0007504726055739461,0.00016387138585383353,0.0027065899627580253,79.675
9082,0.31259993174502615,-307.70233882882496,0.5723266419890987,-2.376369243855178,0.1950620831450815,0.0342354978303657,-0.6127652299889481,6.520034204684202e-06,0.000734378283094208,0.00016016839456923455,0.002606466821915331,79.683333
9083,0.3172219603745138,-307.7203225973609,0.5464030593601357,-2.309382570585352,0.19844202369908398,0.031161227428674106,-0.6118433245622206,6.4583011029840935e-06,0.0007192161471758898,0.00015684080251485133,0.002517384750787164,79.691667
9084,0.32161451116106604,-307.7377909228818,0.5193658329638441,-2.2482570604606025,0.20161602235819723,0.02806040722572029,-0.6109550767043235,6.406139977275203e-06,0.0007049682461425489,0.0001538482227174897,0.002438377774270385,79.7
9085,0.32576950000113275,-307.7548329599515,0.49130156577450923,-2.1925853562551327,0.2045830524049829,0.024927371271084055,-0.6101040185953323,6.363002083255398e-06,0.0006916124605393158,0.00015115564081543507,0.0023686076886842954,79.708333
9086,0.3296751039958808,-307.7715458207097,0.4622923807970395,-2.1420199733501772,0.20733931750782067,0.02175334980460709,-0.6092944377422705,6.328383193274433e-06,0.0006791239907853986,0.00014873283460820424,0.002307343756629575,79.716667
9087,0.3333249860765306,-307.7879913293719,0.43241616393262894,-2.0962318176485755,0.20988285110018048,0.01853628188674272,-0.6085294633326104,6.301818842244981e-06,0.0006674773752514996,0.00014655385986736013,0.0022539477461512945,79.725
9088,0.3367157067410633,-307.8041118452406,0.40174325312992937,-2.054906669269405,0.21221118216749948,0.01529888044037069,-0.6078115424178318,6.282879861044789e-06,0.0006566457505127653,0.00014459657310069937,0.0022078645490855482,79.733333
9089,0.3398369495089677,-307.8200166754389,0.37034632707701004,-2.0178070924924487,0.21432076661833543,0.012028150344069068,-0.6071445011456741,6.271168484103346e-06,0.0006466009816774535,0.00014284223533114057,0.0021686141371149033,79.741667
9090,0.34268458089446674,-307.8356853813911,0.3382922915594224,-1.9846899908709983,0.21620955763276956,0.008738467274867207,-0.6065307733775165,6.266315144253831e-06,0.000637316108752205,0.00014127516009796955,0.002135780821166273,79.75
9091,0.3452544350291482,-307.8511521181746,0.30564830605005616,-1.955349500968647,0.21787634285037527,0.005432332280170625,-0.6059726905299806,6.2679755272751805e-06,0.0006287642019605356,0.00013988240257316052,0.002109008996452904,79.758333
9092,0.34753769098487963,-307.866575812759,0.27248263910351034,-1.9296423499553716,0.21931717032528603,0.0020845055777436263,-0.6054734893560625,6.275828175823916e-06,0.0006209189010465551,0.000138653497429606,0.00208799699454328,79.766667
9093,0.34953271773424843,-307.88185602359084,0.23885473606489568,-1.9073852118129035,0.22053089603983672,-0.0012737944000039522,-0.6050347213306797,6.289572598950154e-06,0.0006137558683461024,0.00013758024176094082,0.0020724911244371954,79.775
9094,0.35123544286180397,-307.89707070704566,0.2048287520113815,-1.8884572065572787,0.22151565267903794,-0.004650441723691386,-0.6046583346700469,6.308927622684423e-06,0.0006072513364886267,0.00013665650494111342,0.0020622846034864598,79.783333
9095,0.35264349152524743,-307.9122528446878,0.17046680599140243,-1.8727473771684229,0.22227013449289715,-0.008043640136094965,-0.6043457618299896,6.3336302060629815e-06,0.0006013830203581359,0.00013587807748193068,0.002057212648164138,79.791667
9096,0.3537529848900894,-307.9273890392738,0.13582669475716988,-1.8601602758758833,0.22279242634287885,-0.011441295740009537,-0.6040986212465996,6.363434567436874e-06,0.0005961299640381634,0.00013524254953509,0.002057150268102035,79.8
9097,0.35456596429239606,-307.94261048628306,0.10097637557902944,-1.8506371601393672,0.22308243042980405,-0.014863707899900814,-0.6039170572992604,6.3981116485553475e-06,0.0005914730853352111,0.00013474921183735157,0.002062010678886742,79.808333
9098,0.3550779236115368,-307.95783673294426,0.06596804226664428,-1.8441085821595717,0.22313838065218794,-0.018283808872892236,-0.6038025158021609,6.4374488142169105e-06,0.0005873940465482639,0.0001343990014700663,0.002071741967199965,79.816667
9099,0.3552865281980788,-307.9730821543607,0.030859134825533756,-1.8405389568957564,0.22295907535261406,-0.021695589368364097,-0.6037557989749388,6.4812499171102824e-06,0.0005838769193994129,0.00013419443624299005,0.0020863283183873093,79.825
9100,0.35518967286060954,-307.9884176452481,-0.0042905696964476376,-1.8399248786625537,0.22254204951815088,-0.025105535642315074,-0.6037774929163668,6.52933555193113e-06,0.000580907737291213,0.00013413959124296547,0.002105788345435006,79.833333
9101,0.3547900579220154,-308.0037504016821,-0.03942530483270255,-1.8422275388989542,0.22189163644491172,-0.028483911200880615,-0.603866939941656,6.581543576470318e-06,0.0005784745168678343,0.00013424010783938338,0.002130174117896036,79.841667
9102,0.35408491486904486,-308.01925385335323,-0.07448193084143877,-1.8475100369345274,0.22100187839126217,-0.03185967150617341,-0.604024539033848,6.6377298130293205e-06,0.0005765663793019217,0.0001345031739019579,0.002159572247483269,79.85
9103,0.35307620928767325,-308.03500407883524,-0.10939704225977316,-1.8558193094673845,0.21987097388630816,-0.035239964814599754,-0.6042494620586369,6.697769036371768e-06,0.000575174812179365,0.00013493763767615194,0.0021941019158953304,79.858333
9104,0.3517681367399961,-308.05090820146773,-0.1441140099641554,-1.8671675592441868,0.21850418919750597,-0.03859470082567287,-0.6045402228531344,6.761556161305512e-06,0.0005742927455264001,0.00013555406388326342,0.0022339154118670695,79.866667
9105,0.3501610869522026,-308.06701658511014,-0.17857310271700325,-1.8816357167977236,0.2169000181832188,-0.04192486166819191,-0.6048960247531987,6.8290075967450995e-06,0.0005739142719253562,0.00013636476193313205,0.0022792005089907748,79.875
9106,0.3482560349979567,-308.08325476535754,-0.21272089482164377,-1.8992843558086256,0.2150625614254326,-0.04520412360774154,-0.605315780859865,6.900062822982457e-06,0.0005740355542135318,0.00013738394692676065,0.00233018047259191,79.883333
9107,0.34605892888953055,-308.09972736435134,-0.24648823751223292,-1.9202409421186044,0.21299145116832435,-0.048445387650798366,-0.6057971597990331,6.974686162826647e-06,0.0005746547729570937,0.00013862780795322264,0.0023871172531647767,79.891667
9108,0.34357094991991866,-308.11643852813995,-0.2798167911185946,-1.944632925034314,0.21068763295225315,-0.05163883939863693,-0.6063387372274169,7.052868732052745e-06,0.0005757712078504774,0.00014011478294633425,0.002450308446985793,79.9
9109,0.3407966394568336,-308.13347058915724,-0.31263888442304333,-1.9726316868088074,0.20815003882149238,-0.054791198582384446,-0.6069382164376511,7.134630638604997e-06,0.000577386354494028,0.0001418656942531972,0.0025200918832571284,79.908333
9110,0.33774372752422815,-308.1509528288563,-0.34487874350932923,-2.004446682040255,0.20537607513417824,-0.05791836766572823,-0.6075924975881598,7.220023368857855e-06,0.0005795033111325172,0.00014390404704938046,0.0025968444153986873,79.916667
9111,0.33440951666357427,-308.1687407795661,-0.3764904719246944,-2.0402341994314064,0.20237255552861713,-0.0609774336718996,-0.6083005951235014,7.309132401890851e-06,0.0005821262778009285,0.00014625637884398414,0.0026809801996630165,79.925
9112,0.33080741028952654,-308.186990691734,-0.40738690473516664,-2.0802611983862382,0.1991386744942015,-0.06398960441073326,-0.6090579869963536,7.402080018600972e-06,0.0005852627999249893,0.00014895226781696524,0.00277296357897505,79.933333
9113,0.32693988423729714,-308.20574765133455,-0.4375006496247451,-2.1248065344201645,0.19567328870056727,-0.06695030274127041,-0.6098623891731287,7.499028234897455e-06,0.0005889205389151012,0.00015202503128790125,0.0028732952460587637,79.941667
9114,0.32281507560471606,-308.22499519601064,-0.4667597953683168,-2.174147209836163,0.1919828603630438,-0.06984328257284013,-0.6107102503497666,7.600182011190813e-06,0.0005931097105083182,0.00015551197505540084,0.0029825211343062373,79.95
9115,0.31844012227442725,-308.244737616969,-0.49509079166929293,-2.2286064136468076,0.18807253207252875,-0.07265610096552948,-0.6115981739249345,7.70579256439842e-06,0.0005978420137216356,0.0001594547659986225,0.003101232228974738,79.958333
9116,0.3138244399358405,-308.2650689664704,-0.5224074534771748,-2.2885836109259645,0.18394254017350123,-0.0753931692907475,-0.6125222645870243,7.816160750667236e-06,0.0006031309657507813,0.00016389989433752888,0.0032300659584519704,79.966667
9117,0.30897625630553704,-308.2861263338149,-0.5486178739681496,-2.354548884293533,0.17958871821450514,-0.07806474297767065,-0.6134788512001871,7.931640543280366e-06,0.000608991530849954,0.00016889932176137698,0.003369702026876838,79.975
9118,0.30390676013910306,-308.30787846453,-0.5736367794536247,-2.426936024383662,0.1750214460281974,-0.08064979505238612,-0.6144636821360616,8.052642574682982e-06,0.0006154404581618205,0.00017451109769734302,0.0035208616195036503,79.983333
9119,0.29862529860529946,-308.3304232373796,-0.5973663843279958,-2.506298218006615,0.17024045801243515,-0.08314935442640509,-0.6154728946023443,8.179637453978867e-06,0.0006224957593940574,0.0001807995983480204,0.0036843149915142754,79.991667
9120,0.2931447683733061,-308.35380693575104,-0.6197034303845199,-2.5932133219670908,0.16525177127017046,-0.08555498034815791,-0.6165019952163153,8.313158714021626e-06,0.0006301771223183885,0.00018783622027807753,0.0038608829071554974,80.0
9121,0.2874755676965461,-308.37803432908436,-0.6405478306005405,-2.688302765466281,0.16006416345366423,-0.08785005235384866,-0.6175470383341699,8.453805194030666e-06,0.0006385051567256393,0.00019569970604267804,0.00405144669409773,80.008333
9122,0.28162581155477345,-308.40320139567905,-0.6597878799644223,-2.792313249115399,0.15467796404172174,-0.09003133261806162,-0.6186045580683381,8.602242368907125e-06,0.0006475018816417559,0.0002044761921151621,0.004256976855343383,80.016667
9123,0.27561700749597323,-308.42943043766513,-0.6772791728427302,-2.9060448967253345,0.14909849690688898,-0.0921017957149341,-0.6196687906633599,8.759202302963137e-06,0.0006571910408439192,0.0002142593233232821,0.004478571312350244,80.025
9124,0.2694616126679032,-308.4568179987836,-0.6928863784206158,-3.030380353327899,0.14332871763868335,-0.09405569662941742,-0.6207357870363249,8.92548139369684e-06,0.0006675949374374941,0.0002251501425906214,0.004717497798775009,80.033333
9125,0.2631772739448966,-308.4854269891045,-0.7064597966750125,-3.1662412801284447,0.1373780047480301,-0.09588259786593198,-0.621800871593093,9.101935026219116e-06,0.0006787361294804371,0.00023725581384726748,0.004975317790778551,80.041667
9126,0.2567825973238891,-308.51538562297554,-0.7178289365509026,-3.3146597439523826,0.1312505967771936,-0.0975802246067994,-0.6228594490632033,9.28946790834136e-06,0.000690635773788257,0.00025068761771390903,0.005254058952052667,80.05
9127,0.25030011183763773,-308.54686585090144,-0.7267967213842847,-3.4767483467197904,0.12494870937696244,-0.09915104799189386,-0.6239065654271804,9.489018395000762e-06,0.0007033127512759031,0.00026555802477471553,0.005556483085225925,80.058333
9128,0.2437480097142119,-308.5799162276352,-0.7331777723951591,-3.653606150973327,0.11848502979899349,-0.10057808160152089,-0.6249382848657054,9.701534828833226e-06,0.0007167819286154535,0.00028197613156525405,0.005886491576528085,80.066667
9129,0.23715217373849587,-308.61470654796693,-0.736739261889644,-3.8464150190592865,0.11186464147387568,-0.10186103939613177,-0.6259497929683027,9.927941169291773e-06,0.0007310542233019915,0.00030003978533486684,0.0062497948737884204,80.075
9130,0.23052510310083682,-308.6513720534338,-0.7372644633911347,-4.056429002942278,0.10509043263386598,-0.1029874918746381,-0.6269386653909601,1.0169088493700314e-05,0.000746133634858826,0.00031982627949899724,0.006654798558580168,80.083333
9131,0.22391927395306946,-308.69009676661756,-0.7344264739990486,-4.284611994066826,0.09817884605013921,-0.103965504423965,-0.6278969666705945,1.042568936145426e-05,0.0007620193538544306,0.0003413782332896496,0.007113985113269541,80.091667
9132,0.21734063312293644,-308.731038845301,-0.7279862620221279,-4.5321335312296585,0.09112840944538168,-0.10477779024280574,-0.6288240933200553,1.0698227933346991e-05,0.000778694960447568,0.0003646868221186249,0.007645484452159128,80.1
9133,0.21084893193945167,-308.774331031878,-0.7175726229965075,-4.799450526736867,0.08396349131869986,-0.10542806149648555,-0.6297122903760637,1.0986844437619764e-05,0.0007961394816405081,0.00038966887112381167,0.008275577910908823,80.108333
9134,0.20446640759640683,-308.82018881860694,-0.7028716939169547,-5.087066089409445,0.07668353154901511,-0.10590864315206992,-0.630559678357932,1.1291186628313991e-05,0.0008143140536231683,0.0004161408055199727,0.009041020578783967,80.116667
9135,0.19822140103761696,-308.8688438621333,-0.6835413961521883,-5.395000899024904,0.06928889569878523,-0.10621265959498012,-0.6313639461915795,1.1610227130704563e-05,0.0008331732627558405,0.00044379113522855136,0.009991929051545858,80.125
9136,0.19216913650770934,-308.92041405044563,-0.6591960402931131,-5.722074388494234,0.061800585935493896,-0.10633736957330822,-0.6321198969232493,1.1942052890752648e-05,0.0008526672610893345,0.00047215364872946224,0.011193830979875813,80.133333
9137,0.18635494261390706,-308.9750022626257,-0.6294911929766774,-6.0662022460497695,0.054235093500509576,-0.10627542113068908,-0.6328243059273922,1.228362517729338e-05,0.0008727410420798506,0.0005005855906652679,0.012727235476197035,80.141667
9138,0.18083026872798535,-309.03277144422964,-0.5940823723365681,-6.423952564075373,0.04660111711453015,-0.10602721659054892,-0.6334738178502239,1.263052986357247e-05,0.0008933464980193368,0.0005282646815175367,0.014683238055062138,80.15
9139,0.17564451033323472,-309.0937876448185,-0.5527047727260711,-6.790295482838912,0.03891253891258155,-0.10558773610111534,-0.6340658932448726,1.2976753671095496e-05,0.0009144524013873037,0.0005542128826363469,0.01715168122734663,80.158333
9140,0.17085465529541188,-309.1580947770571,-0.5051606778780938,-7.158191833742117,0.031181462847253684,-0.10495756749720103,-0.6345976190278182,1.331453507553118e-05,0.0009360571144466592,0.000577357478042272,0.020199933235826376,80.166667
9141,0.16651766838123871,-309.2256793662889,-0.4513824105641612,-7.518583782113014,0.023418102056556714,-0.10413755413971693,-0.6350665122566819,1.363435441337519e-05,0.0009581948962673245,0.000596633485878257,0.02384075925559816,80.175
9142,0.1626862492623414,-309.29637343501366,-0.39150511453837505,-7.860568941101647,0.015638891460128874,-0.10312511399215035,-0.635470808624601,1.3925137769186933e-05,0.0009809347553867507,0.0006111224288721302,0.027993697463079177,80.183333
9143,0.15941553891055027,-309.36992115099065,-0.3258678014765896,-8.171578170109838,0.007859000804000623,-0.10192264998360391,-0.6358085578243522,1.4174747369759907e-05,0.0010043639438730653,0.0006202015405094149,0.03245121734735702,80.191667
9144,0.15675458816447177,-309.4459701316414,-0.25506159775679654,-8.438355092169106,9.110769411410457e-05,-0.100532938451344,-0.6360783227415681,1.4370787838930685e-05,0.001028547459368581,0.0006236586996506047,0.03686597183345573,80.2
9145,0.15474745006186622,-309.524051800464,-0.17994062199300104,-8.647931111393763,-0.007652528178275373,-0.09896064085233569,-0.6362788249270722,1.4501693447035209e-05,0.0010534689051246164,0.0006217299577321898,0.04077889922625038,80.208333
9146,0.15344719116671796,-309.60346430521815,-0.10162353856529563,-8.788103681608865,-0.015349832390388033,-0.09722440927209405,-0.6364073456232883,1.4557973671207064e-05,0.0010789599672576162,0.000615026731382285,0.04369610018940373,80.216667
9147,0.15285484098873042,-309.68360141493525,-0.021454760496219617,-8.851939969339933,-0.022995104846466507,-0.09531713645024036,-0.6364655382092783,1.453338731144367e-05,0.0011046344914973582,0.0006043668311306156,0.045201165756307414,80.225
9148,0.15298284484582358,-309.76370577594474,0.05911521905313686,-8.83556745578379,-0.03057390534645913,-0.09324886427368816,-0.6364529820022317,1.4425846368008583e-05,0.001129877538640468,0.0005905760596725295,0.04506866433763099,80.233333
9149,0.15381959046404658,-309.8431935187521,0.13864778129608848,-8.740427662226214,-0.0380872707430583,-0.0910179788106842,-0.6363706467276464,1.4237809975558355e-05,0.0011538648468962453,0.0005743075380468878,0.04332700622757776,80.241667
9150,0.15535663637559513,-309.92121735418283,0.21571324691725452,-8.571722268504773,-0.04551247595448142,-0.08864240797807743,-0.6362182414206158,1.3976049906517151e-05,0.0011756499622852128,0.0005559774334675357,0.04024601237036762,80.25
9151,0.15758735854979872,-309.9969067248408,0.2890168608739791,-8.33793534269557,-0.05282677208316686,-0.08615678604231942,-0.6359943813007558,1.365083577956618e-05,0.0011942781149068798,0.0005358129491111269,0.0362576990682115,80.258333
9152,0.16043727983235595,-310.070087653569,0.3576313456745885,-8.052840877443789,-0.060042423835479135,-0.08353517984041707,-0.6357037783000743,1.3274712687236846e-05,0.0012089065467262568,0.0005139770144349826,0.031843509168467614,80.266667
9153,0.1638923977364573,-310.13996403318373,0.4207257720239559,-7.7282913479023705,-0.06713122455415653,-0.080828378442375,-0.6353445400758833,1.2861219615890697e-05,0.0012189288930009954,0.0004906775919513034,0.027427334934923882,80.275
9154,0.1678841195478437,-310.20640624652464,0.47786192730979193,-7.37814938671633,-0.07409530834982568,-0.07803144620440577,-0.6349200669059005,1.242367116633135e-05,0.0012239980167136754,0.0004662367208593942,0.023319880964259024,80.283333
9155,0.1723599967484175,-310.26920981608043,0.5288005759789771,-7.014293038075573,-0.08092817164975447,-0.07516037531008901,-0.6344320780766641,1.1974245859174175e-05,0.0012240537843052717,0.0004410917013737954,0.019699192532393564,80.291667
9156,0.17726649531302804,-310.3282471514871,0.5734992491381197,-6.646893434118733,-0.08762273782447579,-0.07223362785484375,-0.633882537619606,1.1523407187651558e-05,0.001219278991107897,0.0004157500283143529,0.016630812456972777,80.3
9157,0.18253039966920315,-310.38383390510563,0.6121554342126216,-6.284511957662026,-0.0941878626746081,-0.06922909621922149,-0.6332759994168885,1.1079642792167872e-05,0.0012100426305937284,0.00039072659546615944,0.014101322818203853,80.308333
9158,0.18811093950584823,-310.4357986680435,0.6449528423938015,-5.93298277485765,-0.10060748326652612,-0.06618465343096913,-0.6326138147693253,1.0649471596448022e-05,0.0011968463489364569,0.00036648536185638134,0.012051778282260695,80.316667
9159,0.19396658594274144,-310.48399909776526,0.6721517375531788,-5.596577929829639,-0.10686698343137314,-0.06314368573334911,-0.6318978046173975,1.0237595186173235e-05,0.0011802504170911306,0.00034340179145438506,0.010405786061045464,80.325
9160,0.20002847380466743,-310.5291746634641,0.6942135504065978,-5.278303412408436,-0.11298997438450387,-0.060049699243962244,-0.6311337512645785,9.847149765056382e-06,0.0011608293172682448,0.0003217465741367956,0.009086168982091964,80.333333
9161,0.20626784164043355,-310.5708986773546,0.7114032268867633,-4.979649764431422,-0.11894551108470561,-0.05698471459846568,-0.6303231079144487,9.48000568895043e-06,0.001139152891212029,0.0003016879170930852,0.008023456797900636,80.341667
9162,0.21263775869530557,-310.6095444160508,0.7241218883249718,-4.701267250792841,-0.1247412137001148,-0.05393906455307147,-0.6294701896005576,9.137035842683443e-06,0.0011157453743531648,0.00028330172880470156,0.007160385834989504,80.35
9163,0.21910241106844774,-310.6450937678621,0.7326987354071332,-4.4431280071978145,-0.13036694193973905,-0.05095170904720799,-0.6285784728022822,8.818372142976963e-06,0.001091084271264507,0.00026659152916198907,0.006451510805120095,80.358333
9164,0.2256065947603836,-310.67903180171675,0.7376324986534051,-4.204449815460792,-0.13587411873065453,-0.04785601304642358,-0.6276547925017928,8.523614478737126e-06,0.0010655909863477844,0.00025150660105359023,0.005861984811719699,80.366667
9165,0.2321338425842082,-310.7106685715738,0.7391130193265707,-3.9844656858020038,-0.14122223378501436,-0.044771316333791285,-0.6267011429656966,8.252005922617448e-06,0.0010396401516487902,0.00023796183809566337,0.005365327281055346,80.375
9166,0.23865349938661554,-310.74020995036756,0.7374272763597116,-3.7821333938752626,-0.14640958047782549,-0.04169880708801674,-0.625721948558418,8.002556898916458e-06,0.001013544781550089,0.0002258480448014852,0.004941967784800623,80.383333
9167,0.2451420576719017,-310.7677876675872,0.7328271595091952,-3.5962882159884297,-0.15143452121485088,-0.0386490378110568,-0.6247210180046038,7.774148465557092e-06,0.000987568808340007,0.000215044944004849,0.004577316221852097,80.391667
9168,0.2515714759130425,-310.79367397902587,0.7255595716792582,-3.425763627276769,-0.1562972247778089,-0.0356079286801258,-0.6237032672816988,7.565603852617269e-06,0.0009619296810474583,0.0002054292115944485,0.004260460201592442,80.4
9169,0.2578920161228239,-310.8182927203685,0.7158773230230763,-3.2695385071160574,-0.16098727830071777,-0.03252983390797747,-0.6226776202877752,7.375740578155961e-06,0.0009368063844547499,0.00019688026819453301,0.003983137328125717,80.408333
9170,0.2641420783529601,-310.8411882422179,0.7038861353450626,-3.126177281831793,-0.16551794737648,-0.029518452455505585,-0.6216389488577022,7.203407978805179e-06,0.0009123532855266685,0.0001892840061525785,0.0037389689611711783,80.416667
9171,0.2702707724314338,-310.8628585333433,0.6898075603854429,-2.9948148072533627,-0.1698798353013445,-0.0265119530303497,-0.6205968663959758,7.047499230648682e-06,0.0008886688895435678,0.00018253368615647002,0.0035231027260362825,80.425
9172,0.2762628905957825,-310.8833837675706,0.6737952588412728,-2.8744636693011145,-0.17407030706803384,-0.02351725316568811,-0.6195554694107553,6.9069745739130355e-06,0.0008658399225417482,0.00017653249200711557,0.0033316338379771183,80.433333
9173,0.2821049479850335,-310.9028828026619,0.6559923653669737,-2.7642078099452667,-0.17808841112871254,-0.020533016662819755,-0.6185187351441952,6.7808640301791355e-06,0.0008439294529884478,0.00017119312821432413,0.0031614228425546976,80.441667
9174,0.2877769518237249,-310.92157567763326,0.6365393625399985,-2.663239723206428,-0.18193026199882023,-0.01753697323771362,-0.6174919813363574,6.66826934199081e-06,0.0008229804182525363,0.0001664376621236689,0.0030099034732247736,80.45
9175,0.29326838415544965,-310.93903783531044,0.6155256213757593,-2.5708140901853938,-0.1855864155678179,-0.014623717749920658,-0.6164789874049722,6.568363274879649e-06,0.0008030215088286227,0.00016219710004625003,0.00287493977372868,80.458333
9176,0.2985703273331093,-310.95615491629184,0.5931074750632525,-2.4862045548702034,-0.189069258310295,-0.01164581742485401,-0.6154833086075544,6.480385876809429e-06,0.0007840667776342498,0.000158410612034997,0.002754750735188669,80.466667
9177,0.3036702544647845,-310.9726195394262,0.5693661221361992,-2.4088136785515064,-0.19236862778273447,-0.008672684410723457,-0.614509241806907,6.403639992916835e-06,0.0007661179377083028,0.00015502494120988542,0.0026478128903072015,80.475
9178,0.3085546608541361,-310.9885801670096,0.544401864599684,-2.3380986386292624,-0.19548047652144468,-0.005688628262033643,-0.6135613542942917,6.337486409668494e-06,0.0007491683547562411,0.00015199362793847244,0.002552829990010476,80.483333
9179,0.3132137145796799,-311.0041449266726,0.5183065842625826,-2.273562913397149,-0.1984015579217205,-0.0026840961052306,-0.6126435587830269,6.281338585013963e-06,0.0007332052219586565,0.00014927632759013378,0.0024686849021800486,80.491667
9180,0.31763887233303495,-311.0188771688083,0.49114071992401603,-2.2147297500215166,-0.20112866005558722,0.0002422522306455065,-0.611759524726915,6.234657268162143e-06,0.0007182100863294797,0.00014683813349442148,0.0023944127226696752,80.5
9181,0.3218266070127469,-311.0336137930446,0.4630228513101765,-2.1612318499916965,-0.20366304143862513,0.0032468854313051246,-0.6109118888702076,6.19694543788222e-06,0.0007041601328012969,0.00014464900529270307,0.002329184224324598,80.508333
9182,0.3257662236073752,-311.04805766260495,0.4340120625610094,-2.1127000493927475,-0.20599896272039137,0.00626119666142981,-0.6101046938440072,6.167743504602602e-06,0.0006910280670587906,0.00014268315953545887,0.0022722732946960826,80.516667
9183,0.32945233094841786,-311.06219143782613,0.4041788372106421,-2.0688051112261605,-0.20813517545688812,0.009272040469513862,-0.6093408657550076,6.146625259579274e-06,0.0006787856196839501,0.0001409186931724028,0.0022230535945132464,80.525
9184,0.33287755674605174,-311.07602929225,0.3735916747214553,-2.02926273028933,-0.21006930028247858,0.012272862240872182,-0.6086236756874042,6.133193937827676e-06,0.0006674028918991121,0.00013933712764476098,0.0021809843282269066,80.533333
9185,0.3360297802890138,-311.0894839057302,0.342309928303338,-1.9938200515254485,-0.21179769218565506,0.015235644817294267,-0.6079573384603822,6.127078912315963e-06,0.0006568497671319456,0.00013792304983166215,0.0021455994527334213,80.541667
9186,0.3389144948378649,-311.1030449497551,0.310424247103448,-1.9622902387096448,-0.21331812594345206,0.018255820771431803,-0.6073422550983382,6.1279328816849375e-06,0.0006470977020387704,0.0001366638006299362,0.002116500007553239,80.55
9187,0.3415231646281253,-311.11652234431807,0.27798656627226914,-1.9344595206874626,-0.2146286136261895,0.021285334279692304,-0.6067816785578661,6.135429213984181e-06,0.0006381156995894691,0.00013554916767861822,0.0020933441244875887,80.558333
9188,0.343850625726078,-311.1298873088795,0.24505585853734368,-1.9101521493311593,-0.2157277725440066,0.02430993004853985,-0.6062780452319187,6.149260140098139e-06,0.0006298747602094083,0.00013457122298005933,0.0020758457694433807,80.566667
9189,0.34589277511517935,-311.14317278918224,0.2116928869507834,-1.8892240011104038,-0.21661369769252306,0.027328666057643346,-0.6058334446524739,6.169135087573371e-06,0.0006223472581226611,0.00013372410853204297,0.002063768950131108,80.575
9190,0.34764842289815256,-311.15641122293584,0.1779590711327077,-1.8715476738609826,-0.21728601455133612,0.030340860574337065,-0.605449199137306,6.194779436466903e-06,0.0006155069790093128,0.0001330038754309828,0.002056923328290559,80.583333
9191,0.349113090617267,-311.1696408834873,0.14391256060747126,-1.8570263954811776,-0.2177419409711282,0.03334695063262293,-0.6051272103464124,6.2259336138935645e-06,0.0006093287383443659,0.00013240835825676175,0.0020551609689567416,80.591667
9192,0.35028499965637777,-311.1828722824071,0.10961134050059167,-1.84557239442533,-0.21798101722934515,0.03634157298073653,-0.6048686459694748,6.2623525692852415e-06,0.0006037894198006645,0.00013193708030062495,0.0020583736907162746,80.6
9193,0.3511558853890219,-311.19585558037784,0.0750948836515808,-1.8370718679124343,-0.21800917393811897,0.03926189394277567,-0.604675959865154,6.30380550968269e-06,0.0005988675077259784,0.00013159117556382896,0.0020664912051607883,80.608333
9194,0.3517371935519254,-311.2091558175528,0.04045682855879389,-1.8315746099101322,-0.2178127565142564,0.0422247988036948,-0.604547088440304,6.350075945956685e-06,0.0005945446647201722,0.00013137328542561023,0.002079482864343317,80.616667
9195,0.3520200490636264,-311.2226216359948,0.005739144915311801,-1.8290281334870735,-0.217391846717796,0.0451887085018919,-0.6044843077206864,6.400961907324956e-06,0.0005908014361476931,0.00013128767423738983,0.0020973463491837444,80.625
9196,0.35200695935924253,-311.2361613728468,-0.02900358781292299,-1.8293860761468719,-0.21675237144317783,0.04812618985408727,-0.6044872140913214,6.456276652243651e-06,0.0005876221341135892,0.00013134012564325654,0.002120115955923742,80.633333
9197,0.35169548143122786,-311.2498513843015,-0.06371421314021504,-1.832671223953032,-0.21588999003171402,0.051045603464931054,-0.6045563424917545,6.515849387914625e-06,0.0005849922835794419,0.00013153794972072246,0.002147860470416777,80.641667
9198,0.351088376779011,-311.2635786907503,-0.09833999581336599,-1.8388633690476077,-0.21481292534491828,0.053914931327355836,-0.6046909127485919,6.579526310611773e-06,0.0005828998115604929,0.0001318900550760952,0.0021806820558979163,80.65
9199,0.3501842331240485,-311.27758581542156,-0.1328147618929185,-1.8480667109116937,-0.21350823256657975,0.05677792507586144,-0.6048909112611754,6.647171823063806e-06,0.000581334016735826,0.00013240695024939556,0.002218717879289819,80.658333
9200,0.34898638697725415,-311.29172275816916,-0.1670872251030942,-1.8602841249294746,-0.21198657841359686,0.05959437060248425,-0.6051551158512912,6.718670030601781e-06,0.0005802865287614665,0.00013310095286510692,0.002262136877625504,80.666667
9201,0.34748216328127546,-311.3063102850146,-0.20109865801773338,-1.8757066964785758,-0.21022184936549027,0.062421098992689134,-0.6054856671515009,6.793926421120531e-06,0.0005797504061306199,0.00013398615376025393,0.0023111444838374946,80.675
9202,0.34570347779939314,-311.3208711426433,-0.23478261782211984,-1.8942211515905438,-0.20826251699194873,0.06515372563774685,-0.6058747632371723,6.872869861944568e-06,0.0005797234016679561,0.00013507872940737194,0.0023659814400348454,80.683333
9203,0.3436365929474316,-311.3357061968255,-0.2680843906754141,-1.9160541328495888,-0.20608316024878223,0.06784429824335422,-0.6063244963991984,6.955454518390855e-06,0.0005801989366284073,0.00013639679998425693,0.0024269233392846643,80.691667
9204,0.3412876437322627,-311.3508355148478,-0.3009394292079792,-1.941333645766885,-0.20368670047919735,0.07048834763414658,-0.6068324592271787,7.041662155023905e-06,0.0005811759181150574,0.00013796092933171362,0.002494283997277563,80.7
9205,0.3386570392162525,-311.3662720845801,-0.3332902105309935,-1.970217015862568,-0.2010733588045615,0.07307851517865745,-0.6073973556695278,7.131504737910738e-06,0.0005826544573656528,0.00013979425134632393,0.0025684142769795693,80.708333
9206,0.33575281510293803,-311.3820291052392,-0.3650688265429019,-2.0028736080182337,-0.19824788889472317,0.07560870426239837,-0.6080161273062966,7.225027184145134e-06,0.000584637161297971,0.00014192269880562288,0.002649705743880419,80.716667
9207,0.33257932246975946,-311.39813782124025,-0.39621015342406846,-2.03951081712996,-0.19521171466289844,0.07807534258866472,-0.6086864053139628,7.322310299325292e-06,0.0005871276450658135,0.00014437533282703356,0.002738588289673429,80.725
9208,0.3291403875458489,-311.4147307670555,-0.4266411771613055,-2.0804063833493154,-0.19195787372871045,0.08049363662353567,-0.609405826894255,7.423473935897552e-06,0.000590131443517559,0.00014718468363442822,0.002835532046680767,80.733333
9209,0.3254435010019155,-311.43176111398145,-0.4562947299125881,-2.125792329561621,-0.18849547500297043,0.08284387641791557,-0.6101711732943943,7.528680431015447e-06,0.000593656185909403,0.0001503872524123648,0.00294104507553476,80.741667
9210,0.3214840796890556,-311.44938396531325,-0.4851034457855613,-2.176038504802292,-0.1848106096790742,0.08514111075337746,-0.6109816220523576,7.638138206236434e-06,0.0005977109579692911,0.00015402376328238135,0.003055675994371647,80.75
9211,0.31729155246642643,-311.46743483957,-0.5129747999769255,-2.231358136204013,-0.1809352983577342,0.08734863753812173,-0.6118293438569546,7.752105616102942e-06,0.0006023088227711073,0.00015813978440478376,0.003180015898200911,80.758333
9212,0.31286447654363697,-311.48604672365343,-0.539835672865939,-2.2921780223877577,-0.17685967667682437,0.08947721030941946,-0.612712817131332,7.870894724219799e-06,0.0006074599342035853,0.00016278608365464788,0.003314683215552535,80.766667
9213,0.3081935780982051,-311.50506144924077,-0.5656458027474115,-2.358848285949094,-0.1725958477484981,0.09148246808726136,-0.6136319288047523,7.994875149485522e-06,0.000613178217161656,0.00016801934016096853,0.0034603341903740718,80.775
9214,0.3033228263538598,-311.52498535600307,-0.5902232772162621,-2.432002852514668,-0.1681245962920805,0.09344967446256291,-0.6145761068740518,8.12447809381981e-06,0.0006194829079429963,0.00017390197711497827,0.003617687081877456,80.783333
9215,0.29822710237364264,-311.54536711426397,-0.6135739535392062,-2.5119602569914217,-0.16347728926707128,0.09527850196649054,-0.6155482886280425,8.26020014656499e-06,0.0006263872808699089,0.00018050479123818264,0.0037874334749987883,80.791667
9216,0.29295447303399613,-311.5667662008301,-0.6354896842615732,-2.599490593698574,-0.158630458437774,0.09705941782397426,-0.6165373952514908,8.402606761013385e-06,0.0006339136731464675,0.0001879044501305596,0.003970364961485328,80.8
9217,0.28749858309329535,-311.5889835452555,-0.6559164575037084,-2.6951100470895515,-0.15360319876309297,0.09873913053022018,-0.6175428358485604,8.55233500676363e-06,0.0006420774285837519,0.00019618740712713722,0.004167234021251463,80.808333
9218,0.28187359909360277,-311.612107569891,-0.6747329813082429,-2.799515801675377,-0.14839889922233418,0.10031733721817676,-0.6185601920905145,8.710095523666893e-06,0.0006508989248906589,0.00020544743716557906,0.004378880310011225,80.816667
9219,0.2760929662090778,-311.63620280120665,-0.691814542637459,-2.913455220801232,-0.14302325392840126,0.10178854379193988,-0.61958530797982,8.87667280460453e-06,0.0006603986992935231,0.00021578658375922283,0.004606220481291186,80.825
9220,0.27017227736893734,-311.66146626226714,-0.7070081956637624,-3.0378196894415788,-0.1374698597845572,0.10316522549177863,-0.6206137982481896,9.052923251938926e-06,0.0006705973412800774,0.0002273145589383273,0.00485030861276161,80.833333
9221,0.26409671345352026,-311.68736819314705,-0.7203002545069273,-3.1731920555221516,-0.13179322461353501,0.10434842557661332,-0.6216465753960593,9.239770163258562e-06,0.000681514571615114,0.00024014813838508776,0.005112415895054093,80.841667
9222,0.257945869952703,-311.7150223943445,-0.7312793373457049,-3.3210092606057717,-0.12592410189543338,0.1054951688467112,-0.6226687743799527,9.438194001665611e-06,0.0006931757518669204,0.00025440495793488095,0.0053943708363365945,80.85
9223,0.2517099910909356,-311.7440236702753,-0.7398863768829358,-3.4819979682425295,-0.11990685770742898,0.10652134645573866,-0.6236810570315463,9.649215898745298e-06,0.0007055890760887609,0.00027020988410363897,0.0056983848568280425,80.858333
9224,0.24540792832933644,-311.7745031979927,-0.7459260117477581,-3.6572105106912045,-0.11374513149077921,0.10742509392235816,-0.6246794433418774,9.87387363985429e-06,0.0007187660088407218,0.0002876807432823116,0.006027847147155227,80.866667
9225,0.23906312625181186,-311.80659158491693,-0.749179455714854,-3.847696559162358,-0.1074451599959776,0.1082044040315239,-0.6256595377820285,1.011318627767396e-05,0.0007327132344805879,0.0003069236271949615,0.006387815965158174,80.875
9226,0.23270137441891772,-311.8404638044663,-0.7494004443781481,-4.054507663617349,-0.10100971981591872,0.10886106421814355,-0.6266169626462429,1.0368104155501357e-05,0.0007474303931542686,0.00032802227715668017,0.006785900308093937,80.883333
9227,0.22635041953222262,-311.8762490014899,-0.7463301620025774,-4.2785763107582,-0.0944475864161428,0.109390780828615,-0.6275474668627634,1.0639440253983823e-05,0.0007629083218371629,0.0003510240085833898,0.007233495382706846,80.891667
9228,0.2200363416560668,-311.9139919114162,-0.7397152585827831,-4.520644977025362,-0.08777632896269398,0.10977977130738194,-0.6284474763745431,1.0927778303510679e-05,0.0007791275769018649,0.00037592078887976947,0.0077474727825722805,80.9
9229,0.21379179989353123,-311.953905935244,-0.7292437070765693,-4.781324217650715,-0.08099775478133411,0.11003231295645478,-0.6293129320948646,1.1233352960403998e-05,0.0007960583569513687,0.00040262548335654976,0.008352382530230448,80.908333
9230,0.20765418716442444,-311.99620458485197,-0.7145790424855007,-5.060824933252295,-0.07411485739722111,0.11015223653860513,-0.6301396554530851,1.1555897901073806e-05,0.0008136590862374525,0.0004309463487351904,0.009082896367263608,80.916667
9231,0.20165608078147754,-312.04096603481844,-0.6954182643359009,-5.35880537337824,-0.06714294313763555,0.11012910337925313,-0.6309246535456496,1.189445903138709e-05,0.0008318769037697805,0.0004605582481956677,0.009986303815650958,80.925
9232,0.1958381181643581,-312.08836508788784,-0.6714203308795107,-5.674243875981575,-0.06008827531611501,0.1099636816982037,-0.6316643891758589,1.2247174758162461e-05,0.0008506527957676419,0.0004909746328368922,0.01112452265764015,80.933333
9233,0.19024981066444605,-312.138547609439,-0.6422401945958554,-6.005029439270916,-0.052960699267535,0.10965898088310717,-0.6323547935461327,1.2611030496581199e-05,0.0008699257891135145,0.0005215290832433072,0.012573955131164834,80.941667
9234,0.18492769006524945,-312.19163821774146,-0.6075993902701038,-6.348149388543523,-0.0457655463057941,0.10920935353250054,-0.6329939530108842,1.2981602485794468e-05,0.0008896398125698004,0.0005513721973277551,0.014421348537863943,80.95
9235,0.17992620792097344,-312.2476922416957,-0.5672375394327546,-6.698824709633137,-0.038516649595458266,0.10861659058946846,-0.6335782640121586,1.3352826994878514e-05,0.0009097590132674869,0.0005794980627898878,0.01675388168954038,80.958333
9236,0.1752892887321564,-312.3067165858058,-0.5210085158080764,-7.050939898023388,-0.03122509438103114,0.10787635174468405,-0.6341058262554863,1.3716838960276785e-05,0.0009302749551224796,0.0006048038628893526,0.01963993802637046,80.966667
9237,0.17099052005712692,-312.3687061726928,-0.4690356764605438,-7.399253037971487,-0.02388773060917349,0.10694222142162,-0.6345827371428826,1.4063944315626685e-05,0.0009512190541142346,0.0006261958628836145,0.02310144731827419,80.975
9238,0.16723696696990314,-312.4335895895209,-0.4110051133065067,-7.729125147834062,-0.016535998434983098,0.10591183927933204,-0.6349895713570635,1.4382843720261316e-05,0.0009726842343149804,0.0006427384790471125,0.027085461383073488,80.983333
9239,0.16400737895870157,-312.5011574242304,-0.3474070423960727,-8.031623904376145,-0.009168600551659172,0.10474312103704182,-0.6353324547316498,1.4661027413810258e-05,0.0009947408551130475,0.0006537411563624161,0.03141553727967658,80.991667
9240,0.16133812281243554,-312.5711010800868,-0.27877916971858874,-8.295392603042837,-0.0017965791719408415,0.10343179867806063,-0.6356108463529395,1.4885493915717566e-05,0.0010174742099759858,0.0006589624275940426,0.03578924824385333,81.0
9241,0.15927575184119233,-312.6430089572475,-0.2058578586939716,-8.508607729573907,0.005567745761674141,0.10198444622509871,-0.6358228413727313,1.5043856743830825e-05,0.001040911369611576,0.0006586268377163542,0.03979342352022178,81.008333
9242,0.1578433102753143,-312.71644111309627,-0.12961805906985882,-8.661458764039972,0.012918700479237159,0.10039768609327934,-0.6359684933084682,1.5125587697132269e-05,0.0010649503351561494,0.0006533551418397472,0.0429633404411484,81.016667
9243,0.1570741232704085,-312.7907963214578,-0.05121537584832891,-8.745556634373685,0.020242912889079957,0.09868136244518534,-0.6360461664531335,1.5123261933712237e-05,0.0010893040091563275,0.0006440010691984521,0.044879336391309664,81.025
9244,0.15697509390675699,-312.86547082021696,0.02804743354559692,-8.756665574935491,0.027531408186257805,0.09683554126791406,-0.6360561391784784,1.5033553708496163e-05,0.0011134583585624457,0.0006314258143466847,0.04526935750654188,81.033333
9245,0.15754870675952926,-312.93979501771474,0.10681267343665818,-8.694157150247468,0.03477155451924847,0.0948663823808335,-0.6359982870781088,1.4857768347629082e-05,0.0011366885734509025,0.0006163126613913278,0.04408250280580838,81.041667
9246,0.15877430543531235,-313.0135010897063,0.18385484880819872,-8.561942113712293,0.04198443334978253,0.09275831498285954,-0.6358739773208512,1.460177894936731e-05,0.0011581189559710496,0.0005990724545028968,0.04150067365151637,81.05
9247,0.16066281523828743,-313.08530668578635,0.2577903145262223,-8.365551652468778,0.04910338474227404,0.09056266134697491,-0.6356805602286462,1.427537706101792e-05,0.0011768306033298028,0.000579873484239916,0.03788305628537758,81.058333
9248,0.16316059011165898,-313.155043754007,0.32766760028238784,-8.115879255310949,0.056146552135499406,0.08826039838169784,-0.6354212613981371,1.38911323847613e-05,0.0011919643865104992,0.0005587675162428914,0.03367678210677424,81.066667
9249,0.16622701571280926,-313.22250404444753,0.3927333231103424,-7.824202030296834,0.06312238161170491,0.08584422791547908,-0.6350975091663182,1.3463080032705514e-05,0.0012028497936339133,0.0005358333892218235,0.029310779247295284,81.075
9250,0.16982374079778412,-313.28714841942974,0.4523583831344411,-7.50204928561189,0.07000483173506528,0.08333577514425722,-0.634710158096474,1.3005445743834435e-05,0.0012090636855212175,0.0005112753448157047,0.02512589444224832,81.083333
9251,0.1739042800578428,-313.34878450335566,0.5061986482426575,-7.160587819545802,0.07678938013394297,0.08074150776168428,-0.6342607608066376,1.2531578067582747e-05,0.0012104495724748006,0.00048545826444798545,0.021345365352992373,81.091667
9252,0.1784131623744378,-313.40717497392114,0.5540857648790414,-6.810116632414199,0.08345794412130352,0.07807562912734797,-0.6337519075911442,1.2053209789914632e-05,0.0012071010618533943,0.0004588793872204799,0.01807800648208245,81.1
9253,0.18329969514864786,-313.4625390907266,0.5960909067293305,-6.458912810995936,0.0900245138267123,0.07532418317223324,-0.6331858866207458,1.1580067178812829e-05,0.0011993186410726672,0.0004321006780198988,0.015343559693570881,81.108333
9254,0.18851465560732625,-313.51476346341394,0.6323276929983396,-6.113724003907236,0.09647210576057681,0.0725050489485801,-0.6325651455487286,1.1119763821082645e-05,0.001187547052282823,0.0004056778197985907,0.013104400389369643,81.116667
9255,0.19401027496745285,-313.5639573847017,0.663033166501744,-5.77956108681924,0.10279756511350195,0.06962177906208546,-0.6318923809977183,1.0677906459057744e-05,0.0011723160007457926,0.00038010071659874066,0.011294212503558767,81.125
9256,0.19974141457788588,-313.6101977785172,0.6884893264748889,-5.459980796409417,0.10899327033812921,0.06668459309570214,-0.6311704561690606,1.0258329905518067e-05,0.0011541892817324446,0.000355758801565098,0.009838149166230947,81.133333
9257,0.2056610030925731,-313.6536744467816,0.7090290346289735,-5.157333607870492,0.11505542771565154,0.06369287917903443,-0.6304030285230658,9.863391489909166e-06,0.001133725846326762,0.0003329282384396006,0.008665170350155817,81.141667
9258,0.21172950193765955,-313.6945045747003,0.7249798043918763,-4.872889032428722,0.12097703097117099,0.06065694510113186,-0.6295933653274934,9.494277094561896e-06,0.0011114554653537424,0.00031177658066054996,0.0077139074691151355,81.15
9259,0.21790885150950107,-313.7327730977774,0.7366651864484977,-4.607184819647541,0.12674874584438547,0.05759238566626554,-0.6287450876278426,9.151281909918912e-06,0.0010878603165134786,0.00029237758169178385,0.006934516955843958,81.158333
9260,0.22416561313685615,-313.76888741578114,0.7444349485098002,-4.360027513554225,0.13238095484851536,0.0544743375302665,-0.6278617220535379,8.834054922060532e-06,0.0010633680535401021,0.00027473059598160385,0.0062880736369114116,81.166667
9261,0.2304639139564427,-313.80293201654035,0.748585501120141,-4.131026017869597,0.13786180999068098,0.05131526151869428,-0.6269476676385051,8.541798743016129e-06,0.0010383488897698326,0.0002587810955896555,0.005744912481780805,81.175
9262,0.23677535849709022,-313.8350418507717,0.7493965850879886,-3.9194204634958725,0.14318616695270608,0.04812248412433637,-0.6260067577838876,8.27342917864153e-06,0.0010131200047568357,0.000244437643699793,0.005282790579084327,81.183333
9263,0.24307375019940344,-313.86536995682036,0.7471295798814334,-3.724284727228898,0.14835044618284515,0.04489975103797522,-0.6250429346453559,8.027694659922783e-06,0.000987946912632332,0.00023158657939134094,0.004885151617107786,81.191667
9264,0.2493360245130636,-313.89403560411256,0.7420214290017705,-3.5446065729178566,0.15335076581042134,0.0416545528570164,-0.6240600560263726,7.803264978286491e-06,0.0009630486416853073,0.00022010331548954983,0.004539660802668283,81.2
9265,0.2555341877187561,-313.9213011877432,0.7343067465036563,-3.3793649369332095,0.15818539713659938,0.03836945423993847,-0.6230631410941155,7.598794231092648e-06,0.0009386027763792609,0.0002098604866063374,0.004237069699524667,81.208333
9266,0.2616505841833669,-313.94716814119244,0.7241731802433514,-3.2275254108632265,0.16284737466807053,0.0350668895468775,-0.62205591267765,7.412964918397048e-06,0.0009147535693329387,0.00020073373424677043,0.003970343265400228,81.216667
9267,0.2676643563783749,-313.9718355887032,0.7118109080537205,-3.0880842775395787,0.16733515946250643,0.03173609255668857,-0.6210428950667506,7.244514777305268e-06,0.0008916130940840539,0.00019260499177497644,0.0037340733208458864,81.225
9268,0.27355689623475826,-313.99538217807367,0.6973848414360546,-2.960099143972859,0.17164352908685565,0.028384053788314847,-0.6200285131259302,7.092254129228845e-06,0.0008692678018808368,0.0001853647890123322,0.003524012898643468,81.233333
9269,0.2793131294803013,-314.01788352516917,0.681045200870064,-2.842669942813489,0.17576924877574443,0.02501749134047777,-0.6190168083241678,6.955074429193877e-06,0.0008477821048622381,0.00017891317887210132,0.0033367702818502287,81.241667
9270,0.28491740347672095,-314.03945320464624,0.6629334121696968,-2.7349669459250814,0.17970942315451283,0.021634995458483745,-0.6180121057689596,6.831951053806686e-06,0.0008272010606850106,0.0001731600112895461,0.003169589517949064,81.25
9271,0.2903565246866202,-314.0602037623337,0.6431792844487692,-2.6362194601013393,0.1834619225593794,0.018233713721350492,-0.6170184497490688,6.721942548802308e-06,0.0008075541955669497,0.000168024762289499,0.00302019121788442,81.258333
9272,0.2956142895704544,-314.0802279665505,0.6219030237483172,-2.5457420108025546,0.18702168878912753,0.014812563710421542,-0.6160405737894117,6.6241871222066105e-06,0.0007888577127594032,0.00016343602221851735,0.0028866640569451844,81.266667
9273,0.30067910196082837,-314.0996215020686,0.5992155358278749,-2.462892305649578,0.190385936076603,0.011368835853823306,-0.6150824803159041,6.537897938724904e-06,0.0007711181824760908,0.00015933085120275586,0.0027673839822411534,81.275
9274,0.30554161360484344,-314.1183493786819,0.5752135534688175,-2.387081642611964,0.1935515293320488,0.007923772829708143,-0.614147809564903,6.462357167864115e-06,0.0007543331671855633,0.00015565401692974845,0.002660960278801046,81.283333
9275,0.3101902873027353,-314.13653494367327,0.5499961641928108,-2.317789573474858,0.19651574781318557,0.004467654025397345,-0.6132406653222973,6.396909861783094e-06,0.0007384926347268261,0.00015235725182275323,0.002566195799752473,81.291667
9276,0.3146146745098326,-314.1542311420061,0.5236531770944193,-2.25454424188357,0.19927528202886835,0.0010032034819911263,-0.6123649795923087,6.340958006806387e-06,0.0007235814526961583,0.00014939855207392577,0.0024820509193654366,81.3
9277,0.3188082235856986,-314.1714536374123,0.4962680331257561,-2.1969071792684356,0.20182903784448628,-0.0024600703281845116,-0.6115239163047913,6.293954674326103e-06,0.0007095804958059004,0.00014674150003328825,0.002407620878287034,81.308333
9278,0.3227588901494211,-314.1883734686483,0.4679265138730274,-2.144517278814838,0.2041718495626077,-0.005944735639162049,-0.6107217276635607,6.255398467202979e-06,0.0006964668191012902,0.00014435464275069427,0.002342118263010767,81.316667
9279,0.32645954315511044,-314.20493711246735,0.4387011096141639,-2.0970202835890857,0.20630169063168782,-0.009428716685737219,-0.6099616581557955,6.224828689489854e-06,0.0006842163687956418,0.0001422109483796597,0.0022848540868199607,81.325
9280,0.329903768168111,-314.221280897293,0.4086697580278664,-2.054117178665897,0.20821562353980202,-0.012929183128549385,-0.6092467505153885,6.201820741336214e-06,0.0006728034238936058,0.00014028731442566322,0.0022352295043113765,81.333333
9281,0.3330866863079729,-314.2373068024923,0.37789779924800265,-2.0155138064309956,0.20991391662204698,-0.016415324268824753,-0.6085796557670505,6.185982124779825e-06,0.0006622012518220616,0.0001385641252255846,0.0021927235586361995,81.341667
9282,0.3360009323951777,-314.25313329952155,0.34645655363250194,-1.9809827467634775,0.21139269192900276,-0.019901482918784387,-0.6079634639126296,6.176948931048771e-06,0.0006523824870225191,0.0001370248958422272,0.0021568870366785796,81.35
9283,0.33864155969545834,-314.2687802575135,0.3144118680075323,-1.9503071576854811,0.212650479772136,-0.02338194777386733,-0.6074006673086395,6.174382875844809e-06,0.0006433203809437058,0.0001356559388046305,0.00212733280800702,81.358333
9284,0.3410057340844142,-314.28437347132416,0.2818332392826297,-1.9233100229970186,0.21368422561435318,-0.026873987535965666,-0.6068931975179085,6.1779687244953165e-06,0.0006349886446527557,0.00013444609012403766,0.0021037311526817125,81.366667
9285,0.34308451392477923,-314.2998243977776,0.24877607967781382,-1.8998215923752377,0.2144922017116342,-0.030348947917665296,-0.6064441849347609,6.187412154568196e-06,0.0006273613899465487,0.00013338647334643398,0.002085803892295193,81.375
9286,0.34487580769122866,-314.31510334496164,0.215300549878391,-1.8796855094929348,0.21507629562195552,-0.03379104453348688,-0.6060551666695642,6.202438118029806e-06,0.0006204149813640647,0.0001324703130846922,0.0020733216823053094,81.383333
9287,0.3463761844842194,-314.33027502440683,0.1814686455488247,-1.8627894944215355,0.21543470133186243,-0.0372048014475592,-0.6057278307022874,6.222789411644989e-06,0.000614126568314529,0.0001316927512179811,0.0020661004846393174,81.391667
9288,0.3475813138913186,-314.3455278138787,0.1473461625818617,-1.8490721698964316,0.21555938457806287,-0.040621480131279065,-0.6054639210954448,6.2482256854053345e-06,0.0006084747197769449,0.00013105071787758037,0.0020639977847968635,81.4
9289,0.3484917354335588,-314.36075830137105,0.11298884220418874,-1.8384209263169928,0.2154557089309496,-0.044010016563406605,-0.6052639660570838,6.27852279068488e-06,0.0006034398231466451,0.00013054284212550083,0.0020669091574792246,81.408333
9290,0.3491065766723455,-314.3759781531863,0.07845527843601971,-1.8307699813497185,0.21512435091909807,-0.047364005743836105,-0.6051286452297021,6.313472359477378e-06,0.000599003199173098,0.00013016935556194848,0.002074768898361202,81.416667
9291,0.34942463739597146,-314.39118909562836,0.04380251051203067,-1.8260708068252556,0.21456634474093506,-0.050674880578415626,-0.6050585532482601,6.352881681404841e-06,0.0005951476744239511,0.0001299320439664265,0.0020875476177791958,81.425
9292,0.3494438767566999,-314.40643952537886,0.00908832721540898,-1.8243065067897533,0.21377989713004641,-0.05394393807114331,-0.6050543114501734,6.396573844275684e-06,0.0005918578195671699,0.00012983421252342708,0.0021052514317544996,81.433333
9293,0.3491650879320459,-314.42179962723105,-0.02562630233690677,-1.825478615443988,0.21276321617425237,-0.05717734633864198,-0.6051157555252213,6.444388127999085e-06,0.0005891202373710141,0.00012988068194655643,0.00212792107667995,81.441667
9294,0.3485881143470511,-314.4372347875276,-0.06028671456501434,-1.8295818635161019,0.21151959607656218,-0.06035862516160913,-0.6052427690771764,6.496180618299466e-06,0.0005869230454155799,0.00013007781103675296,0.002155631051876091,81.45
9295,0.34771290143299605,-314.45280215105277,-0.09483408154435721,-1.8366534107832746,0.2100472406978271,-0.06349068879616687,-0.6054350516673258,6.551825048338131e-06,0.0005852562202937676,0.00013043350436478177,0.0021884910514774728,81.458333
9296,0.34653658172879176,-314.46845100779126,-0.12921802139355176,-1.8467241650080854,0.2083494471730165,-0.0665530279741782,-0.6056927562767832,6.6112138491354e-06,0.0005841116538932475,0.00013095729043939344,0.002226645378400152,81.466667
9297,0.3450692639897634,-314.48433267552,-0.1633644445772816,-1.859877190931906,0.2064238210104289,-0.06956951702479905,-0.6060130370680079,6.674259421815238e-06,0.0005834838014351415,0.00013166035108656102,0.002270275892211984,81.475
9298,0.3433077989619074,-314.50044290125476,-0.19722121815567786,-1.8761964209855952,0.20427004078935193,-0.07252859430950076,-0.6063957998860187,6.740895552652407e-06,0.0005833670620095883,0.00013255573106171707,0.002319596979294908,81.483333
9299,0.3412537062166087,-314.5168260340266,-0.2307282269991996,-1.895792443459867,0.20188719404082775,-0.07542918922946164,-0.6068397737216203,6.811079135705595e-06,0.0005837587759991408,0.00013365839131016015,0.0023748620406253062,81.491667
9300,0.33891303247831966,-314.53346550380286,-0.26382350937850857,-1.918769040006655,0.1992815324244305,-0.07825847161876794,-0.6073425681857523,6.884792051017739e-06,0.0005846582353772136,0.00013498538981301602,0.0024363630836418157,81.5
9301,0.33628846097341597,-314.55035286076463,-0.2964484392144869,-1.9452606068703446,0.1964572632492262,-0.08100458230664394,-0.6079023885772702,6.962043220391553e-06,0.0005860658762327983,0.0001365560449054931,0.0025044317412130992,81.508333
9302,0.3333847068531218,-314.5675866639502,-0.3285348585761403,-1.97546001380726,0.19341124208476346,-0.0836768305537847,-0.608516879091864,7.042870866597214e-06,0.000587984130116271,0.00013839214051995335,0.0025794420949428343,81.516667
9303,0.33020599142697155,-314.58516832687593,-0.36002022336715356,-2.009553363596849,0.1901477779350846,-0.08626463175964477,-0.6091836738863925,7.127345003660281e-06,0.0005904170948052476,0.00014051826764543827,0.0026618093249385854,81.525
9304,0.32675711791545026,-314.60315637897537,-0.39083658988003955,-2.047775542455047,0.18666686451155237,-0.08876806068198305,-0.6099001768914202,7.2155701428631235e-06,0.0005933707695602795,0.0001429620434797732,0.0027519934748287418,81.533333
9305,0.32304453703005903,-314.6215820624749,-0.420914378909778,-2.0903794732160472,0.18297178748086718,-0.09118169828944736,-0.6106633569808398,7.307688192492211e-06,0.000596853039594262,0.00014575449433452405,0.0028504994491793645,81.541667
9306,0.31907367016362786,-314.64052219967624,-0.4501804098525065,-2.137672810410553,0.17906122418213888,-0.09350745092101381,-0.6114703159538066,7.403881558008985e-06,0.0006008734624058452,0.0001489304160683048,0.002957878083603071,81.55
9307,0.3148514068408812,-314.6600132885808,-0.4785603505374672,-2.189981928076027,0.17493838655282792,-0.0957392364227252,-0.612317786933784,7.50437643962666e-06,0.0006054436028684287,0.00015252884209241926,0.0030747264405713657,81.558333
9308,0.31038851250656996,-314.6800947838848,-0.5059722722462013,-2.2476673519697976,0.17060857098853563,-0.09787194179843614,-0.613201688834802,7.609446292046476e-06,0.0006105768432318071,0.00015659346866773007,0.003201689001231265,81.566667
9309,0.30569201045991795,-314.70077913947756,-0.5323390974734958,-2.3111269353920587,0.16607807845929723,-0.09989417046115805,-0.6141186686945322,7.719415351237237e-06,0.0006162877083746509,0.00016117319167917023,0.0033394553246309942,81.575
9310,0.3007711052740631,-314.7221321316655,-0.5575732872916156,-2.3808273266519877,0.16134955740386397,-0.10180355802222693,-0.6150649303736901,7.834662192828937e-06,0.0006225927860058697,0.00016632254985164083,0.0034887653425113526,81.583333
9311,0.29563612191104105,-314.74422947118956,-0.5815808478550292,-2.4572914403007085,0.15642546028398122,-0.10359848527471416,-0.6160364777346626,7.955623246685181e-06,0.0006295103251442793,0.00017210236195659253,0.0036504077380035624,81.591667
9312,0.29029748762435553,-314.76717955434157,-0.604259742651758,-2.5411179831332,0.15130512304348254,-0.10528093144106726,-0.6170293330885477,8.082796123005934e-06,0.0006370600550512603,0.00017858029547815964,0.0038252221972974823,81.6
9313,0.28476837522048515,-314.79094879788954,-0.625512399748754,-2.6328856769150177,0.14600461182953822,-0.10683102977651687,-0.6180390740700744,8.216742555373717e-06,0.0006452631760929305,0.0001858314345503991,0.004014104966232398,81.608333
9314,0.2790606143977316,-314.8156757737596,-0.6452207481362782,-2.733335196680569,0.14052178278879318,-0.10825364435091203,-0.6190616202952703,8.358090499914261e-06,0.0006541417591552458,0.00019393833694608938,0.004218031093914201,81.616667
9315,0.27318737604669086,-314.84146187517143,-0.6632605943105676,-2.8432581056589172,0.13485943337434284,-0.10954641704913358,-0.620092757914208,8.507535082684287e-06,0.0006637189112083611,0.00020299159539412685,0.004438074248939398,81.625
9316,0.2671651403349732,-314.86835396243055,-0.6795003326414932,-2.9634787197604258,0.12902851938400622,-0.11069939608979043,-0.6211278431747581,8.665837952324388e-06,0.0006740182763949131,0.00021308963177335666,0.004675458165475029,81.633333
9317,0.26101137348080894,-314.89646959838905,-0.6937895327785716,-3.0949352834025965,0.12303336060800722,-0.11171132594588996,-0.6221622654170785,8.833823947260214e-06,0.0006850629971642021,0.00022433792406365135,0.004931643961382784,81.641667
9318,0.25474652546756577,-314.92591873982417,-0.7059624485434917,-3.2386240119921905,0.11688105372641862,-0.11257936425146522,-0.6231911574312796,9.012374091888823e-06,0.0006968750331991789,0.00023684787098802537,0.005208464523383881,81.65
9319,0.248387412137327,-314.9569146586731,-0.7158334668930966,-3.3956956434688217,0.11056601250620372,-0.11330887144979046,-0.6242105167371444,9.202413543026711e-06,0.0007094738613004505,0.00025073440861327604,0.005508346214678671,81.658333
9320,0.24194739451033737,-314.9893186222803,-0.7232590886884116,-3.567139066588705,0.10412196565489672,-0.11386256187263602,-0.6252171190458246,9.404892853531211e-06,0.0007228764786556727,0.00026611248965818205,0.005834657274963175,81.666667
9321,0.235453554887861,-315.0233965614779,-0.7280000183365405,-3.7542163079468356,0.0975437672250207,-0.11425377338702478,-0.6262058778216453,9.620759812105651e-06,0.0007370973202259581,0.00028308931084323693,0.006192333024974695,81.675
9322,0.22892192039188855,-315.0594023349227,-0.7298211158311797,-3.958274661726263,0.09082362736122918,-0.11448434231732561,-0.6271737532399758,9.850918589715626e-06,0.000752143717306372,0.00030175797568216873,0.006588592200776928,81.683333
9323,0.22238825557378986,-315.09738364154333,-0.7284610113840897,-4.1803634759865504,0.08398605597034826,-0.1145434426045224,-0.6281151604879873,1.0096173749770542e-05,0.0007680173414164538,0.0003221854466234681,0.0070341463230922385,81.691667
9324,0.2158937062114726,-315.137468295357,-0.7236175375663085,-4.42141289969953,0.0770483692205908,-0.1144308417597264,-0.6290243587736551,1.0357152961587641e-05,0.0007847081913541704,0.00034439583904904644,0.007544799507370255,81.7
9325,0.2094592483407981,-315.17989652143103,-0.7149959147998933,-4.682421370730276,0.07000780034152145,-0.11414331049769141,-0.6298989801833063,1.0634202526059249e-05,0.00080219232646774,0.0003683505488434179,0.008143510325087751,81.708333
9326,0.20312008352727254,-315.2247814535525,-0.7022768315297948,-4.963879074168947,0.0628815688159315,-0.1136732000805596,-0.6307351461292547,1.092725469659519e-05,0.0008204367275289469,0.0003939240343970857,0.008863093017489412,81.716667
9327,0.19690028201288357,-315.2724175074755,-0.6851200682427787,-5.266152906961834,0.05566289969612237,-0.11301696713118606,-0.6315309330617843,1.1235662063713677e-05,0.0008393965956833573,0.00042087479148566055,0.009749098791055993,81.725
9328,0.19085525029594302,-315.32290335730886,-0.6631427774323054,-5.588385268461573,0.04837595565924184,-0.11217433749977657,-0.6322809483105919,1.155799859924747e-05,0.0008590210339084194,0.0004488178863212087,0.010862541246532242,81.733333
9329,0.1850413403917125,-315.37640083556533,-0.635953804887123,-5.928721686766841,0.04103472292267378,-0.11115017591442167,-0.6329804914725671,1.1891827352206187e-05,0.0008792500797147492,0.00047719744042964843,0.01228077719155095,81.741667
9330,0.17948268553161079,-315.433067193109,-0.6032641315949492,-6.284743557323945,0.03364353554572275,-0.10992959830193279,-0.6336293148278096,1.2233444265764797e-05,0.0009000229474340441,0.000505273855479454,0.014094837325176674,81.75
9331,0.17424145707635227,-315.492973720999,-0.5647482784474688,-6.6517804419488025,0.026221241749227034,-0.108517047437163,-0.6342231543965019,1.2577638204339789e-05,0.0009212985055567898,0.0005321363861953401,0.016401713359101344,81.758333
9332,0.16937020156157834,-315.5561705754987,-0.520180476555427,-7.023546788359196,0.018780771537592195,-0.1069122533479979,-0.6347594547389636,1.2917499256105675e-05,0.00094305767958291,0.0005567415014890856,0.01928586524237275,81.766667
9333,0.16492467433157815,-315.62264028854696,-0.4694446080681077,-7.391669279595912,0.011335445597565807,-0.10511696049864307,-0.6352357396782956,1.3244329893137002e-05,0.0009653179586635827,0.0005780000672145947,0.022790430555072894,81.775
9334,0.16097553400124806,-315.6922569912998,-0.4125568894600233,-7.745132270688533,0.003901155033855068,-0.10314317857364023,-0.635648313440009,1.3547742340332521e-05,0.0009881371270635596,0.0005949036484486767,0.026878578936911517,81.783333
9335,0.15754756702701242,-315.76489030348654,-0.3498165469046458,-8.072879619371987,-0.003518279655879085,-0.10097607013532647,-0.635998402234069,1.3816005058937825e-05,0.0010115991849669983,0.0006066732739261308,0.03139214796997612,81.791667
9336,0.15470793675384828,-315.84018851745265,-0.2816794637968628,-8.360989933327904,-0.010905913400507911,-0.0986298149914732,-0.6362827463664628,1.4036723790558335e-05,0.0010357974402543412,0.0006129108705828629,0.03602974029733839,81.8
9337,0.15250091505119,-315.91769312228365,-0.20890736506600122,-8.596064745012763,-0.018247797618432867,-0.09610943868724717,-0.6365002013772652,1.419782925777269e-05,0.0010607662600387025,0.0006136591817893128,0.04035346492975511,81.808333
9338,0.1509761748799404,-315.99673143035363,-0.1325308778396085,-8.765234172821529,-0.025523474878144242,-0.09343231724892205,-0.6366486212972126,1.428877363044581e-05,0.0010864159610253273,0.0006093850227287699,0.04385032960682218,81.816667
9339,0.1501452904622969,-316.07673517314566,-0.05380145653737631,-8.859800521990975,-0.03272905536659499,-0.09059612667175278,-0.6367288775003739,1.4301772420649747e-05,0.0011124578758113016,0.0006008429857153029,0.04603871941737065,81.825
9340,0.15003100184504106,-316.15696302456683,0.025882333309562053,-8.87382409252194,-0.03985418822226006,-0.08761551530661373,-0.6367398823968083,1.4232868156400139e-05,0.0011383689431142129,0.0005888778193691309,0.046593035413449876,81.833333
9341,0.1506163730383292,-316.23680407494965,0.10506885786329506,-8.807533046023192,-0.04689600289567685,-0.08448366024604624,-0.636683428981656,1.4082551511290033e-05,0.001163387517726137,0.0005742185926663452,0.045434743145548205,81.841667
9342,0.15190568805245344,-316.31538318849204,0.18230523355179404,-8.664126610119276,-0.053836582841074836,-0.08122587885390234,-0.6365583175392553,1.3855795815269186e-05,0.0011865868413253682,0.0005573674887805884,0.04275246499132134,81.85
9343,0.15388622766385088,-316.3918328398295,0.2562408932264783,-8.45144393495846,-0.06065759626712242,-0.07787129415441889,-0.6363640705113786,1.3561458098579535e-05,0.001206973563469369,0.0005386022630082363,0.03894347965203056,81.858333
9344,0.15649654769970966,-316.4659293894648,0.32586705234927377,-8.18223634346605,-0.06737063757102998,-0.07439826427181473,-0.6361042431414949,1.3211189109030933e-05,0.0012236219535278377,0.0005180840399578665,0.03450281111327763,81.866667
9345,0.1597080995457941,-316.53696412054336,0.39029673301757994,-7.868941410253325,-0.07395603899925408,-0.07084178719104488,-0.635778623546844,1.2818165192096696e-05,0.0012358070738660155,0.0004959772369288084,0.029902816733587346,81.875
9346,0.16347088101742746,-316.6046148444682,0.4489680551225537,-7.5250327374553745,-0.08041065790900641,-0.06721418282690919,-0.6353887726404611,1.2395816899024952e-05,0.0012430617592920172,0.00047254073682842274,0.025515320624154018,81.883333
9347,0.16772958343622893,-316.66868097883383,0.5015716490527655,-7.163187346940633,-0.08673111869032117,-0.06352658937257165,-0.6349366883157833,1.195678009290632e-05,0.001245208219884821,0.00044815866683231407,0.021576451294514427,81.891667
9348,0.17243298570129367,-316.7289558052532,0.5479885395364147,-6.794313833464495,-0.09291049541042189,-0.05980235533202941,-0.6344240150052106,1.1512181056251966e-05,0.0012423374858836285,0.0004233113458272164,0.018194837305745306,81.9
9349,0.17752356267932198,-316.7854527477355,0.5883027433720698,-6.427512453955644,-0.09894788827500875,-0.056051681350832834,-0.6338533245946266,1.1071252904510237e-05,0.0012347552774886852,0.00039851612447295393,0.015383217250352674,81.908333
9350,0.1829414847506331,-316.8383015351498,0.6227363475913191,-6.0698510108786845,-0.10484240303040089,-0.05227828335845628,-0.6332278928568323,1.0641240689902779e-05,0.0012229212318022745,0.00037426446465033147,0.013094697101672544,81.916667
9351,0.1886451979662608,-316.88725263931036,0.6515111148513779,-5.726238018948228,-0.11058031011101106,-0.0485363956454103,-0.6325493862059348,1.02275104658654e-05,0.0012073877965696272,0.000350974010587433,0.011254074987481813,81.925
9352,0.194578253279572,-316.93259535413347,0.6750019177115134,-5.400143378353523,-0.11616600039465017,-0.04482448691967561,-0.6318217615757612,9.833767983163556e-06,0.0011887390241993522,0.0003289626217586057,0.009780034457724239,81.933333
9353,0.20068385415996878,-316.97526322851957,0.6936922257723234,-5.093357074857048,-0.12162501023670463,-0.04106184416516749,-0.6310497559738669,9.46234336860763e-06,0.0011675599024016012,0.0003084434423524092,0.008596857044249015,81.941667
9354,0.20692934987530842,-317.01489417531275,0.707855447169216,-4.8068191200436985,-0.12693514371429523,-0.037321784079693075,-0.6302357228841761,9.114477952520714e-06,0.0011444100927279677,0.00028953469448471207,0.0076400206325010055,81.95
9355,0.21327695220724546,-317.0516897840739,0.7178472551757309,-4.540636125821881,-0.13209652452762427,-0.033612767321829246,-0.6293831923055233,8.790579895762266e-06,0.001119797319894464,0.0002722726509604472,0.006858047972233486,81.958333
9356,0.21969118014422848,-317.08585852065517,0.7240066009924053,-4.294383537112857,-0.13710899761908474,-0.029941133590869744,-0.6284959538192617,8.490451570432308e-06,0.0010941740071280254,0.00025663190185069867,0.006211074706546762,81.966667
9357,0.22613124217237632,-317.1177704433614,0.7266747698350753,-4.0673109615128915,-0.14197152059032936,-0.026287608596567005,-0.6275791278010634,8.213474152627557e-06,0.001067935519740301,0.00024254341122128948,0.0056689131876593935,81.975
9358,0.23256419128862163,-317.14740426364364,0.7261222381275074,-3.8584826121551696,-0.1466748402761661,-0.022686155892026844,-0.6266373291121459,7.95875484217406e-06,0.0010414253217466117,0.00022991028249697525,0.00520894576102391,81.983333
9359,0.23898363636266007,-317.17514047620676,0.7226147924339358,-3.6664708457697777,-0.1512354284484929,-0.0191137486910879,-0.625671657076597,7.725236502113457e-06,0.0010149354577489405,0.00021861949047663414,0.004814360672751542,81.991667
9360,0.24535173161815166,-317.20112195556334,0.7163989062105236,-3.4902565740630096,-0.1556423683003092,-0.015574832809740764,-0.6246882346009245,7.511774811007287e-06,0.0009887001352980936,0.00020855168779777578,0.004472652392712036,82.0
9361,0.2516473099937683,-317.22549832113157,0.7076891910961803,-3.3286494397687325,-0.15989424376299766,-0.012072442998729617,-0.623691109129753,7.317202527288559e-06,0.0009629174795707691,0.00019958775867934226,0.004174383288785476,82.008333
9362,0.25785068578700227,-317.2484180490917,0.6966809725528377,-3.1805023255641323,-0.16398948713190942,-0.008607494221658483,-0.6226844078900944,7.140367539959928e-06,0.0009377470008659246,0.00019161301497460007,0.003912374553912144,82.016667
9363,0.26394027683060384,-317.27004048190344,0.6835549745854375,-3.0447485444320086,-0.1679242802601221,-0.005176650550056472,-0.6216728649894594,6.980159539166223e-06,0.0009133146948992245,0.00018451991190484356,0.0036810803677435997,82.025
9364,0.2698788702474918,-317.2908746853862,0.6685088928309001,-2.9204386856691893,-0.17168437459568614,-0.0017140382284090874,-0.6206642008917863,6.8355267153153974e-06,0.0008897189700108973,0.00017820954124438522,0.00347613847358561,82.033333
9365,0.27569455245844904,-317.310286314452,0.6516158528628713,-2.8064664865887865,-0.17529180108432504,0.001652752991165789,-0.6196551989261154,6.7054860507913935e-06,0.0008670407540208758,0.00017259240424182312,0.00329403040393145,82.041667
9366,0.28134981552077887,-317.32881619656695,0.6330483931630938,-2.7020714255079343,-0.1787312074590672,0.004998302376597659,-0.6186539300203112,6.589121718807147e-06,0.0008453224395296606,0.00016758763436422756,0.00313196515163767,82.05
9367,0.28683333375353753,-317.3464746544687,0.612922584430655,-2.6064684224751327,-0.1820012531430554,0.008308049468659283,-0.6176641748105388,6.48559019227017e-06,0.0008245986576142077,0.00016312362752597158,0.002987603002408896,82.058333
9368,0.292129357611683,-317.36346453807334,0.5913584570307779,-2.518959034466344,-0.1850960301104181,0.011603383411120216,-0.6166906305488821,6.394115836027069e-06,0.0008048884795174404,0.00015913707765969793,0.0028589922875038474,82.066667
9369,0.2972264198621762,-317.37992717474276,0.5684629883027026,-2.438902400777718,-0.18801100941611246,0.014896930809186268,-0.6157373258677769,6.3139872465676295e-06,0.000786199936675546,0.00015557237334473786,0.002744479639612233,82.075
9370,0.3021185483321704,-317.3957048154284,0.5443199307849718,-2.3657039228062264,-0.19074904858901282,0.01814638451931665,-0.6148073046632283,6.244552266918858e-06,0.0007685309422183301,0.0001523808560412801,0.0026426555987092456,82.083333
9371,0.30679264121813504,-317.4110522419784,0.519029860737437,-2.298860004285511,-0.19330224100394613,0.021387429181231248,-0.6139049879027456,6.185212637091698e-06,0.0007518699152265834,0.00014952011707703914,0.0025523169307700485,82.091667
9372,0.31124057747891315,-317.4259433473981,0.4926734517660096,-2.237899142145423,-0.19566969714128274,0.024603863779406054,-0.613033875233468,6.135419051053954e-06,0.0007362001624211102,0.00014695338589866829,0.0024724217793751792,82.1
9373,0.31545359697899084,-317.4405203299022,0.4653352801110479,-2.182410541724959,-0.1978461064754949,0.02781271551876999,-0.6121975854934084,6.094665933228154e-06,0.0007214998871127756,0.00014464890394625882,0.0024020705451779202,82.108333
9374,0.31942407885078455,-317.45475581006673,0.4370880068393135,-2.1320164105243467,-0.19983057461158127,0.030998601724367025,-0.6113994936353312,6.0624867095752895e-06,0.0007077438679622949,0.00014257937602738451,0.0023404825972356815,82.116667
9375,0.32314853660196385,-317.4686278606862,0.40800230714623414,-2.086366275770193,-0.20162511919087558,0.03414759941281462,-0.6106420927528721,6.038449418377454e-06,0.000694904379229119,0.00014072148779025408,0.0022869822951585243,82.125
9376,0.3266171553067815,-317.4822573933092,0.378150746643099,-2.0451821096473006,-0.20322310801248403,0.03727429164935411,-0.6099291009845204,6.022152684429967e-06,0.0006829511569641328,0.00013905546838558413,0.002240986214282264,82.133333
9377,0.32982428239132805,-317.4957189738,0.3476024007534715,-2.0082050733658834,-0.2046209931458685,0.04038509338770888,-0.6092633306478115,6.013222367151176e-06,0.0006718541361687679,0.0001375647228074785,0.0022019891962287833,82.141667
9378,0.33276477733382004,-317.5090551877697,0.3164228670494249,-1.9752044284271844,-0.2058161917760087,0.043480407538411474,-0.6086474037068711,6.011308476156605e-06,0.0006615829305612568,0.0001362354966348888,0.0021695569449827574,82.15
9379,0.3354335400102857,-317.5222736472129,0.28467422726862873,-1.9459742255905683,-0.20680743261419599,0.04655365960333618,-0.6080838390132248,6.016082596260902e-06,0.0006521073620896423,0.0001350565995483695,0.0021433188797621598,82.158333
9380,0.33782748126023,-317.5353961872983,0.25241852870636383,-1.9203322982405122,-0.2075940117880765,0.0496015704615658,-0.6075746235265906,6.0272357411945605e-06,0.000643397997717272,0.00013401916848914167,0.0021229621873566705,82.166667
9381,0.3399421327219468,-317.5484112527065,0.2197139758800568,-1.898119742520821,-0.20817605759846247,0.05261384554997859,-0.607121919366452,6.044476583662631e-06,0.0006354261008890989,0.00013311646431677754,0.0021082265792539473,82.175
9382,0.3417670381908514,-317.56116034950855,0.18660667801303998,-1.8791872877591889,-0.20855864854054074,0.055548615882436876,-0.60672906149985,6.067530101887813e-06,0.0006281643838867935,0.00013234370591876633,0.002098900171570636,82.183333
9383,0.3433129550361052,-317.5741395674718,0.1531858368762778,-1.8634801966577312,-0.2087230214831533,0.05850386608035683,-0.6063946822265139,6.096136613941329e-06,0.000621588647614777,0.00013169791706971851,0.002094817536475125,82.191667
9384,0.34456999534341215,-317.58723375063767,0.11949737476270933,-1.8509013524040339,-0.20867014384507848,0.06144710359135697,-0.6061217181424102,6.1300509308638945e-06,0.0006156729131625341,0.00013117785055298512,0.0020958502493658767,82.2
9385,0.34553691952276533,-317.6003637508506,0.0855944992321261,-1.8413565073546867,-0.20840526567907527,0.06435445717981794,-0.6059111005373026,6.169042177979463e-06,0.000610394871947431,0.00013078390607964676,0.0021019105790921213,82.208333
9386,0.3462136389301066,-317.6134321152372,0.05152942063345931,-1.8347611689267402,-0.2079366026488611,0.06719847350595196,-0.6057633590052468,6.212893642025911e-06,0.0006057338173167262,0.00013051804957982805,0.002112949232920214,82.216667
9387,0.34659749254457195,-317.62661492269353,0.017364042885927633,-1.8311180324764575,-0.20725297620234018,0.07000815201210545,-0.6056794326895394,6.261402924516449e-06,0.0006016705821077853,0.00013038376260721097,0.0021289541999881235,82.225
9388,0.3466888822341323,-317.6398675135898,-0.0168475563655146,-1.830389830115187,-0.2063592157471656,0.07276697026407188,-0.6056594379606435,6.314382403433101e-06,0.0005981882385433222,0.00013038607322947697,0.0021499472451970694,82.233333
9389,0.3464868440662505,-317.65327562346573,-0.05104684817721181,-1.8325926659165932,-0.20525017836433523,0.07548499510797312,-0.6057036341899872,6.371659917624965e-06,0.0005952715202501485,0.00013053152797517877,0.00217598531496651,82.241667
9390,0.34599008048859775,-317.66684525016973,-0.08517970978128327,-1.8377411626600393,-0.20392602111712213,0.0781554382434827,-0.6058121970217406,6.433079691314712e-06,0.0005929072293152548,0.00013082825067474294,0.002207159064414677,82.25
9391,0.34520198285691395,-317.68063657125225,-0.11918450468329461,-1.8458735482839113,-0.20238531242173047,0.08078330694651605,-0.6059841213354881,6.498503491099592e-06,0.000591084371865738,0.00013128597254447407,0.0022435940214458666,82.258333
9392,0.3441234790070216,-317.69454805965364,-0.15301095852772154,-1.8570045242885471,-0.20063827319893235,0.08334012828122161,-0.6062187880805248,6.567811971302937e-06,0.0005897932312600501,0.00013191613244536887,0.002285449202137826,82.266667
9393,0.34274404897856775,-317.7088676411279,-0.18660049420606428,-1.871305969516232,-0.19865656685585734,0.08587265547142117,-0.6065179042397107,6.6409062322584255e-06,0.0005890260566276612,0.00013273190391482713,0.0023329205748356674,82.275
9394,0.3410899010142098,-317.7231857950418,-0.21989050668691246,-1.8886850434415938,-0.19649131811235745,0.0882968049159109,-0.6068750685471517,6.717709696125842e-06,0.0005887794082555383,0.00013374846401762027,0.002386239664141682,82.283333
9395,0.339150737017618,-317.73780735554595,-0.25282239463428224,-1.9093594049794547,-0.19411269379935311,0.09066209485763009,-0.6072916592033721,6.798169931462045e-06,0.0005890465743229337,0.00013498287617724956,0.002445674141087278,82.291667
9396,0.3369315822642924,-317.7527053531137,-0.285336540150481,-1.93343555363962,-0.19152762087272182,0.09295515483634074,-0.6077655981611554,6.882260857510518e-06,0.0005898256105954048,0.00013645456664981422,0.0025115289864603646,82.3
9397,0.3344228928886416,-317.7680192790853,-0.31738040692547187,-1.9611270296848564,-0.18871978919627683,0.0951902276501787,-0.6082977678749282,6.9699852081279315e-06,0.000591115994619574,0.00013818538822095433,0.0025841479757476044,82.308333
9398,0.3316535665370587,-317.7835124555362,-0.34887614136460277,-1.9924678138053795,-0.18572954428663843,0.09732031483600728,-0.6088807809212721,7.061377236943167e-06,0.0005929216740283851,0.00014019992132631518,0.0026639180915221557,82.316667
9399,0.3286161143259681,-317.7993515497881,-0.3797672714262657,-2.027724510483651,-0.18253962319983194,0.09936508531897086,-0.6095148713998839,7.156505399747142e-06,0.0005952431882727868,0.00014252560869047339,0.002751261169686207,82.325
9400,0.3253150797172668,-317.8156740508224,-0.409980715306486,-2.0671659026416855,-0.17914127310839012,0.10133999154095058,-0.6101976098442089,7.255475343887472e-06,0.0005980856253685392,0.00014519325981603468,0.0028466428479020202,82.333333
9401,0.3217563814741775,-317.8323709068998,-0.43945726950152525,-2.110990431223641,-0.17555127207091722,0.10321556111054651,-0.6109261915280093,7.358433285343863e-06,0.0006014559897720989,0.00014823747203161582,0.0029505673066195434,82.341667
9402,0.317947490567173,-317.8495284014711,-0.46812057415719255,-2.1595041705169793,-0.17176794583742472,0.10499784496632945,-0.6116974235773911,7.465569450995251e-06,0.0006053630468198227,0.00015169676393326785,0.003063583878678077,82.35
9403,0.3138805784621679,-317.86702388513555,-0.4959297103995402,-2.2129851031207366,-0.1678038191088997,0.10665148334478779,-0.6125111036290071,7.57712165509016e-06,0.0006098170926510946,0.00015561425061178465,0.003186280310582286,82.358333
9404,0.30958064325357504,-317.88538952848,-0.5227416951768667,-2.271992576713563,-0.16361890386929162,0.10826080856867677,-0.6133603869672933,7.693379075312553e-06,0.0006148332387519611,0.00016003765431989335,0.003319303430048039,82.366667
9405,0.30506825130387694,-317.90430542697885,-0.5484857012635941,-2.3367399301997636,-0.15926136832541424,0.10976448723745816,-0.6142394374969867,7.814686253585127e-06,0.0006204244146342612,0.00016502120659975844,0.0034633044634625617,82.375
9406,0.3003363777712098,-317.9238084117904,-0.5731012168851107,-2.4076944215029656,-0.15472818357865797,0.11115247806428138,-0.6151478102884043,7.941446899421023e-06,0.0006266027919740208,0.00017062485867821883,0.0036189714441500764,82.383333
9407,0.2953960441247763,-317.94399512813294,-0.5964908804218387,-2.485374300135994,-0.1500192649063657,0.11242915009222168,-0.6160815035711544,8.074127490884634e-06,0.0006333857077019885,0.00017691503352840635,0.003787042582397843,82.391667
9408,0.2902602726143845,-317.96494059518164,-0.6185513691758577,-2.5703362277117345,-0.14513807634692216,0.11359484424734918,-0.6170361924804213,8.21326089531917e-06,0.0006407916077751927,0.00018396544657466943,0.003968288611842328,82.4
9409,0.2849379605846596,-317.98671715337053,-0.6391808532407744,-2.6632011846282144,-0.14008669480887523,0.11464670560951852,-0.6180083846570446,8.359449358649587e-06,0.0006488396231362684,0.00019185755807110287,0.004163515968099789,82.408333
9410,0.2794435987615213,-318.00937477893467,-0.6582648722753915,-2.764625700864644,-0.13487293212177456,0.11557975247058674,-0.6189936394468953,8.513366664623002e-06,0.000657550407343977,0.00020068080162397056,0.0043735854674080595,82.416667
9411,0.2737890264246629,-318.0329890034538,-0.6756841123434673,-2.875349408695388,-0.1295009204806955,0.11639057376178505,-0.6199881116683247,8.675758922833518e-06,0.0006669447372912671,0.00021053265027301746,0.004599434007698882,82.425
9412,0.26799003602619814,-318.0576722581523,-0.6913002430727626,-2.99619087970438,-0.12397286801827764,0.11708073450233732,-0.6209873930119,8.847443359401274e-06,0.0006770438658675648,0.0002215182879247036,0.0048421275166295385,82.433333
9413,0.262063874163921,-318.08348762685875,-0.7049692853431523,-3.12799634284356,-0.11829790793522774,0.11764468760390416,-0.6219870136367224,9.02930431450533e-06,0.000687868244404353,0.00023374990147923395,0.005102937949224556,82.441667
9414,0.256026581439349,-318.1105536935668,-0.7165326437518797,-3.271713763700188,-0.112478732836916,0.11808188622321983,-0.6229829174876053,9.222285137109185e-06,0.0006994367020317352,0.0002473447677576781,0.005383490766646842,82.45
9415,0.24986779583565313,-318.1387284273682,-0.7259082517204968,-3.4282890991019204,-0.1065385414331672,0.11834978007433906,-0.6239754654004025,9.427374562539908e-06,0.000711766042862068,0.00026242249241000616,0.005685995324608832,82.458333
9416,0.2436641769263912,-318.16860686954453,-0.7327270882089804,-3.598873219909113,-0.10045072739358571,0.11852435177445117,-0.6249513117664014,9.64558614239511e-06,0.000724876486408477,0.0002790982796517894,0.00601374752410396,82.466667
9417,0.23740884834046724,-318.20002634397724,-0.736880194709879,-3.784420697112329,-0.09424332333814048,0.11855886537194275,-0.6259109394505742,9.877925972706146e-06,0.0007387696331526987,0.0002974823802766833,0.006371303819608139,82.475
9418,0.23112546698736072,-318.23314307184404,-0.7381371846299494,-3.986004012391826,-0.08792034481227802,0.11845393359940211,-0.6268502143725554,1.0125347872189407e-05,0.0007534478820971612,0.00031766457249027816,0.006765651944225436,82.483333
9419,0.22484144191649194,-318.26812932820184,-0.7362409889295297,-4.20463920600276,-0.08148583522269531,0.11821119038632623,-0.6277648331991109,1.0388692436901496e-05,0.000768905543428327,0.00033970356282838455,0.007207245034509689,82.491667
9420,0.21858433747613462,-318.3050981523617,-0.7309290935556144,-4.441183756514697,-0.07495126216828164,0.11782556106380426,-0.628650903232773,1.0668604080089338e-05,0.0007851267897432423,0.000363610266822863,0.007711566601755646,82.5
9421,0.21238312777275375,-318.34420067982825,-0.7219153733088636,-4.69633123310266,-0.06832432879068831,0.1172946618864057,-0.6295047744570773,1.096542190025804e-05,0.0008020848991712375,0.00038932613666466706,0.008301207359535347,82.508333
9422,0.20627079221052852,-318.38558812671255,-0.7088922737271749,-4.970445905478222,-0.06161402690104119,0.11661687092044369,-0.6303227187574333,1.1279040165002968e-05,0.0008197418833688467,0.0004166981579865498,0.009008347154376229,82.516667
9423,0.2002857113357415,-318.4294810508656,-0.6915161319610889,-5.263446201388114,-0.054822386221121455,0.11579628460350436,-0.6311008153354315,1.1608735094430901e-05,0.0008380486997827712,0.00044545090027528104,0.009877419345049222,82.525
9424,0.1944635465027217,-318.4759760811598,-0.6694739137759095,-5.574564603560344,-0.04796406986958513,0.11482673551429198,-0.6318360400362395,1.1952957202463495e-05,0.0008569469164347733,0.00047515934330507215,0.010967295851834504,82.533333
9425,0.1888469245986797,-318.5252349321443,-0.6424294510908762,-5.902175899794989,-0.04104635861850518,0.11370935811306641,-0.6325250121518323,1.2309095119706525e-05,0.000876375190469596,0.0005052258934932242,0.012352171942732039,82.541667
9426,0.18348203348991712,-318.57738293985193,-0.6100671655121923,-6.24349001513632,-0.03407879227896785,0.11244509115172152,-0.6331644731574001,1.2673224131164724e-05,0.0008962759310874405,0.0005348720084645334,0.014118964039332266,82.55
9427,0.17840977742968236,-318.6324890495213,-0.5721389194895267,-6.59450660784411,-0.027072636406014185,0.11102979028968521,-0.6337522944354966,1.3039864606304429e-05,0.0009166056898348206,0.0005631525804287413,0.016359047649888228,82.558333
9428,0.17366223000533973,-318.6906701361482,-0.528466581561468,-6.950122445868709,-0.020028836800211062,0.10945526747607537,-0.6342877129459243,1.3401795326917298e-05,0.000937349508067139,0.0005890052472503356,0.01915215559926538,82.566667
9429,0.16932761527093249,-318.7518567206267,-0.4788660586460585,-7.301786016324591,-0.012969633247115909,0.10774445692822066,-0.6347640768747694,1.3749986184694659e-05,0.0009585345781935543,0.000611341084067982,0.02254114708403549,82.575
9430,0.16543627473744602,-318.8160246859767,-0.42341723484926463,-7.6409092248369355,-0.005896557680253241,0.10588730031272696,-0.6351815668893469,1.4073691504726954e-05,0.0009802182229376837,0.0006291585270603512,0.026494728090098486,82.583333
9431,0.16203922418481342,-318.88299327303633,-0.36233663095613905,-7.956742870486017,0.001178010623132528,0.1038863239327686,-0.6355381630293399,1.4360801192714054e-05,0.0010024970004662878,0.0006417078328847813,0.030874230968759638,82.591667
9432,0.15918298897416705,-318.9525055301752,-0.2960502512994376,-8.23759558455567,0.008244085412722004,0.1017438811745482,-0.635832313094614,1.4598513150308856e-05,0.0010254722256848152,0.0006486152176737315,0.03540914198438554,82.6
9433,0.1569113401434276,-319.0242177341909,-0.22520707005721546,-8.471482988068322,0.015293375506457133,0.09946381232849008,-0.6360625561835105,1.4774299749070284e-05,0.0010492014435553455,0.0006499542647478811,0.039702761254575544,82.608333
9434,0.15526140601946783,-319.0976617602371,-0.15069762771496562,-8.647236771409197,0.022315402401530474,0.0970505748347854,-0.6362277276383792,1.487710095243546e-05,0.0010736321755779076,0.0006462161606132071,0.04328033775562052,82.616667
9435,0.15425313562746693,-319.17227939421264,-0.07363538059285617,-8.756167190662875,0.029298302467659278,0.09450417567913462,-0.636327810902306,1.4898579226631472e-05,0.0010985342836967679,0.0006381731793371582,0.0456794993080982,82.625
9436,0.153897697109748,-319.2478431062606,0.004832491143467051,-8.792670913387736,0.03626589565561138,0.09181235315660093,-0.6363629383426913,1.4834217960790608e-05,0.0011234553563960754,0.0006266717584204025,0.04656076394352819,82.633333
9437,0.1542199660594287,-319.323113104473,0.08321832434849787,-8.7536132497121,0.04315687238313939,0.08900976287082718,-0.6363310924006343,1.4684022442955049e-05,0.0011477140347674226,0.0006124241781637392,0.0457953498766846,82.641667
9438,0.15521229816470905,-319.3975910057876,0.16021368510118927,-8.641266890694022,0.04997734535956702,0.08609781913194209,-0.6362326171830033,1.4452617609602383e-05,0.0011704399570024403,0.0005958886846943402,0.04350465110874136,82.65
9439,0.15684278692593678,-319.4707597732151,0.23458105658344175,-8.462441613100918,0.05672257792779111,0.08307052607250633,-0.636069453383247,1.4148734591347048e-05,0.00119067890969598,0.0005772801814884295,0.040020058093808264,82.658333
9440,0.159095797803571,-319.54191209357856,0.3051932503484436,-8.225722823085343,0.06337477722719179,0.079950639666945,-0.6358412109200301,1.3784226878682849e-05,0.0012075209730580193,0.0005566684251539487,0.03579142566350583,82.666667
9441,0.16193011865552212,-319.61075917103494,0.3712104975586511,-7.942480649349246,0.06993837873767188,0.07673314691701454,-0.6355494945476378,1.3372774861136251e-05,0.0012202063833809914,0.0005341211206396178,0.031281313787068915,82.675
9442,0.1653071124943653,-319.6770062298992,0.4319971996512796,-7.624464190754869,0.0764117684108733,0.07342163667755097,-0.6351952594217882,1.29285639993532e-05,0.001228217317571534,0.0005098218786371836,0.02687662221612048,82.683333
9443,0.16917476010923313,-319.74032116398797,0.48711856328054987,-7.283646393759048,0.08277925356113465,0.07002588474817874,-0.6347806576456911,1.2465144702575543e-05,0.0012313109114279832,0.00048412027032397983,0.022844530664728798,82.691667
9444,0.17348463117514984,-319.8005243531406,0.5363644404826414,-6.930656217847772,0.08903294792773035,0.0665558931002408,-0.6343074648409298,1.19946106495746e-05,0.0012295152362758097,0.0004575109398566908,0.019327879622114078,82.7
9445,0.1781894099565851,-319.8575244270849,0.5796998374294678,-6.57453922418155,0.09516710341186731,0.06302271169305435,-0.63377746324325,1.1527117679137908e-05,0.0012230837872031974,0.0004305704319766625,0.016367827836183964,82.708333
9446,0.1832360280261647,-319.9112343104002,0.617221293874303,-6.222845952650352,0.10116958168957958,0.059442400974575905,-0.6331933586063054,1.1070710413286655e-05,0.0012124347067569742,0.00040388142485979495,0.0139369500101042,82.716667
9447,0.18857618902802945,-319.96194252720966,0.6491806358040475,-5.88107760268466,0.10704941882121316,0.05580024583260012,-0.6325577184503103,1.0631389045956871e-05,0.0011980913005393615,0.00037796699917550176,0.011970577525210744,82.725
9448,0.19416664099418315,-320.00964382035176,0.6758312850587161,-5.553265306149483,0.11279686662219839,0.0521147049750798,-0.6318729596062601,1.0213321904540577e-05,0.0011806242507543332,0.00035325050719856493,0.010390614240950984,82.733333
9449,0.19995516884272468,-320.05452776776775,0.6975055859666476,-5.242249795511659,0.11840549124134186,0.048383908188787836,-0.6311431293678761,9.819132494473416e-06,0.001160606902773234,0.0003300376173169271,0.009120811945174853,82.741667
9450,0.2059061020566499,-320.0966554997602,0.7145186217645799,-4.949511995062319,0.12386955205608384,0.04462656520981658,-0.6303707769455998,9.450211961104948e-06,0.001138590602550409,0.00030851867183219077,0.008094190245684755,82.75
9451,0.21197791946251507,-320.13628313377683,0.7272213582010352,-4.675768831898762,0.12918745259129427,0.040837051584137904,-0.6295597271005243,9.107005171224047e-06,0.0011150785986837645,0.00028878309221552333,0.007255934350920638,82.758333
9452,0.21813813280484348,-320.17351206729694,0.7359283321081355,-4.421056369248943,0.1343542167292544,0.03703014113695165,-0.628713150626298,8.789267360303206e-06,0.001090521053075065,0.00027083994595604276,0.006562991919988715,82.766667
9453,0.22435022181204428,-320.20859148322967,0.7409625964805396,-4.184994614986351,0.13936695688311063,0.03319969259608862,-0.6278352844629445,8.49627291000809e-06,0.0010653089047100374,0.00025463858688885003,0.00598257274156218,82.775
9454,0.23058600024949885,-320.2416147844317,0.7426047524050139,-3.9668667762353502,0.14422073120197512,0.02936051593939656,-0.6269297037717547,8.226983995286215e-06,0.0010397784601057804,0.0002400880528431588,0.005490082905584786,82.783333
9455,0.2368189319612822,-320.27276252043157,0.7411249180080229,-3.7657451081588955,0.1489137865737512,0.025514262151149724,-0.6260001751366766,7.980176925683829e-06,0.0010142122513614796,0.00022707254653722887,0.0050672672022924106,82.791667
9456,0.2430171922293321,-320.30231319329937,0.7367863227154897,-3.580637276647314,0.15344180245752836,0.021644822981579832,-0.6250516999198394,7.754536637583484e-06,0.0009888445345134047,0.000215463866240874,0.0047005701634214355,82.8
9457,0.24916311839178532,-320.33028899347306,0.729798726807819,-3.4104551227789606,0.1578016643998312,0.017773894507537368,-0.6240875227583692,7.548725300023891e-06,0.0009638699795278403,0.00020513046422539202,0.004379844048116272,82.808333
9458,0.25523654964877784,-320.356783753109,0.7203638072586958,-3.254134448935151,0.16199065297417506,0.01391128665414532,-0.6231115607406322,7.361426678824502e-06,0.0009394434708894054,0.00019594317086181544,0.00409744442213849,82.816667
9459,0.2612152441183093,-320.38199762119996,0.7086762784210834,-3.1106433316944324,0.16600554968985393,0.010047784054248433,-0.6221283727525764,7.1913770813768116e-06,0.0009156874579909466,0.00018777933946797986,0.003847508673236225,82.825
9460,0.26707849122660066,-320.4060792528709,0.6949100597806402,-2.979002386881424,0.16984176254990838,0.006180110360495293,-0.6211425718833582,7.037384079379989e-06,0.0008926980727201328,0.00018052524750843105,0.0036254490777028617,82.833333
9461,0.27281072728785544,-320.429109015858,0.6792178575262555,-2.85827504953913,0.17349644645463205,0.0023148662671285693,-0.6201581549393512,6.898336158832346e-06,0.0008705489597512153,0.0001740771430200341,0.0034276094886269547,82.841667
9462,0.27839800057131814,-320.45109954289325,0.6617358539000471,-2.747594519924553,0.17696753644331073,-0.0015306085736070461,-0.6191790217365087,6.773206052434112e-06,0.0008492932979331746,0.00016834149351874884,0.003251027464717502,82.85
9463,0.2838253649911516,-320.472258539632,0.6426018451465096,-2.6461555129182783,0.18025193528815328,-0.005374518744640181,-0.6182094038828098,6.661050309958011e-06,0.0008289669883382862,0.00016323478531799155,0.0030932623181726625,82.858333
9464,0.28907833445988634,-320.4926313471088,0.6219339741012825,-2.553234780159091,0.18334589072769808,-0.00920815196197628,-0.6172536002055494,6.561006293534718e-06,0.0008095922521415007,0.00015868306403136383,0.002952266389193565,82.866667
9465,0.29414502696580613,-320.51225288511296,0.599841008356534,-2.468162905814339,0.18624738519521872,-0.013021636289311474,-0.6163155532454887,6.4722873908728455e-06,0.0007911801958495686,0.00015462119724702527,0.002826303593679822,82.875
9466,0.2990153310966539,-320.5313579373626,0.5764342813568156,-2.390327939809802,0.1889522032939277,-0.016843628356865124,-0.6153989516810587,6.394177208552346e-06,0.0007737322707175115,0.00015099209008615974,0.002713888526101615,82.883333
9467,0.3036748508252917,-320.54987604153007,0.5518035599158176,-2.3191964136006624,0.1914567883566794,-0.020646801344091633,-0.6145083567067281,6.326023430324359e-06,0.0007572418245635985,0.00014774589848468473,0.002613737984622705,82.891667
9468,0.3081150397914351,-320.5677871550251,0.526035431004467,-2.254262718586942,0.19376152873957656,-0.024413362191294,-0.613647268716336,6.267231894399069e-06,0.000741697336272312,0.00014483928525696395,0.002524739382412449,82.9
9469,0.3123263422380196,-320.58529477332723,0.49922199416400864,-2.195088031780877,0.19586064815729176,-0.028169394107681156,-0.6128193897185465,6.217260468912423e-06,0.0007270819773869722,0.00014223468292872934,0.0024459261011518275,82.908333
9470,0.316302783298047,-320.60236044280896,0.4714400337635667,-2.141258127699142,0.19775562101103467,-0.031895388898368564,-0.612027704602955,6.175613542477084e-06,0.0007133753448595702,0.00013989964308265342,0.0023764533614040657,82.916667
9471,0.3200343831294077,-320.6190931926811,0.4427686929388849,-2.092426289221573,0.1994411906752866,-0.03560084781439514,-0.6112759636800063,6.141836824201166e-06,0.0007005536584550912,0.0001378062605369399,0.002315585897205325,82.925
9472,0.32351616546234624,-320.6354478745804,0.41327795933593153,-2.0482563430390375,0.20091990923528782,-0.03926571866989288,-0.6105668727389495,6.115512822381319e-06,0.0006885919927764179,0.00013593066334446975,0.0022626814642845773,82.933333
9473,0.32674084391448943,-320.6515485230763,0.38304162966531397,-2.0084741153556096,0.2021866434930084,-0.042903904305621736,-0.609903540622913,6.096256614955003e-06,0.0006774637024594699,0.0001342525571390725,0.0022171828008039386,82.941667
9474,0.3297020159286332,-320.6673895260333,0.35212564561416543,-1.9728220953749385,0.20324130890480013,-0.046503852867700236,-0.6092888269935064,6.0837122775482745e-06,0.0006671418701511227,0.0001327548289808642,0.002178606103822621,82.95
9475,0.3323961253911532,-320.68309716474016,0.32060031938648986,-1.9410847721742508,0.20407925386685194,-0.05008146240443853,-0.6087249115492004,6.077549737618796e-06,0.0006575996762890865,0.00013142321460730809,0.002146534843672251,82.958333
9476,0.3348168552458979,-320.6986698473533,0.28852750679467903,-1.9130654312527582,0.20469949503074203,-0.05362660308914397,-0.6082144497225289,6.077462061720348e-06,0.0006488102040513393,0.0001302459987057353,0.0021206124680566278,82.966667
9477,0.33695942157314457,-320.71403810445076,0.25596512349536343,-1.888577151416789,0.20510611321702202,-0.0571154720525461,-0.6077596711276761,6.083163259387545e-06,0.0006407476627699521,0.00012921378234552095,0.002100537709660343,82.975
9478,0.3388197682607664,-320.72931260436036,0.22297738644723927,-1.8674863516577092,0.20529389826749314,-0.060561385039160906,-0.6073625331317982,6.094386417020291e-06,0.0006333873350240032,0.00012831926777400574,0.0020860608225399045,82.983333
9479,0.3403956359696856,-320.7445056072492,0.18962419479334308,-1.8496618438131498,0.20526366834657295,-0.06395795475530726,-0.6070244798658669,6.1108822257588945e-06,0.000626705700310673,0.00012755708134939788,0.002076978273715395,82.991667
9480,0.34168366075009554,-320.75961902984,0.15596307830938877,-1.834994659031835,0.205016334739724,-0.0672965584515613,-0.6067470546994563,6.132417854239329e-06,0.000620680310648488,0.00012692363522867416,0.0020731304681561764,83.0
9481,0.34268050733656824,-320.7747175842944,0.12205321526177738,-1.823409446696748,0.20454857573451768,-0.07058147438021607,-0.6065316548336906,6.158776158287822e-06,0.0006152903257304082,0.00012641701459770448,0.002074399264632752,83.008333
9482,0.3433840995945804,-320.7897788982546,0.08795005809386863,-1.8148293519892251,0.20386358375569913,-0.07379936507053315,-0.6063792588879251,6.1897551863384924e-06,0.000610516679182254,0.0001260368945266853,0.0020807054444212,83.016667
9483,0.3437948079151337,-320.80486357715375,0.053713764446030605,-1.8092100719949904,0.2029600433191051,-0.07695435667291353,-0.6062901619529754,6.2251679506669064e-06,0.000606341951609132,0.00012578446931760432,0.002092007988318579,83.025
9484,0.34390904823039775,-320.81999004009185,0.01939881292520537,-1.80652489627734,0.20183720489439688,-0.08004103549039455,-0.6062653610705816,6.264842446297621e-06,0.0006027499946898037,0.0001256624244095478,0.0021083019909724616,83.033333
9485,0.34372976916578235,-320.83520179065744,-0.014934116120436623,-1.806758532854654,0.20049591757713847,-0.0830603531480029,-0.6063042779379265,6.3086219614640135e-06,0.000599726978744548,0.00012567491419667224,0.0021296187787675667,83.041667
9486,0.34325323784355843,-320.8505316200421,-0.04923115659550478,-1.8099249765226608,0.19893388781796856,-0.0860093729686637,-0.6064076258715463,6.356365559351201e-06,0.0005972600496570051,0.00012582757641344946,0.0021560245562920774,83.05
9487,0.342483064409465,-320.8659944467203,-0.08343277764411622,-1.8160375579258425,0.19715438162644594,-0.08888307195247161,-0.6065743664232651,6.40794885110438e-06,0.0005953389552764084,0.00012612755368127647,0.0021876215091359112,83.058333
9488,0.341418038822207,-320.8815718286786,-0.11748607687166253,-1.825127479791794,0.19516111465328248,-0.09166861057264539,-0.6068043488958934,6.463264918447697e-06,0.0005939545124797255,0.00012658354357265186,0.00222454719057879,83.066667
9489,0.34006071394414056,-320.89728965316203,-0.15133244979753754,-1.837249914632929,0.1929561642927538,-0.09436274663890194,-0.6070964531144868,6.522225479704868e-06,0.0005930998086395066,0.00012720584948396947,0.0022669766195217472,83.075
9490,0.33841302323629463,-320.91324192712506,-0.1849102595230259,-1.852501868346254,0.1905346341350281,-0.09697483646768613,-0.6074495427301733,6.584762233397155e-06,0.0005927694635222138,0.00012800649066274346,0.0023151219873202866,83.083333
9491,0.336476866714905,-320.92940207328013,-0.21816402006261185,-1.8709641177927157,0.1879029331404431,-0.09949057547193567,-0.6078623411476329,6.650828439126014e-06,0.0005929598872900438,0.00012899935708887773,0.0023692328986960947,83.091667
9492,0.33425499395314745,-320.94585658753664,-0.2510309241540374,-1.8927734436559616,0.18505699786501295,-0.1019170247227542,-0.6083332477259895,6.720400696445722e-06,0.0005936694019336387,0.00013020030173808246,0.0024295996343010463,83.1
9493,0.33175140820437427,-320.9625760119908,-0.2834528171069624,-1.9180490605118514,0.18200503907661447,-0.10423943294244885,-0.6088602623316428,6.793480927657482e-06,0.0005948981513834628,0.0001316273781179084,0.002496552683353289,83.108333
9494,0.32897022827919997,-320.9796110409752,-0.3153664040644196,-1.9469608538413123,0.17874743326150797,-0.10645772140577515,-0.6094412369798364,6.870098565070184e-06,0.0005966479683698555,0.00013330098498903626,0.002570466062966688,83.116667
9495,0.3259146626376996,-320.99697649368227,-0.34671081412498334,-1.9796936115144883,0.17528792640360766,-0.10856451764061409,-0.610074094715211,6.950312938761499e-06,0.000598922472960183,0.0001352441585838796,0.002651757645822628,83.125
9496,0.32259217728958933,-321.014764047172,-0.3774141918519439,-2.0164822402616682,0.17162428144667127,-0.11056674934315257,-0.6107557716744085,7.034215896018827e-06,0.0006017273822076546,0.00013748282113740546,0.0027408922364016604,83.133333
9497,0.3190064431431144,-321.03297355305335,-0.40741392461486947,-2.057563622280484,0.16776235797140948,-0.11245332478104844,-0.6114838948570606,7.121934636562491e-06,0.0006050697330012761,0.0001400461966167832,0.002838379237434367,83.141667
9498,0.3151646299960782,-321.05167015864583,-0.4366372182273648,-2.1032279685057826,0.16370287395904798,-0.11422494404558803,-0.612255293069264,7.213634769927387e-06,0.0006089588406909195,0.00014296707519216706,0.0029447784037906505,83.15
9499,0.3110724239875204,-321.0708946084823,-0.46501293623788764,-2.153794758442238,0.15944871445599637,-0.11587682714069131,-0.613067028200128,7.309523562711115e-06,0.0006134056611841193,0.00014628230927042708,0.0030606975179904078,83.158333
9500,0.30673885636731124,-321.09069392825023,-0.49246294965532744,-2.20962050199866,0.15500403049730244,-0.11740565108415234,-0.6139154471904886,7.409853389311192e-06,0.000618423242602144,0.00015003323664263026,0.003186795090939815,83.166667
9501,0.3021712600420157,-321.1110744956857,-0.5189121934601767,-2.271088720740034,0.15037730501105562,-0.11880057714660391,-0.6147972037048036,7.5149253193626985e-06,0.0006240261337430814,0.00015426621733121307,0.0033237786267384033,83.175
9502,0.2973797539903475,-321.13213718644505,-0.5442712797179358,-2.3386694888317168,0.14556765885917214,-0.1200655480112831,-0.6157083997729851,7.625092779119946e-06,0.0006302308810735513,0.00015903308874399655,0.0034724087455849355,83.183333
9503,0.29237334265466297,-321.1538993915232,-0.5684556308556281,-2.4128469226111404,0.14058399489424134,-0.12119055034529992,-0.6166453628809506,7.740765251662616e-06,0.0006370555102101777,0.00016439191064751015,0.003633494122336446,83.191667
9504,0.2871628017154768,-321.17648119324883,-0.5913649232550875,-2.4942106852865464,0.13542419207901993,-0.12218002162860235,-0.6176041152636363,7.862411874114477e-06,0.0006445198599743941,0.00017040738226537555,0.0038078992144509275,83.2
9505,0.2817585363164458,-321.19988856223614,-0.612904774762871,-2.583353964276572,0.13010035275676843,-0.12302116264390787,-0.6185807986272333,7.99056476633041e-06,0.0006526452086598631,0.00017715161690100802,0.003996542698177764,83.208333
9506,0.27617457677647117,-321.22423239388576,-0.6329598493147337,-2.680985002280685,0.12461406974337662,-0.12371599611991825,-0.6195709794705118,8.125821803044692e-06,0.0006614543597321612,0.00018470435924638457,0.004200416961207071,83.216667
9507,0.27042350245785807,-321.24959909159656,-0.6514124003877095,-2.787873783612242,0.11896988561282455,-0.12426105674332494,-0.6205705993441066,8.268848434827605e-06,0.0006709707370729985,0.0001931536098603246,0.00442059923995845,83.225
9508,0.2645214087033564,-321.27608662263214,-0.6681298682914146,-2.9048642716245148,0.11317316967466101,-0.12465435091032982,-0.6215751275114817,8.420378159124971e-06,0.0006812185514984175,0.00020259563025216057,0.0046582954478908,83.233333
9509,0.25848092989656213,-321.30377370223084,-0.6829786807864825,-3.0328764535373987,0.10723105211630281,-0.12488865387511375,-0.6225807885498016,8.581210847987676e-06,0.0006922217123650469,0.0002131347192766922,0.004914903892313,83.241667
9510,0.2523215239027042,-321.3327362902433,-0.6958042001544191,-3.1728868978232745,0.1011547659405441,-0.12495857585987256,-0.6235828576240581,8.752208029529468e-06,0.0007040042003040073,0.00022488210796907238,0.005192144151555219,83.25
9511,0.24606202363604043,-321.3630667592851,-0.7064398191968733,-3.32595613792219,0.09495408479963018,-0.12485927598213999,-0.6245769733644368,8.934283711054112e-06,0.0007165878818652727,0.0002379541971585324,0.005492241642775262,83.258333
9512,0.23972668477535092,-321.395065439621,-0.7146671431817772,-3.4933359413805762,0.08861577514772898,-0.12460608522584533,-0.6255582151931638,9.128389042445875e-06,0.0007299918803690326,0.0002524694167873848,0.005818239283049704,83.266667
9513,0.23331570050618566,-321.4286742160227,-0.7203475883367355,-3.676203180157145,0.08216380735724325,-0.12416632571240176,-0.6265256139980581,9.335488945078852e-06,0.0007442302150307599,0.0002685444220374849,0.006174424387887297,83.275
9514,0.22687001503383247,-321.46408683278713,-0.7232132638264487,-3.875762356760832,0.07560663729714723,-0.12355029573383072,-0.6274722890269344,9.556528347526397e-06,0.0007593165361443774,0.0002862843123530085,0.00656720761641736,83.283333
9515,0.22041437394807514,-321.50145335392904,-0.7230169272814707,-4.093240888525293,0.06895301052960837,-0.12275423945773335,-0.6283942963697691,9.79238273340315e-06,0.0007752526823488265,0.0003057743279910374,0.007006029023347455,83.291667
9516,0.21398589610637375,-321.54081281940756,-0.7194866547374124,-4.329608581471164,0.0622297530575445,-0.12177272344086981,-0.6292864008829291,1.0043789396912773e-05,0.0007920313929506676,0.00032706492447302207,0.007504928256738173,83.3
9517,0.20760575007548435,-321.58246560817673,-0.7123238508953451,-4.586022820681272,0.05542735807389318,-0.12060775941652199,-0.6301460854607246,1.0311254460639896e-05,0.000809632005837493,0.0003501524133336738,0.008084563356765141,83.308333
9518,0.20129840074702976,-321.62666414526893,-0.7012111703519722,-4.863382633500021,0.04854478346077812,-0.11925532312170764,-0.6309707478020541,1.0594932077429047e-05,0.0008280237988667623,0.00037495683862987227,0.008774844441739111,83.316667
9519,0.1951117527733857,-321.6735268695072,-0.6857873127321027,-5.161819941710522,0.04160332332449453,-0.11771571079415849,-0.6317552434262684,1.0894472534971817e-05,0.000847165451929149,0.00040129393502189806,0.009618055100938088,83.325
9520,0.18909417328678507,-321.7231834345143,-0.6656812220332148,-5.480783667730666,0.03462112756051839,-0.1159906689175769,-0.6324951026897294,1.1208831574400252e-05,0.0008670008809603606,0.000428843649986179,0.01067178444681958,83.333333
9521,0.18326949795706782,-321.7758334055896,-0.6405688559625519,-5.819349897142826,0.027602134242673097,-0.11406918721503642,-0.6331894308888537,1.1536041816619531e-05,0.0008874636827231219,0.0004571214028938605,0.012010857323800582,83.341667
9522,0.17769407823614033,-321.8316075276162,-0.6100734949055867,-6.174924755449679,0.020562355694064942,-0.11195650392812874,-0.6338339241729664,1.1872963819979931e-05,0.0009084916564480336,0.0004854599320986226,0.013727081256606296,83.35
9523,0.1724186283018551,-321.8906146015181,-0.5738720582528881,-6.543518825250414,0.013514957946392583,-0.10965406952793474,-0.6344256013305817,1.2215030535734949e-05,0.0009300289012893103,0.000513005145669497,0.015922679041169688,83.358333
9524,0.1674942678593029,-321.95292778684376,-0.5317076685029332,-6.91938217674217,0.006471842923728077,-0.10716308072773316,-0.6349619689824832,1.2556017395758914e-05,0.0009520414150729519,0.0005387456360642943,0.018695402297768834,83.366667
9525,0.16298450353290672,-322.0184080317836,-0.4834372212425717,-7.294256225509053,-0.0005392937382669713,-0.10449232562945353,-0.6354396711905955,1.2887899841428952e-05,0.0009745310657104309,0.0005615832321255981,0.02211203132312072,83.375
9526,0.15892722843697107,-322.08729989412166,-0.4290078842806683,-7.65895981579756,-0.00754018407388662,-0.10163539684425449,-0.6358583996523463,1.320086333115245e-05,0.0009975412835183221,0.0005804460482489261,0.026169725684757394,83.383333
9527,0.15538334424087236,-322.15924978816423,-0.3686219895659493,-8.00125196269072,-0.014499095125785837,-0.09860032849175103,-0.636215579923859,1.348356055907801e-05,0.0010211614304050215,0.0005944468906536786,0.03075284678095868,83.391667
9528,0.15240974192181736,-322.23397674169155,-0.3026738147127283,-8.307576985080326,-0.021405577096580402,-0.09539631445410784,-0.6365091178716417,1.3723675065529559e-05,0.0010454964956589168,0.0006030256933868592,0.03559745019252126,83.4
9529,0.15005322127085552,-322.31107433809336,-0.23183413059809557,-8.56407727642887,-0.02824930378567027,-0.09203007918608398,-0.6367377435307476,1.3908799819518848e-05,0.0010706194537147612,0.0006060604156690535,0.040285577852234356,83.408333
9530,0.14834940677503688,-322.3899917580266,-0.15705461025756084,-8.757919162843754,-0.03501744694267351,-0.08850767277247829,-0.6369008423185017,1.402759493096391e-05,0.001096502710309908,0.0006038847300137862,0.0442908394451328,83.416667
9531,0.14733047154438053,-322.47006948509164,-0.07951778823802293,-8.878287941175008,-0.04169887680506924,-0.08484046793581153,-0.6369974971297989,1.407107779808519e-05,0.001122941306187229,0.0005971855707712612,0.047078844494540174,83.425
9532,0.14701675519516127,-322.5505867118046,-0.0005890836631721077,-8.918080982564518,-0.04828523374817877,-0.08104007552952736,-0.637027122684782,1.4033800470687245e-05,0.0011494897839308994,0.0005868048114552293,0.04823795712137708,83.433333
9533,0.14741228391848393,-322.6307818386196,0.07826296767681092,-8.875095602927388,-0.054767993609732196,-0.07711695023744446,-0.6369897609365789,1.3914651358307524e-05,0.0011754458738395517,0.0005735247836125471,0.04759437780961384,83.441667
9534,0.1485091528440361,-322.7098801660003,0.1555739121219239,-8.752108975544642,-0.06113848969179792,-0.0730841518461553,-0.636885629059986,1.3717089839037606e-05,0.00119989708660014,0.0005579190653647556,0.04526159095283698,83.45
9535,0.15028728295541102,-322.78714174921276,0.22998520134561792,-8.556510921866867,-0.06738848699542693,-0.06895699375862853,-0.6367151934014451,1.344874440869817e-05,0.001221823381058814,0.0005403200725885781,0.041601735347576344,83.458333
9536,0.15271154445515664,-322.8619716622504,0.3003468348421363,-8.299446020910958,-0.07351327071166683,-0.06474606724778481,-0.636479582140086,1.312046769963948e-05,0.0012402326400295224,0.0005208972352503433,0.03711851247024841,83.466667
9537,0.15574608477007879,-322.93380765580486,0.3657389277442027,-7.993789138106093,-0.07950770946108417,-0.06047168126729766,-0.6361793871047365,1.2745076854211684e-05,0.0012542938212437502,0.0004997852814593407,0.0323288396630328,83.475
9538,0.15933961655959916,-323.00228277975714,0.4255265983427242,-7.653503675232185,-0.08536846483767456,-0.05614578086467482,-0.6358163171690033,1.2336033938745692e-05,0.0012634283689176434,0.00047719644888539537,0.027662176926077923,83.483333
9539,0.16343930189695918,-323.0671181172996,0.4793280875655107,-7.291812283164669,-0.09109209722446561,-0.05178459958670226,-0.6353920819028936,1.1906307185381345e-05,0.0012673567649976547,0.0004534710930921285,0.023409106295101297,83.491667
9540,0.1679924389556187,-323.12815681198225,0.5269908480636906,-6.920355577984593,-0.09667794129137428,-0.047404668381837885,-0.6349084073780009,1.1467541840391559e-05,0.0012660882921485782,0.000429064166306454,0.01971951633887472,83.5
9541,0.17293844580326723,-323.18542775052293,0.568569706445196,-6.5490146588188605,-0.10212569754696822,-0.04301149048956507,-0.6343680842085384,1.102957366247673e-05,0.0012598740562510485,0.00040449139634899235,0.016631082207173985,83.508333
9542,0.17822949700851662,-323.2385892187906,0.6041693995446816,-6.185376165754134,-0.10742360308895939,-0.03866018344566442,-0.6337728870749626,1.060025595337164e-05,0.0012491464592284604,0.0003802629579659485,0.01410786914508158,83.516667
9543,0.18381239864699278,-323.28766795684567,0.6340599936130423,-5.835100116674987,-0.11257319137437427,-0.03437638601315525,-0.6331256220881154,1.0185507818093577e-05,0.001234446498973419,0.00035682832773851597,0.012076574470329697,83.525
9544,0.18962385042391797,-323.3339831734029,0.6587743765752389,-5.501657034952397,-0.11760704864041989,-0.030037544696319952,-0.6324308979601697,9.789513497572987e-06,0.001216369106414108,0.00033454348948041006,0.010451655504624981,83.533333
9545,0.19562236715842743,-323.3770678489909,0.6785590194927311,-5.1874990449352865,-0.12250218649676169,-0.025723320165231198,-0.6316914102464823,9.414997657681514e-06,0.0011955233015847019,0.00031366219645501294,0.00915047948578732,83.541667
9546,0.20177139551972947,-323.4169986721299,0.6937573186821158,-4.893682224672258,-0.1272592800495906,-0.02145794071138157,-0.6309097757189112,9.063507878790253e-06,0.0011724911110632934,0.00029433541251112834,0.008102133971339532,83.55
9547,0.20802371619779586,-323.45417404690255,0.7047613786152696,-4.620541513252292,-0.1318777816845509,-0.017223813103892108,-0.6300905519337076,8.735684467999262e-06,0.0011478069893950562,0.0002766273218778229,0.007249138776794542,83.558333
9548,0.21432268830970214,-323.48895075846855,0.7119501456234575,-4.367954515293819,-0.13634524775357867,-0.013004641046368021,-0.6292403081512423,8.431501636751834e-06,0.0011219547948742349,0.00026053428061366445,0.0065465767716331585,83.566667
9549,0.22068853494210935,-323.5209363174368,0.7155229855197838,-4.1346293759982355,-0.14068627479412085,-0.008890093784140629,-0.6283556723648338,8.150468076311104e-06,0.0010953694196924333,0.0002460029691787504,0.0059602391359465,83.575
9550,0.22706262168855282,-323.5507390495123,0.7158466475122477,-3.919870524243768,-0.1448887936682903,-0.004827200406273681,-0.6274443786357364,7.891764856819303e-06,0.001068400331911636,0.00023294581523952582,0.005464846203924791,83.583333
9551,0.23341447678655286,-323.5785901301432,0.7131960903045358,-3.722557563505813,-0.1489494541070779,-0.0008122576663421553,-0.6265109041626387,7.654383657981254e-06,0.0010413580278662866,0.00022125660559859956,0.005041399245274408,83.591667
9552,0.23972419711738197,-323.60455632245163,0.7078003323672802,-3.541467985242049,-0.15286961797495888,0.0031362547935821668,-0.6255585955624461,7.437211165460927e-06,0.0010145038946733796,0.0002108196737091895,0.00467575483831997,83.6
9553,0.245964080157615,-323.6289936780946,0.6999001958007058,-3.375395645866241,-0.15664381108248351,0.007045941603387264,-0.624592334112801,7.23909257496289e-06,0.000988051400310785,0.00020151709710473228,0.004357344538509003,83.608333
9554,0.252118794940217,-323.65185070473206,0.6896736822279456,-3.2231722299605363,-0.16027422514925363,0.01088446288138712,-0.6236154375066337,7.058878334920802e-06,0.0009621759728845827,0.00019323413639597072,0.004078144273104732,83.616667
9555,0.2581670842754956,-323.6734000493945,0.677312885974881,-3.083677737568101,-0.1637562869886723,0.014671796665293165,-0.6226324192734393,6.895453027037371e-06,0.0009370152722606923,0.0001858620090091019,0.003832010465433171,83.625
9556,0.2640888713081431,-323.69382111023543,0.6629854825263124,-2.9558812553260423,-0.16708456570672528,0.01841621288099602,-0.6216478936517978,6.747755318023188e-06,0.0009126774206040547,0.00017930007256812137,0.0036141334888941967,83.633333
9557,0.26984908263095325,-323.7135510145887,0.64686955317631,-2.838887931191257,-0.17023677075241556,0.022171063397826755,-0.6206693149396055,6.614788719836453e-06,0.0008892452054174822,0.0001734565937129815,0.0034206863414531982,83.641667
9558,0.27547849370493316,-323.7319259892824,0.6290281596842313,-2.7316312044100703,-0.17325382027420788,0.02580965858059297,-0.61969305947408,6.495627812675748e-06,0.0008667857430792765,0.00016824907898199633,0.003248549152510725,83.65
9559,0.2809383559731416,-323.74950787041143,0.6096246556735939,-2.6334126861866904,-0.17610791945655277,0.029408495918050632,-0.6187274470625352,6.389414391509678e-06,0.0008453290804496435,0.0001636033691492066,0.0030952264771528498,83.658333
9560,0.28621817012903744,-323.7663956769986,0.5887718760906738,-2.5434903545762624,-0.1787963259735573,0.032970189998878796,-0.6177761350730501,6.295360549126179e-06,0.0008249002091136914,0.00015945407616761798,0.0029586028202995833,83.666667
9561,0.2913054533157825,-323.7826351976544,0.5665724578806602,-2.461209374616034,-0.1813160654524446,0.036488855336333496,-0.616843221994932,6.212743192745275e-06,0.0008055101176119697,0.00015574357477873114,0.0028368983445490993,83.675
9562,0.29619066902641433,-323.79833628590654,0.5431252027536488,-2.3859676517891732,-0.18366314353098817,0.0399714504920336,-0.6159323384348955,6.140899628242609e-06,0.0007871593466694044,0.00015242134682427278,0.0027286002063931225,83.683333
9563,0.3008649610981904,-323.81346302332713,0.5185153817187701,-2.3172243361496165,-0.18583911917404736,0.043399257663197126,-0.6150470216941935,6.079222383178166e-06,0.0007698393283138154,0.00014944329344098315,0.002632412942589739,83.691667
9564,0.3053032299773994,-323.8285193634228,0.49285021158261805,-2.2545715752597792,-0.18781138678022613,0.04685256177792412,-0.6141939702785547,6.027153999154991e-06,0.0007535343562562026,0.00014677108336310973,0.0025472230153405764,83.7
9565,0.30951450633565153,-323.8431287792925,0.4661893872040447,-2.197494639514294,-0.18960542755708584,0.05025350022590156,-0.6133733612017562,5.984182482315819e-06,0.0007382281912425157,0.00014437156796906725,0.0024720560514554352,83.708333
9566,0.3135039316503645,-323.8570831103193,0.4385990607146569,-2.1455455801955736,-0.19124058637108113,0.05355377553115117,-0.6125859481956831,5.949835466433743e-06,0.0007238946779072311,0.00014221612720407892,0.0024060808120470426,83.716667
9567,0.3172493416534707,-323.87074347281066,0.4101639143438505,-2.0984560864023507,-0.19269059477776346,0.0568095440566795,-0.611837824152989,5.923675872284712e-06,0.0007105015221690539,0.00014028024163226664,0.002348582687875278,83.725
9568,0.32073053100491433,-323.8844952825538,0.38096532527801497,-2.0559977226041384,-0.19392450750262377,0.0600839267716054,-0.61113478039592,5.905298477893682e-06,0.0006980196199858662,0.00013854309180986747,0.0022989344816841547,83.733333
9569,0.3239688773181689,-323.8977285629199,0.3510504786600424,-2.017741284292401,-0.19499392100234766,0.06325519161610824,-0.6104741306408812,5.89432630006208e-06,0.0006864223492673595,0.00013698711890801428,0.002256588153836759,83.741667
9570,0.32694675705047754,-323.9108249878838,0.32049460674550106,-1.9835255273441317,-0.19586965722592944,0.06638667048269302,-0.609860967792184,5.8904066880050035e-06,0.0006756748655183007,0.00013559766281391014,0.002221083334753207,83.75
9571,0.3296574680402279,-323.92383332236403,0.28936043493876507,-1.9531471138545673,-0.1965474483403643,0.06947964509828032,-0.6092981143446193,5.893209247950009e-06,0.0006657462897693849,0.00013436271700059023,0.0021920208340753503,83.758333
9572,0.33208524715574866,-323.9369574896101,0.2577108563909514,-1.9264807091493128,-0.19700618218434965,0.07256417198091354,-0.6087902083656334,5.90242344812067e-06,0.0006566067834124185,0.00013327266288177544,0.0021690618812753204,83.766667
9573,0.3342504101870918,-323.94972184820665,0.22559810011920306,-1.9032153873192794,-0.19729443998524612,0.0755440145507515,-0.608334216111887,5.917756916925243e-06,0.0006482300989457034,0.00013232005983315919,0.0021519207213803494,83.775
9574,0.33613740682415877,-323.9624733146256,0.19308672801395005,-1.8833009549506627,-0.19738148334250383,0.07847757347293696,-0.6079344809856674,5.938933520679285e-06,0.0006405848928148667,0.0001314994346400592,0.002140368227780519,83.783333
9575,0.33774151554271203,-323.9753616167063,0.16023897283572558,-1.8666500310900238,-0.1972548978215642,0.08138673885409806,-0.607592969594036,5.9656925925525794e-06,0.0006336446269929001,0.00013080718788454506,0.0021342182163863643,83.791667
9576,0.33906203367313326,-323.9882182123875,0.1271048320969824,-1.8531248184347355,-0.1969297878159727,0.08423142347644326,-0.6073106607378863,5.997788111130464e-06,0.0006273847037144016,0.00013024146823183602,0.002133326817659561,83.8
9577,0.3400978863884117,-324.0010491001297,0.09374063415198304,-1.8426412808412147,-0.19640791364037935,0.08700595275537494,-0.6070884682816523,6.034988202507294e-06,0.0006217817384408513,0.0001298020605161197,0.002137592962869028,83.808333
9578,0.3408464175067629,-324.01394353594236,0.060204427329038114,-1.8351573209174292,-0.1956827448201063,0.08972058885972066,-0.6069275014285761,6.077074947081714e-06,0.0006168139072503069,0.00012949032486996305,0.002146954646591582,83.816667
9579,0.3413067303005333,-324.0269237338533,0.026552193733125302,-1.830631344401537,-0.19475410381987376,0.0923726753591186,-0.6068283452248393,6.123844496187025e-06,0.000612461485152378,0.00012930916668913914,0.0021613866638443254,83.825
9580,0.341477390922717,-324.03997944533705,-0.007162722608545352,-1.829033404528759,-0.19362452922067716,0.09495298123964599,-0.6067915504633982,6.1751074296700625e-06,0.0006087065590020681,0.00012926301019162476,0.0021809000599877365,83.833333
9581,0.3413600214020361,-324.0531235592728,-0.04088346905534576,-1.8303496861819564,-0.19229623914237787,0.09745753225349278,-0.6068168574576327,6.230689358930131e-06,0.0006055332744001553,0.00012935779033041749,0.002205541953702253,83.841667
9582,0.34094183073144435,-324.06654067749906,-0.0745592893865886,-1.8346631353942842,-0.19074655916726,0.09991099027945806,-0.6069069589840185,6.290431737151628e-06,0.0006029272630165177,0.00012960097861735572,0.0022353945117383717,83.85
9583,0.3402458671129345,-324.0799563429119,-0.10812534011098598,-1.8418707154484975,-0.18901751370977019,0.10225990428261833,-0.6070566729417334,6.35419302899852e-06,0.0006008788234295655,0.00013000166259678156,0.002270575777286596,83.858333
9584,0.33926266471751665,-324.093676157105,-0.141522837478722,-1.8521199783564837,-0.18707567796982524,0.10455225126912975,-0.6072676758585847,6.421849795186188e-06,0.0005993751395159712,0.00013057050215840702,0.0023112382005423793,83.866667
9585,0.3379919176293952,-324.1075305035728,-0.17470714320067962,-1.865421277361339,-0.18494077719479501,0.1067480921109158,-0.6075395184160983,6.493298260922471e-06,0.0005984078208208807,0.00013131999852237784,0.002357568541587362,83.875
9586,0.33643809570371735,-324.1216594883839,-0.20761169107382077,-1.8818863895571365,-0.18260306598758386,0.10886682692833893,-0.6078705840575683,6.568456029092853e-06,0.0005979707610530658,0.0001322644212314805,0.00240979358335125,83.883333
9587,0.33460332267618453,-324.1360334053181,-0.24018166707312189,-1.9015999618138233,-0.18006944708191336,0.11089517775666333,-0.6082596209300204,6.647263949471923e-06,0.0005980591575724427,0.00013342009191000243,0.002468175007269131,83.891667
9588,0.33248913818952425,-324.1506430830522,-0.2723617592654943,-1.9246741069038908,-0.1773447317251225,0.11282348595238266,-0.6087053637211495,6.729688239373672e-06,0.0005986701720418938,0.00013480546789544688,0.0025330139077949067,83.9
9589,0.33010074489020225,-324.16553536570916,-0.3040884262198085,-1.9512546776925865,-0.17442954681518402,0.1146530709098236,-0.6092056460710099,6.815722783544398e-06,0.0005998031249690896,0.00013644133542829083,0.0026046522790411967,83.908333
9590,0.3274420562684103,-324.1807332015068,-0.33530054323869013,-1.9815055613094867,-0.17132657647852575,0.11638015152242788,-0.6097584580797257,6.905391639975624e-06,0.000601458797804075,0.00013835108722397494,0.0026834717568942875,83.916667
9591,0.3245167158485822,-324.19635001929066,-0.3659303849808702,-2.0156511714395866,-0.1680278610138844,0.11801569667847943,-0.6103617336765076,6.998751768586149e-06,0.0006036398426190432,0.00014056097106662958,0.002769895788352727,83.925
9592,0.32131565795036526,-324.2121297293134,-0.3959507822977109,-2.0538247275110226,-0.16456299076908046,0.11950365897637591,-0.6110158837840417,7.095896004615501e-06,0.0006063509226077947,0.00014310048313558838,0.002864388442553438,83.933333
9593,0.31785728837862304,-324.2283282549031,-0.42526206817401835,-2.0963378772467456,-0.16091523307114913,0.12088361827029932,-0.6117155803766472,7.19695620586198e-06,0.000609601456935031,0.00014600222810293859,0.0029674744090035354,83.941667
9594,0.31416440662860273,-324.24519976547464,-0.45375530044338874,-2.1435320785634993,-0.15706887566257413,0.12219323908445782,-0.61245464590951,7.302106508923116e-06,0.0006133997362018413,0.0001493029769848433,0.0030797097789952875,83.95
9595,0.3102297607845409,-324.2626009732184,-0.4813905297007186,-2.1956709486010832,-0.15304172670558935,0.12339427034925458,-0.6132329056793567,7.411566884229609e-06,0.0006177524096315196,0.00015304429830491305,0.0032016730111414007,83.958333
9596,0.3060369399405249,-324.2800625106275,-0.508167482502948,-2.252918303674934,-0.1488894093623063,0.12439800863904718,-0.6140517827532,7.525606895336169e-06,0.0006226711721208665,0.00015727231497149907,0.0033339987818038416,83.966667
9597,0.30161516768401286,-324.29813298531417,-0.5339359225361205,-2.31586104839509,-0.14456401865116308,0.12528855465122324,-0.6149036796611594,7.644549347105442e-06,0.0006281745502255905,0.00016203735093432334,0.003477409426277479,83.975
9598,0.29697337779110766,-324.3168758537601,-0.5586098100101301,-2.384949078065327,-0.14006745668350357,0.12606513053869634,-0.6157850299548344,7.768773980069057e-06,0.0006342778693460943,0.0001673965053193172,0.0036326338428707416,83.983333
9599,0.2921298878276019,-324.33654285442657,-0.5820672117743919,-2.4607602492494576,-0.1353823917289541,0.126755308219333,-0.6166905322152838,7.898721338881453e-06,0.0006409980801743882,0.00017341335222937317,0.0038004413794805163,83.991667
9600,0.2871059136669347,-324.35723626606085,-0.604189058529379,-2.5438422192962054,-0.13051156813591436,0.12736398473489002,-0.6176144903183177,8.034896405209483e-06,0.0006483517418908521,0.00018015907146148126,0.00398161879240394,84.0
9601,0.2818974564446422,-324.3787610765514,-0.6249213999844813,-2.634686134868995,-0.1254850015968926,0.12784601199596554,-0.6185559184640911,8.177871807766974e-06,0.0006563544909514842,0.0001877128185088469,0.004176970862300229,84.008333
9602,0.276512168246914,-324.40111342834984,-0.6441695668510189,-2.733920964466496,-0.1203147928305121,0.12818799216306753,-0.6195116641092018,8.328290212513508e-06,0.0006650266245071444,0.00019616087684524693,0.004387387246679923,84.016667
9603,0.2709663091239001,-324.42437582337385,-0.6618097026585225,-2.842266914963537,-0.11500639035703099,0.12839071618577433,-0.620477128386172,8.486865502575892e-06,0.0006743901541934537,0.00020559725147359893,0.004613847857162021,84.025
9604,0.2652731890026034,-324.4487136078433,-0.6777054273001932,-2.960569755471502,-0.10955391836505515,0.12846153092896376,-0.6214483781604468,8.654382146761337e-06,0.000684466594377702,0.0002161238279268506,0.004857450046596583,84.033333
9605,0.2594469376312549,-324.47417072258463,-0.6917241783287942,-3.0896662360639593,-0.10396816137453292,0.1283924766717944,-0.622421485836151,8.831692144079864e-06,0.0006952772971659826,0.0002278499276839129,0.005119482360889127,84.041667
9606,0.25346414072022094,-324.5003852979069,-0.7038486349310271,-3.2303345960866214,-0.09829849621683297,0.12811679803854562,-0.6233987523069483,9.019708380588798e-06,0.0007068427988714585,0.00024089041769918547,0.005401569454080304,84.05
9607,0.24738073534140836,-324.5279444363786,-0.7137804932624584,-3.3837969015282714,-0.09250434842475594,0.12770315098061943,-0.6243695727917341,9.219393150960271e-06,0.000719191112368289,0.0002553601354932696,0.005706068165450708,84.058333
9608,0.2412630602752482,-324.5573924021097,-0.7211802611023838,-3.5511855409461286,-0.08655383655482399,0.12721101352417266,-0.6253225600374527,9.43173909053658e-06,0.0007323377259971787,0.0002713759648389546,0.006036098573495638,84.066667
9609,0.23508718989175442,-324.58837487062584,-0.7260031596973148,-3.7333971282785945,-0.08049755181990212,0.12657003608048575,-0.6262608743914846,9.657739727385477e-06,0.0007462822076549121,0.00028905194225774006,0.0063959318412468704,84.075
9610,0.22887653927677534,-324.62105306852055,-0.7280235778111551,-3.9315353232526626,-0.07433881286295115,0.12578163227264733,-0.6271803843879014,9.8983495418293e-06,0.0007610294570856636,0.0003084836222322384,0.006792185320295194,84.083333
9611,0.22265483080256487,-324.6554926190495,-0.7270161253335994,-4.146597795473155,-0.06809383655540394,0.12483860953563905,-0.628077275236395,1.0154428737545716e-05,0.0007765764019423135,0.00032973986049944276,0.007234721055430889,84.091667
9612,0.21645147177045787,-324.6919181760599,-0.7227010047512458,-4.379585448922493,-0.06176124865457421,0.12374705958281777,-0.628947315826401,1.042666699489322e-05,0.0007929107743983687,0.00035284651179302894,0.007738201641744668,84.1
9613,0.21029474434823908,-324.730467062363,-0.7148003814735912,-4.631273069471568,-0.05535076763859496,0.12250421988260195,-0.6297868856278078,1.0715482374857338e-05,0.000810008688592178,0.00037776766405315094,0.008324034774087455,84.108333
9614,0.2042155551382249,-324.7712615710054,-0.7030208977723809,-4.902140521307088,-0.048874866241504875,0.12110702272921603,-0.6305924588603484,1.1020891060355702e-05,0.000827834703117938,0.00040438088624853504,0.009022893276032081,84.116667
9615,0.1982486090152075,-324.8145084087608,-0.6870335744263478,-5.192308105731289,-0.042336545828611585,0.11955774417159729,-0.6313604955743595,1.1342344056363533e-05,0.0008463420313721779,0.00043244975015850384,0.009877510878420275,84.125
9616,0.19243052763485152,-324.8603569214489,-0.6665113194029675,-5.50126131906805,-0.03574565606876313,0.11785527940149576,-0.6320877263999113,1.1678529515755142e-05,0.0008654741532918024,0.00046159637541186147,0.010945219675790163,84.133333
9617,0.18680124150145183,-324.90894374891707,-0.6411259965287777,-5.8276652045250525,-0.029112883672850615,0.11599923721403903,-0.6327709930504181,1.2027144080621949e-05,0.0008851694541830898,0.0004912766402237524,0.012299380835438805,84.141667
9618,0.1814039406939415,-324.96043022843486,-0.6105518072897127,-6.169153057798411,-0.02244443445158134,0.11399116871363967,-0.6334072730032765,1.238464404230077e-05,0.0009053684653322512,0.0005207666596526324,0.014027941442277392,84.15
9619,0.17628595747891268,-325.0149378213686,-0.5744943473435786,-6.52197844045211,-0.015748531256508245,0.11183307128786092,-0.6339935808867366,1.2745998735685095e-05,0.0009260241209306147,0.0005491700843558031,0.016226698798373344,84.158333
9620,0.1714938152823081,-325.072529301334,-0.5327310036332399,-6.880871825989942,-0.009035451328038673,0.109524957564515,-0.6345275068630121,1.3104483262566051e-05,0.000947113820349343,0.0005754559032259375,0.018984496167207657,84.166667
9621,0.16707767245838925,-325.1332271323316,-0.4851218637547928,-7.238768488253499,-0.0023143860159546914,0.10706878577568209,-0.6350066388675715,1.3451566304683732e-05,0.0009686523394474948,0.0005985364522403627,0.022358470816484465,84.175
9622,0.16308622980052212,-325.1969828182,-0.4316612587255619,-7.586858615769564,0.004405116595605658,0.10446552112277115,-0.6354290381469256,1.3776962109157373e-05,0.0009906980220720188,0.0006173847998611829,0.026339430310137482,84.183333
9623,0.1595719850420537,-325.2636782728025,-0.3724962379764955,-7.914516985644229,0.011114901200596902,0.1017192003504945,-0.6357925573073004,1.4068920997926237e-05,0.0010133485405141543,0.0006311793044608522,0.030813422797907004,84.191667
9624,0.15657960441056148,-325.33307522267864,-0.30799749260821924,-8.210076779439147,0.017804097989859893,0.09883079919260986,-0.636095904641523,1.4314815548608127e-05,0.0010367160535304414,0.0006394416614216741,0.0355311766967883,84.2
9625,0.15415475433990766,-325.40484967180504,-0.2387476185125124,-8.4611810125552,0.02446400267730914,0.09580479173803126,-0.6363375418196203,1.4502041793990441e-05,0.0010608829617672288,0.0006421279334299985,0.040104890411093226,84.208333
9626,0.15232595166460025,-325.47884174029315,-0.16550803969522004,-8.65661795423038,0.03110885049661395,0.09263082169207834,-0.6365173076746851,1.4619176954801652e-05,0.0010858343419168858,0.000639622957586723,0.04404704602174031,84.216667
9627,0.15114212736372198,-325.5540275831123,-0.08943501139063981,-8.7852199216699,0.03768603157759879,0.08933804283110033,-0.6366325390702557,1.4657256531210612e-05,0.0011113884467933285,0.0006326278547440471,0.04685617351864407,84.225
9628,0.15061203375629584,-325.62998790809155,-0.011722945411122229,-8.840542420207443,0.0442025919242541,0.08592043354190022,-0.6366838482662724,1.4610921664802725e-05,0.001137129464742203,0.0006219565722631443,0.04813443601970394,84.233333
9629,0.15074994361792912,-325.70611436582215,0.06631189899432777,-8.819077267231629,0.050655063434516916,0.08238464810633647,-0.6366705168144983,1.4479215894884577e-05,0.0011624000190841141,0.0006083383029349964,0.04769218384659084,84.241667
9630,0.15154684349565833,-325.78169735672924,0.14329161910565133,-8.722267614025876,0.05702899477566446,0.0787352955336223,-0.6365932450694953,1.4265835904659647e-05,0.0011863325270853589,0.0005922715873604656,0.045600732019285876,84.25
9631,0.15299292892545513,-325.8560820305676,0.21792510420292055,-8.55515208501786,0.06331644919452137,0.07498267348856151,-0.6364519923874112,1.3978757584218588e-05,0.001207946350150943,0.0005740046055276805,0.04217022673822757,84.258333
9632,0.155064671478224,-325.92871872322536,0.2890738128999064,-8.326410867479975,0.06951261285385849,0.07113279111915918,-0.6362473067588009,1.362930980486205e-05,0.0012262696872181041,0.0005536244007303371,0.03786130217973702,84.266667
9633,0.15772181911070993,-325.9990838627114,0.35578869296068233,-8.047500200889202,0.07560514584903756,0.06719236310214163,-0.6359807866106458,1.323090306722833e-05,0.0012404686744038643,0.0005312026823098079,0.03316948403535184,84.275
9634,0.16092623308850015,-326.06682391501965,0.41737528884438124,-7.730496938427307,0.08159091202851203,0.06316794356742174,-0.6356534013562883,1.2797688544148844e-05,0.0012499488322427316,0.0005069192540464409,0.028525042843319852,84.283333
9635,0.16463267242485552,-326.1315029159409,0.4733324951289669,-7.387673397818645,0.08745477947692654,0.05908079494020512,-0.6352665849010757,1.234335906645067e-05,0.0012544001556034573,0.00048112278514553,0.024235533506317262,84.291667
9636,0.16879605618252103,-326.1931721210944,0.523461052107023,-7.0300651149448115,0.09320759640967549,0.054920851262466534,-0.6348216731840031,1.1880250736545245e-05,0.0012537978721855237,0.0004543179781500036,0.020473978862444474,84.3
9637,0.17336088120301235,-326.25162163654056,0.56767626509182,-6.667733693082777,0.09883402669414781,0.05070446461098329,-0.6343212160348526,1.1418796018391613e-05,0.0012483611291016483,0.0004271042774441979,0.01729876029066176,84.308333
9638,0.17827615538193461,-326.30690017393476,0.6060790830747963,-6.308642292283118,0.10433175565098077,0.04643358700791719,-0.633767559469844,1.0967313315150581e-05,0.0012384968628032355,0.0004000929018649509,0.01468890565872274,84.316667
9639,0.18349692558765598,-326.3588212909951,0.638822761718052,-5.958958594163312,0.10968813031303819,0.042142526406795965,-0.6331627233282788,1.0532044136009465e-05,0.00122473055767683,0.0003738371601516313,0.012579055608873587,84.325
9640,0.1889698030116427,-326.4077420598583,0.6662304475923646,-5.623161228364523,0.1149076357658939,0.03781077779654464,-0.6325101524885692,1.01173521747463e-05,0.0012076437165383694,0.0003487858420593363,0.010886929677266148,84.333333
9641,0.19466010332008904,-326.4537405340506,0.6885978745449358,-5.304031047887791,0.11998976463335308,0.03345312597350166,-0.6318115679708893,9.726014538716086e-06,0.0011878312117637245,0.0003252647991029777,0.009530286785184777,84.341667
9642,0.2005156460812666,-326.4969695807306,0.7062704735279404,-5.003586633911525,0.12492455993565252,0.029074577391443823,-0.6310713398264831,9.35952774049929e-06,0.0011658590741963307,0.0003034780396452095,0.008436587624258213,84.35
9643,0.2065026077536311,-326.5375829269056,0.7195815425876646,-4.722564120986075,0.12971134753846336,0.02468428025869272,-0.6302921269569106,9.018413119255694e-06,0.0011422543300700573,0.0002835223299679362,0.007546033752529359,84.358333
9644,0.21258170744638424,-326.5757819927299,0.728869422661849,-4.461140016683514,0.13434564247131425,0.020284293253563814,-0.6294778061791959,8.702474550606541e-06,0.0011174854948047428,0.0002654086767811347,0.0068117507014550755,84.366667
9645,0.21872001066497052,-326.61172981697564,0.7344485268783133,-4.21893720664917,0.13882418625542806,0.015881675145243482,-0.6286319514478239,8.411018433562742e-06,0.00109196338160859,0.0002490848705978861,0.006198034087946792,84.375
9646,0.22488818683246103,-326.6455927623746,0.736613218864715,-3.9952271438185147,0.1431447203083071,0.011482295559373768,-0.6277581211044138,8.143025579035709e-06,0.001066040145234807,0.00023445578766985754,0.005678218619030696,84.383333
9647,0.23105981314850058,-326.67752726808766,0.7356351171282013,-3.789069705994193,0.1473054049434945,0.007092144618205958,-0.6268598980913899,7.897283029788768e-06,0.0010400126644693549,0.0002214003210948025,0.0052325694583307564,84.391667
9648,0.23720597789796477,-326.7076914759153,0.7317685020811061,-3.599448334458765,0.15130164607249957,0.0027153234535645565,-0.6259416519055867,7.672481504042765e-06,0.0010141276424780747,0.00020978442712005834,0.004846494518014402,84.4
9649,0.24330251692943763,-326.73628916112875,0.7252478918163648,-3.42524487457422,0.15513044781355706,-0.0016526963147448094,-0.6250074603011204,7.4672858380935134e-06,0.0009885894753785215,0.00019947064352473506,0.004509127889984412,84.408333
9650,0.24932931513856524,-326.7633832887953,0.7162747633725451,-3.265354117475459,0.1587900107251429,-0.005996745070526123,-0.6240611221815282,7.280382208932057e-06,0.0009635643182196439,0.00019032454892723105,0.004212287254698065,84.416667
9651,0.2552686142704406,-326.789061325002,0.7050349586394196,-3.1186873269880913,0.16227991009245857,-0.010306484296595163,-0.6231063471333186,7.1105090112428025e-06,0.0009391843919733977,0.00018221873321350255,0.003949721771630737,84.425
9652,0.26110047891197435,-326.8137040611226,0.6917199463011273,-2.984182512234071,0.16559369877776045,-0.01462134094255465,-0.6221474551825652,6.9564757235730885e-06,0.000915552598425332,0.0001750352254260949,0.003716563676066741,84.433333
9653,0.2668042055390886,-326.83719630702075,0.6764732643286425,-2.860928012813014,0.16872834330790745,-0.018901871144206533,-0.6211891645125636,6.817173290264688e-06,0.0008927482982253311,0.00016866679014710013,0.0035089308441280343,84.441667
9654,0.27236575058819745,-326.8595781578071,0.6594343930340536,-2.7480121608840933,0.17168426728338365,-0.02313427845825521,-0.6202353022874332,6.691578128265403e-06,0.0008708317431018473,0.0001630169530835381,0.0033236812500594378,84.45
9655,0.27777020693128757,-326.8810487237782,0.6407414954522598,-2.6445907230473127,0.1744571483608196,-0.027333281794703127,-0.6192900029615708,6.5787512903079224e-06,0.0008498449358589758,0.00015799977931134292,0.0031582264766019134,84.458333
9656,0.2830069612694351,-326.90165109531796,0.6205120580919982,-2.5498904965535574,0.17704759764161096,-0.031488917580176926,-0.6183567812476573,6.477835451037218e-06,0.0008298153014836948,0.00015353933779080624,0.0030103953342745767,84.466667
9657,0.28806188484882184,-326.9215249954275,0.5988612991450621,-2.4632221276864725,0.17945056781487814,-0.035609035022521114,-0.6174398780542788,6.388049849465994e-06,0.0008107570462028035,0.00014956887497359427,0.0028783492462750773,84.475
9658,0.29292307920922417,-326.9407320537186,0.5758920020311952,-2.383957238295932,0.1816637705003945,-0.039689151664726405,-0.6165432331991929,6.308684751290874e-06,0.0007926749982568701,0.0001460300182070954,0.00276051063992574,84.483333
9659,0.2975800012604558,-326.95933376310387,0.5517001466352803,-2.3115249400113935,0.18368527166717097,-0.04372577825277396,-0.6156706018357113,6.239095175911591e-06,0.000775565885729057,0.0001428719027965131,0.0026555180557744445,84.491667
9660,0.30202359905420406,-326.9773932166979,0.5263758943955916,-2.2454081366558936,0.1855134336083969,-0.04771675956634875,-0.6148254951474525,6.1786946510905326e-06,0.0007594197488053102,0.00014005035593540204,0.002562190434828905,84.5
9661,0.3062430876503124,-326.99496441546415,0.5000039565119845,-2.1851493275567586,0.18714547328964962,-0.051658752039079756,-0.6140117733732456,6.126949172711276e-06,0.0007442211275731006,0.0001375271401961516,0.002479499783872684,84.508333
9662,0.31023092373664035,-327.0120888398444,0.4726641291080164,-2.1303290772624903,0.18858076795602652,-0.055547190992100995,-0.6132326770533371,6.083371624243236e-06,0.0007299510385682305,0.00013526927776459668,0.002406548680565032,84.516667
9663,0.31397962133010865,-327.0288328816872,0.4444334604838635,-2.0805757996051515,0.18981693584108705,-0.05938281349023844,-0.6124914081078071,6.047516487524856e-06,0.0007165871578157703,0.00013324842595818329,0.002342554306414304,84.525
9664,0.31748184932384677,-327.04522805065494,0.41538413019618475,-2.035556583722373,0.1908531803992366,-0.06316033049857778,-0.611791099035289,6.018975141582469e-06,0.0007041049309247455,0.00013144033943357134,0.0022868338136774174,84.533333
9665,0.32073349117011,-327.06135477261324,0.38558815952770314,-1.9949736975555634,0.1916871004856987,-0.0668848482430363,-0.6111341794228922,5.997371660987752e-06,0.0006924784665965172,0.00012982440137306508,0.0022387929779781306,84.541667
9666,0.323726277387951,-327.07724506875394,0.3551118074981891,-1.9585707699842394,0.1923163645182693,-0.070551848488958,-0.6105238449800854,5.982359058117731e-06,0.0006816804605709605,0.00012838320668153607,0.00219791658892095,84.55
9667,0.3264539037127263,-327.0928719702289,0.32401720450686156,-1.926109198421225,0.19274395355722027,-0.07414604413443304,-0.6099628227870506,5.97361614680056e-06,0.000671684078246968,0.00012710222460462863,0.0021637597809257393,84.558333
9668,0.3289125128754861,-327.1083256220638,0.29237020512691625,-1.8973903806572012,0.1929657571625523,-0.07767543493091818,-0.6094532435281443,5.970844754315979e-06,0.0006624628908020383,0.00012596949034840983,0.0021359421373651037,84.566667
9669,0.3310977458890926,-327.12361307168874,0.26023134262009817,-1.8722324768076566,0.19298305030790983,-0.08113214882371077,-0.6089972326678521,5.9737673708496176e-06,0.000653990709002936,0.00012497534021050505,0.0021141411151720225,84.575
9670,0.333004508790218,-327.1387839853639,0.2276609386331648,-1.850487616115096,0.19279320230184854,-0.08451649698265087,-0.6085969565812666,5.982125246316722e-06,0.0006462421911613668,0.0001241122034110621,0.0020980877174501204,84.583333
9671,0.3346305267858953,-327.15384396132026,0.19471772191670775,-1.8320177136247997,0.19239855870894548,-0.08782106680748879,-0.6082538676469843,5.995676860195309e-06,0.0006391933675906367,0.00012337442222171952,0.0020875619884675755,84.591667
9672,0.3359716147987967,-327.1688752640989,0.16146125788681617,-1.816725989861022,0.19179353293372736,-0.09105279329643573,-0.60796968858136,6.014196702824862e-06,0.0006328212357087354,0.0001227581030172503,0.002082390119789135,84.6
9673,0.33702468495110416,-327.18383590745356,0.12794563765964126,-1.804509615450078,0.19098400103752353,-0.09419499708226058,-0.6077457746034703,6.037474426294157e-06,0.0006271045055655101,0.0001222610042176765,0.002082440942782748,84.608333
9674,0.33778970200606506,-327.19878097788796,0.0942301752008835,-1.7952996905041474,0.1899687766536989,-0.09725047820460074,-0.6075826866046082,6.065314264490164e-06,0.0006220235295909156,0.0001218824368345515,0.0020876249001108233,84.616667
9675,0.3382635914774234,-327.2137438858996,0.060370318024948126,-1.7890485137112115,0.1887466977120138,-0.10021698478779255,-0.6074814834534903,6.097534710691501e-06,0.0006175597905847716,0.00012162320453461057,0.002097891346565745,84.625
9676,0.338447110435779,-327.2287449163603,0.026423300006761085,-1.7857169949443767,0.18731982647494624,-0.10309074843872275,-0.6074422547631503,6.133968505404916e-06,0.0006136968225243294,0.00012148556142664251,0.0021132276764309886,84.633333
9677,0.3383372197015452,-327.2438052708266,-0.007557280198644221,-1.7852916394117544,0.18568806829829626,-0.10586699136197726,-0.6074657472710789,6.174462824180562e-06,0.0006104194676929078,0.00012147319113998055,0.00213365835333234,84.641667
9678,0.33793635849139525,-327.2589027337594,-0.041515610172670345,-1.7877558442047763,0.18385893098812173,-0.10853444194203521,-0.6075513814355425,6.218879736580349e-06,0.0006077148937432857,0.00012159120402690726,0.0021592449930137553,84.65
9679,0.33724271716631243,-327.2742207990206,-0.07539035712377996,-1.793173766895212,0.1818152597595019,-0.11111817132663392,-0.607699330257661,6.267096834307573e-06,0.000605571466595349,0.00012184615062064532,0.002190086185687837,84.658333
9680,0.3362578827759749,-327.2895640833201,-0.10913508516536982,-1.8015189227627246,0.17958310571156677,-0.11357467527439925,-0.6079088862282761,6.319008143813316e-06,0.0006039798345531369,0.0001222461192329439,0.0022263160594390577,84.666667
9681,0.33498391832060687,-327.30517169104365,-0.14268225845801147,-1.8129048417885751,0.17714053296658497,-0.11593937817417667,-0.6081790894505495,6.374525191121838e-06,0.0006029322868700758,0.00012280069185739017,0.002268109077619449,84.675
9682,0.33342195577893324,-327.3209563662382,-0.17598100856132132,-1.8273723356319709,0.1745017311945151,-0.11818807106541132,-0.6085090289748827,6.433578287369061e-06,0.0006024227513504785,0.00012352117720802253,0.0023156753390636874,84.683333
9683,0.331574141393037,-327.3369978088247,-0.2089710441440577,-1.845030444588362,0.17166241585139358,-0.12032640474467844,-0.6088974330552586,6.496118052279278e-06,0.0006024471465063664,0.00012442060980343732,0.0023692663671357533,84.691667
9684,0.3294430066715989,-327.35327622509556,-0.24159658836594458,-1.8659777158381634,0.16863031897593125,-0.12234242965564644,-0.6093428083632635,6.562117106216309e-06,0.0006030032434806022,0.000125513957082045,0.002429174086061829,84.7
9685,0.32703186125684675,-327.3698216155967,-0.27379813460597874,-1.8903494117542905,0.16540787664069956,-0.12423291592639657,-0.6098433648254608,6.6315719858892835e-06,0.0006040907042613887,0.0001268182413120638,0.0024957340514067342,84.708333
9686,0.3243471801060688,-327.3866390233215,-0.30551366445060546,-1.9182909866961078,0.16200232700015083,-0.12599137915904535,-0.6103965359503098,6.704505255783705e-06,0.0006057110263458633,0.0001283527641830865,0.0025693264180808918,84.716667
9687,0.3213901127870478,-327.40385957564416,-0.33667894688705874,-1.9500268721804734,0.15840255637828415,-0.1276293026126655,-0.6110007397077595,6.780967827886879e-06,0.0006078670148747864,0.00013013934008341638,0.0026503771190548,84.725
9688,0.318166555837001,-327.4214607718171,-0.36723220962447284,-1.9857476288027969,0.1546191848766564,-0.12913424072383545,-0.6116533072065882,6.861041559046739e-06,0.0006105640487695265,0.00013220264501471584,0.002739359418885393,84.733333
9689,0.3146812050482429,-327.4395066153434,-0.397106756801897,-2.0257077191408475,0.15065157302147064,-0.1305066550721318,-0.6123517201772526,6.944842062125595e-06,0.0006138091662397534,0.00013457043985942328,0.0028367970604725574,84.741667
9690,0.3109415904885667,-327.45798768723114,-0.426235863573146,-2.0701611378591336,0.14651022514960696,-0.13173637102562932,-0.6130928112052932,7.032521718653512e-06,0.0006176114589945172,0.0001372739951898547,0.0029432647675653417,84.75
9691,0.3069537364435151,-327.47699509124743,-0.45454627475374215,-2.1194406361108253,0.1421921470077791,-0.1328271359031091,-0.6138736498442454,7.1242729078366515e-06,0.000621981609821967,0.00014034844397695925,0.0030593902755886413,84.758333
9692,0.30272525933971767,-327.49655724396575,-0.4819648146166096,-2.1738903603289668,0.13770362822745957,-0.13377321253097638,-0.6146909394631873,7.220331459416558e-06,0.0006269323551728061,0.00014383333945087515,0.003185853565901261,84.766667
9693,0.2982635585983932,-327.51669474085907,-0.5084169966294351,-2.2338932884170237,0.1330524165648976,-0.13456732214170647,-0.6155413901061823,7.32098031701355e-06,0.000632478271964262,0.00014777310714820675,0.003323388658978805,84.775
9694,0.29357800819160496,-327.5375125338767,-0.5338162140654366,-2.2999159967262397,0.128236278409372,-0.13521364069266362,-0.616421317725425,7.426553308513185e-06,0.0006386359495778653,0.00015221757260655523,0.003472785416327251,84.783333
9695,0.28867838097119064,-327.5590830119599,-0.5580739604128486,-2.3724625819152068,0.12325796530375921,-0.13571070320809778,-0.6173269730863385,7.537439035877658e-06,0.0006454236514139566,0.000157222706950008,0.003634885120127846,84.791667
9696,0.28357289904112815,-327.58139602899985,-0.5811071318745239,-2.452054301585105,0.11813143213328667,-0.13604536505682588,-0.618254911880766,7.654084784682669e-06,0.0006528613228095238,0.00016285121917234015,0.003810582360419479,84.8
9697,0.2782742183284812,-327.60453116795264,-0.6028141458197689,-2.5393114538481374,0.11286101372692967,-0.13621718284373935,-0.6192009232508017,7.777000198348665e-06,0.0006609709921335534,0.00016917296986429986,0.004000836133708265,84.808333
9698,0.27279293155689516,-327.6286845162526,-0.6230791333629827,-2.6349924349591594,0.10743503791252669,-0.1362360395292681,-0.6201612426120433,7.90676052719437e-06,0.0006697757612953712,0.00017626576105032296,0.004206669207719587,84.816667
9699,0.2671446600324144,-327.6537293634307,-0.641803668536927,-2.7397341293564246,0.1018885778442239,-0.13607757956106284,-0.6211313248594731,8.044009354889396e-06,0.0006793001902250822,0.00018421608809763846,0.004429178080941477,84.825
9700,0.2613417270439699,-327.67983540942333,-0.6588584840535141,-2.854424278975799,0.09621589423143491,-0.13574785907811857,-0.6221073324828704,8.189459943591454e-06,0.0006895690636445967,0.00019311864105425855,0.004669583951375579,84.833333
9701,0.25540028659047087,-327.7071444957551,-0.6741010295448017,-2.9800107335788804,0.09041746758484828,-0.1352492628677885,-0.6230849309085101,8.34389472505285e-06,0.000700607843481072,0.00020307692679257758,0.004929274947465923,84.841667
9702,0.24933531076026402,-327.73571084218537,-0.6873905360835497,-3.1174715165455478,0.08450628794898243,-0.13457378973300566,-0.6240601694468094,8.508162444917329e-06,0.0007124413579560474,0.00021420272172694712,0.005209901095102461,84.85
9703,0.2431654066537478,-327.7657402896662,-0.6985502397475886,-3.2679577363678463,0.07847730087769897,-0.13372702824463634,-0.6250287256117188,8.683171369682201e-06,0.0007250935174318657,0.00022661432795936876,0.005513557536391825,84.858333
9704,0.2369133399798651,-327.7973246084503,-0.7073960620174362,-3.432601267629442,0.07234334709705886,-0.13270491607820128,-0.6259859088313986,8.869877183906606e-06,0.0007385856133239688,0.0002404346845088339,0.005843032760175037,84.866667
9705,0.23060348803237052,-327.83046627319806,-0.7137399569310752,-3.6125085824589473,0.06613039878994731,-0.13149774485014784,-0.6269271298414258,9.069263354003085e-06,0.0007529343198624701,0.00025578684183843087,0.0062022442445504354,84.875
9706,0.2242464124870186,-327.86543060892717,-0.7173689612469084,-3.809097570083833,0.05982692021219412,-0.13010548426227195,-0.6278501535070319,9.282310824795236e-06,0.0007681500874153842,0.00027278704161283316,0.006596917944823919,84.883333
9707,0.21786335782657562,-327.9022855199598,-0.7180602349202599,-4.023623544637251,0.05345224198509452,-0.12851856520814606,-0.6287514205945037,9.509955085829902e-06,0.0007842390563179096,0.00029153618655880585,0.007035595308691901,84.891667
9708,0.21149953719620204,-327.94111387328246,-0.7155228678502988,-4.257128509220028,0.04703007761270352,-0.1267426958911361,-0.6296244702312563,9.753025993661394e-06,0.0008011988529890937,0.00031210580653893874,0.00753111024415239,84.9
9709,0.20517849609767308,-327.98232251266137,-0.7094384714887709,-4.510930160506199,0.040538244994779774,-0.12478489689758326,-0.6304664089981343,1.001216271746274e-05,0.000819010976433548,0.0003345208931022795,0.008102477764707213,84.908333
9710,0.1989222316830148,-328.0260066343004,-0.6995251429737829,-4.785928676815687,0.03399580332444587,-0.12263270142622379,-0.6312749152098729,1.0287701670930063e-05,0.0008376452520691482,0.0003587388976386098,0.008777511706653904,84.916667
9711,0.19278615081658196,-328.0722357025079,-0.6854169046319397,-5.082260946153125,0.027430598803223724,-0.12029379584550132,-0.632043888987448,1.0579533629850592e-05,0.0008570601493532738,0.0003846199771808561,0.009596202806903728,84.925
9712,0.18678649680256146,-328.12127714302727,-0.6667926404173062,-5.400159404748565,0.020839414466753903,-0.11775767592380129,-0.6327727563997267,1.0886919722212347e-05,0.0008771951895579015,0.0004118954315042451,0.010613877230303718,84.933333
9713,0.18099077789475876,-328.1732718035272,-0.643228584041114,-5.738224343862892,0.014240461023539708,-0.1150400194511582,-0.6334552200988751,1.1208272725468131e-05,0.0008979855050349671,0.00044013832385456786,0.01190442319099662,84.941667
9714,0.17543183635335982,-328.22834329897864,-0.6144021649334708,-6.094458757490911,0.007646947814645527,-0.11213451015670468,-0.6340898110654641,1.15409037146834e-05,0.0009193547019413887,0.00046873532189333584,0.013560158827447811,84.95
9715,0.1701445665017922,-328.2867133924657,-0.5799895373501035,-6.465695398624183,0.0010597406667775967,-0.10903563817036269,-0.6346752076727915,1.1880752198073707e-05,0.0009412358414843206,0.0004968788892491686,0.015688008058034348,84.958333
9716,0.16519556205477176,-328.3484152681269,-0.5396788830474736,-6.846190240622305,-0.00550243707571671,-0.1057554063033746,-0.6352070763930736,1.2222141745276877e-05,0.000963585293394188,0.0005235863759620592,0.01839713317519589,84.966667
9717,0.16063674378857848,-328.41346588853645,-0.4932841272005152,-7.228497880410757,-0.012027143842417954,-0.10229697668553285,-0.6356832458449675,1.2557594000658258e-05,0.000986389471105915,0.0005477524178234499,0.02177344979768062,84.975
9718,0.15652322043771522,-328.4818250405427,-0.4407420943165091,-7.602927176300121,-0.018504372980710077,-0.09866559095791487,-0.6361015658033835,1.2877774972522535e-05,0.001009682239840902,0.0005682576549888166,0.02584201455018376,84.983333
9719,0.15291160025369355,-328.55332773984463,-0.38217352556709705,-7.957580673713333,-0.02492206065634404,-0.09486889801360696,-0.6364599718429474,1.317166572452236e-05,0.001033546394015395,0.0005841160077146578,0.030519766046188588,84.991667
9720,0.14985308461689203,-328.62771236226257,-0.3179287757224512,-8.279048179169573,-0.03127013140043327,-0.09091324220965441,-0.6367569975658912,1.3427028712208586e-05,0.001058096227199181,0.0005946379353372755,0.03557217309435727,85.0
9721,0.14739550573611362,-328.7045620198206,-0.24862340170336036,-8.55311058158786,-0.03753640939013463,-0.08680756552914352,-0.6369913478321347,1.3631215740540889e-05,0.0010834355214502944,0.0005995647768390645,0.04059625910652231,85.008333
9722,0.14558100771460605,-328.783373279668,-0.1751325303042351,-8.766025391275118,-0.04371332095299421,-0.08256127079440179,-0.6371619062782035,1.3772289169638705e-05,0.0011095878700627061,0.0005991156634573104,0.045053447003690246,85.016667
9723,0.14444237939313628,-328.86350054446336,-0.0985953883318469,-8.90607265950542,-0.04979166210748878,-0.0781855059147323,-0.6372678634023774,1.3840325247776848e-05,0.0011364123531595156,0.0005939134025206424,0.04836292605675554,85.025
9724,0.14399670087709265,-328.94422278650376,-0.020356766162318546,-8.965336707734322,-0.05576259580000611,-0.07368949410210171,-0.6373091118481059,1.382867716636645e-05,0.001163529571562776,0.000584800612048323,0.05003931690863535,85.033333
9725,0.14425577546347856,-329.0247212511398,0.058117275305887214,-8.940184342592625,-0.06161740371223509,-0.0690901340217502,-0.6372851493771216,1.3734932705361004e-05,0.0011902894486244524,0.0005726103724024225,0.049827075970461536,85.041667
9726,0.1452170673166063,-329.1042201039807,0.13535203217636207,-8.832252229530297,-0.06735233995682786,-0.06440191649874553,-0.6371958632395761,1.3561321696392958e-05,0.0012157977440178983,0.0005579824675863739,0.0477743943706587,85.05
9727,0.14685762410546335,-329.1820280653832,0.20996808023564584,-8.648526941195128,-0.07296380529536932,-0.059633256826738756,-0.6370421261369265,1.3314463135949977e-05,0.0012390112482604956,0.000541300761632204,0.044213482281634756,85.058333
9728,0.14915099985291969,-329.2574214086215,0.28074367749296036,-8.399504146542675,-0.07844567120040846,-0.05480465206542441,-0.6368243395614722,1.3004528309255961e-05,0.0012588789984369316,0.0005227510372292785,0.03965767852492484,85.066667
9729,0.15206553978606463,-329.32946586327984,0.34662141249865686,-8.098181832663712,-0.08378086321775305,-0.049966285176209504,-0.6365427322499079,1.2644009224217486e-05,0.0012744824225910747,0.0005024496002398812,0.03466449656654148,85.075
9730,0.15553579457793862,-329.3985473533901,0.4071024353723271,-7.759317533997456,-0.08900026477941371,-0.04506154696349533,-0.6362003792284715,1.2246359314366115e-05,0.0012851460080985587,0.00048057166653204186,0.029717939332285663,85.083333
9731,0.15951468649839415,-329.4639809657858,0.46167059647372577,-7.396493379877978,-0.09408384139600734,-0.040138677820245494,-0.6357984193178003,1.18247927505111e-05,0.0012905070833158054,0.00045741898519569615,0.02515668866775946,85.091667
9732,0.1639526110074776,-329.52557490667476,0.5101332673463308,-7.0218134079025045,-0.09903374889433286,-0.03521626431388021,-0.635338212280443,1.1391364449231846e-05,0.001290507134004746,0.0004334195058270524,0.02116827931586775,85.1
9733,0.16878811113104009,-329.58330771244255,0.5525124818278785,-6.645812586028415,-0.10384874634297421,-0.030303507023879277,-0.6348225326979552,1.0956393348154355e-05,0.0012853509644209869,0.0004090814176104507,0.017813209518673653,85.108333
9734,0.17396779319076666,-329.6372238895963,0.5889700309122016,-6.276526012817027,-0.10853105736146487,-0.025412369025596765,-0.6342536824997624,1.0528222570214513e-05,0.0012754480503225482,0.0003849251736342274,0.015065304711546153,85.116667
9735,0.17943766879377962,-329.6874685647154,0.6197771129268447,-5.919935160366994,-0.11308211954248298,-0.020549470144010637,-0.6336344894279193,1.0113226319853101e-05,0.0012613380902123123,0.00036142390611440187,0.01285167881112667,85.125
9736,0.1851225135957451,-329.7343722932514,0.6453148077284755,-5.580627955707443,-0.11748975800644473,-0.015701750231075663,-0.6329708717462976,9.715984175710989e-06,0.0012436287852417402,0.00033896372493488026,0.011082380666535262,85.133333
9737,0.19103309137296665,-329.77761740387916,0.6658077099416899,-5.2599508916064135,-0.12178285471119991,-0.010942416074398366,-0.6322592130644247,9.339554492115004e-06,0.001222957657700336,0.00031782536087531546,0.009668623901448818,85.141667
9738,0.1970856273656362,-329.8176048038591,0.6816953373883183,-4.960128694202097,-0.12594274558528795,-0.0062548956433480995,-0.6315075722356228,8.98572899914811e-06,0.0011999111242113393,0.00029818708192583504,0.008533588490394048,85.15
9739,0.20326165970453008,-329.85476212105414,0.6933474385038311,-4.681012076505646,-0.12998565342440133,-0.0016205508648132448,-0.6307167481482682,8.65534222612059e-06,0.0011750569294871858,0.0002801362269310458,0.0076136348598701865,85.158333
9740,0.20951075291409718,-329.88927267830087,0.7011170503584795,-4.422633605702168,-0.13390205793419566,0.0029522220606151774,-0.6298920827744163,8.348501177966465e-06,0.001148896038373028,0.00026368776102253007,0.006859061133214694,85.166667
9741,0.2158044909938659,-329.9212505193594,0.7053111703623679,-4.184239828944391,-0.1376951287707782,0.007445796027513029,-0.6290366637250293,8.064802196245921e-06,0.0011218775613109524,0.00024880204208065066,0.006231927392627936,85.175
9742,0.22208296225059382,-329.95130986271965,0.7063000078238646,-3.965045911099121,-0.14134184553366824,0.011912282186306742,-0.6281584934634336,7.803492740603395e-06,0.001094387794144349,0.00023540184061474206,0.005703885789539911,85.183333
9743,0.22837125339946493,-329.97905300166735,0.7042450400388701,-3.763441597175314,-0.14487957261422793,0.016268936894319148,-0.6272541301637219,7.563607543532198e-06,0.0010667698103492725,0.0002233874181282853,0.005253750222765682,85.191667
9744,0.23461851831063132,-330.0049573576065,0.6994449046753651,-3.5784513013314196,-0.1482882480387812,0.020553679132142143,-0.62633110608026,7.3440485770461885e-06,0.0010392867442935313,0.0002126457925094601,0.004866040201801871,85.2
9745,0.2408036017235072,-330.0291969636553,0.6921211671500427,-3.40882701827972,-0.15156687899958382,0.024765983140988244,-0.6253931882786907,7.143669128227134e-06,0.001012168095686716,0.00020306082451748372,0.004529086784870895,85.208333
9746,0.2469054644984932,-330.0519328151953,0.6824752271274208,-3.253373323491668,-0.15471300044960112,0.028905600201598575,-0.6244444462439129,6.961318276772179e-06,0.0009856001022169052,0.00019451801958181888,0.004234097648302628,85.216667
9747,0.25290455709733434,-330.07326021613477,0.6706852710900321,-3.110962720688661,-0.15772545849993258,0.03296418460236291,-0.623489017505912,6.795874396319016e-06,0.0009597319335043409,0.00018690819282027917,0.003974349731688058,85.225
9748,0.25878248270160426,-330.09349125788725,0.656929015697856,-2.9804980455023147,-0.1605950057013043,0.03696969741563525,-0.6225311223487501,6.646266389640642e-06,0.0009346806787077354,0.00018012960306056474,0.003744618742763044,85.233333
9749,0.2645232153007844,-330.1127179511125,0.6413521818102094,-2.860996392512466,-0.1633185463779533,0.040918260864354156,-0.6215748233421533,6.511486054699265e-06,0.0009105358919579954,0.00017408917324858778,0.003540764186094515,85.241667
9750,0.27011292348446825,-330.13097890072385,0.6240844969710599,-2.751552832055072,-0.1658958683900726,0.044798726340856146,-0.6206239986057104,6.390594034984508e-06,0.0008873632568903917,0.00016870272239044172,0.0033594562629359155,85.25
9751,0.27553976736191166,-330.14840790060015,0.6052508553297581,-2.65132512740654,-0.16832323081180364,0.048617058696545416,-0.6196823252673688,6.282721401473715e-06,0.0008652079043144434,0.00016389485912497641,0.0031979751267016913,85.258333
9752,0.28079020844671393,-330.16510691003043,0.5849655259793844,-2.559567433225182,-0.1705959415920729,0.05237517680120069,-0.6187538914975461,6.187068241948369e-06,0.0008440974283012958,0.00015959861787682414,0.0030540644930604935,85.266667
9753,0.2858397476595505,-330.1814109653761,0.5633501455864273,-2.4756513449921855,-0.17268868134751617,0.05611435903137179,-0.6178448921217642,6.1029005349121826e-06,0.0008240458752945692,0.0001557548962772647,0.002925828033117297,85.275
9754,0.2907036874118958,-330.19698649408014,0.5404739863995456,-2.398852978234543,-0.17463496069452952,0.05976957483602108,-0.6169544076373402,6.02954628716305e-06,0.0008050601148752108,0.00015231184843869641,0.0028116444990656016,85.283333
9755,0.2953598646095102,-330.2120139215117,0.5164354483254797,-2.3286796626527586,-0.17641878874707295,0.06335730182848884,-0.6160882858471093,5.966388761892919e-06,0.0007871283530108337,0.00014922399923413657,0.002710151136384462,85.291667
9756,0.29979987396308094,-330.2266299732538,0.49132320236315147,-2.2646342969598456,-0.17803287026206155,0.0668904272550652,-0.6152499333798314,5.912862867995439e-06,0.0007702363352451525,0.00014645184427547004,0.002620165910875368,85.3
9757,0.30401509646274144,-330.24086125174404,0.46521575032745144,-2.206274626684569,-0.17947584715099404,0.07036318023806078,-0.6144428011070023,5.868449467273853e-06,0.0007543638686568987,0.00014396113667855778,0.0025406670167169524,85.308333
9758,0.3079985258188688,-330.2547335310591,0.43818782420497776,-2.153200142430997,-0.18074720226711966,0.07377038271656139,-0.6136700189698541,5.8326704972995796e-06,0.0007394865615756089,0.0001417223258246942,0.0024707699664254608,85.316667
9759,0.3117425838461157,-330.26833491278916,0.4103135414905063,-2.1050616482850453,-0.18184112428123658,0.07711843321243216,-0.612934797066536,5.805084388597461e-06,0.0007255767128319916,0.00013971004496119522,0.0024097085745333232,85.325
9760,0.31524090831902674,-330.2817219336246,0.3816627241965441,-2.061545369328081,-0.1827540361226302,0.08040881627732692,-0.6122400650249602,5.785281956145603e-06,0.0007126046901001363,0.00013790265789292628,0.002356818308509238,85.333333
9761,0.3184877738332827,-330.294896482278,0.3523002899826846,-2.0223675589637526,-0.18348672151529494,0.0836334975760168,-0.6115885657750405,5.7728826978505046e-06,0.0007005395622249664,0.00013628185937512695,0.002311524355672015,85.341667
9762,0.32147760515765855,-330.3078609679725,0.3222889449056747,-1.9872769729939137,-0.1840401369350562,0.08678472413651724,-0.6109829394749697,5.767531558517757e-06,0.0006893497892787084,0.00013483233045918368,0.0022733318164796473,85.35
9763,0.3242062394902664,-330.32063480175077,0.2916907200693625,-1.9560504109531112,-0.18441459665796606,0.08985840677333545,-0.6104254548654058,5.768896146814491e-06,0.0006790039062177742,0.00013354143723161405,0.0022418169555348754,85.358333
9764,0.3266683228007625,-330.33339256751356,0.2605721072525774,-1.9285204908497535,-0.18459522642722068,0.0928789743876472,-0.6099185283076601,5.77666436358025e-06,0.0006694707456523466,0.00013239897012914527,0.0022166199422910464,85.366667
9765,0.3288591051189979,-330.3460655627342,0.22898770019696754,-1.904509560253649,-0.18458885714923665,0.09582624877459081,-0.6094643521471367,5.790542489999551e-06,0.000660720257083369,0.0001313969270207962,0.0021974371571162367,85.375
9766,0.3307759561706034,-330.35867249766943,0.1969957796122286,-1.883870583977657,-0.1843958002973478,0.09869678880114063,-0.6090645658623096,5.8102536379421305e-06,0.0006527237417732715,0.00013052933478754027,0.0021840187484907687,85.383333
9767,0.3324161565444684,-330.3713112738513,0.1646569228531966,-1.8664949448597443,-0.1840081845201053,0.10150176072026286,-0.6087207021913263,5.835536531708932e-06,0.0006454536415364975,0.00012979209155364926,0.0021761636793204125,85.391667
9768,0.3337762241469111,-330.3838798638647,0.13202121274527204,-1.852260426669395,-0.18343762340442493,0.10421526957373958,-0.6084343256123944,5.866144661619803e-06,0.0006388838867326127,0.00012918285123586599,0.0021737154547857743,85.4
9769,0.3348464158560648,-330.39665523982717,0.09914990740658636,-1.841158758885457,-0.18265319477295314,0.10687897645386332,-0.6082081942126465,5.9018457519446e-06,0.0006329903428990519,0.0001287009171823141,0.0021765614550700455,85.408333
9770,0.33564241016710833,-330.40932840560976,0.06609813637732485,-1.8330093744789187,-0.18169873003909626,0.10943487149917133,-0.6080395489424513,5.942421595703415e-06,0.0006277523582377977,0.00012834719929738053,0.002184627420147683,85.416667
9771,0.33615391495554214,-330.42208764292855,0.032920014735637375,-1.8278282403394601,-0.1805520039331423,0.11190807348869125,-0.6079309744039831,5.987667874931673e-06,0.0006231469607014368,0.00012812410482533105,0.0021978797810129507,85.425
9772,0.3363689600664564,-330.43476825584133,-0.0003488989945864498,-1.8255710408893124,-0.17922869598757343,0.11425879887005204,-0.607885280370702,6.037394587843442e-06,0.0006191554644419528,0.00012803558043302586,0.002216321485156662,85.433333
9773,0.3363078958206967,-330.4477113116071,-0.03361826528088535,-1.82625363775822,-0.17770382699563508,0.11654857289004743,-0.6078982585140369,6.091426627947619e-06,0.0006157635798556774,0.00012808702514642675,0.0022399963580570334,85.441667
9774,0.3359478136484081,-330.46034789271704,-0.06688599646965088,-1.829784311897741,-0.17603538470088254,0.11866241847672092,-0.6079747416221071,6.149604360404866e-06,0.0006129540516076677,0.00012828543452473584,0.002268977195884987,85.45
9775,0.3353152932516447,-330.4736599513886,-0.10002140233108447,-1.8363836140900882,-0.1741241728584573,0.12077603085065396,-0.6081089009990892,6.211784786480593e-06,0.0006107169439383511,0.00012863917457358063,0.0023033855928016106,85.458333
9776,0.334387367707612,-330.4869217937598,-0.13303286701361206,-1.8459422122488938,-0.1720477652380859,0.12274677141719562,-0.608305276369715,6.277842556471055e-06,0.0006090381868414815,0.0001291585541906005,0.0023433606521431312,85.466667
9777,0.33318685024917005,-330.50069592712515,-0.16581181703090483,-1.8586287499556686,-0.16975205301598423,0.12467248660355573,-0.6085585627176276,6.347671618321123e-06,0.0006079112415922035,0.00012985531636948124,0.002389094862266575,85.475
9778,0.331706422375187,-330.5146463377137,-0.198331502036162,-1.874435026089885,-0.16727755644537246,0.1264848753808401,-0.608869697131955,6.421186651409616e-06,0.0006073265983594736,0.00013074327352780027,0.002440803785623191,85.483333
9779,0.32994718759922664,-330.52884416633697,-0.2305336700421649,-1.8934752353062954,-0.16461955715806229,0.1281887234337028,-0.6092376919245239,6.498325001913011e-06,0.0006072789572093098,0.00013183803337220025,0.0024987494231113144,85.491667
9780,0.32791164680696144,-330.5432873516789,-0.2623621307119363,-1.9158582664120167,-0.16178330586727677,0.1297766540357484,-0.6096611310276725,6.57904867214109e-06,0.0006077651980026025,0.00013315732727184486,0.002563232983448743,85.5
9781,0.32558931027105276,-330.55780337771455,-0.2937868294238969,-1.941682458160105,-0.15879061429243846,0.1312091329029192,-0.6101411450898014,6.6633465650330525e-06,0.0006087841505131371,0.00013472116057328744,0.0026345971099006995,85.508333
9782,0.3230135570640627,-330.5728778373025,-0.32468142794078075,-1.9712106048330784,-0.15559795549958635,0.13256816595243348,-0.6106696900095475,6.751236942298901e-06,0.0006103394170411369,0.00013655182874238036,0.002713238097529403,85.516667
9783,0.3201732313991431,-330.58830587121923,-0.3550184854703728,-2.004577322053062,-0.15223086040836464,0.13380721422093747,-0.6112478280024897,6.842769982031542e-06,0.000612429924695128,0.00013867486332134563,0.002799570781857951,85.525
9784,0.31707340710226983,-330.60418260718484,-0.3847292482799529,-2.0420214981798193,-0.14868351646788233,0.1349331790368882,-0.6118731582621877,6.938030749020393e-06,0.0006150601305233124,0.0001411186606830038,0.0028940661951063315,85.533333
9785,0.3137203758164921,-330.62045610858195,-0.4137521861495374,-2.083750786357584,-0.14497063692685364,0.13593072962135516,-0.6125429485755497,7.03714228039488e-06,0.0006182362920583997,0.00014391510325234867,0.002997237960755432,85.541667
9786,0.31011937771392517,-330.63719839357196,-0.44201730385458365,-2.1300561058772076,-0.14109012378549532,0.1368023482524487,-0.613254602232066,7.1402688599967095e-06,0.0006219663464216953,0.00014709978961804387,0.0031096465022201663,85.55
9787,0.30627708751447996,-330.6544080142053,-0.4694562399327338,-2.18122892522296,-0.13705082396158813,0.13753993209064208,-0.6140051721345281,7.2476194734662735e-06,0.0006262602429723521,0.00015071257768705493,0.003231896566071107,85.558333
9788,0.30220093586576713,-330.67212839975116,-0.495994318307535,-2.2376154276499345,-0.1328561758327233,0.13814174144357058,-0.614791516280147,7.3594514418044026e-06,0.0006311297407513349,0.0001547979576757593,0.003364638918881023,85.566667
9789,0.2978990389221893,-330.69043191014947,-0.5215509226634378,-2.2996152211871332,-0.1285062694702407,0.13860942395985396,-0.6156103304626713,7.476074152234496e-06,0.0006365883444507924,0.00015940560746485104,0.003508568106310087,85.575
9790,0.29337893952667105,-330.70940513228027,-0.546041688693144,-2.3676825739145793,-0.12399937005863718,0.1389449780761048,-0.6164584024640202,7.597852880782339e-06,0.0006426512442343115,0.00016459097931748252,0.0036644199611115245,85.583333
9791,0.28861916593749704,-330.72853790136594,-0.5694781390849836,-2.4420803261632384,-0.11940559736012119,0.13906409398954725,-0.6173378279013356,7.725212624393613e-06,0.0006493355074247134,0.00017041587877605799,0.003832970944696204,85.591667
9792,0.28369235211492927,-330.74891115324516,-0.591575174130275,-2.523743918396059,-0.11461246519044213,0.13911857279681386,-0.6182333848976027,7.85864158351988e-06,0.0006566665580298674,0.00017694719342479156,0.004015118503659006,85.6
9793,0.2785785974921736,-330.7701105798245,-0.6123262028634642,-2.613076986863484,-0.10967817679267995,0.13903287338117407,-0.6191470506517883,7.998694253911964e-06,0.0006646568268864307,0.00018426226841755165,0.0042116660717095005,85.608333
9794,0.2732506728626672,-330.79168786924635,-0.6317436571688335,-2.710541750346426,-0.10466468419591947,0.138731498019869,-0.6200817591377218,8.145994233577609e-06,0.0006733272846021739,0.0001924448114314868,0.004423536013522,85.616667
9795,0.2677971006109677,-330.814661996572,-0.6494844790878854,-2.817222281179239,-0.09947450191110628,0.13835153381619877,-0.6210202808574311,8.301235719100318e-06,0.0006827086209059809,0.0002015840921876306,0.004651849152263628,85.625
9796,0.2621925459969718,-330.8386262658974,-0.6655433247219286,-2.9337072359283485,-0.09416573007907414,0.13781942342475473,-0.6219655412332288,8.465183030307266e-06,0.0006928140507865414,0.00021178147841215735,0.004897636398329072,85.633333
9797,0.25645506980041405,-330.86371271175494,-0.6797738514963982,-3.060872303287347,-0.088738961058837,0.13713980213222615,-0.622912982797222,8.638668269737168e-06,0.0007036661564134108,0.0002231435573097346,0.005162223817989071,85.641667
9798,0.2505655645748136,-330.8897971985014,-0.6921212062664576,-3.19964106999249,-0.08321848243650859,0.13627419097428523,-0.6238642013541638,8.822585636657652e-06,0.000715285810856763,0.00023578322108896025,0.005447241422882066,85.65
9799,0.2446089997288894,-330.917430747404,-0.7022373192363105,-3.3510639072287454,-0.07757168676435956,0.1352952605847291,-0.6248042401839494,9.01788150438453e-06,0.0007277004738045031,0.00024981529921676494,0.00575497123724897,85.658333
9800,0.23856968795592423,-330.9464364185709,-0.7100496033338877,-3.5161010661475998,-0.07183280565518793,0.13415900825864155,-0.6257347051353008,9.225536507919195e-06,0.0007409180047696524,0.0002653585466553534,0.006088291907425507,85.666667
9801,0.2324661390789435,-330.9769455909541,-0.7153664415746224,-3.695861433077844,-0.06600646048718711,0.1328649032652527,-0.6266518789010918,9.446539456569343e-06,0.0007549506877747329,0.00028252452499336294,0.006451531856688163,85.675
9802,0.22632201225104406,-331.00913632654266,-0.7179639016972384,-3.89148581187839,-0.06009367187565715,0.13141646638867222,-0.6275515720946095,9.681850793109674e-06,0.0007698053427225269,0.00030141171207741295,0.0068510908392639645,85.683333
9803,0.22015221182155867,-331.0433692032885,-0.7175888000345149,-4.104324873054839,-0.05407083445537504,0.12981949879066135,-0.6284311857881028,9.932350418292352e-06,0.0007854807184472396,0.0003220948780706129,0.007296482714347361,85.691667
9804,0.21399291816909005,-331.07948781729294,-0.7140126835865304,-4.335092428529621,-0.047988516364760786,0.12806033437468137,-0.6292854405855534,1.0198767446876442e-05,0.0008019683665830867,0.00034461137399860735,0.007801824818896742,85.7
9805,0.20787331964768488,-331.117724906618,-0.7069432911007756,-4.584711275125778,-0.041844694748157406,0.1261436977669877,-0.6301105472146173,1.04815847530391e-05,0.0008192462424745205,0.0003689389130495629,0.008387899373971193,85.708333
9806,0.20183150296666022,-331.1580249900494,-0.6961088966050467,-4.853505627339916,-0.03567574060883035,0.12406610610460471,-0.6309020173719945,1.078091380504878e-05,0.0008372799880692097,0.00039497467523691074,0.009084601939021697,85.716667
9807,0.19589152421668612,-331.2007713757171,-0.6811759265685464,-5.141978165787895,-0.029460058002503453,0.12183256048359614,-0.6316576959592118,1.1096336554747874e-05,0.0008560213048784712,0.00042250618922543785,0.00993388160080819,85.725
9808,0.19008408605035998,-331.2463239999214,-0.6617851506001026,-5.450066765817963,-0.023182305493382134,0.11944452739463908,-0.6323749665060144,1.1426714225915756e-05,0.0008754139730305584,0.00045118672915297103,0.010992548892513426,85.733333
9809,0.18446196268901782,-331.294435498468,-0.6376559302031909,-5.77607041610287,-0.016902019746768217,0.11690063293758457,-0.6330490316107213,1.1769966613765132e-05,0.0008953967149358475,0.00048050941858582123,0.012334157040584619,85.741667
9810,0.17905159255152417,-331.3456693365885,-0.6084077214662034,-6.118518271289301,-0.01057716412947675,0.11420067874773339,-0.6336788155276576,1.2122822272546266e-05,0.0009159052061896014,0.0005097846285100325,0.014048358199565486,85.75
9811,0.1739142577048234,-331.39976114164466,-0.5737893708639492,-6.473276693403351,-0.004262793274504919,0.11135097177489123,-0.6342596490036917,1.2480568411737137e-05,0.0009368904609476884,0.000538151140848738,0.016235236811744838,85.758333
9812,0.16908818010572138,-331.4569838395968,-0.5335347322958445,-6.835695596569816,0.0020544564056311403,0.10835078931336042,-0.6347900427228276,1.2836829678573068e-05,0.0009583228234788055,0.0005645972898772209,0.018991561891181456,85.766667
9813,0.1646231343763553,-331.5173655664133,-0.4874799552906918,-7.19897240969352,0.008364415858571346,0.10520283446632643,-0.6352675915262761,1.3183428338093855e-05,0.000980212572970215,0.0005880398761100884,0.02238682574246922,85.775
9814,0.1605659038091522,-331.5808663221622,-0.4355916556232714,-7.554567803679867,0.014656493006676327,0.10190797871400747,-0.6356905408791064,1.3510401309970058e-05,0.0010026159570602903,0.0006074321115665225,0.026428249174495298,85.783333
9815,0.15696895810618872,-331.64740122576995,-0.3779704996478216,-7.891990401707372,0.020924104267758065,0.0984707904263469,-0.6360567568774051,1.3806242778022058e-05,0.0010256344679610823,0.000621906428628203,0.0310200475884297,85.791667
9816,0.15388396627889042,-331.71700006812904,-0.314853762911144,-8.199340293111339,0.02718089654562104,0.09489044845878095,-0.636364293726689,1.405843779987125e-05,0.0010493925886991876,0.0006309167238824659,0.03592753187858101,85.8
9817,0.15135295115188965,-331.7888760592013,-0.24692307487802959,-8.463859467717777,0.03337150726675842,0.09118064913304331,-0.6366120831420196,1.4254311884983508e-05,0.0010739931166267242,0.0006343412080872759,0.04076458184552036,85.808333
9818,0.14941705335250352,-331.8628420998918,-0.1748896995525706,-8.673288069182824,0.039510365138381534,0.08734219451954214,-0.6367988573946582,1.4382164200239237e-05,0.0010994531185645415,0.0006324973810921341,0.045029891306194204,85.816667
9819,0.14810460385050367,-331.9385851508929,-0.09970952154909032,-8.817046385350546,0.04560518609841621,0.0833686961927509,-0.6369241243445326,1.4432544392420229e-05,0.0011256242197632976,0.0006260441575931003,0.048187644244248595,85.825
9820,0.14744451555998442,-332.0150316623159,-0.02270966206779546,-8.886687418581609,0.05160967004838961,0.07928986978568843,-0.6369867119358653,1.439946311374626e-05,0.0011521275750794146,0.0006157927784826125,0.04978831880807863,85.833333
9821,0.14744313585573393,-332.0919402588814,0.054893165058604886,-8.878399490387242,0.057548639583247595,0.07508947519502013,-0.6369868424646258,1.428127479558412e-05,0.0011783219703171614,0.0006024891692240183,0.04959114920325977,85.841667
9822,0.14810272618618686,-332.1684243127519,0.1316737411116557,-8.792314493440099,0.06339824380006229,0.07078564753301017,-0.6369243027726296,1.4081023636658074e-05,0.0012033365736848162,0.000586661287373339,0.0476281948125472,85.85
9823,0.14940524470559177,-332.2438729907511,0.2063254207042386,-8.633462085155873,0.06915193433248729,0.06637993824090194,-0.6367999893633868,1.3806155432551043e-05,0.0012261575091368775,0.0005685799507718022,0.04419654456561156,85.858333
9824,0.15133927821429904,-332.3176213954764,0.2776553340105818,-8.409700576840024,0.07480372580836277,0.06188926112050347,-0.6366134106654882,1.3467653101210145e-05,0.001245761653881877,0.0005483399536537945,0.039770271036267874,85.866667
9825,0.15386318186386644,-332.3892120468251,0.3446927397146458,-8.13266486344157,0.08034683514273142,0.0573129437436818,-0.6363663451487518,1.3078771167242003e-05,0.001261246573088591,0.0005260078041582872,0.03487851040292154,85.875
9826,0.15694425995865904,-332.4581396137099,0.40666845236885746,-7.8145836873768815,0.0857738000573891,0.05266884521714282,-0.6360592430294585,1.2653667109665624e-05,0.001271950082398777,0.0005017551941911514,0.029991604853359426,85.883333
9827,0.16052826850664312,-332.52419917048604,0.46310449730905545,-7.468515632248691,0.09108003316875664,0.04795363052093517,-0.635694415229393,1.2206152364925448e-05,0.001277502619359134,0.0004759283868163121,0.025453571065883404,85.891667
9828,0.16457536439783896,-332.5870756556388,0.5136951123134997,-7.105981042439912,0.0962597300287418,0.04318865396326818,-0.6352726321978894,1.174875008714098e-05,0.0012778409913074323,0.00044903824863389046,0.021462213143103426,85.9
9829,0.16903089815795727,-332.64668939462564,0.5583666692484586,-6.737498608463644,0.10130776551675866,0.038379306198734926,-0.6347962493412397,1.1292099832527544e-05,0.0012731617523445383,0.0004216979666966773,0.018089932310936665,85.908333
9830,0.1738391555257925,-332.7029874867458,0.5971949227068362,-6.371727663527862,0.10621622403639804,0.03353670011292167,-0.6342680160413149,1.0844713173791506e-05,0.0012638651732747824,0.0003945381387239668,0.015319788241030164,85.916667
9831,0.17896156757971018,-332.7561234730522,0.6303810248083672,-6.014823267294614,0.11099184980858566,0.028660050443526906,-0.633689137874907,1.0412996867335742e-05,0.0012504850424082873,0.00036813122046447605,0.013084160212202616,85.925
9832,0.1843457242498909,-332.80613723988625,0.6581869974028459,-5.671764756503771,0.115626258157454,0.023761877657381313,-0.6330627569765114,1.0001439996761454e-05,0.0012336152895508752,0.0003429440744739655,0.011295440560822495,85.933333
9833,0.18994647690215635,-332.8531213543359,0.6809238840788266,-5.3457953237913935,0.12011556878213768,0.018854592615599387,-0.6323917038904316,9.612908333060593e-06,0.0012138673394396077,0.00031931485206771186,0.009865402883804,85.941667
9834,0.19572305495522932,-332.8971937486936,0.6989255757510604,-5.038841060221852,0.12445791857715448,0.013950924583189372,-0.6316788035724459,9.24896177182218e-06,0.0011918304798819888,0.00029745421509280495,0.008715797730327943,85.95
9835,0.20163393304512944,-332.9386121936954,0.7125510550142053,-4.751831822486608,0.12865121484197542,0.009047354956976263,-0.630927510070663,8.910158785530346e-06,0.0011680480618473914,0.00027746106486975036,0.00778226550282954,85.958333
9836,0.20764216355472928,-332.97754586365255,0.7221363388489209,-4.484951786375337,0.13269243281175344,0.004151364794206609,-0.6301412517212659,8.596326376663985e-06,0.0011430074263036954,0.00025934532399833534,0.007014338589715689,85.966667
9837,0.21371685126907664,-333.01411422245474,0.7279933500021171,-4.237823831558311,0.13658088103126073,-0.0007229214239057269,-0.6293231705549538,8.306782819977328e-06,0.0011171348217999047,0.000243051294979246,0.006373724579493524,85.975
9838,0.21982294792051021,-333.0485637036926,0.7304343872242174,-4.00974507596343,0.1403120506341648,-0.005579278618308673,-0.6284774560578406,8.04051374506638e-06,0.0010907948081046825,0.00022847903534032124,0.005831946134073228,85.983333
9839,0.2259356462682828,-333.0809864960123,0.7297267616455323,-3.7997379922779904,0.14388649589858174,-0.010401662912311068,-0.6276073568583196,7.796308731081376e-06,0.001064297660146059,0.00021550236284744782,0.005367982754014464,85.991667
9840,0.23202841660247905,-333.1115761266751,0.7261291220568311,-3.6067091213817113,0.1473020595488088,-0.015189497869431825,-0.626716758259386,7.5728591311372355e-06,0.0010379008220341638,0.0002039820978568041,0.0049663743763341955,86.0
9841,0.23807404474445013,-333.1405755389618,0.7198837136646279,-3.4295147839101414,0.15055305343984862,-0.019951587502568268,-0.6258100549943773,7.368829623499561e-06,0.001011816929605064,0.0001937760988512055,0.004615658326074066,86.008333
9842,0.24405504309818843,-333.16799827921636,0.7111878402141604,-3.2669979572421335,0.1536423364102922,-0.024664993630221326,-0.6248905369963669,7.182906977875015e-06,0.00098622071885682,0.00018474593065608965,0.004307224050055503,86.016667
9843,0.24995090511734913,-333.19398861736056,0.7002346763908435,-3.1180366630026666,0.15656807562458264,-0.029327242759373512,-0.6239622289877391,7.0138304415040645e-06,0.000961250798167828,0.00017676072149657425,0.004034520516145673,86.025
9844,0.25574130427279346,-333.21904870645017,0.6872240065017761,-2.9815080836300725,0.1593148623286344,-0.03399463937511985,-0.6230294148842123,6.860411439482897e-06,0.0009370168607394367,0.00016969973355052289,0.0037924493036638972,86.033333
9845,0.26141002427381216,-333.24276855325786,0.6722784742191871,-2.856487677038893,0.16189678002211508,-0.03858176901900257,-0.6220959671898182,6.72154363249756e-06,0.0009136043790618751,0.0001634535751798625,0.0035769459520341024,86.041667
9846,0.266936765281456,-333.26533632882615,0.6555507002994543,-2.742042162584463,0.1643081147031431,-0.043096935697362525,-0.6211666525596784,6.5962065002685034e-06,0.0008910773279438013,0.00015792393135938916,0.003384738030027852,86.05
9847,0.27231377978090043,-333.28689414613484,0.6371725926111004,-2.6372656884628642,0.16655027454146018,-0.04754493940207774,-0.6202443046602016,6.483465321700227e-06,0.0008694833763351733,0.00015302356973190596,0.003213117649974817,86.058333
9848,0.27752460465423184,-333.30774332248734,0.6172773720695987,-2.541371161574251,0.16860927541552,-0.05195788167353813,-0.6193333540605188,6.38246703002334e-06,0.0008488522173460266,0.0001486755320112426,0.0030598208763044166,86.066667
9849,0.2825566424165013,-333.32769600585067,0.5959620705844482,-2.45365577468925,0.1704963518690726,-0.05628783935707988,-0.6184376976024739,6.2924359156207846e-06,0.0008292021081056112,0.0001448123973528263,0.002922919095071399,86.075
9850,0.2873973185289014,-333.3469583134205,0.5733366942733815,-2.3734660250153605,0.17220269923935203,-0.06055373191940943,-0.6175613237576602,6.2126675625014305e-06,0.0008105408330166113,0.00014137528466943595,0.0028007645199002026,86.083333
9851,0.2920399980479877,-333.36566565989995,0.5494994194380658,-2.3002012090017745,0.17372450156451447,-0.0647652599166273,-0.616707200655297,6.1425226184638875e-06,0.0007928677944284736,0.00013831299831487331,0.0026919313018046657,86.091667
9852,0.2964735854928446,-333.3837624407099,0.5245343849576135,-2.2333361887865584,0.1750666492254459,-0.06889898904187834,-0.6158791361249234,6.081420290748627e-06,0.0007761739631677861,0.00013558113606534897,0.0025951830924266384,86.1
9853,0.300687571104689,-333.4013302123805,0.4985269252431609,-2.1723991593888097,0.17622568359847257,-0.07295581270710666,-0.6150808650157283,6.02883248276532e-06,0.0007604452731877786,0.0001331413393184031,0.0025094437482127228,86.108333
9854,0.30467315504482395,-333.4185123131571,0.47156037861724476,-2.116969131185556,0.17719338679624813,-0.07694869497687558,-0.6143158102255151,5.984278062919419e-06,0.000745663752665155,0.00013096057224072443,0.002433773174624469,86.116667
9855,0.30842191513093514,-333.4352636368063,0.4437060934030537,-2.0666592756949935,0.1779750334996431,-0.08085798831326459,-0.6135873090707898,5.947317569323907e-06,0.0007318081693739903,0.00012901047469882432,0.0023673495489207946,86.125
9856,0.31192758587741665,-333.4516542917272,0.41503721143519345,-2.0211273793477695,0.1785683309805775,-0.08468532781975481,-0.6128982453057535,5.917548452385344e-06,0.0007188550194338955,0.00012726681473136013,0.0023094567889257343,86.133333
9857,0.3151848816917038,-333.4677265347754,0.3856229827581363,-1.9800665805198994,0.1789731403980209,-0.08842812936355128,-0.612251250410592,5.894600781860446e-06,0.0007067788324900924,0.00012570899042266766,0.0022594715582164903,86.141667
9858,0.31818646269257933,-333.483509094733,0.3555289778136864,-1.9432093715282468,0.17918901896353978,-0.09208119168101227,-0.6116492968176199,5.878133493267349e-06,0.0006955528007354381,0.00012431961448210698,0.0022168533599636166,86.15
9859,0.32092745293692004,-333.4990479433574,0.32481991280999417,-1.9103172684560257,0.1792150126444313,-0.09564334803961781,-0.6110947896150227,5.8678311685477e-06,0.0006851501056850263,0.0001230841604493989,0.002181135519037419,86.158333
9860,0.3234018262780023,-333.51441620854246,0.29355915925388604,-1.8811890829955333,0.17904638479066193,-0.0991182081524887,-0.6105902763572593,5.863401203296183e-06,0.0006755438016663584,0.00012199064797371921,0.0021519182315286756,86.166667
9861,0.32560614512478164,-333.5295905571668,0.26180559756126953,-1.8556314116058292,0.17868885669880913,-0.10249302395596324,-0.6101376772565639,5.864571468072649e-06,0.0006667076571533944,0.00012102938455887132,0.002128861987589929,86.175
9862,0.32753555777334176,-333.54465789301,0.2296202690711107,-1.8334974171067555,0.17813621707955973,-0.10577449262608969,-0.609739089734517,5.871088320022646e-06,0.0006586159090905474,0.00012019274566654377,0.0021116834943208417,86.183333
9863,0.32918682235583097,-333.55961539384305,0.19706017110744273,-1.8146460095837538,0.1773919244787902,-0.10895382992295892,-0.6093961607614788,5.882715037414837e-06,0.0006512440305165145,0.00011947499305286912,0.0021001502119862765,86.191667
9864,0.33055725044484263,-333.5744808537114,0.16418222942479263,-1.7989609258755102,0.17645761949861982,-0.1120262111048612,-0.6091102931508952,5.8992305727433186e-06,0.0006445686330797084,0.00011887212476531189,0.0020940776176962598,86.2
9865,0.3316441095384681,-333.58932424832796,0.13104446137074366,-1.7863579698329541,0.1753288591858749,-0.11499601595959649,-0.6088827638601704,5.92042862894529e-06,0.0006385676272800528,0.00011838175453057913,0.002093326071133547,86.208333
9866,0.33244579755128706,-333.6040931840104,0.09769972915778473,-1.776745677792717,0.17401554822541648,-0.11784647663124445,-0.6087144729652888,5.946117047203164e-06,0.0006332204810436184,0.00011800302312610607,0.002097797981422702,86.216667
9867,0.3329597143736084,-333.6188905652169,0.0642058053886788,-1.7700872865632915,0.17250911570631808,-0.12058766650741737,-0.6086063854089275,5.976117454160645e-06,0.0006285081695515247,0.00011773652034201749,0.002107437095361153,86.225
9868,0.33318665197948244,-333.6337082504094,0.03061782382668111,-1.766334670946748,0.1708154244371095,-0.12321131590965802,-0.6085586044763319,6.0102651861738844e-06,0.0006244135836551821,0.00011758425321776436,0.0021222258335876,86.233333
9869,0.3331243340769475,-333.6486091886509,-0.0030090265873326605,-1.7654801704230032,0.1689301408790681,-0.12572021137760736,-0.6085717284180624,6.048409439131427e-06,0.0006209209056962155,0.00011754961422310065,0.002142185197536232,86.241667
9870,0.33277330683008965,-333.66352742930115,-0.036623342652747,-1.7674972707234295,0.16686642480714367,-0.1280961789833934,-0.6086456094296059,6.090413677444572e-06,0.0006180164922517118,0.00011763738858194985,0.0021673739588709017,86.25
9871,0.3321332750959876,-333.6786182870249,-0.07016488714334358,-1.7724364073905254,0.16460899419872774,-0.1303577838390886,-0.6087801244270749,6.136156227877115e-06,0.0006156883378036497,0.00011785374626290761,0.0021978897751108,86.258333
9872,0.3312044857485989,-333.6938535080883,-0.10358126520422475,-1.7803175727328104,0.16216600074622572,-0.13249261002069365,-0.6089748838563702,6.1855311174018795e-06,0.0006139263851284645,0.00011820633365385538,0.0022338671911502797,86.266667
9873,0.32998890690680566,-333.7092431511939,-0.13681699490271534,-1.79118665499032,0.15954176715401588,-0.1344952737882722,-0.6092289869482505,6.238449126583289e-06,0.0006127225208180356,0.00011870429275994135,0.002275480390337995,86.275
9874,0.3284891650137668,-333.7248531726519,-0.16981324550013746,-1.8051244206768036,0.1567334641284649,-0.1363693429472636,-0.6095412506159226,6.294839014438282e-06,0.0006120703051726075,0.00011935835503985407,0.0023229435357475943,86.283333
9875,0.3267063155651655,-333.7406380161349,-0.20251824587315806,-1.8221999500117931,0.15375273580816162,-0.1380998737873596,-0.609910676876066,6.354648969436127e-06,0.0006119649648118622,0.00012018097661814172,0.002376511109278426,86.291667
9876,0.3246435334924749,-333.75673210794344,-0.23486857443562956,-1.842557059918639,0.15058766919023384,-0.13970044086024822,-0.6103356890984707,6.417848261904884e-06,0.0006124038715156594,0.00012118642063449245,0.002436481730893382,86.3
9877,0.32230304503766327,-333.77308585726615,-0.2668109504949992,-1.866304199995867,0.1472513931669267,-0.14115541531675924,-0.6108147743900375,6.484429117711279e-06,0.0006133861582438775,0.00012239101449210878,0.002503196531060748,86.308333
9878,0.31968910176153886,-333.78976438359047,-0.2982833448141948,-1.8936086490694701,0.14374225405973967,-0.1424671653946565,-0.6113458790719349,6.554408813612753e-06,0.0006149130675716335,0.0001238132494868325,0.0025770446423433475,86.316667
9879,0.3168065398623183,-333.8067964740942,-0.32922430900815886,-1.9246503450746024,0.14006410045019713,-0.1436323473819209,-0.611926718837016,6.627831967644004e-06,0.0006169876131558118,0.0001254740812941476,0.00265846270553987,86.325
9880,0.3136601896792164,-333.8241978796727,-0.35957238765042987,-1.95963158655764,0.13622293825340787,-0.1446454566621026,-0.6125549082626145,6.704773079502559e-06,0.0006196146025936681,0.0001273971851733687,0.0027479374208660523,86.333333
9881,0.3102547380938278,-333.8420454814639,-0.38926141112926194,-1.9988082034674133,0.13221619529056708,-0.14550881865281604,-0.6132279951805434,6.785339289059053e-06,0.0006228007840027814,0.00012960925621179452,0.002846008127344679,86.341667
9882,0.30659685260443353,-333.86032915936727,-0.41822694558510054,-2.0424320944734617,0.1280550678426943,-0.14621333516982127,-0.6139430534620621,6.8696733941281894e-06,0.0006265550019100772,0.00013214042031283203,0.002953267473375353,86.35
9883,0.3026917165264593,-333.8790852490913,-0.44640202527723805,-2.0908102190802267,0.12374385517159295,-0.1467552503670126,-0.614697378775107,6.957957091470391e-06,0.000630887910499518,0.00013502457339520182,0.0030703644922240522,86.358333
9884,0.29854738134729353,-333.89841720105414,-0.4737092619938089,-2.144314734217876,0.11927857611989914,-0.14713966303519413,-0.6154876550481732,7.050414429727291e-06,0.0006358124356119736,0.0001382998644413815,0.0031980062713709316,86.366667
9885,0.2941718247124168,-333.91834619597734,-0.5000746078317265,-2.203325531295601,0.11466774123602844,-0.14736053733533627,-0.6163105498302526,7.147315530335307e-06,0.000641343261882179,0.00014200932207054307,0.003336954596063861,86.375
9886,0.2895726092036461,-333.9389496867822,-0.5254176040586741,-2.268296072893472,0.10991200698202042,-0.1474176289018785,-0.6171627873471734,7.24898048875468e-06,0.0006474970025424583,0.00014620132605070048,0.00348802941102772,86.383333
9887,0.2847593001429357,-333.9602557485153,-0.5496555526473029,-2.3397058225301377,0.105020702290673,-0.14730525551889084,-0.6180407158617369,7.355783405755993e-06,0.0006542923960186983,0.00015093029432603817,0.0036521077349173908,86.391667
9888,0.2797413702997931,-333.9823956240629,-0.5726933241023197,-2.4181437802637133,0.0999886371998625,-0.14702778144416737,-0.6189407213865642,7.468156466461449e-06,0.0006617499529255079,0.0001562572745808071,0.0038301252452361137,86.4
9889,0.27453117773554453,-334.0052997288392,-0.594444493574577,-2.504151188065808,0.09484195074286338,-0.14656973068950252,-0.6198587186616762,7.586593980793781e-06,0.0006698920230192273,0.00016225080298258322,0.00402307317571511,86.408333
9890,0.2691398060388376,-334.02910590972925,-0.6148013858305225,-2.5984471411165733,0.0895766019699196,-0.14593551449384207,-0.6207909234717759,7.711656048637329e-06,0.0006787421924752107,0.00016898717203939873,0.004232013519638601,86.416667
9891,0.263579985300337,-334.05387302624047,-0.6336544894367211,-2.7017787181000843,0.0842016250074244,-0.14512144641145447,-0.6217333550755955,7.843971646741789e-06,0.0006883254994561005,0.00017655139866765452,0.004458081874078809,86.425
9892,0.25786353292622005,-334.0798071717388,-0.6508730532590471,-2.8150638302359776,0.07870548767756666,-0.1441343625406863,-0.6226822981428222,7.984240865367011e-06,0.0006986679198987098,0.00018503748099119776,0.0047025173361170455,86.433333
9893,0.2520093136179408,-334.1068323186103,-0.6663359167602828,-2.939113114132965,0.07312073688655008,-0.14296057273669505,-0.6236330212199833,8.133235728061996e-06,0.0007097962855112047,0.00019454893461327198,0.004966700169734547,86.441667
9894,0.2460365089781624,-334.1352027601973,-0.6798759317635419,-3.0750226186689456,0.06743336132382574,-0.14161165040192142,-0.6245809754763705,8.291798452715758e-06,0.000721736276867239,0.00020519773408309678,0.0052522554598850866,86.45
9895,0.2399521254112192,-334.1648310454638,-0.6913751708887524,-3.223784723478417,0.06167605257992741,-0.14006656305007018,-0.6255237286702231,8.460836247085086e-06,0.0007345117061949046,0.0002171043720603403,0.005561164487952292,86.458333
9896,0.23378020059336546,-334.1959308231984,-0.7006383644953961,-3.3866283014310508,0.05584459408946648,-0.13833397650942336,-0.6264563870933659,8.641311463066178e-06,0.0007481467332390588,0.00023039407704066934,0.005896094279699657,86.466667
9897,0.22753264000912074,-334.22877532417954,-0.7074676258893099,-3.564957116981175,0.04992565190245281,-0.13641510847370217,-0.6273761711590768,8.834224644776058e-06,0.0007626605477320826,0.0002451947213155894,0.006260725078860577,86.475
9898,0.2212472415360061,-334.2633653220097,-0.711636005748663,-3.759904864849515,0.04395084954339475,-0.13430963859240644,-0.6282768151711402,9.040588876920977e-06,0.0007780690613614799,0.00026163109282752254,0.006660404689725689,86.483333
9899,0.21494189838806904,-334.29976361221867,-0.7129325914598752,-3.972743029999678,0.037939181136499765,-0.13201000540907698,-0.6291553780129256,9.261390433193842e-06,0.0007943768818155794,0.00027981565558256517,0.007103066114603886,86.491667
9900,0.20864479964951932,-334.33834384692767,-0.7110591156740945,-4.204916748087106,0.03187194750955838,-0.12952539783302094,-0.6300078276927563,9.497532118074158e-06,0.0008115807231990189,0.00029983579059274105,0.007600705710309527,86.5
9901,0.20238427156615532,-334.37915691603223,-0.7057471011465514,-4.457501809678557,0.025774660918098876,-0.12685023236047582,-0.6308305621009895,9.749755867544243e-06,0.0008296648709729758,0.00032173903683198454,0.008171248164660512,86.508333
9902,0.1961817400149177,-334.4223994109315,-0.6967026090740859,-4.731585635022905,0.019653945504629008,-0.12397894105747469,-0.6316212926084493,1.001853776550721e-05,0.0008485998274963086,0.00034550890467430044,0.008841305652937396,86.516667
9903,0.19007981246413863,-334.4682408890834,-0.6835716277988473,-5.0277023768123295,0.013523282750093296,-0.12091682098181876,-0.632375486481973,1.0303950726254667e-05,0.0008683435285209727,0.0003710381034692415,0.009649602935621357,86.525
9904,0.18412117935247382,-334.51687397765573,-0.6659827336372086,-5.345831325944063,0.0073926499686104855,-0.11766846172003423,-0.6330892468829987,1.0605488487822443e-05,0.0008888364460585381,0.0003980964359523067,0.010650648936767515,86.533333
9905,0.1783538604027569,-334.56840736576896,-0.64356402823392,-5.684979154588835,0.0012807128976148436,-0.11424011189057466,-0.6337586837951042,1.0921847753037608e-05,0.0009100048851626843,0.000426297199537143,0.011918137170407623,86.541667
9906,0.1728165216517489,-334.62307463695265,-0.6159482152568942,-6.043355901794108,-0.0048107526834249,-0.1106316734392686,-0.6343815903434193,1.1250672892036496e-05,0.0009317663188217347,0.0004550668443386725,0.013546369659600847,86.55
9907,0.1675533353280659,-334.6809799204401,-0.5828046242413654,-6.417635583285321,-0.010867258832513082,-0.10684459626025064,-0.6349556264901125,1.1588279710780333e-05,0.0009540430680333615,0.0004836306927654305,0.015647305100293628,86.558333
9908,0.16260575587655154,-334.74231654409897,-0.5438335710332353,-6.803027734527365,-0.016887124770788263,-0.10287624145853992,-0.6354792023633347,1.1929387328717924e-05,0.000976775971321365,0.0005110218890824585,0.01833942080367868,86.566667
9909,0.15803529684353745,-334.80702363067473,-0.49881835800339924,-7.192023262510905,-0.022848910828041653,-0.09873828398551578,-0.6359490476646442,1.2266905968711503e-05,0.000999942840468681,0.0005361322475558693,0.02172452622347427,86.575
9910,0.15390270946381554,-334.87509640936753,-0.447645228615842,-7.5748879280138635,-0.028746639464772895,-0.09444037192537606,-0.6363624435383337,1.2591842225994603e-05,0.0010235684760262955,0.0005578058582249118,0.02584911509175708,86.583333
9911,0.1502575143080992,-334.94637686328446,-0.3904178217738408,-7.939981083789899,-0.03456764739627992,-0.08998721164907415,-0.6367180633287478,1.2893403786677578e-05,0.0010477317873422893,0.0005749867337111504,0.03065370480279016,86.591667
9912,0.14715578489128162,-335.02061453086185,-0.3274346256475555,-8.273560212534965,-0.04030356524427739,-0.08538909474909119,-0.6370140012609856,1.3159403218424225e-05,0.0010725573269322961,0.0005868932234663135,0.035923988612604436,86.6
9913,0.14464491626196294,-335.0974132718751,-0.2592698103670224,-8.561079254264909,-0.04594427402625308,-0.08065513636092057,-0.6372490763734396,1.3377011744480189e-05,0.0010981731592159475,0.0005931664008628148,0.04126340574055992,86.608333
9914,0.14276586193831364,-335.1762821042416,-0.18676269436344692,-8.788328188448054,-0.051483129521397185,-0.0757939385980483,-0.6374223708989812,1.3533849833047788e-05,0.0011246432804798063,0.0005939436660812935,0.04611709713024595,86.616667
9915,0.1415555835135006,-335.25654011583924,-0.11102682666664576,-8.942666395419725,-0.056910669201645114,-0.07082105556509438,-0.6375327964078921,1.3619308743745049e-05,0.0011518784172420884,0.0005898055249123905,0.049861663034647306,86.625
9916,0.14103318048442245,-335.3374840492332,-0.03338402757825233,-9.015311172512922,-0.06222167331180106,-0.06574572657435741,-0.6375801718086043,1.3625878387911236e-05,0.0011795494219011644,0.000581598045317091,0.051948934162777176,86.633333
9917,0.1412136341423802,-335.4182925936496,0.04470431328265272,-9.001718079935241,-0.06741123664780797,-0.060585516960534824,-0.637563826596395,1.3550210064821627e-05,0.0012070418618601948,0.0005701951183499975,0.05205692570254534,86.641667
9918,0.14209281772345592,-335.49815871788275,0.12174200974191185,-8.903065400400147,-0.07247538361760594,-0.05535445463127972,-0.6374838945400538,1.3393648871764039e-05,0.0012334696396575102,0.0005562906232578945,0.05018423153297184,86.65
9919,0.14364773425761668,-335.5763748814047,0.1963264147017303,-8.726049260536815,-0.07741126351943717,-0.0500604578501775,-0.6373413210487414,1.3162097500904738e-05,0.0012577662350605398,0.0005403096085777118,0.04664513282586295,86.658333
9920,0.1458498805874562,-335.65225263526474,0.26722061868950725,-8.481201302004342,-0.08221609800921606,-0.04471876856958881,-0.63713676525669,1.2865256552474682e-05,0.0012788282843038878,0.0005224487870059396,0.04196844755868545,86.666667
9921,0.14867748036992232,-335.72476064207325,0.3333164524949506,-8.181177433599935,-0.08688016857563978,-0.03938890478602798,-0.6368695809693109,1.2515416594479362e-05,0.001295667078223368,0.0005028047826048569,0.03675054586485847,86.675
9922,0.1520646964693992,-335.794205017184,0.3940669760707385,-7.841253973017789,-0.09142518217102084,-0.03401755474463749,-0.6365428145146179,1.2126060092095563e-05,0.00130752790930935,0.00048151815750277006,0.031523972403471,86.683333
9923,0.15595142689455282,-335.85992178473316,0.4489452234494382,-7.476079566096981,-0.09583145188747272,-0.028648701445336756,-0.6361588617716766,1.171059843250595e-05,0.0013139780166850517,0.0004588570640746214,0.026670734731217484,86.691667
9924,0.16027199172505738,-335.9220105594515,0.49782107112763435,-7.098576723977021,-0.10010068082628668,-0.023269387545377638,-0.6357207735927598,1.1281397838009436e-05,0.0013149122739545527,0.000435224424015621,0.02240858059192967,86.7
9925,0.1650278473349004,-335.98002262700356,0.5405724278387704,-6.717427761002711,-0.10425989312531173,-0.01793892453984945,-0.6352248281890847,1.0849153722362356e-05,0.0013105161706225066,0.0004111156023442271,0.018813940062793584,86.708333
9926,0.17013256595183784,-336.03409950850937,0.5773860995952446,-6.342496166369474,-0.1082964452999551,-0.012653553865905307,-0.6346765161765138,1.042254918621855e-05,0.0013011650131360387,0.0003870606801383619,0.015868862959947203,86.716667
9927,0.17553247872090705,-336.0843790637975,0.6085282617719773,-5.980100704661662,-0.11221365804741831,-0.007420803889145995,-0.6340784961605748,1.000826153712284e-05,0.0012873998026940608,0.0003635520919889944,0.013498803971523041,86.725
9928,0.1811719196166871,-336.1311073576534,0.6343452857244553,-5.634662016793876,-0.11601117941800906,-0.002240057034454436,-0.6334342121092963,9.611122131238065e-06,0.0012698404008131628,0.00034099961777909186,0.01160830334498621,86.733333
9929,0.1870092607287942,-336.17437962519807,0.6551776408112053,-5.308760445177223,-0.1196939960864215,0.0028690986496880174,-0.6327461009360722,9.234377468980347e-06,0.001249133017771056,0.0003197087607319628,0.010102101776227538,86.741667
9930,0.19299932424629868,-336.2144478158497,0.6714047724904926,-5.00381423457828,-0.12326325342285097,0.007903830338944625,-0.6320175729341607,8.87997803445304e-06,0.0012259045578661694,0.00029987898978684597,0.008896300751880156,86.75
9931,0.1990997380738006,-336.25163973143276,0.6834084116481185,-4.720241113772778,-0.12671764307258282,0.01287108640617915,-0.6312523162292984,8.548865637958051e-06,0.0012007412451374893,0.0002816151481709551,0.007921973075621402,86.758333
9932,0.20528073406082817,-336.28602454433656,0.691510053702892,-4.4577352019120084,-0.13006376808249293,0.017746950784778396,-0.6304529916227111,8.24122876377597e-06,0.001174174588178211,0.00026494510473560733,0.007125060156844493,86.766667
9933,0.21150572941123333,-336.3178968739308,0.6960483573984682,-4.215607544131087,-0.1332992900486745,0.022536472117604872,-0.6296236331118867,7.956714435479662e-06,0.0011466705159654277,0.00024983834014149597,0.006464515357038666,86.775
9934,0.21774465747201385,-336.3474867784862,0.6973252220834436,-3.9928344075510926,-0.13642372090343566,0.027238960046907512,-0.6287679381985253,7.694603217480479e-06,0.001118634422442782,0.00023622417475256235,0.005909625333321474,86.783333
9935,0.22396731961469737,-336.3745131811185,0.695570958398924,-3.788432709891256,-0.1394499423937508,0.0317844945056845,-0.6278900955990608,7.453942235610649e-06,0.001090411820564137,0.00022400648610433312,0.0054376393789759385,86.791667
9936,0.23015208293216144,-336.40020802164497,0.6911312847531443,-3.6007513492585153,-0.1423474539484314,0.03631605182842411,-0.6269935082678244,7.233646513514677e-06,0.0010622944600542621,0.00021307468993999576,0.005031761834221206,86.8
9937,0.23627506920001054,-336.4243015934813,0.6841852823445796,-3.428700863595748,-0.14512454411176096,0.04077246493715449,-0.6260822513658266,7.032570576502909e-06,0.0010345219805713108,0.00020331437153558974,0.00467942407583451,86.808333
9938,0.2423158119141118,-336.44692733674395,0.6749309499564429,-3.2710619967720707,-0.1477792775459603,0.04514954318157029,-0.6251602327039761,6.849560835221148e-06,0.001007290560956273,0.00019461127239180117,0.004371221743742408,86.816667
9939,0.24825648046887955,-336.4682168163634,0.6635473765940327,-3.1266632229353797,-0.15030993536870246,0.04944486997951716,-0.6242312398768306,6.6834904901523605e-06,0.0009807573937326668,0.0001868557995598408,0.004099993780256979,86.825
9940,0.254079483782083,-336.48827700142385,0.6501965640176146,-2.9944195427731928,-0.15271473814862133,0.05365393538145954,-0.6232992673237153,6.533281847888591e-06,0.0009550454557267227,0.0001799454389083316,0.003860196026756341,86.833333
9941,0.2597691740821312,-336.50727216204496,0.6350297342750015,-2.8733095656442766,-0.15498856551746107,0.057782865064272985,-0.6223682171671395,6.397919658513062e-06,0.0009302488694091421,0.00017378603606804394,0.00364745712222104,86.841667
9942,0.2653110769392804,-336.52537461605164,0.6181853761729217,-2.762396979700335,-0.15712430428368104,0.06184116697467185,-0.6214419809978885,6.276457619583619e-06,0.0009064368805217265,0.00016829230966380746,0.0034582668884410076,86.85
9943,0.2706845801593296,-336.54247419428157,0.5997765155074716,-2.660898638499682,-0.15912760515522129,0.06579374845995184,-0.6205256647530001,6.168020320831807e-06,0.0008836577126244317,0.00016338780920320068,0.0032897590114161824,86.858333
9944,0.275893355370529,-336.55898431446786,0.5799294272781548,-2.5679231240059446,-0.1609836846743345,0.06969508161913411,-0.6196203366116841,6.071802572258865e-06,0.0008619446882602364,0.0001590045150872972,0.0031395590870836754,86.866667
9945,0.2809181717821473,-336.5748588787023,0.5587424216810403,-2.4828390123152495,-0.1626922499627797,0.07352299852090059,-0.6187310507535112,5.987064779832517e-06,0.0008413101054783572,0.0001550822903748342,0.0030056807561524403,86.875
9946,0.2857478587545923,-336.59014758308984,0.5363105270772285,-2.4050259493791053,-0.16425130165419757,0.07727287642816864,-0.6178615744237692,5.913129892961201e-06,0.0008217577594209542,0.0001515683093354763,0.0028864369491098463,86.883333
9947,0.29037345800610004,-336.60492486912955,0.5127237718042469,-2.333917690176728,-0.16565759862259757,0.08094540156020791,-0.6170153277357469,5.849377976291601e-06,0.0008032819735008397,0.00014841635019328272,0.0027803862158838825,86.891667
9948,0.2947864020244694,-336.6192741470354,0.4880673557528719,-2.2690085175439463,-0.16690648100735234,0.08454361394460273,-0.6161956804578627,5.795240896338854e-06,0.0007858690481162436,0.00014558613607228125,0.002686289574713072,86.9
9949,0.29896736870553337,-336.6334566974489,0.4624300845225212,-2.2098999220630366,-0.16797076528378682,0.08809805494929115,-0.6154080495087229,5.750197134088395e-06,0.00076949913659476,0.00014304271796882384,0.002603076978372989,86.908333
9950,0.3029224001402537,-336.64663360222954,0.43584604473519745,-2.156087263341209,-0.16893444210660163,0.09146178683071798,-0.6146530797904324,5.713767181650683e-06,0.0007541511959335328,0.00014075591891786295,0.0025298151649755084,86.916667
9951,0.30664856327695605,-336.6601467481163,0.4084481125875297,-2.1072683330908397,-0.1696810939899848,0.09485308633011724,-0.6139330020710837,5.6855082132893355e-06,0.0007397962134098264,0.0001386997810993035,0.0024657117304076603,86.925
9952,0.3101313657147206,-336.6733883968069,0.3802727472435334,-2.063116463161493,-0.17026162745599158,0.09815891878626151,-0.6132522462696319,5.665010122259623e-06,0.0007264018362810422,0.0001368520721686169,0.002410064744756422,86.933333
9953,0.3133665295215232,-336.6864149105776,0.35138707273816033,-2.0233413608046558,-0.17067339731713568,0.10138113429231271,-0.612613230132872,5.651892061972184e-06,0.0007139371326582655,0.00013519400450364439,0.002362272087047522,86.941667
9954,0.316349449127027,-336.6992866616512,0.3218560420694096,-1.9876908729160006,-0.17091254490035263,0.10452246787300883,-0.6120183562454813,5.6457989238866985e-06,0.0007023699842277654,0.0001337098054211529,0.0023218146452238467,86.95
9955,0.3190741217685585,-336.71208075991706,0.29174273527141287,-1.9559529797902715,-0.17097205303711047,0.10758826157615076,-0.6114702247266807,5.646398505703178e-06,0.0006916680254005681,0.00013238641667253888,0.0022882469176739215,86.958333
9956,0.3215357077368703,-336.72467692350136,0.26110032024424606,-1.927913614550434,-0.17086655498784156,0.1105505698758484,-0.6109711159807083,5.653379132802922e-06,0.000681799666128121,0.00013121323563386955,0.0022611890584204085,86.966667
9957,0.32373093889533605,-336.7372223042252,0.22999289460148203,-1.9034178585939616,-0.17058268981191008,0.11342777135972099,-0.6105228900679324,5.666447646619747e-06,0.0006727342573995853,0.00013018189276374243,0.002240322801732448,86.975
9958,0.3256554587205863,-336.7497680208836,0.19847844629791947,-1.8823272526288977,-0.17011612382974103,0.11622146427499841,-0.61012751809021,5.685327777548133e-06,0.0006644420783976176,0.00012928605478990045,0.002225383513269143,86.983333
9959,0.3273072376973356,-336.7622770884276,0.16661144552581764,-1.8645041238688596,-0.1694737604581337,0.11891901975672492,-0.6097863756532109,5.709758927721465e-06,0.000656895009920822,0.00012852127794384604,0.002216156755672464,86.991667
9960,0.32868313286887546,-336.7747693925195,0.13444694464955384,-1.8498457197306388,-0.168655559709336,0.1215171479500165,-0.6095009414342397,5.739495244203229e-06,0.0006500662344183388,0.00012788487727825114,0.0022124756267950505,87.0
9961,0.3297808880123016,-336.7872989509145,0.10204130124550215,-1.8382745285217041,-0.16765761463958614,0.12401855896903641,-0.6092723807629948,5.774305038948573e-06,0.0006439307928412317,0.0001273758275854223,0.0022142172754439234,87.008333
9962,0.33059838343823666,-336.79991334428,0.06945000199307057,-1.8297322268503937,-0.16647650497264632,0.12642472397344742,-0.6091016952335054,5.8139704933400254e-06,0.000638465552511288,0.0001269946910973088,0.002221300222619615,87.016667
9963,0.33113518346708576,-336.81256889992676,0.03672512341426939,-1.8241546890390832,-0.16512108511564316,0.1287224021371598,-0.6089893949111691,5.858287648164739e-06,0.0006336493461258676,0.00012674356860586925,0.002233682643423701,87.025
9964,0.33138982224513214,-336.82533473950417,0.003922392618770721,-1.821524926363187,-0.16358549418645002,0.13091665602377323,-0.608936062278568,5.907066631364817e-06,0.0006294627306372445,0.00012662605643963938,0.002251361960366524,87.033333
9965,0.33135470432851477,-336.8382029832683,-0.028912336119191834,-1.8218426735426738,-0.16187080630881018,0.13299724108155989,-0.6089434198721825,5.9601321495455785e-06,0.0006258883713626738,0.00012664725459125205,0.0022743728580826676,87.041667
9966,0.33104569966860303,-336.8512182111181,-0.06170769774569886,-1.8250763269580843,-0.1599823281627513,0.1349713603248511,-0.6090081274036374,6.0173242628240446e-06,0.0006229124964935693,0.00012681375771986147,0.0023027890858129036,87.05
9967,0.33045530338523516,-336.86441537703405,-0.09441728180912982,-1.8312725437559891,-0.1579154477404682,0.13683537496616618,-0.6091315984241799,6.07849917854042e-06,0.0006205195828086789,0.00012713371510709312,0.002336718006432912,87.058333
9968,0.3295736613827304,-336.87792570899586,-0.12699190952594241,-1.8405301441717543,-0.15565126482435362,0.1385991220545523,-0.6093155830932656,6.143530505470636e-06,0.0006186981282229503,0.00012761688578726815,0.0023763056252936537,87.066667
9969,0.32842196497620274,-336.8914828552847,-0.1593692883330336,-1.8527724572620834,-0.153240196424875,0.14022268148319683,-0.6095552103569681,6.212310703230658e-06,0.0006174409262224636,0.00012827473619643508,0.0024217370260296127,87.075
9970,0.3269834493044029,-336.90534836273986,-0.1915025246549539,-1.8681921235716994,-0.1506424858854059,0.14173288384628235,-0.60985337890257,6.284752482080889e-06,0.0006167381797103285,0.00012912041493464842,0.0024732345415177516,87.083333
9971,0.32527799508147615,-336.91929648262544,-0.22332835878241067,-1.8867621108897565,-0.14790328240073683,0.14309680008618167,-0.6102052421408581,6.360790698913226e-06,0.0006165863078323576,0.0001301690535009965,0.002531062189788483,87.091667
9972,0.32329969868178193,-336.9335471908524,-0.2547895004943769,-1.908679962849621,-0.14499329081071022,0.1443379813669138,-0.6106111736865002,6.440384214753775e-06,0.0006169796875590427,0.0001314377357560591,0.0025955228719150352,87.1
9973,0.32105131652708535,-336.94811546520805,-0.28582859089914203,-1.9340801798152183,-0.14191610264024798,0.1454518749428931,-0.6110696233351808,6.523518103292372e-06,0.0006179167048911393,0.00013294588291283858,0.002666960942597262,87.108333
9974,0.31853680271450335,-336.9630078281333,-0.3163868312540574,-1.9631146691231574,-0.13867732930017904,0.14643302587073906,-0.6115786784613318,6.610206091837114e-06,0.0006193977630887897,0.0001347153730001892,0.002745764185044547,87.116667
9975,0.3157448260759627,-336.9779380931623,-0.34644375202930144,-1.995883063205876,-0.1353196645426789,0.14722936975362064,-0.6121393744450756,6.7004931555192815e-06,0.0006214251199174015,0.00013677078223517383,0.002832365078568596,87.125
9976,0.3127120819073788,-336.9935373706876,-0.37585489586541426,-2.0327559450739705,-0.13177121670608116,0.14793531042137276,-0.6127430155084032,6.794458307052599e-06,0.0006240062944681117,0.00013913929333801968,0.002927260385035073,87.133333
9977,0.3094269488690197,-337.00958484061704,-0.40459480183782887,-2.073912167647921,-0.128065085472098,0.14850555565166948,-0.6133905334284294,6.892217512052298e-06,0.0006271434960751345,0.00014185212125663395,0.003030958285802881,87.141667
9978,0.3058962464192725,-337.026060942833,-0.4325987568428814,-2.1195985532454724,-0.1242131107167594,0.14893121570437534,-0.614079073728199,6.993927043892694e-06,0.0006308448759226904,0.00014494390689463304,0.0031440301160386183,87.15
9979,0.3021258147472785,-337.04304182314723,-0.459794880513016,-2.170138655104017,-0.12021290796422293,0.1492148102640918,-0.6148059123273266,7.099786865512501e-06,0.0006351202589879403,0.00014845335018257098,0.003267095792544172,87.158333
9980,0.2981229367112358,-337.06061705006175,-0.48610565418919033,-2.2258988635008947,-0.11606102583910191,0.14935994886893728,-0.6155679951321736,7.210044202334193e-06,0.0006399814726368184,0.00015242377108447115,0.0034008216482905524,87.166667
9981,0.29389378715465386,-337.0786758249835,-0.5114692877636626,-2.28719447313789,-0.11178399792303777,0.14934588069850313,-0.616362440778744,7.324997303168581e-06,0.0006454421224717688,0.00015690365260236376,0.003545918035361464,87.175
9982,0.28944117614023734,-337.0975602983768,-0.5357876542926682,-2.3546153877909215,-0.10734009299242306,0.14920082311742164,-0.61718695019699,7.444999185452046e-06,0.0006515179644469931,0.00016194680640750227,0.00370315043034199,87.183333
9983,0.28478948613449284,-337.11691512610366,-0.5589880050732223,-2.428398908793566,-0.10280005874042152,0.1488861464524224,-0.6180352546526078,7.570461554363824e-06,0.0006582276223057905,0.0001676136802881004,0.003873321066888819,87.191667
9984,0.2799380681777465,-337.1370250655791,-0.5809760592446213,-2.5092159839640362,-0.09813056720206734,0.14842033268319324,-0.6189057353933722,7.701858256755854e-06,0.0006655879075759931,0.0001739707814879553,0.004057284687156297,87.2
9985,0.27490041567263435,-337.15790844365273,-0.601654358132397,-2.597626134642498,-0.09334381630697242,0.14779910427290063,-0.6197942153726336,7.839728388678314e-06,0.0006736195245858245,0.00018109216276975074,0.00425594658281415,87.208333
9986,0.26968636299889553,-337.1796232036469,-0.6209227189392138,-2.6942789983015345,-0.08844552351067322,0.14701985039655802,-0.6206972415246396,7.984679154735285e-06,0.0006823437258943268,0.00018905943492151085,0.004470272642825753,87.216667
9987,0.2642662977948878,-337.2019244941379,-0.6387750318641597,-2.7998336128085235,-0.08347429903421888,0.14603267670914502,-0.621618059108572,8.137387492754987e-06,0.0006917830608918276,0.00019796201892943854,0.004701315313075635,87.225
9988,0.2587391523883817,-337.22563877686713,-0.6548589922310637,-2.915293499256198,-0.07835305079878621,0.14494627954957803,-0.6225382623993954,8.29860054643474e-06,0.0007019703742588026,0.0002078951877792213,0.0049503743729806034,87.233333
9989,0.253074795197439,-337.2504363444897,-0.6691672654491138,-3.0413769897433385,-0.07313438835311349,0.14369946199635542,-0.6234615774353494,8.469133055641803e-06,0.0007129178379488073,0.00021896575112953596,0.005218705415759008,87.241667
9990,0.24729053274946525,-337.2764157692528,-0.6815521846112268,-3.179013281084489,-0.06782407167378122,0.14229295747739293,-0.6243837940160897,8.649862027209925e-06,0.0007246479703309811,0.00023128471569079258,0.005507998162824893,87.25
9991,0.2414030454104544,-337.3037094041626,-0.6918522778377983,-3.3292252655861843,-0.06242394644268686,0.1407281207630392,-0.6253010152022976,8.841717408189931e-06,0.0007371811448044432,0.0002449673960210847,0.005820452145709824,87.258333
9992,0.2354294759322442,-337.33241572612155,-0.6998980199665178,-3.4930737738955715,-0.056942018993159906,0.13900283280585174,-0.626209494994232,9.045666265111222e-06,0.0007505349193835301,0.0002601301800042749,0.006159089351433463,87.266667
9993,0.2293915024409146,-337.3626397506869,-0.705497682965868,-3.671649658220185,-0.05138757281315983,0.1371170008326343,-0.6271050614682006,9.262688705569843e-06,0.000764722907547899,0.00027688520676548764,0.006528248941081453,87.275
9994,0.22330933727008995,-337.39455519427685,-0.7084380041102396,-3.8661318098513267,-0.04576126066520477,0.13507194162964584,-0.6279840684943598,9.493742534018566e-06,0.0007797524289127257,0.00029533295239058804,0.006934307183014743,87.283333
9995,0.217205680009131,-337.42824766327135,-0.7084994960891401,-4.077612359774488,-0.04007755151733212,0.13286459584657906,-0.6288428275101028,9.73971352227617e-06,0.0007956235259140058,0.0003155520614449795,0.007386735264655439,87.291667
9996,0.21110587142438128,-337.4638680411014,-0.7054315747679377,-4.30716552546691,-0.03434353203272851,0.1304956099665084,-0.6296776399579279,1.0001347132833681e-05,0.0008123269991263351,0.00033758464761734233,0.007899621271127073,87.3
9997,0.20503791467359417,-337.50161810806003,-0.6989525327143082,-4.555766880354671,-0.028561176631560294,0.12796729546092092,-0.6304848476829862,1.0279156860454406e-05,0.000829842552024404,0.0003614183346827822,0.00849368132460862,87.308333
9998,0.19903333649208677,-337.54163058064586,-0.6887700917403615,-4.824077996801893,-0.02274277284340833,0.12528015089915398,-0.6312607723833934,1.0573304657144452e-05,0.0008481374535095096,0.00038696391158407454,0.009198821444481444,87.316667
9999,0.19312178445552974,-337.5840760228817,-0.6745774754495902,-5.112479361523634,-0.01689586742140233,0.12243347255514316,-0.6320024423514259,1.0883448732685532e-05,0.0008671660549172684,0.0004140282729456033,0.01005718002295673,87.325
10000,0.18734067042809963,-337.6291661956298,-0.6560319175224549,-5.420792714230049,-0.011024005982715468,0.11943036365560347,-0.6327063870431398,1.1208556766045462e-05,0.000886872472290865,0.00044228626717927915,0.011126256758524454,87.333333
10001,0.1817280214011263,-337.6770259083446,-0.6328064721097633,-5.748041053403482,-0.005140724586969588,0.11627145166807552,-0.6333695881187534,1.1546685379185752e-05,0.0009071930211903042,0.00047125426556794014,0.012481098953603846,87.341667
10002,0.17632359836949715,-337.72784593132974,-0.6045651045294477,-6.092346161367517,0.0007495622177464875,0.11295787281164238,-0.6339893294073258,1.1894733344982845e-05,0.0009280639548618115,0.0005002710658877617,0.014214221396142047,87.35
10003,0.17117643288150058,-337.78175270633784,-0.5709872118175214,-6.450353266117591,0.006637185305024442,0.10949465270728458,-0.6345623542850126,1.2248187941363326e-05,0.0009494323313196974,0.000528497352095656,0.01643058096232943,87.358333
10004,0.16633306764169375,-337.8388520370628,-0.5318096781421888,-6.817228341473844,0.012514164696115026,0.10588399355866825,-0.635086205381621,1.2600895037694426e-05,0.0009712676456425269,0.0005549413816349325,0.019234304656218858,87.366667
10005,0.16183991081811921,-337.8991988181464,-0.48685308877780525,-7.186392584903356,0.018371856356350913,0.10212700919735049,-0.6355588576697094,1.2944904356359458e-05,0.0009935776628061958,0.0005785249371924279,0.022704634645683165,87.375
10006,0.15774486088350878,-337.9627500614674,-0.4360599473558164,-7.549319609650716,0.024197945633777466,0.09822614646951057,-0.6359784558087287,1.3270460790409245e-05,0.001016419653700393,0.0005981910539355474,0.026860084994244245,87.383333
10007,0.1540970039950591,-338.02945451547976,-0.3795041052305065,-7.895628859298446,0.02998734923026172,0.09418353573328152,-0.6363432510516003,1.3566217996156647e-05,0.0010399003144241363,0.0006130441964532596,0.03161486695408652,87.391667
10008,0.15095037861341346,-338.0994122752579,-0.3173683207636395,-8.213195768237092,0.03575795333205142,0.08999574077296088,-0.6366511196033735,1.3819742678063465e-05,0.0010641566551618659,0.000622496782084415,0.03673881766743414,87.4
10009,0.14835180810847523,-338.17183687918526,-0.25029512539239357,-8.488660216763222,0.04145574817496466,0.08568279771258064,-0.6369006137502138,1.4018340185360316e-05,0.0010893098322106122,0.0006263774639837196,0.041838707820614,87.408333
10010,0.1463448727393143,-338.2464393400446,-0.17899981944516705,-8.709053556804992,0.04708565133996845,0.0812485491534042,-0.6370903604468975,1.4150173380148078e-05,0.0011153983865417557,0.0006249566205857695,0.04639049646214764,87.416667
10011,0.14495682375493762,-338.3226222871594,-0.10450866870206424,-8.863201849918605,0.05263244528523538,0.07670000819260256,-0.6372200931566357,1.4205547825468024e-05,0.0011422944660497217,0.0006188604709539532,0.04982161643029212,87.425
10012,0.14421277008452682,-338.4000224148273,-0.027941305698648118,-8.942376561323702,0.058107828916902964,0.07203164345372125,-0.6372891300155056,1.4178159079314338e-05,0.001169633168379773,0.0006088869434605475,0.05164103380638137,87.433333
10013,0.14412495610723342,-338.4778059235506,0.04932395769006746,-8.941770564469493,0.06349094326709029,0.06725787801056031,-0.6372972545402747,1.4066033399633483e-05,0.0011967730373391625,0.0005957826253336129,0.05156735354267356,87.441667
10014,0.14469407222163522,-338.5553008220374,0.12591133104668883,-8.861196207406303,0.06877595240370202,0.0623843887479616,-0.6372445127951334,1.3871930791269045e-05,0.0012228214073907223,0.000580079357438972,0.04961299223216346,87.45
10015,0.14591058437314758,-338.631694128157,0.20044695801327334,-8.70504363846191,0.0739486909546812,0.05742897492943592,-0.6371310827613447,1.3603097076965829e-05,0.0012467241301307847,0.0005620499070910091,0.04607800265258757,87.458333
10016,0.1477511627760582,-338.7064902118912,0.27175749979189723,-8.481817852927707,0.07901061284251751,0.0523904665130385,-0.6369576710840337,1.3270408187674908e-05,0.0012674018005319363,0.0005417890298179364,0.0414621684618658,87.466667
10017,0.1501841082010696,-338.7792459696097,0.3388568387402979,-8.202814442450357,0.0839600719406228,0.04726857145724048,-0.6367251378327364,1.288710580819777e-05,0.0012838981666525161,0.0005193633874641903,0.036330653925689405,87.475
10018,0.15317856099757013,-338.8493372507112,0.4009225948773477,-7.8806225226663535,0.08878679187364298,0.04208898729609556,-0.636433763571022,1.2467396640815206e-05,0.00129549952063284,0.000494951067673299,0.031190746024500598,87.483333
10019,0.15668564655263192,-338.9164304584839,0.4574267602549955,-7.52868106623438,0.09348467804396941,0.03686027214493252,-0.6360852521356056,1.2025164339080619e-05,0.001301798407392267,0.00046891507577923784,0.026415709204634052,87.491667
10020,0.16064946719165418,-338.9803261394422,0.5080874246292377,-7.159659234778945,0.09804661145992727,0.031588792909865465,-0.6356819352630085,1.1572993346851516e-05,0.0013027087605323442,0.00044179200683305944,0.022220956381495773,87.5
10021,0.16502850142650774,-339.0410173699102,0.5528315105110555,-6.783933019006038,0.10247756655793773,0.02627482812037259,-0.6352247589913419,1.1121570458069555e-05,0.001298428646123928,0.0004142215604385655,0.018684317484645226,87.508333
10022,0.16976760488448026,-339.0982578776934,0.5916924930645093,-6.410705076939547,0.1067657856949606,0.020948517336630328,-0.6347162667699124,1.0679421765893561e-05,0.0012893648219655276,0.0003868598970325631,0.01578730345406556,87.516667
10023,0.1748216488345547,-339.1522879494643,0.6248946459277437,-6.046597841461057,0.11091651917199302,0.015598739909186062,-0.6341582750102804,1.0252938315130008e-05,0.001276065521790843,0.00036029859213157863,0.013456755507447633,87.525
10024,0.18014045614611676,-339.2030932437071,0.6526937200659817,-5.696762171213828,0.11492360791565187,0.010245254759480786,-0.633553558726145,9.846575159184121e-06,0.001259146216193126,0.00033501565585989003,0.011597960739791698,87.533333
10025,0.1856697855185293,-339.2508222002372,0.6754248065132896,-5.3647340710519344,0.1187799170834993,0.004894645797969783,-0.6329059064475141,9.463151704666686e-06,0.0012392389570104584,0.00031135263745342905,0.010116163609015726,87.541667
10026,0.19137623094192677,-339.29562232937724,0.693424057911967,-5.052283909586751,0.12248960996312719,-0.00044289271812506973,-0.6322172189786681,9.10418183221755e-06,0.0012169567660875985,0.0002895173978429242,0.008927674781091702,87.55
10027,0.19722449374156129,-339.33768793790216,0.7070394828599116,-4.760292722518462,0.12605402897764165,-0.0057623270474847195,-0.6314900553781522,8.770178137760042e-06,0.0011928595831673225,0.00026960220250628797,0.007964201001518135,87.558333
10028,0.2031748270304532,-339.37715252605165,0.7166101855634703,-4.489027526217391,0.12947024696105328,-0.011050583536124259,-0.6307280336494923,8.460925113498878e-06,0.0011674453919466262,0.00025160813352544743,0.007172559831145998,87.566667
10029,0.20919161406686207,-339.4142527522903,0.7224698737636013,-4.238099196034381,0.1327355471096203,-0.016307727491631615,-0.6299347944300017,8.175706660373284e-06,0.0011411504832049854,0.00023546994454960528,0.006512597390589073,87.575
10030,0.21524089294146898,-339.4492197358026,0.7249303180271818,-4.00674419874581,0.13584550882733523,-0.021534407740317132,-0.62911428190013,7.913483444373652e-06,0.0011143498244718273,0.00022107872886731135,0.005954578845874891,87.583333
10031,0.22129987051216668,-339.48212566852976,0.7242570606396744,-3.7939204416737606,0.1388040922190283,-0.026711921120373603,-0.6282693768832844,7.673027795675632e-06,0.001087361781089408,0.00020830016045718876,0.00547668571140886,87.591667
10032,0.2273344216937153,-339.51310810676347,0.7207122626910437,-3.5985682526191365,0.141606505703838,-0.03182978756780119,-0.6274049528348796,7.453020504766078e-06,0.0010604495912750957,0.00019698803513726364,0.005062954268437801,87.6
10033,0.23333131535720977,-339.54243821185787,0.7145306586253247,-3.419352865165861,0.14425472605727563,-0.03690060960626468,-0.6265232890298863,7.252123102771236e-06,0.001033834427203826,0.00018699447335396432,0.004701576032183454,87.608333
10034,0.23925988768100623,-339.57013340830144,0.7059207783882596,-3.255181041443428,0.14674668000954927,-0.04190019026605195,-0.625629521872045,7.069021836986203e-06,0.0010076920974999885,0.00017817638594950637,0.004383732675673573,87.616667
10035,0.24511033295410617,-339.59633199411587,0.6950683967173373,-3.10480729622557,0.14908823215169706,-0.04682591951778042,-0.6247259759055934,6.902461003563202e-06,0.0009821682334740657,0.0001703995310899885,0.004102694062568519,87.625
10036,0.25085966094941203,-339.62148939027014,0.6821715449262515,-2.967098620054556,0.15125925300131132,-0.05172266186893058,-0.6238172146604145,6.7512584938295436e-06,0.0009573741624041491,0.00016354057676813702,0.0038532415843540884,87.633333
10037,0.25648974946118414,-339.64538956150477,0.6673665885426648,-2.8410814679869962,0.1532727180528492,-0.05653724622279238,-0.6229073176374116,6.614316714941741e-06,0.0009333982942093855,0.0001574883450210747,0.0036312064674684,87.641667
10038,0.2619810730919043,-339.66818160810715,0.6508019409315393,-2.7257969948075376,0.1551235207353671,-0.0612713528932,-0.6220008258075717,6.490625327075408e-06,0.0009103081552659139,0.00015214343378281916,0.003433217348693418,87.65
10039,0.2673215581389683,-339.6899852138106,0.6326088218511462,-2.6203375973656327,0.15681078802233545,-0.06592522283720492,-0.621101243300703,6.379260492338813e-06,0.0008881544548177712,0.00014741794383579105,0.003256482099108772,87.658333
10040,0.27249832743695207,-339.71091317143424,0.6129081697477651,-2.523886440962859,0.15833205911243076,-0.07049920383112927,-0.6202123297648916,6.2793807429450645e-06,0.0008669712318806086,0.0001432346060917846,0.0030986589200439267,87.666667
10041,0.277499544899124,-339.73092990782976,0.5918043582132945,-2.435708193281903,0.15969509193822834,-0.07497139751903827,-0.6193377752413324,6.190221923330245e-06,0.0008467792644093655,0.00013952587401905815,0.002957756782164068,87.675
10042,0.2823135729485059,-339.7502237677248,0.5694051367881096,-2.355129843016811,0.16089107231560643,-0.07935634840370522,-0.6184813218628062,6.1110911316353805e-06,0.000827588279827623,0.00013623293792727992,0.0028320687844472048,87.683333
10043,0.28692974742664623,-339.7689231873513,0.5458079009989878,-2.281549566376963,0.16191384485694016,-0.08366055999155188,-0.6176466062576097,6.041360346888914e-06,0.0008093990878002722,0.00013330479385529188,0.0027201167519892593,87.691667
10044,0.2913376975739456,-339.7869766671712,0.5210959902022134,-2.21442563268644,0.16277141372609313,-0.08786225935642088,-0.6168372580595258,5.980460032611593e-06,0.0007922051726276955,0.0001306973305632232,0.0026206154419626216,87.7
10045,0.29552917878176604,-339.8045409115664,0.49535674738163854,-2.1532712206323885,0.1634549707581395,-0.09197459433923204,-0.6160565389691027,5.927873017754624e-06,0.0007759942973610809,0.00012837250968984,0.002532445875708816,87.708333
10046,0.29949465391786734,-339.82162457089066,0.46866659959925294,-2.0976514869075267,0.1639669268120691,-0.09598688903733352,-0.6153079527527174,5.883128697278697e-06,0.0007607492511186819,0.00012629761771368518,0.002454630294551149,87.716667
10047,0.3032281982605699,-339.83828899132425,0.4411005492820832,-2.0471726297550408,0.16430646992389633,-0.09989862757180629,-0.614594305885124,5.845797807594103e-06,0.0007464496096485805,0.00012444462706210927,0.0023863148878874325,87.725
10048,0.30672163699292926,-339.8545388852577,0.4127276794908072,-2.0014858324288376,0.164476713316294,-0.10369974023230365,-0.6139187953861833,5.815487568655199e-06,0.0007330717164459284,0.00012278961161697868,0.0023267551784224585,87.733333
10049,0.3099679353385883,-339.8704693157333,0.3836178718207124,-1.9602874730324251,0.1644717876244564,-0.10739572183710212,-0.6132843571156071,5.791837483614268e-06,0.0007205904357168759,0.00012131226607963316,0.002275303030657115,87.741667
10050,0.31296060669831227,-339.8861285008493,0.35383664612215,-1.923305392706986,0.16429008319050364,-0.11098484931415832,-0.6126937607516262,5.7745155649426575e-06,0.0007089795968382011,0.00011999546889620727,0.0022313955735468096,87.75
10051,0.3156954918463604,-339.901583260448,0.3234487005176356,-1.8902990574993315,0.1639285247852505,-0.11446947437639703,-0.6121492390534542,5.76321506844311e-06,0.0006982125553378112,0.00011882491911613476,0.0021945468656602808,87.758333
10052,0.3181676239516764,-339.9168552919396,0.2925147758018031,-1.8610548279167998,0.1633881736133869,-0.1178444415573039,-0.611653092032836,5.7576516628604535e-06,0.0006882621857392489,0.00011778882279100536,0.0021643404952348174,87.766667
10053,0.32037203025520217,-339.93187463783187,0.2610902759697468,-1.8353721303192354,0.16268106950663025,-0.12108982338615856,-0.6112075236550086,5.757561075809345e-06,0.000679101719567903,0.00011687763730732639,0.0021404232651909267,87.775
10054,0.32230500027042847,-339.94679665293813,0.2292383692413261,-1.813109864945199,0.16179291404043705,-0.12422304235066942,-0.6108143755605688,5.762697112826103e-06,0.0006707052146803254,0.00011608385000503881,0.00212250052115689,87.783333
10055,0.3239633608930375,-339.9615952891454,0.1970142223338603,-1.7941207952471043,0.16073094447111647,-0.12723219436282232,-0.6104752614832512,5.772830048918694e-06,0.0006630475903168779,0.00011540179034617884,0.002110329788686585,87.791667
10056,0.32534340562387,-339.97624738177944,0.16447154126319,-1.7782803135471525,0.1595022284373268,-0.13010589500395495,-0.610191779594536,5.7877453794103985e-06,0.0006561048674925162,0.00011482748403652938,0.0021037185095545085,87.8
10057,0.3264430206685832,-339.99086418718736,0.13166928477703307,-1.7655088099948866,0.1580971138990145,-0.1328549145898755,-0.6099650702475666,5.80724287545749e-06,0.0006498546021800024,0.0001143585282178375,0.0021025209454723966,87.808333
10058,0.32726001443646147,-340.00549249018667,0.0986630974254159,-1.755735610448232,0.15651355968453232,-0.13547941381126713,-0.6097961517951977,5.831135935510248e-06,0.000644275715960342,0.00011399400404150248,0.0021066345550417188,87.816667
10059,0.3277934609012131,-340.0200807612479,0.0655047290840295,-1.7488859900025582,0.1547633610302097,-0.1379646207019988,-0.6096856388280657,5.859251235094138e-06,0.0006393487585205779,0.00011373440999955279,0.0021159986029281415,87.825
10060,0.3280412741677234,-340.0347576913483,0.03225183121073118,-1.7449464192679773,0.15283315645944054,-0.14032331001392107,-0.6096342408603549,5.8914286017502e-06,0.0006350558106970132,0.00011358160521290449,0.0021305936577431972,87.833333
10061,0.3280036620241881,-340.04949918552825,-0.0010429014556546964,-1.7438835654042637,0.15073139031010144,-0.14254521572656093,-0.6096420442560143,5.927521157759453e-06,0.0006313809264669376,0.00011353880645365304,0.0021504390759263564,87.841667
10062,0.327680738008634,-340.0643026288543,-0.034326529491691495,-1.745686700950965,0.14846376548792545,-0.1446234808089392,-0.6097090058477509,5.967395682069327e-06,0.0006283097435043246,0.00011361056795609832,0.0021755938227333766,87.85
10063,0.3270712047695702,-340.07922574294986,-0.06754501578052959,-1.7503805393399514,0.14602674593164786,-0.1465595437709265,-0.6098352255144597,6.010933178226682e-06,0.0006258296738389081,0.00011380279854019578,0.0022061563168041466,87.858333
10064,0.3261775725497445,-340.0942747936636,-0.10064341569926977,-1.7579897148770178,0.14342585904769728,-0.14834857314682198,-0.6100198656418757,6.0580296750662765e-06,0.0006239303442771013,0.00011412280936039777,0.002242264471521804,87.866667
10065,0.32500010679817454,-340.10952030242964,-0.13356599663517477,-1.7685784682460948,0.1406562035215297,-0.14999379911458247,-0.6102624069317103,6.108597219383775e-06,0.0006226028359911491,0.00011457936861602124,0.00228409637293127,87.875
10066,0.32353998164549425,-340.12496147744065,-0.16625941181674658,-1.7822089886146868,0.13772389096165424,-0.15148825194942542,-0.6105619968976859,6.162565095520365e-06,0.0006218403434881233,0.00011518280160524629,0.0023318710496800688,87.883333
10067,0.32180009327564246,-340.14061570100245,-0.19866777502608685,-1.7989662585733137,0.13463326187523209,-0.15282821472866287,-0.6109172892099919,6.219881244624989e-06,0.0006216380675715643,0.00011594507550537894,0.002385850738524961,87.891667
10068,0.31978272300059357,-340.15651531729657,-0.23073489382067694,-1.818961469800706,0.13138629381818565,-0.15401149390254482,-0.6113269290801999,6.2805138745822475e-06,0.0006219929463134896,0.00011687994111880197,0.0024463420208727655,87.9
10069,0.3174917511205923,-340.1726980686357,-0.2624022508347648,-1.8423281404227478,0.12798492757153435,-0.15503695626930197,-0.6117891084199356,6.344453293077695e-06,0.0006229039265917111,0.00011800309925225992,0.0025136978668138803,87.908333
10070,0.3149293483187201,-340.18918909955727,-0.2936132936073185,-1.8692212318858275,0.12443258805004963,-0.1559006364074483,-0.6123022417686541,6.411713960791016e-06,0.0006243717322370498,0.00011933240534107394,0.00258831921463685,87.916667
10071,0.3121002293061803,-340.20600754700985,-0.3243084047012909,-1.8998160388343017,0.12073492428197746,-0.15659874072575958,-0.6128641163730599,6.482336774252512e-06,0.0006263993749702165,0.00012088808304122072,0.0026706583932298617,87.925
10072,0.30900921629014777,-340.22321003511445,-0.35442486716988186,-1.9343288605373659,0.11689205231413856,-0.15713172631747982,-0.6134723965805449,6.556391569242994e-06,0.000628991704626316,0.00012269299627146768,0.0027612208404915553,87.933333
10073,0.3056614743720495,-340.2408612203456,-0.38389779663539236,-1.9730096388329694,0.11290324609736138,-0.15750035546065977,-0.6141245864858731,6.633979875001643e-06,0.000632155533171767,0.00012477298995230935,0.002860566713780497,87.941667
10074,0.3020622743859922,-340.25898306791737,-0.41266336836933604,-2.016124683126749,0.10877493569659923,-0.15769986281188708,-0.6148180863550721,6.715237939654752e-06,0.0006358997020514973,0.00012715726616134815,0.0029693126875894454,87.95
10075,0.29821914175948105,-340.2775791516139,-0.4406548805399877,-2.0639649627391177,0.10451772654946913,-0.15772446711875154,-0.615549794886682,6.800340000198819e-06,0.0006402352048215376,0.0001298787585957219,0.0030881351996639122,87.958333
10076,0.29413909418709683,-340.2967441696958,-0.4677983106310345,-2.1168995644070163,0.10012815737255,-0.15757740408616372,-0.6163166608965263,6.889501767577826e-06,0.000645174835967781,0.0001329745879380216,0.0032177716240853562,87.966667
10077,0.28982931035288856,-340.31646841376926,-0.49402429286612365,-2.175294828286427,0.09561984284774698,-0.15725056009963786,-0.617115564281215,6.982984187253579e-06,0.0006507334513161896,0.00013648668743650264,0.0033590188396526955,87.975
10078,0.2852984100994545,-340.33686680046253,-0.5192499190423903,-2.2396198984977427,0.09098787071968052,-0.15674836562271494,-0.6179430960311042,7.0810974162324654e-06,0.0006569280779572832,0.00014046225400883322,0.0035127379578504224,87.983333
10079,0.28055379421339005,-340.35806129828455,-0.5433891945878102,-2.3104053996525007,0.08622668667432071,-0.15607338982616198,-0.618796063472724,7.184204989163044e-06,0.0006637776907758409,0.00014495457348092134,0.0036798485431849583,87.991667
10080,0.2756068428346574,-340.38005206951414,-0.5663562331633939,-2.3881752665713716,0.0813518925322904,-0.155218441075047,-0.6196705720039051,7.292728203602867e-06,0.0006713035816055267,0.00015002373684043052,0.003861328796384341,88.0
10081,0.2704679730040353,-340.4027155170406,-0.5880740304047054,-2.4734450248914746,0.07639853530982468,-0.154166804228265,-0.6205629484206718,7.407150427160676e-06,0.000679528529982205,0.0001557372049709994,0.00405821857912239,88.008333
10082,0.26514840936416356,-340.42642669545074,-0.6084154232810687,-2.5670695016231084,0.07132565680848346,-0.15294083258683633,-0.621469440185504,7.528020980963196e-06,0.0006884770913680674,0.00016217017738319245,0.004271635786681674,88.016667
10083,0.25966145409738545,-340.450992495473,-0.6272948406496822,-2.669657990571716,0.06618148269646178,-0.15151947682162362,-0.622386031469055,7.655958905078429e-06,0.0006981752725198529,0.00016940736202434773,0.004502751522494031,88.025
10084,0.254024853950413,-340.47670283359076,-0.6445674801778872,-2.7821680077984525,0.06094234986698929,-0.14991845718697247,-0.6233081090948259,7.791655849278691e-06,0.0007086500118315329,0.00017754222303340933,0.004752850579367045,88.033333
10085,0.2482423784843642,-340.50347881967053,-0.6601387372303231,-2.905448797350781,0.05563841653787491,-0.1481197241647338,-0.6242334712225236,7.935877481426698e-06,0.000719927794222919,0.0001866786144401605,0.005023325686094977,88.041667
10086,0.24233726230794306,-340.5316201855747,-0.6738326642711472,-3.0406409629293703,0.05024915395830788,-0.1461381643823113,-0.6251569179921493,8.089463098229999e-06,0.0007320376619782705,0.00019692923602017672,0.005315821599507496,88.05
10087,0.23632355009266484,-340.56110759376605,-0.6855119922847733,-3.1887841677479347,0.04480077510018124,-0.1439637789399103,-0.6260749424627723,8.253322038607406e-06,0.0007450057750129906,0.00020841654655883956,0.005632293090325176,88.058333
10088,0.2302211182061844,-340.59210712085513,-0.6949959979703635,-3.3511133824725063,0.03929478153524987,-0.1415990565592231,-0.6269833650118917,8.428425613276088e-06,0.0007588569366663245,0.00022126965319945228,0.005975297629932305,88.066667
10089,0.2240508102664546,-340.62469858458905,-0.7020984889524622,-3.528871838632598,0.03374668597809903,-0.13904208012074107,-0.6278781520463927,8.615792449835125e-06,0.0007736119913093279,0.00023562189896970872,0.0063483435604962815,88.075
10090,0.21783474586369925,-340.6590395683489,-0.7066052306149716,-3.7234114443598907,0.028162549031979674,-0.1362938988820674,-0.6287554028678769,8.816464922066442e-06,0.0007892862131090113,0.00025160521641047246,0.006756512332816107,88.083333
10091,0.21159614745556787,-340.6952858649776,-0.7082823080190389,-3.9361079675288084,0.022550510904490773,-0.13335465314335182,-0.629611406836759,9.03147331931571e-06,0.0008058872798924107,0.0002693424087984482,0.007207383088154709,88.091667
10092,0.20536027765113374,-340.73358880788913,-0.7068737378129141,-4.168307577449753,0.01692110185742552,-0.13022435497411525,-0.6304425480244067,9.261783828022169e-06,0.0008234130802346607,0.0002889353814898456,0.007712434141898061,88.1
10093,0.1991572654499817,-340.7741079020272,-0.7020929214539707,-4.421240778017871,0.011285462594239026,-0.12690514649280316,-0.6312449879434088,9.508225154793457e-06,0.0008418492088044379,0.00031044871678835123,0.0082890593429045,88.108333
10094,0.1930157612940948,-340.81702446515925,-0.6936338325231717,-4.695984922146465,0.0056528897516156485,-0.12339737201654635,-0.6320155426038716,9.771387762011055e-06,0.0008611659249930818,0.0003338879233821177,0.008963309672610848,88.116667
10095,0.18697193377299468,-340.8624687472381,-0.6811655819531084,-4.993178200910555,4.0001409960537216e-05,-0.11970475244528639,-0.6327505695911304,1.005149000946789e-05,0.0008813175526357767,0.00035917180920552164,0.009773465060120272,88.125
10096,0.18105820417632587,-340.91085884806046,-0.6642966705924669,-5.313273534155433,-0.005570458533981282,-0.11582689944839152,-0.633447402735139,1.0348205112999763e-05,0.0009022409001465411,0.00038609927547438223,0.010774161158592283,88.133333
10097,0.1753201443614226,-340.96221298419863,-0.6426716454429223,-5.6554357812056315,-0.011147766745639364,-0.11176956694256557,-0.6341023607258186,1.066044720716095e-05,0.0009238590978667197,0.00041431599429457913,0.012040358050087597,88.141667
10098,0.16981559117224693,-341.01665233575085,-0.6158923796760093,-6.017581633142563,-0.016677763684760843,-0.10754652089433071,-0.6347110450575132,1.0986116385212202e-05,0.0009460845300334292,0.00044327787474788394,0.013669833650727832,88.15
10099,0.16456947126905647,-341.0744541409199,-0.5836294450728996,-6.3970646035271335,-0.022163021475531102,-0.1031465267745619,-0.6352732539383503,1.1321809665003797e-05,0.000968826474084564,0.0004722299851025522,0.015780749016998243,88.158333
10100,0.15964207106942477,-341.1356279027108,-0.545563513797649,-6.788579577526694,-0.027583695383927017,-0.09858294802596777,-0.6357853842166208,1.1662537131413457e-05,0.0009920169125513451,0.0005002144139529044,0.018502243779030928,88.166667
10101,0.15508822708497194,-341.200247942933,-0.5014491057130733,-7.184884305629114,-0.032933220135432546,-0.09386299451054432,-0.6362449637906965,1.200148133387152e-05,0.0010156195211910993,0.0005261074683148897,0.021950648305716313,88.175
10102,0.1509626150063736,-341.268266758773,-0.45117907992622236,-7.576351252288061,-0.03820088390204826,-0.08899475226269543,-0.6366499345910621,1.2329861144440573e-05,0.00103965039152113,0.0005487163084674992,0.026189923537999975,88.183333
10103,0.14731489366097125,-341.3395672842812,-0.39482324707012323,-7.951248991753673,-0.04337779803257893,-0.08398328358942177,-0.6369989696941304,1.2636998449223433e-05,0.0010641888598014529,0.0005669264368362196,0.03117795907165115,88.191667
10104,0.14420508461674406,-341.4138748622502,-0.33265326662188405,-8.29536841580678,-0.04845548620456593,-0.07884311477809368,-0.6372898412690787,1.2910681544904333e-05,0.001089370850165447,0.0005798827742628172,0.03671090609335309,88.2
10105,0.1416795462231777,-341.490822199659,-0.26521660991086826,-8.593784685877619,-0.05342706680236577,-0.0735823434375987,-0.6375215290036305,1.3137883547314227e-05,0.0011153477969913655,0.0005871520633178437,0.04238728483285672,88.208333
10106,0.13978065040311533,-341.56987970583424,-0.1933424859220825,-8.831643007733089,-0.05828485009465266,-0.0682126130255116,-0.6376930518279745,1.3305842348763485e-05,0.0011422194955527814,0.0005888175635892122,0.047625845210942125,88.216667
10107,0.13854587681289574,-341.65040842231645,-0.11812053514404847,-8.995667501176188,-0.0630250498766942,-0.06274742625161887,-0.6378033523452491,1.3403407471560235e-05,0.001169937991333212,0.0005854391329417493,0.05175543054761141,88.225
10108,0.1379980326247868,-341.7316435440806,-0.04088154978590737,-9.076252556641556,-0.06764208066075497,-0.057200650690845685,-0.6378519790362243,1.342242823925972e-05,0.0011982107404174182,0.0005778786186059124,0.054167743239226684,88.233333
10109,0.13814415698766122,-341.8128185744472,0.03691345024288766,-9.06886871011073,-0.07213332504736737,-0.051581690313934364,-0.6378390277475723,1.3358900000578458e-05,0.0012264421433158229,0.0005670500833714937,0.054485860403521234,88.241667
10110,0.13898205820682802,-341.89311167006764,0.11376046256961143,-8.974297589770178,-0.07649637196436711,-0.04590490523356855,-0.6377644999745489,1.3213596132899902e-05,0.001253742515660426,0.0005536911746620289,0.05267586609983868,88.25
10111,0.1405024500201467,-341.97156371078245,0.18818455887051433,-8.798437764896615,-0.08072661447901652,-0.040200766064221544,-0.6376281242217959,1.2992009992074212e-05,0.001279013058785417,0.0005382501903350823,0.04905116446106232,88.258333
10112,0.1426715696740148,-342.0476684396373,0.25897136944569066,-8.55235596263757,-0.08483062735337582,-0.03446719941367744,-0.6374310076419334,1.2703611793173527e-05,0.0013010905766836962,0.0005209233469607334,0.04417054115341847,88.266667
10113,0.14544758611774478,-342.1208094178636,0.3250968850037947,-8.249941103891286,-0.0888058629308305,-0.028720380068632142,-0.6371743647965006,1.2360632445951985e-05,0.001318918660548263,0.0005017900524504476,0.038675482541606375,88.275
10114,0.1487872148652664,-342.19049023359696,0.3858135528937675,-7.905993563179949,-0.09265483943385683,-0.0229797359727724,-0.6368591093327534,1.1976658702542293e-05,0.0013316858901342681,0.00048096080675014705,0.033142774200716776,88.283333
10115,0.15262247903852585,-342.2562333374198,0.4406360411888114,-7.5360311954094,-0.09636785565472218,-0.01727389069432174,-0.6364883045058969,1.1565304081052417e-05,0.0013389043245365549,0.0004586760942216024,0.027993836749822615,88.291667
10116,0.15691632618870563,-342.3181378771713,0.48941362065346733,-7.152238160937203,-0.09996579663019896,-0.011593753127291254,-0.63606205441648,1.1139180594429423e-05,0.0013404358835805786,0.00043532242786123297,0.023469949123043763,88.3
10117,0.16161996667112324,-342.3762039411265,0.5321417138606911,-6.765488279124603,-0.10345590193980557,-0.005944411379791517,-0.6355816650936127,1.0709207901743034e-05,0.0013364368856289455,0.00041139757580316993,0.01965880348308867,88.308333
10118,0.16664061157586296,-342.43052940726096,0.5690126914656752,-6.385880311672038,-0.10681574650634831,-0.0003279076432460656,-0.6350533847251498,1.0284287773144595e-05,0.001327296673760113,0.0003874400724041343,0.016541082238209773,88.316667
10119,0.17197305475898303,-342.4806640130194,0.6001493544035338,-6.018521971334533,-0.11007907090636843,0.005184675088823063,-0.6344747670070214,9.871299480668799e-06,0.001313583926097297,0.0003639534210774854,0.014036522638885645,88.325
10120,0.17754841804563015,-342.5271252883944,0.6259591673398222,-5.668355168915027,-0.11323972512054835,0.010621852151470762,-0.6338504978206573,9.475219818018719e-06,0.001295925290827629,0.0003413630356703805,0.012043960408742355,88.333333
10121,0.18332813116121832,-342.5702318692916,0.646813588883609,-5.337876338167402,-0.11630423099985164,0.015990583394844875,-0.6331825485357487,9.099401131829983e-06,0.0012749859669775685,0.0003199908925908891,0.010461068658868197,88.341667
10122,0.18925925067854144,-342.6101109746668,0.6630806135836154,-5.028828358826262,-0.11926931526377971,0.021273832473605297,-0.6324751118932619,8.74586294874955e-06,0.0012514112137840428,0.00030005196298934193,0.009197610303001603,88.35
10123,0.1953018252251564,-342.64703577113625,0.675134262391305,-4.741604800531791,-0.12213553556206033,0.026471380239579824,-0.631731501238604,8.415591341729583e-06,0.0012258096760639156,0.00028166308219945246,0.00817949743858342,88.358333
10124,0.20142047765896254,-342.6812046145162,0.6833197107295639,-4.4759148694856625,-0.12490509396339418,0.031575098422690545,-0.6309550248136496,8.108798735076526e-06,0.0011987320343385783,0.00026486098473576673,0.007348813295543751,88.366667
10125,0.20756609601915374,-342.7131152381838,0.6880118801807266,-4.23111077114195,-0.12755884785163818,0.0366132638718783,-0.6301513484230681,7.825143808971285e-06,0.0011706639701813248,0.00024962161200181663,0.006661653138537992,88.375
10126,0.2137431234490562,-342.7424389168765,0.6894154065623115,-4.005848123451992,-0.13013638962396734,0.041519832253756495,-0.6293195820100141,7.563912929547679e-06,0.0011420342213189847,0.0002358788315870969,0.006085214191320574,88.383333
10127,0.21990576383752036,-342.7697029787136,0.6878574967007438,-3.7990734727449627,-0.13261496344935916,0.046330242756653275,-0.6284658246487511,7.324145897707156e-06,0.001113190602679031,0.00022353835888436213,0.005595520188010472,88.391667
10128,0.2260221842464155,-342.79491900484186,0.6835761586064579,-3.60962519803769,-0.13499794383216654,0.051017119914151,-0.6275948703684189,7.104749567737481e-06,0.0010844343923709233,0.00021249175714462172,0.005174761504522072,88.4
10129,0.232085533091838,-342.8186967097494,0.6768195284921443,-3.4358965995238706,-0.13727097869230792,0.05564080102580262,-0.6267082992477944,6.904570536534379e-06,0.0010560184936978842,0.00020262434905544852,0.004809741838855015,88.408333
10130,0.23806723431246604,-342.8410146196557,0.6677767358646981,-3.2767857651192682,-0.13943459325793953,0.060174640994611936,-0.6258110892754798,6.722444165172917e-06,0.0010281417460186158,0.00019382209985432412,0.004490590108871031,88.416667
10131,0.24395086250222417,-342.8619781849433,0.6566228647442585,-3.131089350309322,-0.14148949451536677,0.06461265778738343,-0.6249067450999681,6.557233683099407e-06,0.0010009673599481207,0.00018597522306125616,0.004209803494437513,88.425
10132,0.2497182108409649,-342.88175800945527,0.643524036729495,-2.9976928784090564,-0.14342966567948423,0.06895900566424713,-0.6239992782182282,6.407851766631407e-06,0.0009746226667440715,0.0001789807817083129,0.00396159301438008,88.433333
10133,0.2553533994598719,-342.90046570825956,0.6286266747115972,-2.8755669742354275,-0.1452523498409299,0.07321155242085864,-0.623092558239798,6.273274363309591e-06,0.0009492056289639995,0.00017274414045195737,0.0037414005986655583,88.441667
10134,0.26084271697587713,-342.91827014382756,0.6120676598577546,-2.7637518431563195,-0.14695014811210172,0.07737839963948737,-0.6221902843303351,6.152547291758654e-06,0.0009247887332353331,0.00016717946509258643,0.0035455747591008877,88.45
10135,0.2661636183109829,-342.93531695380506,0.5939753510546585,-2.6614369107600027,-0.1485103370122106,0.0814631094865068,-0.6212977983779671,6.044788158284348e-06,0.000901422514337653,0.00016220974742797348,0.003371138602174837,88.458333
10136,0.2713147053742322,-342.95171466538596,0.5744575202241566,-2.5677725304117667,-0.14993298295793248,0.0854711161765108,-0.6204170384482343,5.949185840651489e-06,0.000879142884889086,0.000157766492957191,0.0032156196671151217,88.466667
10137,0.2762855163328197,-342.96704632252454,0.5535889046207806,-2.4820849772509845,-0.15125863847852142,0.0893268268899865,-0.6195514950021429,5.86499600871287e-06,0.0008579659142170775,0.00015378905759040425,0.0030769559035588386,88.475
10138,0.2810634974087372,-342.98220077040804,0.5315100297909532,-2.4037071819575964,-0.15241171150667115,0.09315140243556291,-0.6187050986503143,5.791537305254601e-06,0.0008378952851915457,0.00015022405852744373,0.0029534108494031234,88.483333
10139,0.2856482036506417,-342.99678747912213,0.5082833235245403,-2.3320481065813463,-0.1534336691318587,0.09687799883267174,-0.6178796607713448,5.728186307254946e-06,0.0008189254624916192,0.0001470248606377054,0.0028434822889985543,88.491667
10140,0.29002228645397465,-343.01092518165785,0.4839956636931704,-2.26663931815344,-0.15431191115590898,0.10051156261526056,-0.617080037379309,5.6743717316984925e-06,0.0008010399641835379,0.00014415075759736877,0.002745892297938577,88.5
10141,0.2941779612856107,-343.0247188328863,0.4587277089917733,-2.2070218485099344,-0.15503877964984403,0.10405867582165543,-0.6163094040065678,5.6295698135565954e-06,0.0007842194573212612,0.0001415664617148073,0.0026595311722053773,88.508333
10142,0.29810773622008535,-343.0381863481748,0.43255199944414646,-2.1527858285245256,-0.15561479259268035,0.10751303493301954,-0.6155708702674522,5.593298953148823e-06,0.0007684396886888067,0.00013924147056396615,0.0025834373399816475,88.516667
10143,0.30180527177883787,-343.05137592633497,0.40553931621426137,-2.1035638464969053,-0.15603758892689135,0.11087373481264018,-0.6148673014940531,5.565115057793692e-06,0.0007536729066820396,0.00013714954934723208,0.002516777434489791,88.525
10144,0.3052633813235122,-343.06435063661456,0.37775795528784734,-2.059035974338235,-0.15630216298657607,0.11414218717987425,-0.6142016831851834,5.544607275853506e-06,0.0007398887713551587,0.00013526826473782416,0.0024588290055041753,88.533333
10145,0.3084774382080735,-343.07712544770027,0.34927215669852735,-2.01890716929083,-0.15640973517086146,0.11731343510613938,-0.6135764543749854,5.531394230776689e-06,0.0007270557027469479,0.00013357857754241033,0.0024089661758768793,88.541667
10146,0.31143266002665815,-343.089767689421,0.3201424985819682,-1.9829603608049668,-0.15635019843879447,0.12038709510763038,-0.6129959832296588,5.5251206411837075e-06,0.0007151410110500208,0.00013206448283863728,0.0023666493901833468,88.55
10147,0.31413253314325557,-343.101982931733,0.2904191488826636,-1.9508970970414379,-0.15616634014620176,0.12331311553164405,-0.61246098848761,5.525454640334148e-06,0.0007041145061762943,0.00013071270875946125,0.0023314137436043158,88.558333
10148,0.31658180556894494,-343.1143685153314,0.2601903233100924,-1.9225616557925236,-0.15579232960510106,0.12618158184648592,-0.6119717894763893,5.532085025342485e-06,0.0006939437163409228,0.00012951242609972834,0.0023028680185187005,88.566667
10149,0.31876719667062786,-343.126713834309,0.22949834820082088,-1.8977858358624387,-0.15525118262349072,0.1289494288964492,-0.6115321968280061,5.544719197753707e-06,0.0006845945643606432,0.00012845501508528039,0.00228067759376771,88.575
10150,0.3206787864743584,-343.13898016393324,0.19839307209636403,-1.8764326061418621,-0.15454755947029697,0.1316016926705685,-0.611145284710613,5.563081784715235e-06,0.0006760370035413197,0.00012753393517674479,0.002264566068828279,88.583333
10151,0.3223278106846375,-343.15124845016464,0.16694234793282575,-1.858337886408064,-0.1536804589687505,0.13415033394674902,-0.6108097225070422,5.586913332122893e-06,0.0006682439455834317,0.00012674452996034574,0.002254309878522222,88.591667
10152,0.32369766187458304,-343.16355181550006,0.1351912169149616,-1.8434447028843135,-0.15264175345515388,0.13658874458396542,-0.6105297065918351,5.615969127652023e-06,0.000661186029209683,0.0001260838845664099,0.0022497333208063267,88.6
10153,0.32479872445005076,-343.17590808621173,0.1032037871427865,-1.8316272505374807,-0.1514376988649947,0.13891869098328802,-0.6103038041287019,5.6500188633233544e-06,0.0006548393616998009,0.00012555075384809245,0.002250706320455207,88.608333
10154,0.3256235523424024,-343.18828929999665,0.07102679692565643,-1.8228267347811231,-0.15007281829217262,0.1411277877356343,-0.6101340913395107,5.688846071936389e-06,0.000649178597310227,0.00012514546161217018,0.0022571411056437913,88.616667
10155,0.3261707997843193,-343.200776915059,0.038716477320108605,-1.817007898547126,-0.14853915267289186,0.14322252371282493,-0.6100212631544484,5.732248206893105e-06,0.0006441819078982485,0.00012486985896522016,0.00226899190794585,88.625
10156,0.3264400533589302,-343.2133917747975,0.006326710150134341,-1.8141389303886688,-0.14683743631437765,0.14520036334900405,-0.609965683014986,5.780036818109046e-06,0.0006398294249193267,0.00012472729594486645,0.0022862520127299793,88.633333
10157,0.3264298014982025,-343.2260747003951,-0.0260940222295583,-1.8141895190390558,-0.14497972021084707,0.14704651070952732,-0.6099678000450003,5.832038003649141e-06,0.0006361031609501467,0.00012472260696878154,0.0023089534005624884,88.641667
10158,0.32613204146897756,-343.2391520382716,-0.05848510275168222,-1.8172652798634925,-0.14291858170813032,0.14879883559071794,-0.6100292601223183,5.88809309444791e-06,0.000632987399485617,0.00012486210002496452,0.002337167590004175,88.65
10159,0.32556207958734057,-343.25208440364116,-0.09080489643173562,-1.823195847017593,-0.14074475178282647,0.15038073711689182,-0.6101467540074035,5.9480596442695255e-06,0.0006304701768116968,0.00012515368190223617,0.0023710018943405107,88.658333
10160,0.3247161597535977,-343.265211903905,-0.1229894002353958,-1.832117523802672,-0.13841079603389414,0.15183386531089066,-0.6103207694008276,6.011812384101618e-06,0.0006285380066143782,0.00012560667457294628,0.0024106064938707074,88.666667
10161,0.3235922171301061,-343.2785691605999,-0.15498731625303394,-1.8440992081632708,-0.13591502698735408,0.15315588859531434,-0.6105513016148656,6.079244566375015e-06,0.0006271806380130757,0.00012623213944176968,0.0024561671489053117,88.675
10162,0.3221943980396721,-343.2921450882926,-0.18674272159346023,-1.8591990369738167,-0.13326544593313658,0.1543407767698288,-0.6108369325952125,6.150269549478992e-06,0.0006263906151159334,0.00012704289128798526,0.002507910063426036,88.683333
10163,0.32050481418029225,-343.30565855494075,-0.21824070676987992,-1.877462612271956,-0.13050360173408007,0.1553370831926793,-0.6111805896751167,6.2248225072825224e-06,0.0006261619028528695,0.00012805360552989482,0.002566101918016596,88.691667
10164,0.31856206591151376,-343.3197526824622,-0.2493461856533266,-1.8991173502987335,-0.12755024166367968,0.15624084234858623,-0.6115735832340546,6.302862425487532e-06,0.000626494887569647,0.0001292807394461969,0.0026310660852671783,88.7
10165,0.31635381691695863,-343.3341632243221,-0.2800374490838474,-1.9242411364910363,-0.12444636436015241,0.15700387823983145,-0.6120174811973857,6.384374048058125e-06,0.0006273835568056698,0.00013074337781758503,0.00270314239880532,88.708333
10166,0.3138625155705071,-343.3485817161458,-0.3103031917074017,-1.9529217426053453,-0.12123958891204133,0.15757291403335377,-0.6125146949416614,6.469370367858739e-06,0.0006288277575941119,0.00013246285400070825,0.0027827268443029337,88.716667
10167,0.31113034310557863,-343.3636782789153,-0.3399936920839445,-1.9854896772712924,-0.11784624556203659,0.15804301011460678,-0.6130556108844014,6.55789519038655e-06,0.0006308339703357377,0.0001344627893648026,0.0028702823512195873,88.725
10168,0.30814314702484735,-343.3791420085097,-0.36909363138650103,-2.022071023583672,-0.11431593023155553,0.15836081412684544,-0.6136417793145907,6.650025749643762e-06,0.0006334018566709525,0.0001367704118801299,0.0029662822322095127,88.733333
10169,0.30490683635560945,-343.39503260739394,-0.39753635481625865,-2.062914186222355,-0.11064793121551815,0.15852796442099495,-0.6142706508455876,6.745875805174302e-06,0.0006365376350179032,0.0001394159004993323,0.003071266888964418,88.741667
10170,0.3013955939439069,-343.4109139300931,-0.4253329784769814,-2.1081638592524676,-0.10690956437547597,0.15847612228482408,-0.6149456694591902,6.845598800269474e-06,0.0006402493042644949,0.00014243310294451527,0.003185824982175099,88.75
10171,0.2976769413705287,-343.42776058215196,-0.4522604535246627,-2.1583918639878963,-0.10297724954611118,0.15833651039901125,-0.6156522949088892,6.949391245859091e-06,0.0006445537865563701,0.0001458590540873042,0.003310640555776475,88.758333
10172,0.29369410161681064,-343.44469226323355,-0.4784080231469038,-2.2136754005215153,-0.09897904618197445,0.1579781519502747,-0.6163996792660446,7.057496110536366e-06,0.0006494557961621626,0.00014973689407761194,0.003446364172922978,88.766667
10173,0.2895221312395402,-343.46264653775734,-0.5035310607649309,-2.274663401912945,-0.09480002141141819,0.15752493902686776,-0.6171720685521797,7.170206658969802e-06,0.0006549767927967003,0.00015411296335818397,0.0035937929093253535,88.775
10174,0.28513558004949824,-343.4812473797557,-0.5276341306403288,-2.3416602517642278,-0.09050024310170746,0.15691425959040484,-0.6179725995638697,7.287870049120267e-06,0.0006611244111274922,0.0001590411350895969,0.003753667299199936,88.783333
10175,0.2805407969103962,-343.50048140947194,-0.5506429540460629,-2.4151192874156715,-0.08609362958735409,0.15613764233204502,-0.6187983809509087,7.4108912488084735e-06,0.0006679162991128567,0.0001645805035440507,0.0039268262761219174,88.791667
10176,0.2757484531338655,-343.52041110864127,-0.5724665821347031,-2.495574934481241,-0.0815841412121004,0.15519563783578577,-0.6196457492595489,7.539736756247885e-06,0.0006753723614758492,0.00017079664598085536,0.004114167109596856,88.8
10177,0.270769822264117,-343.54112607028804,-0.5930059560734673,-2.583633278388413,-0.07697242553751499,0.1540904818946925,-0.6205109844090861,7.674937930721664e-06,0.000683513748758033,0.00017776230791012758,0.004316642354929819,88.808333
10178,0.2656153638617322,-343.5627188679579,-0.6121574440363733,-2.6799687098033274,-0.07225935000033687,0.15282295843902416,-0.6213905715308796,7.817093791978319e-06,0.0006923626920215819,0.00018555791825605218,0.0045352679292340195,88.816667
10179,0.2602903915768634,-343.58544343969226,-0.6298012410883055,-2.785444621547664,-0.06742112040631847,0.15140052632371398,-0.6222819182878924,7.966872953012995e-06,0.0007019425868725863,0.00019427187726243084,0.00477114585874678,88.825
10180,0.25482397014428726,-343.60897026104095,-0.6458360262118756,-2.9005529534312724,-0.06252955022773288,0.14980325707094916,-0.6231785877220531,8.125014449903587e-06,0.0007122789438724592,0.0002040010088890262,0.005025498033243665,88.833333
10181,0.24922154140225208,-343.6336140870865,-0.6601223502458539,-3.0263306137971746,-0.05755323905469316,0.14804216470269194,-0.6240782441492849,8.292325709048805e-06,0.0007233935030747836,0.00021484864698134568,0.005299756489312286,88.841667
10182,0.24349140001934508,-343.65965605555397,-0.6725061140006658,-3.1638882741155365,-0.05246944225503184,0.14612250806790575,-0.6249781459710337,8.469677506477166e-06,0.0007353094303360219,0.0002269252945135788,0.0055956639825760855,88.85
10183,0.23766363908044824,-343.6868053780387,-0.6828572054554687,-3.313915013653523,-0.04734526275533538,0.14403043052433231,-0.6258723303147407,8.657995856950396e-06,0.000748049876330052,0.0002403468030929378,0.005915467350385207,88.858333
10184,0.23174647350853012,-343.71531381062,-0.6910071497705709,-3.4776330033878255,-0.042164014849322085,0.14176921668329343,-0.6267584843692119,8.858246597514365e-06,0.0007616318603090916,0.00025522910430635776,0.006262270517632192,88.866667
10185,0.22576255533614312,-343.745328871263,-0.6967590292570424,-3.6561888289889177,-0.03692898785138193,0.1393428723108893,-0.6276323178967315,9.071411844214378e-06,0.0007760706463625776,0.0002716850840259423,0.0066405126621830405,88.875
10186,0.2197265914402537,-343.77722414169676,-0.6998809719226214,-3.8510008762827583,-0.03161276866518434,0.1367560924264348,-0.6284909837997471,9.298456427561341e-06,0.0007913747726865574,0.00028981722111739267,0.007056687722753362,88.883333
10187,0.2136736573565817,-343.81074301515537,-0.7001828436358725,-4.0628420155269644,-0.026279369437895547,0.13400309579880992,-0.6293290695131456,9.54028047221526e-06,0.0008075466043484671,0.00030970858218479994,0.007520409284689576,88.891667
10188,0.20761902803720278,-343.84621629980865,-0.6974094285803243,-4.293054755062925,-0.020909704330252805,0.13108557959832307,-0.6301443229627584,9.797652169587878e-06,0.0008245757348293187,0.0003314054161341232,0.008046037558253862,88.9
10189,0.201593132039007,-343.8838032194994,-0.691282322356222,-4.54262438637762,-0.015511903152548781,0.12800676250563084,-0.6309327716083648,1.0071117648603628e-05,0.0008424428656087545,0.0003549023056687068,0.008654743860747723,88.908333
10190,0.19562210760945273,-343.9239079492158,-0.6814692773422514,-4.812596853955119,-0.010064051732875752,0.12476838026461665,-0.6316914427351871,1.0360883982579147e-05,0.0008611149758326737,0.00038011866328765487,0.009377209241383156,88.916667
10191,0.18973919191354718,-343.9664966439225,-0.667690110630204,-5.103228785034969,-0.004601922718809729,0.12136806832707393,-0.6324168933336972,1.0666669625268803e-05,0.0008805466782596314,0.00040687390390321707,0.010256795453023911,88.925
10192,0.18398887518274384,-344.0115219048814,-0.6496386171006047,-5.414072964307328,0.0008395943590626915,0.11781370567312512,-0.6331048400643282,1.098751899774707e-05,0.0009006804718481068,0.00043485485059091404,0.011353100138143838,88.933333
10193,0.17840189931804093,-344.0593947370425,-0.6269448768631596,-5.7445993533804804,0.006282012277653732,0.11410493917682327,-0.6337531947479215,1.132157852344873e-05,0.0009214483201297737,0.0004635875755296138,0.0127445000780899,88.941667
10194,0.17301489818946092,-344.1104858895845,-0.5992318242953388,-6.093247252980236,0.011739341775775316,0.11023876465482549,-0.6343596103930716,1.1665847040953196e-05,0.0009427835535361963,0.0004924221058385796,0.014528319043512553,88.95
10195,0.16788040852756966,-344.16450503444173,-0.5662593841742416,-6.456276378453786,0.017154825817690383,0.10622723845905757,-0.6349204662290603,1.2015920020605675e-05,0.0009646309473939375,0.000520528468515692,0.016816026833674856,88.958333
10196,0.1630405131028549,-344.2217716959605,-0.5277172702783489,-6.82920960479341,0.022543652337696472,0.10206938784252903,-0.6354338175457209,1.2365750385996613e-05,0.0009869576866489216,0.000546914617051065,0.019720333681303034,88.966667
10197,0.15854477528669972,-344.28257472795025,-0.48334363445407197,-7.20555423673716,0.02791953374550107,0.09776296362388924,-0.6358973307499474,1.2707481435343276e-05,0.0010097727582790838,0.0005704969872075852,0.02332992717737815,88.975
10198,0.1544452072189252,-344.346477246222,-0.43315982310390255,-7.576185994060495,0.03323082927956952,0.09332385375442091,-0.6363087953044619,1.3031424558475164e-05,0.0010331373040955974,0.0005902055176718792,0.027670672622323488,88.983333
10199,0.15078135653940314,-344.41394059314194,-0.37711011846758385,-7.931238592392117,0.038517817156902535,0.08873225037331793,-0.6366674785012615,1.3326255151804591e-05,0.0010571662255618986,0.0006051221225332052,0.032659507122160356,88.991667
10200,0.14761971452558517,-344.48419217810783,-0.31557617396735294,-8.25716758465301,0.04372188258505212,0.08402360844599649,-0.6369701271511349,1.3579511395953191e-05,0.001082013242161689,0.000614639719078673,0.03805839077498605,89.0
10201,0.14500442309632083,-344.5570652074499,-0.24902760321041506,-8.540658911766446,0.04884879642878627,0.07919914444505523,-0.6372156646557194,1.3778417495509422e-05,0.0011078171319200774,0.0006185641324065843,0.04345493093382609,89.008333
10202,0.14296658575613366,-344.632296064737,-0.17818678376442104,-8.768868207828937,0.05390029063247457,0.07425264077404753,-0.6374039666363985,1.391100592977797e-05,0.0011346352056552658,0.0006171568305450739,0.04828978884550497,89.016667
10203,0.14155034756767257,-344.7094432936499,-0.10399862841483275,-8.929173937252193,0.058877593374912926,0.06919009056647564,-0.637533272105685,1.3967444641014743e-05,0.001162356490541321,0.0006110470329433837,0.05194708073228644,89.025
10204,0.14077594494082413,-344.7877377484346,-0.02771502772683137,-9.012482502130926,0.06376048802305263,0.06402320950881153,-0.6376034359123648,1.394131451274037e-05,0.0011906126410761166,0.000601033928644522,0.053891413903926086,89.033333
10205,0.1406512014298746,-344.8663993071025,0.0492882586870503,-9.013952219519771,0.06853391877944344,0.05876313427021436,-0.6376147023896747,1.3830578985597328e-05,0.0012187415901725469,0.0005878669038228762,0.05381579809664384,89.041667
10206,0.14118633779301293,-344.9449001626099,0.1256722533379155,-8.932667964723846,0.07320671960582818,0.053408814698243934,-0.637566300390071,1.3638017828133627e-05,0.0012458118065801895,0.0005720725865823286,0.05173205014241456,89.05
10207,0.1423692555079119,-345.0224257367148,0.20004010611773845,-8.773229405639395,0.07776505555517989,0.04797463456098254,-0.6374586600315663,1.3370967049421643e-05,0.0012707114020455246,0.000553911980689276,0.04796427018764479,89.058333
10208,0.144174519504551,-345.0982278143901,0.2711365577881162,-8.544652781070013,0.08219705346044805,0.042475998080101364,-0.6372926695526314,1.304043606248731e-05,0.0012922997006582736,0.0005334717184532256,0.04305382215981583,89.066667
10209,0.14657535644726907,-345.1718429382783,0.33796327572317125,-8.25848190820043,0.08650549226800763,0.03691590976462393,-0.6370686996625402,1.2659812723860638e-05,0.0013095672831277007,0.0005108189787653649,0.03761222793366059,89.075
10210,0.14953290855636803,-345.2427794579685,0.39972751439556775,-7.928216527173902,0.09068505593798185,0.03130652842178696,-0.6367877468856488,1.2243418764680182e-05,0.0013217609847213027,0.0004861465578403814,0.0321846127501891,89.083333
10211,0.1530009159805081,-345.3107023843023,0.4559022660592922,-7.56767467585992,0.09473177316348408,0.025656636596600068,-0.6364512085210084,1.1805200763069919e-05,0.0013284577707677301,0.0004598431392526194,0.027166282748850933,89.091667
10212,0.156931098723926,-345.37538331582624,0.5061978182076585,-7.189707564788897,0.09864287407640646,0.019976243056791576,-0.6360605677003427,1.135774253652501e-05,0.0013295735135303807,0.0004324761014614346,0.02278043686748664,89.1
10213,0.16126740099720327,-345.4367490964256,0.5505454287782772,-6.805697723367458,0.1024131036243987,0.014269639276699926,-0.6356181607513517,1.091166325969296e-05,0.0013253189495897417,0.00040471527692338265,0.01910247477564657,89.108333
10214,0.16597193119396958,-345.4947125292141,0.589004627608043,-6.424389945920212,0.10604721884333285,0.008553086791223297,-0.6351246686737464,1.04753822659394e-05,0.0013161302199786234,0.0003772369842224422,0.016105146587650894,89.116667
10215,0.17098495990249013,-345.54931115547225,0.6217848009915653,-6.053210552923995,0.10953743123859357,0.002835542835426115,-0.6345833464017779,1.0055148933327183e-05,0.0013025784220231065,0.00035064464866706743,0.01370544566137064,89.125
10216,0.17625990562354044,-345.6006793023695,0.6491750872059432,-5.697158822295689,0.11288330412220583,-0.0028777259294245757,-0.6339965228768442,9.655272842593032e-06,0.001285309685255973,0.00032541623143918555,0.01179928170866978,89.133333
10217,0.18175274791860033,-345.6489064366765,0.6714985822754929,-5.359592665045294,0.11608459308508737,-0.008572655678737873,-0.6333667101284086,9.278433451620782e-06,0.0012649809622171221,0.00030188588433742724,0.010284535475403887,89.141667
10218,0.18741445435617685,-345.6941127539974,0.6891112530900037,-5.0426286814577095,0.11913732952889292,-0.014235081919839836,-0.6326975358190194,8.926015210683562e-06,0.001242220403747863,0.00028024933236921006,0.009072393204519304,89.15
10219,0.19321709416838764,-345.7365343498326,0.702366179074854,-4.746885522077248,0.12204807321622771,-0.01986419985385521,-0.6319906597920356,8.598426928522128e-06,0.0012176076416184466,0.0002605841066214024,0.008090975479426497,89.158333
10220,0.19911513201550962,-345.7763076708095,0.7116135571189618,-4.472637300609471,0.12481193983150653,-0.02544565024504041,-0.6312503554336453,8.295369544428628e-06,0.0011916519148773303,0.00024287653196452917,0.007284943491286096,89.166667
10221,0.205080474872734,-345.81370452129005,0.717186231504446,-4.219271378834335,0.12743010605466737,-0.03098346153800231,-0.6304792667947293,8.016066404719501e-06,0.0011648007872168745,0.0002270478793354664,0.006612839160752245,89.175
10222,0.21108092178040694,-345.84887007173256,0.7193871861797724,-3.985971967013807,0.1299020629949128,-0.036466379395894546,-0.629681006446455,7.759434576265215e-06,0.0011374339460496336,0.00021297775806871058,0.006044231285680859,89.183333
10223,0.21708744641228261,-345.88182863492773,0.7184857266753533,-3.7717107393282086,0.1322332821755286,-0.04186811422901157,-0.6288592312847077,7.524218181755667e-06,0.0011098723620634767,0.00020052245536462894,0.00555693519360143,89.191667
10224,0.22308001685001433,-345.9132345518954,0.7147747196076665,-3.5750587185851517,0.13440622164528646,-0.04724864355792204,-0.6280167560988915,7.309083899952394e-06,0.001082384216582222,0.00018952859196534383,0.0051347734331125845,89.2
10225,0.22902837403911308,-345.9428000631183,0.7084547178781374,-3.394967458056579,0.1364344694532931,-0.05254283150377596,-0.6271581930251444,7.112686233999752e-06,0.0010551880755072024,0.00017984351238630497,0.004765814617111871,89.208333
10226,0.23491132510619595,-345.97068772306505,0.6997389559115084,-3.230159871378107,0.13831868713668014,-0.05774721690957065,-0.626287244324826,6.9337144663314965e-06,0.001028465799995563,0.00017132051005713407,0.004441159464305197,89.216667
10227,0.24071013919187564,-345.99709489863045,0.6888223043761045,-3.079391971443582,0.1400566433487874,-0.06286540540769832,-0.6254075392356543,6.7709199385585386e-06,0.0010023641092590148,0.0001638230300359338,0.004154027151338402,89.225
10228,0.24640669103185844,-346.02215668429324,0.6758778618864058,-2.941507610986461,0.14164772477850365,-0.06789417402555607,-0.6245228705775802,6.623132297357204e-06,0.000976999351318327,0.00015722656751818994,0.0038991346295198545,89.233333
10229,0.2519840217112164,-346.0459639439339,0.6610605098083324,-2.815433950727258,0.14309343536893404,-0.07282562081024056,-0.6236370822713477,6.489267535935753e-06,0.0009524624210332059,0.00015141927159533348,0.003672272646658075,89.241667
10230,0.25742618958489044,-346.06868096567604,0.6445156479035244,-2.7001688937247503,0.14438915822448867,-0.07766378668609833,-0.6227540605253408,6.368330158344671e-06,0.000928822651510787,0.00014630176505087508,0.003470016341675926,89.25
10231,0.2627197723481249,-346.0903973232536,0.6263714810968776,-2.5947978967996064,0.14553533177508923,-0.08240397481433347,-0.6218774516059522,6.259411473902665e-06,0.0009061311381148703,0.00014178651921496134,0.0032895240593319667,89.258333
10232,0.2678508749603259,-346.111179927875,0.6067452550012594,-2.4984944758542587,0.1465329895463787,-0.08703900551201303,-0.6210111167846198,6.161685348747563e-06,0.0008844230116151358,0.00013779689805520565,0.003128404413019192,89.266667
10233,0.27280692328316025,-346.1311163166521,0.5857459949888082,-2.410504698824654,0.14738124306640799,-0.09156596571392434,-0.6201588149749038,6.074402743629039e-06,0.0008637205402908073,0.00013426614508010274,0.0029846189368999644,89.275
10234,0.27757637390867607,-346.1503910321397,0.5634790335179116,-2.3301452181983766,0.148069259555117,-0.09599749112724068,-0.6193242194102172,5.996885385515927e-06,0.0008440350672740734,0.00013113633427645595,0.0028564136969586886,89.283333
10235,0.2821491679084805,-346.1689526087305,0.5400318060610287,-2.256804119802187,0.14860776994650984,-0.10031263441847257,-0.6185108073134625,5.928519216154611e-06,0.0008253687903424572,0.00012835736160578292,0.0027422681318696523,89.291667
10236,0.2865167187305132,-346.186918610062,0.5154934828249094,-2.1899275670263436,0.1489917631970405,-0.10451655445520193,-0.6177218281882629,5.868747917758961e-06,0.0008077161993695182,0.00012588599691419606,0.0026408618008605176,89.3
10237,0.29066887581954753,-346.20431004197314,0.4899440910473403,-2.12902392762078,0.14922418003582483,-0.10860012695981627,-0.6169608327867723,5.8170667301425395e-06,0.0007910652998989304,0.0001236850421552357,0.002551042734628504,89.308333
10238,0.29459867000166756,-346.2212610265197,0.46346385250388905,-2.0736522808121647,0.14929668917860478,-0.11257273252447703,-0.6162307937520485,5.7730167760654785e-06,0.000775399690845149,0.00012172259080159909,0.002471804669475804,89.316667
10239,0.29829688317126357,-346.2377373518563,0.43612220984693556,-2.023416964996791,0.14921750416690144,-0.11641825523465557,-0.6155350834634199,5.736179721444189e-06,0.0007606987771954138,0.00011997134888230805,0.002402268369301434,89.325
10240,0.3017570226521578,-346.2538009921668,0.4079893967489671,-1.977965770088881,0.14898531115865338,-0.12013631666310283,-0.6148765365124791,5.7061731006975375e-06,0.0007469396991917066,0.00011840807817378102,0.0023416670605189583,89.333333
10241,0.3049724672103118,-346.26957257128703,0.3791349647014503,-1.9369944437564408,0.14859066214891112,-0.12373554262806519,-0.6142579615183563,5.682646031301324e-06,0.0007340974054022457,0.00011701308284885237,0.00228933340315749,89.341667
10242,0.3079375970637414,-346.2850779816991,0.34962250347895674,-1.9002254399995564,0.1480350415161768,-0.1272110430554443,-0.6136819124628408,5.665275516144017e-06,0.000722145594524348,0.00011576978313055873,0.002244687971639966,89.35
10243,0.3106469743479864,-346.30037272472754,0.3195145996263458,-1.8674181164392791,0.1473159324483297,-0.130562574855903,-0.613150831989875,5.653763208784094e-06,0.0007110571918342746,0.00011466435633566727,0.0022072311198730933,89.358333
10244,0.3130958738728691,-346.315417496575,0.28886856592229937,-1.838348329408986,0.14644322885184513,-0.13377637452951222,-0.6126669364484963,5.647832645898165e-06,0.000700804967673713,0.00011368542790600165,0.002176534815874532,89.366667
10245,0.3152802249422898,-346.33027238746837,0.25774401631842053,-1.81283266966093,0.14541412295368292,-0.13685379422678173,-0.6122322145455472,5.647226892830561e-06,0.0006913619147177544,0.00011282381315753416,0.0021522368502985474,89.375
10246,0.317194735217503,-346.34499068548314,0.2261983066536795,-1.7907155103796895,0.14422557244428036,-0.1397946753079366,-0.611848793154541,5.65170658732142e-06,0.0006827015598028033,0.00011207229515523908,0.0021340343824149087,89.383333
10247,0.3188370830168368,-346.35961170224425,0.19428846854233467,-1.7718592029918627,0.1428773415240206,-0.14259804486908448,-0.6115180909462474,5.661048379848769e-06,0.0006747987034188182,0.0001114254466535416,0.0021216791818022994,89.391667
10248,0.320204707561618,-346.3741358489125,0.16206882214653456,-1.7561422436652647,0.14137440577117,-0.14525729628884468,-0.611241448155885,5.6750436728186945e-06,0.0006676289629394562,0.0001108794813886564,0.0021149740218990975,89.4
10249,0.32129571069552937,-346.3886365989033,0.12959593062049496,-1.7434777968257913,0.13971133038895905,-0.14777648386860126,-0.6110199404703419,5.693497696582616e-06,0.0006611692010503533,0.00011043213720416143,0.0021137697159647785,89.408333
10250,0.32210691271631076,-346.40308260263663,0.096920647142476,-1.7337799367909217,0.13789728207391794,-0.15014427262449426,-0.6108547697044592,5.716228873313778e-06,0.0006553976394241728,0.00011008258937377336,0.0021179618878022365,89.416667
10251,0.32263756988610925,-346.4175702919277,0.06409976163137578,-1.727006135720178,0.13592341023262539,-0.1523681307328949,-0.6107465038489348,5.743068459077942e-06,0.0006502944211924205,0.0001098313760133975,0.0021274900076345272,89.425
10252,0.32288595539296894,-346.4320738128294,0.03118394656092619,-1.7231071573496002,0.13379864670622565,-0.1544380556663521,-0.610695768593151,5.773860421580076e-06,0.0006458411727621727,0.00010968036505305112,0.0021423347288107384,89.433333
10253,0.3228513685683527,-346.44661361747194,-0.0017740917417728241,-1.7220608697784723,0.13152548684508,-0.15635090541669294,-0.6107028355604263,5.808461575829119e-06,0.0006420214517965281,0.00010963271825201098,0.0021625182174750536,89.441667
10254,0.3225347072279617,-346.4612658670967,-0.034718397047015404,-1.723875613476608,0.12909824309277548,-0.15811139398106924,-0.6107675035557489,5.84674192324037e-06,0.0006388206383632558,0.00010969289134052036,0.0021881032926951826,89.45
10255,0.3219350753684071,-346.4760271433521,-0.06759809073636895,-1.7285600455403716,0.12652289838212205,-0.15971265301707818,-0.6108897914740707,5.8885852244344885e-06,0.0006362257103070996,0.00010986666735656939,0.0022191926115799777,89.458333
10256,0.3210537733286052,-346.4909284060659,-0.10035917538563548,-1.736147435177445,0.1238009875693459,-0.1611531996469816,-0.6110691240738603,5.933889791439921e-06,0.0006342258245203872,0.00011016117743549293,0.00225593029748872,89.466667
10257,0.319891430472744,-346.5060395344381,-0.13294651870527055,-1.7467018033181436,0.12092751533978324,-0.162435664283614,-0.6113049187422653,5.982569465070266e-06,0.0006328119062984624,0.0001105849703124516,0.002298502098795121,89.475
10258,0.3184501516933944,-346.5213161336677,-0.16530884336536444,-1.7602718844268506,0.11791664210716142,-0.1635491526296395,-0.6115961517736181,6.034554821868896e-06,0.0006319769359389502,0.0001111481081766104,0.0023471362580156545,89.483333
10259,0.31673225682124573,-346.53679065045293,-0.19739120792749232,-1.7769478847879279,0.11477041464506911,-0.16449230553606004,-0.6119416197789055,6.089794564127792e-06,0.0006317157357885378,0.00011186223746676723,0.00240210636214201,89.491667
10260,0.3147397529251649,-346.55252615743166,-0.2291371686446668,-1.7968513524032113,0.11148584842720378,-0.16526669996137022,-0.6123400494499319,6.148257107431802e-06,0.00063202505103944,0.00011274074500365498,0.0024637323050940457,89.5
10261,0.31247568703241607,-346.5685138410419,-0.26049241607926205,-1.8201020373245789,0.10807236588360315,-0.1658659074844643,-0.6127898311351746,6.209932411208773e-06,0.0006329037413050209,0.00011379893477683216,0.0025323821479628075,89.508333
10262,0.309943724048558,-346.5849777957958,-0.2913890523070911,-1.8469232756541931,0.1045012011749871,-0.16630837559984407,-0.6132891127635693,6.274834016391405e-06,0.0006343526688008988,0.00011505418957708014,0.002608475551958466,89.516667
10263,0.30714907101412325,-346.6016637378596,-0.3217824057674145,-1.877395520387382,0.10082383247621624,-0.1665619616773865,-0.6138356297926904,6.343001372477548e-06,0.0006363746686529227,0.00011652634988954175,0.0026924814691455857,89.525
10264,0.3040938056684123,-346.6188397692422,-0.35160211877143766,-1.9118161533726903,0.09700429728870469,-0.16664744653278474,-0.6144276259638943,6.414502318828901e-06,0.0006389744002110431,0.0001182376894824752,0.0027849299359208853,89.533333
10265,0.300786253788244,-346.63633873166975,-0.3807942030571673,-1.9503455578514,0.09308144721550123,-0.16654441903207615,-0.615062040244345,6.489435834535201e-06,0.0006421591392824523,0.00012021355729658782,0.002886405542732251,89.541667
10266,0.297230368976012,-346.65442274973486,-0.40928312085771207,-1.9933475088907353,0.08902171129055533,-0.1662711951619363,-0.6157365810590778,6.567935066016415e-06,0.0006459375460121619,0.0001224824531821577,0.002997556857845499,89.55
10267,0.2934319852900064,-346.6729630133347,-0.43701309044559206,-2.0410641821608313,0.08485774356915714,-0.16580981471345382,-0.6164485228930647,6.650170632695624e-06,0.0006503207901845049,0.0001250767878362412,0.003119089991875906,89.558333
10268,0.28939916151037665,-346.6920685203169,-0.4639091411568545,-2.0938726794731406,0.08058380489781519,-0.16516506877493192,-0.6171946719802132,6.736354228736977e-06,0.0006553222917509712,0.00012803300417355717,0.0032517806869867007,89.566667
10269,0.28513939688723244,-346.71179832781405,-0.48989758780464066,-2.152174314337007,0.07620295957582923,-0.16433606524538624,-0.6179719081702247,6.826742404202925e-06,0.0006609573401803662,0.0001313923676436517,0.0033964671460614405,89.575
10270,0.28066019070052395,-346.73215404533465,-0.5149062215871959,-2.2163914868281216,0.0717284126802121,-0.1633170602141824,-0.6187770885653204,6.921640698785869e-06,0.000667243384914949,0.00013520152341895222,0.003554052348858957,89.583333
10271,0.2759706023031041,-346.7531898259163,-0.53885409252094,-2.2870217750446584,0.0671658072134921,-0.16210706453755114,-0.6196067838915084,7.021407937425183e-06,0.0006742001687650702,0.0001395130695994752,0.0037255072140262814,89.591667
10272,0.27108073411856815,-346.7749065072456,-0.5616595597144544,-2.364591516071312,0.06253038681370562,-0.16070182564849786,-0.6204574011438402,7.126460665883634e-06,0.0006818494642350555,0.00014438635470667352,0.00391186748879231,89.6
10273,0.2659998639217739,-346.79743272174096,-0.5832274812502699,-2.449758366460967,0.05781737531792731,-0.1591045329035357,-0.6213255277202875,7.2372776155612186e-06,0.000690214922300781,0.0001498881409494555,0.004114236901620028,89.608333
10274,0.2607409632185827,-346.82099364985964,-0.6034423315887969,-2.543305923955686,0.053008960843299445,-0.15732383082226098,-0.6222071801271037,7.354404123444891e-06,0.0006993222733133553,0.0001560935936324286,0.004333784228707269,89.616667
10275,0.2553153209066325,-346.8455271561697,-0.622209876450923,-2.6459351911912172,0.04813384674031697,-0.15534989921531647,-0.623098751633937,7.478456440017933e-06,0.0007091983844722882,0.000163087379826499,0.00457173560253694,89.625
10276,0.24973619795006827,-346.87099558040194,-0.6394259063793709,-2.7584307808936717,0.04321749887037766,-0.15317713229156826,-0.6239964155428461,7.610125213720678e-06,0.0007198715838196381,0.0001709636235566308,0.004829416283844419,89.633333
10277,0.24402461871835482,-346.89770046941857,-0.6549317999893081,-2.8818579783236316,0.038235529251637916,-0.15081928663800873,-0.6248952710309539,7.750177461674133e-06,0.0007313709271798265,0.00017982628995346657,0.005108290738416319,89.641667
10278,0.23818456047941086,-346.9256666828405,-0.6686136776334491,-3.017238188634919,0.03320515044249507,-0.14826569851812602,-0.6257932672241078,7.899456914624597e-06,0.0007437238191822748,0.00018979046100083618,0.005409981870773028,89.65
10279,0.23223809941016216,-346.9550234908269,-0.6803059219391516,-3.1657185177666287,0.028132037574937534,-0.1455202462981382,-0.6266856939927794,8.058881802055101e-06,0.0007569596412576725,0.00020098048652031727,0.005736469175237611,89.658333
10280,0.226202559670798,-346.9858646437158,-0.6898423196416024,-3.3285195901332907,0.023027867429503315,-0.14258188807157418,-0.6275688290471367,8.22943806653525e-06,0.0007711042930946435,0.00021352924798628744,0.006090264510010455,89.666667
10281,0.22009636192580326,-347.0182245740111,-0.6970491701367099,-3.5068955285915906,0.01791406973369156,-0.1394488188504767,-0.6284390389709916,8.412166387968853e-06,0.0007861802502726045,0.0002275749406901152,0.00647480653315537,89.675
10282,0.2139464222965476,-347.05243259169913,-0.7016818610658538,-3.702355993328231,0.012772953488687852,-0.1361293379531817,-0.6292917985192595,8.608140445286902e-06,0.0008022048100441206,0.00024325575809253542,0.006895087893262126,89.683333
10283,0.20777340483812012,-347.08856669856357,-0.7035220791500886,-3.9162766338342583,0.007623687185213735,-0.13262111331238874,-0.6301238230486803,8.81843338036342e-06,0.0008191859503964829,0.0002607038924953299,0.0073585111203596,89.691667
10284,0.2015997241234307,-347.1266787141015,-0.7023358103644585,-4.149997835039106,0.002489755397514865,-0.12892332648754445,-0.6309319215901559,9.044068377198762e-06,0.0008371219349184622,0.00028003256108728936,0.007876398475723042,89.7
10285,0.19546219791634573,-347.1671372980916,-0.6977896058442371,-4.404945820335957,-0.0026449727822951572,-0.12504462924306078,-0.6317114511329096,9.285947643060116e-06,0.0008559986479282615,0.00030131941775952866,0.008466118812100035,89.708333
10286,0.1893870772629417,-347.2100004527213,-0.6896008787689348,-4.682162701181314,-0.007755070002062534,-0.12098429749254186,-0.6324596203122372,9.544753766909794e-06,0.0008757834738228734,0.0003245870102833232,0.00915380632823947,89.716667
10287,0.18339968579133337,-347.25555143292485,-0.6774336485905127,-4.9826303134476975,-0.012841775987212525,-0.11673946053157622,-0.6331741465191791,9.820817439479549e-06,0.000896426974904253,0.00034977213220110964,0.009978328869356765,89.725
10288,0.1775469618583136,-347.3039112668119,-0.6609149884851283,-5.3064298721016865,-0.01788694957362623,-0.11232055094684172,-0.6338506634420671,1.0113946394521623e-05,0.0009178632129359318,0.00037669333136083937,0.01099583217665918,89.733333
10289,0.17186824166169573,-347.35525704315154,-0.6396723295609975,-5.652998347182509,-0.022879882491561063,-0.10773180100738187,-0.6344863140406405,1.0423208381027892e-05,0.0009400063130005703,0.0004050119604503684,0.012284211054648152,89.741667
10290,0.16640693548921226,-347.40977897192477,-0.6133228418459086,-6.020672718587875,-0.02781279274254773,-0.10297805012524054,-0.6350783277897802,1.0746669499621978e-05,0.0009627592943638072,0.0004341966355003017,0.01394627453171704,89.75
10291,0.1612128728587803,-347.4676311060085,-0.581493470136794,-6.406212484162002,-0.03267720647513225,-0.09806681436176172,-0.6356237981494379,1.1081100574098259e-05,0.0009860245828899538,0.00046349827572415137,0.016108473383689932,89.758333
10292,0.1563344848341023,-347.5289065246771,-0.5438700302157531,-6.804564390460095,-0.03746219383929934,-0.09300432843059896,-0.6361205008502085,1.1421674149630186e-05,0.0010097194480783926,0.0004919489782628475,0.018910796974133903,89.766667
10293,0.15182388177843717,-347.59365414713267,-0.5002105022815005,-7.2084398603534465,-0.042158853795352974,-0.08779809614515723,-0.6365662872285556,1.1761699209247106e-05,0.0010337982542555399,0.000518402335834665,0.022483000181788768,89.775
10294,0.14774292454334345,-347.6618543776611,-0.45037291711525224,-7.607776260750657,-0.046762194074037464,-0.08246053738242512,-0.6369584520641702,1.2092464454158722e-05,0.0010582732961545009,0.0005416279206246793,0.02690274185996704,89.783333
10295,0.14413802076879748,-347.7333642362347,-0.39443426590744,-7.990581423272839,-0.05126156967939444,-0.07699684252779494,-0.637296046112601,1.2403276243718211e-05,0.001083225736392167,0.0005604615273280954,0.032136264626815896,89.791667
10296,0.14106409909522316,-347.8079332183492,-0.3326642524421225,-8.342468518025285,-0.05565100222367773,-0.0714182919110726,-0.6375773727227192,1.2681799857717158e-05,0.0011088049452422867,0.0005739990698523237,0.03797709083295222,89.8
10297,0.1385731927662179,-347.8851520264238,-0.2656030657466659,-8.647741530965758,-0.05992445034100395,-0.06573854153083758,-0.6378009227687954,1.2914777474047555e-05,0.0011351880557598096,0.0005817721517809644,0.04400436343757663,89.808333
10298,0.1367051971550968,-347.964542511751,-0.19407093337629444,-8.89117242873761,-0.06407920534410498,-0.05996487628238911,-0.6379659722359068,1.308912184890882e-05,0.0011625057013053834,0.000583850115952862,0.04959758483324245,89.816667
10299,0.13549705531860484,-348.04536084999165,-0.11918981967864149,-9.059013138567527,-0.06810753580226343,-0.05411648393456106,-0.6380715339282139,1.3193299068324781e-05,0.0011907410698694656,0.0005808082438756631,0.054032216813276614,89.825
10300,0.1349767630798687,-348.1265069459925,-0.04238200388452048,-9.141002892934281,-0.07199413184924489,-0.04823302827268386,-0.6381167076945409,1.321877554463007e-05,0.001219622319664294,0.0005735443706853095,0.05664668157348746,89.833333
10301,0.13514578233066327,-348.20794884007785,0.035076018710015096,-9.132946387954238,-0.07577354039503868,-0.04226883982208721,-0.6381020517378833,1.3161217011870804e-05,0.0012485534020684262,0.0005630134737649622,0.057029472350047336,89.841667
10302,0.13600373744543726,-348.28842897726594,0.11155468159513053,-9.035528612958007,-0.07942437971589952,-0.03626773041486881,-0.6380273758337482,1.3021165925076614e-05,0.001276621830124869,0.0005499852033249512,0.05513569141212068,89.85
10303,0.1375354640904674,-348.36713126584584,0.18560777112169224,-8.85527351907931,-0.08294798801552221,-0.030245791744717452,-0.6378928875931382,1.2804011600627124e-05,0.0013026839682979622,0.0005349173524135193,0.05130168098470552,89.858333
10304,0.13971171331782503,-348.4433414512815,0.25596964091077223,-8.60345102273501,-0.08634646566873648,-0.024217464363540747,-0.6376992355039469,1.2519245947327591e-05,0.0013255217314184203,0.0005179926069664384,0.046129207223388924,89.866667
10305,0.14249546827927992,-348.5160572770301,0.3215276591723748,-8.294410170747796,-0.0896169381933998,-0.018234116743394455,-0.6374471225532583,1.2179214520594435e-05,0.0013440213404699128,0.000499262833923661,0.040309883383600364,89.875
10306,0.14582602502564387,-348.5857255525473,0.38177088118053215,-7.943960333548496,-0.09277319262523025,-0.012228857945232255,-0.6371389977387018,1.1797659763414978e-05,0.0013573225544154203,0.0004788110159565411,0.034464327140071,89.883333
10307,0.14966418385915456,-348.6514950726827,0.4361198227867718,-7.566693160648658,-0.09581585674365369,-0.006264671093122762,-0.6367751472604555,1.138836718078771e-05,0.0013649128334199978,0.0004568565133225348,0.029038080280944227,89.891667
10308,0.15393786894676967,-348.71318911905274,0.4843902056367416,-7.176930521723659,-0.098740291041616,-0.00035501527656372334,-0.6363589722516454,1.096408841099249e-05,0.0013666321920033017,0.0004337794539547318,0.0242856943559937,89.9
10309,0.15861441759964887,-348.77098806080807,0.5266248730990932,-6.784804855695073,-0.10156641738116653,0.005510654420988993,-0.6358902485682629,1.0535864821730943e-05,0.001362650164343907,0.00041007456398018646,0.020295012928213493,89.908333
10310,0.16362950584130456,-348.82479199337735,0.5629617354350891,-6.399708918231849,-0.1042922682938465,0.011308348579554464,-0.6353721403260673,1.0112685731405533e-05,0.0013533704139398008,0.0003862844203097966,0.017041208352525525,89.916667
10311,0.1689293974610276,-348.87475665270154,0.5936796131263006,-6.028144267491289,-0.10692133470816234,0.017032507638732153,-0.6348072420378974,9.701465158231585e-06,0.001339367609363251,0.0003629229471731932,0.014436688979031179,89.925
10312,0.1744620396867898,-348.9207433866634,0.6190692504409886,-5.674748816941903,-0.10946302615492541,0.022640771820633874,-0.6341985131111332,9.307205491198565e-06,0.0013213052857092987,0.00034042461456445356,0.012370653159126393,89.933333
10313,0.18019080265418433,-348.96348281193144,0.639572996330081,-5.3416236372129005,-0.11191708363055712,0.028183839999258175,-0.6335477489743983,8.93326664578628e-06,0.0012998751769340397,0.0003191173984618105,0.010733736574316238,89.941667
10314,0.18606624727877183,-349.0029705287875,0.6555367282596808,-5.030435852532189,-0.11428625863141767,0.03363031215094062,-0.6328587250474336,8.581664747164467e-06,0.0012757455815045355,0.00029922246036865387,0.00943005132342977,89.95
10315,0.19205165378372818,-349.0394258847001,0.6673249135860815,-4.741482819968024,-0.11657501037249889,0.038973752093333834,-0.6321343419562168,8.253375146308788e-06,0.0012495438329958143,0.00028086124920757106,0.008381441846223652,89.958333
10316,0.19810715004458038,-349.073191454449,0.6753058847099868,-4.474431547020801,-0.11877803692926735,0.04422180125262244,-0.6313784308267136,7.94859560434109e-06,0.0012218349216893724,0.00026407398614386414,0.0075271293332474275,89.966667
10317,0.2042046285295195,-349.1044368661711,0.6797929565713056,-4.228408240603216,-0.12090051110339475,0.04936527394500811,-0.6305938858086655,7.666970696968093e-06,0.0011931188750357031,0.0002488395477893324,0.006821158545172501,89.975
10318,0.2103131220985011,-349.1334067066042,0.6810891229035806,-4.002320490332455,-0.12294011229006464,0.054404338533557424,-0.6297844150301216,7.4077681922020015e-06,0.0011638255262832894,0.00023509351554062125,0.0062294804914375035,89.983333
10319,0.21640745819064316,-349.1602322845099,0.6794568152948969,-3.794912295899939,-0.1249012375343356,0.059327995921893695,-0.6289534024379575,7.1700183349760155e-06,0.0011343212282841236,0.00022274394893078109,0.005727036311137225,89.991667
10320,0.22246142525118726,-349.18524262979804,0.6751564033397986,-3.604830026553377,-0.12677368160959618,0.0641509862588345,-0.6281047661729432,6.952616550467767e-06,0.0011049123405767463,0.00021168343912128412,0.005295423123745292,90.0
10321,0.22845316581238123,-349.20866129410854,0.6684112694826945,-3.4307312909776457,-0.12855173631053465,0.06887818104547969,-0.6272421860361538,6.754398945083672e-06,0.0010758530298138201,0.00020179850756127732,0.004921021588354052,90.008333
10322,0.23436335785774762,-349.2306030875587,0.659413937838227,-3.271341421112465,-0.13023580190492592,0.07350284171964185,-0.6263692847173449,6.57419450289992e-06,0.001047350222705759,0.000192975745658753,0.004593657949869413,90.016667
10323,0.24017468917610268,-349.25122827141666,0.6483423079731028,-3.125434691190732,-0.1318224526302241,0.07802595779890308,-0.6254896510479739,6.410860492075986e-06,0.0010195693389682917,0.00018510590568246657,0.00430562568313435,90.025
10324,0.24587029088181822,-349.2706596773711,0.6353557741723455,-2.991883453137625,-0.13330929250249673,0.08244509461729663,-0.6246070377301466,6.263305054672035e-06,0.000992639764555779,0.00017808654085144592,0.0040509806741591,90.033333
10325,0.25143570520845704,-349.28902213334123,0.6205988749911482,-2.869635864903237,-0.13469336222211895,0.08676003095411548,-0.6237250258552578,6.130500518121493e-06,0.0009666604773492335,0.0001718233833308797,0.003825050813768353,90.041667
10326,0.25685539430678117,-349.3064960282244,0.6042082989071695,-2.7577357578723753,-0.13596432226764676,0.09097887579215054,-0.6228475414625123,6.011489762466918e-06,0.0009417041085751726,0.00016623091314636488,0.003624095563966437,90.05
10327,0.2621173482233222,-349.3231854688974,0.5863031784134515,-2.655308708276796,-0.13711824789572688,0.09510180195233243,-0.6219780912825028,5.905388178829528e-06,0.000917821967096581,0.00016123241043123284,0.003445062910401575,90.058333
10328,0.2672095674174963,-349.33917297529683,0.5669924474046217,-2.561571000092274,-0.1381519324861083,0.09912689882096382,-0.6211202896029819,5.811382136416427e-06,0.000895046507526178,0.0001567595754520014,0.003285428753793653,90.066667
10329,0.27212192956273984,-349.354492134749,0.5463740221838089,-2.4758122198586383,-0.1390670820995213,0.10304685606957702,-0.6202775224095267,5.728725688783977e-06,0.0008733949295258141,0.00015275201095699757,0.0031430772501634036,90.075
10330,0.27684467322562994,-349.3692613264418,0.5245438069503915,-2.3973892761539712,-0.1398561683876301,0.10686688336564673,-0.6194531734357683,5.656735962928012e-06,0.0008528715556917703,0.00014915659056989283,0.0030162171592280945,90.083333
10331,0.28135833958803064,-349.3829803541187,0.5015616999142645,-2.3257906563210624,-0.14057368504828802,0.11050227346160975,-0.6186524058853731,5.594788004409009e-06,0.0008334704407508762,0.000145926816532258,0.002903316840222126,90.091667
10332,0.28566344985598124,-349.3963590459438,0.4775420914562677,-2.260431577707322,-0.14115315138747805,0.11404579874992639,-0.6178768941438699,5.542309829619793e-06,0.0008151811058380621,0.0001430221654310897,0.002803063523843345,90.1
10333,0.2897609684366158,-349.40999306439954,0.4525871469507341,-2.2008279030403917,-0.1415314314019468,0.11757646355429144,-0.6171281405181442,5.498776366277127e-06,0.0007979828990109636,0.00014040743862257164,0.0027143170426918366,90.108333
10334,0.29363457972664436,-349.42336996827265,0.42674150804835803,-2.1466129760054997,-0.14176313720536543,0.1210102586521098,-0.6164107744894165,5.463704439177105e-06,0.000781847496123132,0.00013805218193913737,0.00263608572839707,90.116667
10335,0.2972737999736024,-349.4363847938702,0.40006702768059865,-2.097429182556038,-0.1418623989441954,0.12432265715564292,-0.6157283892753026,5.436648623830103e-06,0.0007667465934898993,0.00013593024131026832,0.0025675140412298974,90.125
10336,0.30068327655685867,-349.44920001249255,0.3726381296546327,-2.052910518308236,-0.14181772050521588,0.12753340228593363,-0.6150816841103942,5.417196830796165e-06,0.0007526505650885063,0.00013401926052839384,0.0025078609763198364,90.133333
10337,0.3038493428325397,-349.46184662525064,0.34451597393867306,-2.0128028855157116,-0.14162427253086846,0.13063638338761419,-0.6144747459753791,5.404966163758012e-06,0.0007395248006542483,0.00013230023481585512,0.0024564862873129993,90.141667
10338,0.30676892299725056,-349.4743690885295,0.3157634496716126,-1.976843136985709,-0.14128006683645639,0.13363179940943207,-0.6139096004928444,5.399599980045638e-06,0.0007273366611944356,0.0001307572085177302,0.0024128354976906403,90.15
10339,0.3094360087011381,-349.4867601298715,0.28643812738146057,-1.9448068627376955,-0.1407884268425976,0.13651140828838337,-0.6133887567850497,5.400764828005519e-06,0.0007160526950994751,0.00012937693490085587,0.002376432829573823,90.158333
10340,0.3118471277684018,-349.4990532657593,0.2565988270413617,-1.9164936707891442,-0.14014831805627212,0.13927387849697273,-0.6129141443876202,5.408148069209004e-06,0.0007056402351948894,0.00012814862016138597,0.002346873091143578,90.166667
10341,0.31399780798298044,-349.5112707827633,0.22630186348586767,-1.8917331767042254,-0.1393595851867544,0.14191590718201075,-0.6124877908834451,5.421455826897969e-06,0.0006960671729914471,0.0001270636906196857,0.002323814801366355,90.175
10342,0.31588475269226685,-349.5234791018916,0.19560484963477506,-1.8703833160082766,-0.13841607991163946,0.14444082164956887,-0.6121113873627022,5.4404113766378245e-06,0.0006873027204594994,0.00012611560499534364,0.0023069745847283,90.183333
10343,0.3174964196087987,-349.53589142692294,0.16456517131746054,-1.852382007758567,-0.13728610792271573,0.14686821459882354,-0.6117881698659974,5.4647538744696424e-06,0.000679317440301622,0.00012529969549587763,0.0022961221193011933,90.191667
10344,0.31884840058457414,-349.54808508064554,0.1332311888953414,-1.837480802946927,-0.1360423750754996,0.14914222566358495,-0.6115158063238672,5.494237556507049e-06,0.0006720856251249606,0.0001246130515496287,0.002291074916248557,90.2
10345,0.31992965243062704,-349.56036271591296,0.10166123153228256,-1.8256778723431941,-0.13464053887303493,0.1512950693362732,-0.6112971781077605,5.528630824683046e-06,0.0006655784909558994,0.00012405437326587688,0.00229170132279717,90.208333
10346,0.3207364026729679,-349.57259318515685,0.0698998479937094,-1.8168815633577058,-0.13310338455236354,0.15330276879054708,-0.6111335883240732,5.567716145857642e-06,0.0006597717161543984,0.00012362395242163348,0.0022979109793292377,90.216667
10347,0.32125131255001177,-349.5844011818275,0.037967165166617835,-1.811002136538017,-0.13148741736650515,0.15510374251690032,-0.6110289688775301,5.611289974950507e-06,0.0006546434443268581,0.00012332357615222857,0.0023096577381931027,90.225
10348,0.3215084197915086,-349.5968882592957,0.005998097564160653,-1.808146738357332,-0.12964050374437935,0.1568545893886932,-0.6109766691557118,5.659163063854025e-06,0.0006501775855462836,0.0001231564210180139,0.0023269440067381687,90.233333
10349,0.32149025504654893,-349.6095130148844,-0.025997044646113708,-1.808225923487605,-0.1276430124630227,0.1584700824823258,-0.6109803654810927,5.711160540689784e-06,0.000646351155075149,0.0001231272894070209,0.002349793430148033,90.241667
10350,0.3211954428744124,-349.62220318078744,-0.057971521208033484,-1.811223286433416,-0.12551057068237723,0.1599353822303375,-0.6110403283203326,5.767122935720778e-06,0.0006431479277551201,0.0001232424094384115,0.0023782783466829,90.25
10351,0.3206255143329693,-349.63510851026626,-0.08986502613296017,-1.817190374718453,-0.12322469700438574,0.16126503434797118,-0.6111560974259563,5.826906979426361e-06,0.0006405540562746885,0.00012350948987920328,0.00241251204042999,90.258333
10352,0.31978155591345186,-349.64819068433366,-0.12162703380305016,-1.826148833036294,-0.12079669715575199,0.16244927683378474,-0.6113271653447456,5.890386699518867e-06,0.000638557437837867,0.00012393783158027533,0.002452645270968959,90.266667
10353,0.3186545101260459,-349.6616390683518,-0.15320618436476108,-1.8382349590862699,-0.11819742969468644,0.1635005856023627,-0.6115549352243461,5.957454744142587e-06,0.0006371479712289202,0.00012453835253120935,0.002498869653377078,90.275
10354,0.3172654733880833,-349.6750945253098,-0.18454634911623824,-1.8533534128735774,-0.11549834494464815,0.1643809222330041,-0.6118345833612825,6.028023995499073e-06,0.0006363199050912003,0.00012532375987968307,0.002551418320356707,90.283333
10355,0.31560670494572285,-349.6888583389988,-0.21558995371013337,-1.8717113425234184,-0.11265283193852242,0.1651164138889754,-0.612166988653158,6.102029109204397e-06,0.0006360649522064621,0.00012630845953219352,0.002610566503387209,90.291667
10356,0.31368027636443946,-349.70285473135755,-0.24628751007657423,-1.8933922733136472,-0.1096796976116698,0.1656932425539173,-0.6125509170508044,6.179428484803324e-06,0.0006363793283892423,0.0001275089796660105,0.002676631354299831,90.3
10357,0.3114913585364605,-349.7171826874678,-0.2765754334105511,-1.9185521416885676,-0.10657021813713193,0.16611871507318007,-0.6129843992995578,6.260206419183364e-06,0.0006372613882588063,0.00012894397012688772,0.0027499771336131316,90.308333
10358,0.3090399654578382,-349.73174127495037,-0.30640818517852797,-1.9473133702046619,-0.10334735228085455,0.1663756143341771,-0.6134663743087002,6.344375413904322e-06,0.0006387110093760965,0.00013063452197481168,0.0028310118491325998,90.316667
10359,0.30633245767017364,-349.7466789099767,-0.3357160540122915,-1.9798982565542804,-0.09999504151779241,0.16647629342743966,-0.6139944202307673,6.431978714298894e-06,0.0006407309170402004,0.00013260424889771557,0.0029201966721111162,90.325
10360,0.3033738328044504,-349.76203783314145,-0.364436460985976,-2.0165227304218414,-0.0965146797673159,0.16642024626739707,-0.614566294957437,6.523093033431196e-06,0.0006433252730802145,0.00013487977384072373,0.0030180382202491898,90.333333
10361,0.30016718003338905,-349.77778051322326,-0.3925138371545914,-2.0574047034817817,-0.09292073891979999,0.1661979909063786,-0.615180036065282,6.61783152962349e-06,0.0006465001646445866,0.00013749098160252126,0.0031250930164300195,90.341667
10362,0.29671883244256475,-349.7939705248476,-0.4198801061453779,-2.1028270222391585,-0.08921228138705029,0.16581141441181518,-0.6158329776623457,6.716346964098692e-06,0.000650264163259424,0.00014047127957019217,0.0032419731949949386,90.35
10363,0.2930289541457326,-349.8108915856596,-0.44645644687898417,-2.1532255372481544,-0.08535070840381358,0.16527701257117708,-0.6165235424268194,6.818835042272147e-06,0.0006546276661344107,0.00014385811488301146,0.003369342534801187,90.358333
10364,0.2891179810289006,-349.8281311668074,-0.47218730866897435,-2.208708036879293,-0.08141897031769209,0.16456136397844426,-0.6172463215232318,6.9255381117407e-06,0.0006596043729550648,0.00014769371323182452,0.003507912567897283,90.366667
10365,0.2849784446468549,-349.8460806376262,-0.4969926361847685,-2.269863091785724,-0.07735976424210103,0.16368468059584518,-0.6180010557358642,7.036748702505203e-06,0.0006652068492369846,0.00015202471983680077,0.0036584547959050886,90.375
10366,0.28063320142205433,-349.8644604082571,-0.5208000646215333,-2.3369260793173217,-0.07323505052202658,0.16262870947194816,-0.6187819025363661,7.15281329090651e-06,0.0006714530509980513,0.00015690368650062025,0.0038217927714103038,90.383333
10367,0.2760832040791735,-349.88351103665406,-0.5435235683126252,-2.4104925004800575,-0.06901611265943558,0.16140387685188487,-0.6195870216576214,7.27413604685798e-06,0.0006783593616909897,0.00016238875492226228,0.003998805521143826,90.391667
10368,0.2713391668983965,-349.90329880653314,-0.565072451660735,-2.49110430166701,-0.0647063091215092,0.16001107223668365,-0.6204128165967709,7.401182353822253e-06,0.000685945811211122,0.0001685449239199872,0.004190426579379298,90.4
10369,0.2664083369085115,-349.92386040269673,-0.5853599988358442,-2.579356032258417,-0.06031373392772337,0.15844665097259297,-0.6212563279124529,7.534482354271506e-06,0.0006942337256418794,0.00017544436508854733,0.004397647328458708,90.408333
10370,0.26130282937332455,-349.94530605493634,-0.6042792721080191,-2.675936348218333,-0.055836832994692484,0.1567136735618114,-0.6221138041193789,7.67463380489134e-06,0.0007032465152080124,0.00018316672852370836,0.004621537478946589,90.416667
10371,0.25603610951107647,-349.9677027436279,-0.6217193535558133,-2.7815730346039147,-0.05128223664110012,0.1548123556147696,-0.6229813636298379,7.822304055343344e-06,0.0007130083568153091,0.0001917996767793754,0.004863256012746889,90.425
10372,0.25061644847095205,-349.991340420218,-0.6375449982513408,-2.8972313559669813,-0.0466225072036931,0.15274963611368905,-0.6238560756818653,7.978230596864666e-06,0.0007235436755170276,0.00020143883051073033,0.005124094848055961,90.433333
10373,0.24506820804895674,-350.01586772627775,-0.6516605279142377,-3.0234712416144482,-0.041932715734109206,0.15051043418115181,-0.6247325581637023,8.14321985804342e-06,0.0007348780067511371,0.00021218808552634426,0.005405536881799575,90.441667
10374,0.23939704523311914,-350.0415922384729,-0.6639186899156928,-3.1614280445563687,-0.03718408924939995,0.14810049144772877,-0.6256085841927315,8.318142302879845e-06,0.0007470336853151812,0.00022415656855908722,0.005709430165619859,90.45
10375,0.23361612102076285,-350.06880821565045,-0.6741452852720776,-3.31230561167463,-0.032354651457056544,0.1455246578568917,-0.6264808561805596,8.503923308058732e-06,0.0007600337279645146,0.0002374587117466011,0.006038162676155121,90.458333
10376,0.22774669450889565,-350.0975021552302,-0.6821789900779359,-3.4771236935527123,-0.027471014812822398,0.14277965106373516,-0.6273450623566521,8.701529291211966e-06,0.0007738989646832371,0.00025221139298502984,0.006394971213617837,90.466667
10377,0.22181608562437993,-350.1274737450797,-0.6878657094152895,-3.656753066330267,-0.022586437570101158,0.13986329734000577,-0.6281963256586853,8.911945091578734e-06,0.0007886449247125268,0.00026852779621461346,0.006784487050204476,90.475
10378,0.21583860157422044,-350.15914471935633,-0.6909731028808305,-3.8526582709732717,-0.017664965895414678,0.13678178026294355,-0.6290319596364032,9.136139084215065e-06,0.0008042790527265078,0.0002865090424775306,0.007213552119821613,90.483333
10379,0.2098397641743938,-350.1926778955339,-0.6912656372669005,-4.066049431963556,-0.01271135862568144,0.13353820703120295,-0.6298479826916817,9.375014948729594e-06,0.0008208024685309767,0.0003062370815257576,0.00769228208261229,90.491667
10380,0.20384188703974276,-350.2282047926428,-0.6885037012328006,-4.298092919553019,-0.007735819264251941,0.1301319632351269,-0.6306412148923367,9.62934582716163e-06,0.0008382054503486191,0.0003277596624649798,0.008235702503203721,90.5
10381,0.19787037973015434,-350.26585437559055,-0.6824259380349668,-4.549828420997242,-0.002750217505820845,0.1265636340649434,-0.6314084221104006,9.89968465701379e-06,0.0008564669644883184,0.0003510718161927243,0.008866009899312166,90.508333
10382,0.1919537698034638,-350.30584585980114,-0.6727316443892195,-4.822153057002996,0.002243829412007367,0.12283502789655154,-0.6321463705718979,1.018624634657421e-05,0.0008755530182840292,0.00037609303329979725,0.00961546880963603,90.516667
10383,0.18612078719544087,-350.34854393477093,-0.659073989464812,-5.11578754329438,0.007260234183074403,0.11894478074300202,-0.6328522266766596,1.0488756964019329e-05,0.0008954160550083638,0.0004026410341672289,0.01052983874251288,90.525
10384,0.18041573933097568,-350.393738882723,-0.6411758610735381,-5.430188962755175,0.012243931600593328,0.11490327369957433,-0.6335217727182553,1.080626768496261e-05,0.0009159969391761809,0.0004304035831274352,0.011671960499394327,90.533333
10385,0.17486866229380912,-350.442025605521,-0.6186245617827041,-5.765064097165312,0.0172349427282824,0.11070425163596768,-0.6341530084253115,1.1136930106710141e-05,0.0009372256886618284,0.0004589052600034121,0.013124784293533273,90.541667
10386,0.1695273655751351,-350.49314809153987,-0.5911548353538193,-6.118039451577019,0.022177711064119084,0.10636147861617855,-0.6347423868582723,1.1477744246177846e-05,0.0009590338799754625,0.0004874944477606044,0.014991429981445412,90.55
10387,0.16443466411245874,-350.54748118808476,-0.5583970227237207,-6.486135445810346,0.027090015750081284,0.10187479398586485,-0.6352874704202799,1.1824295356486122e-05,0.0009813625291592073,0.0005153318041079599,0.01739056219327241,90.558333
10388,0.15963364000026378,-350.6051081914069,-0.5200884355244162,-6.86455625250844,0.031959885853160404,0.0972467282067664,-0.6357862472760262,1.217051029061977e-05,0.0010041797790636112,0.0005414218514772469,0.020441845011358192,90.566667
10389,0.1551723685270496,-350.66613823198173,-0.4760145425654526,-7.246579523910451,0.036783016258954984,0.09247984491664486,-0.6362365917448373,1.250849148195691e-05,0.0010274986351637156,0.0005646760112909975,0.024239508083674043,90.575
10390,0.15110146963551813,-350.73056330091316,-0.4260829481229871,-7.623278262836404,0.041550065782649706,0.08757908457016768,-0.6366364807763603,1.2828494935663378e-05,0.0010513892589409622,0.0005840216773545498,0.02881103966742731,90.583333
10391,0.1474739486423044,-350.7985297142632,-0.37028635588720615,-7.983666117809596,0.0462723645540999,0.08254003623866434,-0.6369839270910158,1.3119133463158396e-05,0.0010759803103357192,0.0005985467348923195,0.034065863184414326,90.591667
10392,0.14433924899517614,-350.8693661537472,-0.30902028959324485,-8.314573503788575,0.050900771798708076,0.07738937002441817,-0.6372774195854735,1.3367881362343326e-05,0.0011014384021309858,0.0006076535413029529,0.039745807520059226,90.6
10393,0.1417446752145068,-350.9431554960249,-0.2426737170890035,-8.602262468788567,0.05545942596224994,0.07211530889710377,-0.6375156052761478,1.3561923930463886e-05,0.001127920704338989,0.0006111731129089527,0.0454068448896544,90.608333
10394,0.13972901184954375,-351.0192988750219,-0.17205263274918378,-8.832857027580529,0.05992582522793761,0.06673134071116779,-0.6376976841055962,1.3689318221053819e-05,0.0011554953188985036,0.000609392844298487,0.050446879005355015,90.616667
10395,0.13833071215725362,-351.09729438303197,-0.09814029138110385,-8.993643985421189,0.06429738513216839,0.061244196597323095,-0.6378224732041935,1.3740340150841552e-05,0.0011840465213491629,0.0006029595300848258,0.05420822090861512,90.625
10396,0.13757269226586438,-351.1764761151112,-0.022164766338500244,-9.075174653356157,0.06856489832856547,0.05566170378002145,-0.6378896002644178,1.3708778378213187e-05,0.0012131850049238268,0.0005926780391877714,0.056128039810740195,90.633333
10397,0.1374654156291936,-351.25602574065795,0.05447781178467506,-9.072387954749761,0.07271487995317383,0.049998345990826566,-0.6378990706276167,1.3592899576587713e-05,0.0012422070043681083,0.0005792834818176778,0.055895390776926054,90.641667
10398,0.1380114893050976,-351.33532212418436,0.13040599229496008,-8.985002309759114,0.07674867599484625,0.04425524875863235,-0.6378507869136399,1.3395845222738902e-05,0.0012701233681589317,0.0005632747950047254,0.05354607104162038,90.65
10399,0.1392036716346535,-351.413586650906,0.20423475692282583,-8.817692673032234,0.08066020922897071,0.038446374347290035,-0.6377447135199842,1.3125327095012467e-05,0.0012957630052676016,0.0005448833689225402,0.04944929693351444,90.658333
10400,0.14102244038941536,-351.49027232065475,0.2747585983070022,-8.579564006723698,0.0844506240899586,0.03257130046812912,-0.6375811439751269,1.2792682075704431e-05,0.0013179311542982123,0.0005241772771768127,0.04419752237536789,90.666667
10401,0.14342623674937113,-351.56463636103706,0.34091122958952397,-8.28366957730047,0.08810384470509812,0.026650648471494356,-0.6373617247373965,1.2411513347160064e-05,0.0013355789352022384,0.0005012299788419763,0.03844476644037109,90.675
10402,0.14638183178975567,-351.63625155650095,0.40193293283656023,-7.9436857959094835,0.09162207727338602,0.020693068440448745,-0.6370868893256466,1.1996233995531457e-05,0.0013479437165543333,0.0004762589270306876,0.032762365057727734,90.683333
10403,0.14984090990008245,-351.704818074453,0.45732276658462706,-7.573949062135565,0.09500176946107601,0.014704147525679482,-0.6367581680047831,1.156075389056498e-05,0.001354611442244477,0.00044968848474433534,0.02755407837255721,90.691667
10404,0.15375958974634119,-351.77003109821186,0.5067911715422372,-7.187491344846472,0.09824283298630705,0.008702023176565033,-0.6363765655926208,1.111751017384776e-05,0.001355524215608155,0.000422121890524978,0.023037958525104773,90.7
10405,0.1580876890507371,-351.8318785127205,0.5502935372075661,-6.795696993639497,0.10134525498157461,0.0026861451765239066,-0.6359437369711336,1.0676894416647868e-05,0.001350925721106495,0.0003942564028908288,0.019277585248889246,90.708333
10406,0.162764073763688,-351.8902340315279,0.5879201164173211,-6.408269058798546,0.1043006973670226,-0.003323814005096318,-0.6354626892786172,1.024704959818896e-05,0.0013412843857549778,0.0003667835436208954,0.01623212313876941,90.716667
10407,0.16775226754892908,-351.945160428768,0.6198816184581969,-6.031808005680486,0.10711750631848434,-0.009319410437745075,-0.6349342494346973,9.833952496113577e-06,0.001327213804230114,0.00034030520892410973,0.013805824643333575,90.725
10408,0.17299503827341264,-351.9966956593984,0.6464746345743323,-5.671671643809188,0.10979077007438548,-0.015283683615347685,-0.6343618119792674,9.441649002632247e-06,0.0013093832144093515,0.00031528841942118056,0.011885756434943533,90.733333
10409,0.17844591196916093,-352.0451348464583,0.6680661725422485,-5.3310223047275525,0.11231801593474937,-0.021223571940840652,-0.6337481644679954,9.072589941689653e-06,0.0012884726562908083,0.0002920490279213264,0.010363636966667991,90.741667
10410,0.18407256402668964,-352.0905690235254,0.6849948262804786,-5.011533614186726,0.11470657363137537,-0.02712311918636217,-0.633094977904068,8.727972221428546e-06,0.0012651280726023355,0.0002707624148435793,0.009146875124241977,90.75
10411,0.18983454384075232,-352.1330747688165,0.6976100707222191,-4.714085982819761,0.11695963437385933,-0.03296181374775339,-0.6324053094634734,8.408051264136695e-06,0.0012399323146448764,0.0002514863057223744,0.008161760375509664,90.758333
10412,0.19568903400619742,-352.17300613185546,0.7062876288679457,-4.438672710049626,0.11906920319443663,-0.03874976524699801,-0.6316830639014668,8.11241592712485e-06,0.0012134016228654845,0.00023418893350907782,0.007352041333139519,90.766667
10413,0.20159904315803961,-352.2104977851059,0.7113545112952323,-4.184754579385335,0.12103519749851083,-0.04447238647309154,-0.6309320093987025,7.84020980214604e-06,0.0011859862505963067,0.00021877712056797444,0.006675945582079535,90.775
10414,0.20754745913998132,-352.24568440539076,0.7130988116525833,-3.9512202099090237,0.12286869154491432,-0.050119441667381144,-0.6301538216030993,7.590300074792268e-06,0.0011580716048206583,0.00020511901914591502,0.006103023535798439,90.783333
10415,0.21350095083080356,-352.27875617849134,0.711807266633565,-3.7369706084678325,0.12456707918890586,-0.055684869860483155,-0.6293526441725386,7.361399458125004e-06,0.001129975063170913,0.00019306235681069623,0.0056112704236937275,90.791667
10416,0.21943189750725284,-352.30992006086507,0.7077400008040416,-3.540726540655285,0.1261278914388452,-0.061166901414702504,-0.6285323204486106,7.1521606562538815e-06,0.0011019636434041406,0.00018244824303573917,0.0051846575732470285,90.8
10417,0.2253224657620127,-352.339396302913,0.7011274599922935,-3.361107810800107,0.1275504951205051,-0.06656947658349133,-0.6276956974983293,6.961237967799094e-06,0.0010742587047615664,0.00017312019010885723,0.004811397578206456,90.808333
10418,0.23114608254150573,-352.36725687363423,0.6921758535272948,-3.196879291930859,0.12883670207825704,-0.07187655015206881,-0.6268471730907268,6.787327142154128e-06,0.001047038610780178,0.00016492975720642624,0.0044826908766214925,90.816667
10419,0.2368861947716943,-352.39361120313134,0.6810692806455507,-3.046772709439674,0.12999078238114323,-0.07708057338895757,-0.6259900114043098,6.6291924885933464e-06,0.0010204500206094135,0.0001577398584776866,0.004191813054914531,90.825
10420,0.24252191215174237,-352.418674164525,0.6679846940949271,-2.9096056539509356,0.13100472054806434,-0.08218755384239726,-0.6251283723072619,6.485679998740734e-06,0.0009946086417774648,0.00015142621785474322,0.003933516603788885,90.833333
10421,0.24803782508571462,-352.44237887057386,0.653064115364657,-2.7843005985823512,0.13189455581888665,-0.08716949195819923,-0.6242658235824609,6.355724345235211e-06,0.000969606399871088,0.0001458778737012462,0.0037035964360376044,90.841667
10422,0.2534202854865315,-352.4649468444171,0.6364528041885706,-2.669816724989882,0.1326526773997032,-0.09203774526200362,-0.6234058335480803,6.2383494560493844e-06,0.0009455132040896824,0.00014099660938132925,0.0034986243998084343,90.85
10423,0.2586523033690282,-352.48652162979624,0.6182809549707308,-2.5652349173125075,0.13327354555644863,-0.09679345166801755,-0.6225525700252184,6.132665988249442e-06,0.0009223800089445633,0.00013669627848652698,0.0033157446032530745,90.858333
10424,0.26372279294340856,-352.50727134551016,0.5986670755916351,-2.4697012922271937,0.13374993181638392,-0.10144409649798145,-0.6217093884612175,6.037866932598394e-06,0.0009002435023973165,0.00013290177381829218,0.0031525397438434593,90.866667
10425,0.2686184762771112,-352.52710062389195,0.577709192350265,-2.382470298479069,0.13409874092378976,-0.1059619324630644,-0.620880108577612,5.9532213481529275e-06,0.0008791263711249263,0.00012954785984328214,0.0030069441227727933,90.875
10426,0.2733296452572119,-352.54619560811165,0.5555102377878058,-2.302844996142773,0.13430960796630842,-0.11035885249278891,-0.6200680330096138,5.878068077693832e-06,0.0008590407788441394,0.0001265780765902911,0.0028771791358601596,90.883333
10427,0.27784430902824386,-352.5645922642583,0.5321600375119595,-2.2302135319810605,0.13438525507153454,-0.11462642502142212,-0.619276915912556,5.811808974799141e-06,0.0008399890853286333,0.00012394370880164553,0.0027617010213242207,90.891667
10428,0.28215473668787167,-352.5824222760373,0.5077461597707785,-2.1640182937645216,0.13431867195984368,-0.11877130713936432,-0.6185098088465135,5.753902554520248e-06,0.0008219666780368217,0.00012160284139650904,0.0026591648395393095,90.9
10429,0.28625122909208667,-352.59966053656836,0.48234488873180836,-2.1037643462254123,0.13411917034700888,-0.12277880270503605,-0.6177701242596213,5.70385771300346e-06,0.0008049620648778749,0.0001195194807924892,0.002568396803257455,90.908333
10430,0.2901251092189856,-352.61639497598605,0.4560328039613174,-2.0490105943720787,0.13378277624422721,-0.1266502364494385,-0.6170610983230821,5.661228125707332e-06,0.0007889591616445328,0.00011766281766320831,0.0024883719476840264,90.916667
10431,0.2937730132748592,-352.6327674339607,0.42888508156341515,-1.9993609809406103,0.13329959043649775,-0.13039672223924345,-0.6163849663114145,5.62560702917297e-06,0.0007739381799133053,0.00011600655756231851,0.002418194464496896,90.925
10432,0.29718390674143935,-352.6487679428563,0.4009669950653803,-1.9544698445205937,0.13267463365969034,-0.13400606877058752,-0.615745343296983,5.596622449641711e-06,0.0007598751087284437,0.00011452833211792718,0.002357083497157902,90.933333
10433,0.30035154698481986,-352.6644389814602,0.37234367464746587,-1.9140253770074567,0.1319081491690216,-0.13747537935801904,-0.6151449202660881,5.5739332414585615e-06,0.0007467453127293997,0.00011320924554764779,0.002304358850926301,90.941667
10434,0.3032707854456842,-352.6798200442301,0.3430779540134047,-1.8777508782253856,0.13100076374907607,-0.14080205404840437,-0.614586116137445,5.557225344871556e-06,0.0007345226991782655,0.00011203342871801452,0.002259431155157033,90.95
10435,0.30593671763541586,-352.6949091569969,0.31322908388047704,-1.8453978995341718,0.12995871984229,-0.14397838362349216,-0.6140712245840215,5.546208622638525e-06,0.0007231801890222164,0.00011098768137712405,0.00222179262587935,90.958333
10436,0.3083438245163132,-352.709782162541,0.28285711058036833,-1.816759723259931,0.1287766457883126,-0.1470067046303648,-0.6136025724923521,5.540614157438139e-06,0.0007126903636918964,0.00011006117284974717,0.002191009331298926,90.966667
10437,0.31048849432649456,-352.72447124149613,0.25201959109003774,-1.7916498043033144,0.1274556436163252,-0.14988455983124505,-0.6131820205375743,5.540191980904059e-06,0.0007030262191457352,0.0001092451860589251,0.0021667135978759755,90.975
10438,0.31236676560629617,-352.73900882916365,0.2207725365283307,-1.7699084217434184,0.1259963312314428,-0.1526094262607335,-0.6128113904037574,5.544709167189685e-06,0.000694161115578205,0.0001085329052453893,0.002148598877693038,90.983333
10439,0.31397647406269297,-352.7534385363309,0.18917203663378004,-1.751399975748624,0.12439801503366404,-0.15518103860706722,-0.6124920340612735,5.5539483084226176e-06,0.0006860693339962605,0.0001079192423401768,0.002136414825238287,90.991667
10440,0.31531376857708404,-352.7677845737787,0.15727150483613603,-1.7360104344102676,0.12266203952734511,-0.15759585736089843,-0.6122255160295718,5.567706304642952e-06,0.0006787259743798214,0.00010740069489443082,0.0021299632623032264,91.0
10441,0.316377732397794,-352.7820605703259,0.12512471047174833,-1.7236413799167398,0.12079242160316514,-0.15985046500481567,-0.6120126897352599,5.5857934883109035e-06,0.0006721077511408989,0.00010697523365916307,0.0021290949946404943,91.008333
10442,0.3171653327824516,-352.7963697693368,0.09278677350641189,-1.7142357952137663,0.1187778359648567,-0.16195112283750956,-0.6118546985773465,5.608032996148233e-06,0.0006661924892808889,0.00010664221364340879,0.0021337073386712186,91.016667
10443,0.317675898113919,-352.8106871829951,0.060308848462983115,-1.7077269307218355,0.11662813051678823,-0.16388955945448222,-0.611752077356485,5.63426045165256e-06,0.0006609599317305673,0.0001064023186589064,0.0021437413523050833,91.025
10444,0.3179071311757961,-352.82500349131135,0.02774082658615038,-1.704070765897632,0.11435032145022836,-0.1656588030901225,-0.6117055481348666,5.664323865667242e-06,0.0006563913351566041,0.00010625751099672446,0.0021591814929607885,91.033333
10445,0.3178552104567911,-352.8394070299922,-0.004865109805643662,-1.7032659180795142,0.11193480538957613,-0.16726221658259044,-0.6117159985829016,5.6980837711647244e-06,0.0006524700666693862,0.0001062110055042914,0.0021800548409833544,91.041667
10446,0.31752355089248196,-352.85385929056383,-0.037456571809699205,-1.7052914798764818,0.10939548930045646,-0.1686921725331014,-0.6117827151225965,5.735413598138511e-06,0.0006491820596193014,0.00010626727640298419,0.0022064301416685294,91.05
10447,0.3169131646567808,-352.8684837561239,-0.06997671575716076,-1.7101883295627645,0.1067182504676257,-0.1699576468917087,-0.6119053243404263,5.776200225067893e-06,0.0006465141851510146,0.00010643206573284855,0.002238418287087091,91.058333
10448,0.316023509064141,-352.8832382770805,-0.10237708288504946,-1.7179739108116874,0.10391638645495789,-0.17104834509093741,-0.6120836225090454,5.820344778190947e-06,0.0006444550751427443,0.00010671245895912342,0.0022761712826103986,91.066667
10449,0.314856541962073,-352.8981551891685,-0.13460403436455412,-1.7287016037647351,0.10099161730632437,-0.1719633327881607,-0.6123167628656276,5.867763632767353e-06,0.000642995641846936,0.00010711690549288383,0.0023198854793896853,91.075
10450,0.3134139365187375,-352.9132562622654,-0.16660465814264722,-1.742441231101738,0.09794749143896714,-0.17270021171740674,-0.6126038185235025,5.918389586229742e-06,0.0006421285851279832,0.00010765532267794965,0.002369801662932971,91.083333
10451,0.3116976233639822,-352.9286043879845,-0.19832372357368092,-1.759295104440115,0.09478069191009088,-0.17326044554384443,-0.612943676961426,5.9721732550467954e-06,0.000641848606244898,0.00010833920012989762,0.002426207060121855,91.091667
10452,0.3097097748971835,-352.94418447701327,-0.22970919039753646,-1.779362269431811,0.09150166844014482,-0.17363777599804692,-0.6133350471765998,6.029084688441319e-06,0.0006421524681682413,0.000109181751932375,0.00248943680542487,91.1
10453,0.3074551458860631,-352.9600562465045,-0.260702515561552,-1.8027858560528602,0.08810891331754743,-0.17383424284061744,-0.6137760080730024,6.08911518658848e-06,0.0006430390675397963,0.00011019804656458856,0.002559877640038551,91.108333
10454,0.3049354567453664,-352.97641446246223,-0.2912403407210542,-1.829783785551379,0.08457683924285092,-0.17386096815831634,-0.6142651175923486,6.152279335397638e-06,0.000644508970465226,0.00011140524874308222,0.002637968427059406,91.116667
10455,0.30215550522740164,-352.9931174607199,-0.3212726700092845,-1.860481245280414,0.08093961552630445,-0.17370082673403472,-0.6148002229231598,6.218617360056531e-06,0.0006465652476433027,0.00011282293298056379,0.0027242012281943236,91.125
10456,0.29911985423695003,-353.0100675900231,-0.3507478374773401,-1.8950409195899864,0.07722403275280211,-0.17334214707513274,-0.6153791201274035,6.288197657787492e-06,0.0006492129133264163,0.00011447317132067408,0.0028191296752521893,91.133333
10457,0.2958341354108199,-353.0275812737737,-0.37958836589790845,-1.9338132595361321,0.07338573257154317,-0.17280593691223042,-0.6159993142032093,6.361119457994686e-06,0.0006524591394251135,0.00011638083416155489,0.002923372591028695,91.141667
10458,0.2923039632806328,-353.04540436031886,-0.4077483876689693,-1.9769594937698867,0.0694796650036566,-0.17206889676880893,-0.6166582388906716,6.437515928413445e-06,0.0006563131168916803,0.00011857430094982368,0.0030376056697582403,91.15
10459,0.2885345667395345,-353.063727541194,-0.4351550125909646,-2.0248543183771908,0.06548418782907195,-0.171140869079005,-0.6173533321779755,6.517557494774207e-06,0.000660786286699304,0.00012108540348187951,0.0031625794560925023,91.158333
10460,0.2845334840183606,-353.0827221073076,-0.4617303869258415,-2.077910328693072,0.06138258172430368,-0.17002907393840816,-0.6180815523476708,6.601455377923204e-06,0.0006658925264711789,0.00012395029181377985,0.0032991101012771907,91.166667
10461,0.2803074063050734,-353.1023168396686,-0.4874110888850477,-2.1364790948200234,0.0572001729010693,-0.16872384187477896,-0.6188399777641247,6.6894656473225845e-06,0.0006716477596463253,0.00012721004740919042,0.0034480778305512006,91.175
10462,0.2758644162000694,-353.1224450107207,-0.512130365031767,-2.2009555330513937,0.052961996882934334,-0.16721808275046876,-0.6196254129419075,6.781893430556483e-06,0.0006780703379702447,0.000130911012883362,0.0036104373228829016,91.183333
10463,0.2712147009925506,-353.1432858085523,-0.5357980431737368,-2.271904302528919,0.04865276609803307,-0.1655195071346108,-0.6204342944945304,6.879097196195044e-06,0.0006851808507898144,0.00013510543236559033,0.0037872191832267576,91.191667
10464,0.26636880537756585,-353.1650406712135,-0.5583161031739153,-2.3499688358079664,0.04425522813974988,-0.16363445728801376,-0.6212630295183804,6.981493361634111e-06,0.0006930017185102675,0.00013985259136083716,0.003979516061881218,91.2
10465,0.26133409488214826,-353.18762005248533,-0.579609100373198,-2.4357103380992418,0.03980076161653589,-0.16155277439268093,-0.6221086023651909,7.089561237474877e-06,0.0007015571905885481,0.00014521975868038133,0.00418847652566135,91.208333
10466,0.2561230000477803,-353.2110850949288,-0.5995781240113757,-2.529833708758139,0.03529740192285838,-0.15927487361991122,-0.6229671907306656,7.203847770552181e-06,0.0007108741692923052,0.00015128241803604082,0.00441532846193585,91.216667
10467,0.2507484784016258,-353.2355331981728,-0.6181140688808947,-2.6331416978106534,0.030748529837618454,-0.15680227370780994,-0.623834984229713,7.3249718554507226e-06,0.0007209809081999072,0.00015812539631891755,0.0046613715146347915,91.225
10468,0.24522130176277018,-353.2609738984288,-0.6351123889507827,-2.746471118841271,0.026172215364679615,-0.1541319372017351,-0.6247086310860009,7.453628166210488e-06,0.0007319067462862026,0.00016584368320629649,0.004927989265428624,91.233333
10469,0.23955980159515844,-353.28768091673805,-0.6504221044867414,-2.8709047353484727,0.021547854988030912,-0.1512719654813909,-0.6255837234781702,7.59058984714287e-06,0.000743682385750746,0.00017454263235578676,0.005216699711370241,91.241667
10470,0.23377673256302875,-353.31564916802085,-0.6639185536830249,-3.0074512393183688,0.016899053855370806,-0.14821835756016558,-0.6264569044530998,7.736709564137807e-06,0.0007563374999262986,0.000184339115023478,0.005529180496231455,91.25
10471,0.22788872306510605,-353.3450019707522,-0.6754468463616877,-3.157292392425843,0.012231451867939627,-0.14497239311298707,-0.6273244053090042,7.892917809484802e-06,0.0007699015212876374,0.00019536009126102914,0.005867440417835609,91.258333
10472,0.22191396018405768,-353.3758370857861,-0.6848395314803866,-3.3216818553044996,0.007556151827425102,-0.14153522146232148,-0.6281824562427485,8.060216841008939e-06,0.0007844016701755974,0.00020774169197421656,0.006234027071249966,91.266667
10473,0.21587227263469522,-353.4082963928531,-0.691906539714716,-3.501986337402721,0.0028795606645441447,-0.13790887293118576,-0.6290273154428425,8.239668633215135e-06,0.0007998612865355676,0.00022162633483035018,0.006632413865180051,91.275
10474,0.2097866515820327,-353.442542364757,-0.6964324871024753,-3.6996448059026497,-0.0017928195208667807,-0.13409639587266858,-0.6298551064237918,8.432374215876941e-06,0.0008162977540220125,0.00023715808200520483,0.007067618575645824,91.283333
10475,0.20367998715956295,-353.4787073413167,-0.6981880605574058,-3.9161094037355784,-0.006449615866870191,-0.13009981990827404,-0.6306623121695195,8.639441080982241e-06,0.0008337196410309669,0.00025447513390498784,0.007547178359557166,91.291667
10476,0.19757158926698648,-353.5168438959156,-0.6969453289593008,-4.152788182315057,-0.011067768634388665,-0.12591937842149079,-0.6314462188590578,8.861934297690109e-06,0.0008521244053085648,0.00027369805753308556,0.008082673132213869,91.3
10477,0.1914949491088935,-353.5574441673194,-0.6923575990043817,-4.411314083596108,-0.015678473915620834,-0.12155854054650467,-0.6322026726864424,9.100806109698189e-06,0.0008714969414111011,0.00029491249428990196,0.008692028858622395,91.308333
10478,0.18549005558460138,-353.60041666017156,-0.6841340703423446,-4.6925172646196796,-0.020238773836152073,-0.11702984621278008,-0.632927262649526,9.356797896399196e-06,0.0008918031133046542,0.0003181499797708482,0.009402419857509304,91.316667
10479,0.17957341649511127,-353.64611864672474,-0.6719446760575504,-4.997552895976602,-0.024757774685476006,-0.11232398769346276,-0.633618881550465,9.630305565578104e-06,0.0009129864861155471,0.00034335483207488434,0.010254503254348683,91.325
10480,0.1737914365911839,-353.6946457423269,-0.6554197374209796,-5.326507374914158,-0.029215555519116712,-0.10745373992240038,-0.6342733304880465,9.921205266079262e-06,0.0009349748894062752,0.0003703514337384534,0.011307479900062374,91.333333
10481,0.168185612778503,-353.7462180148354,-0.6341700080036659,-5.678816570471343,-0.0336068490502802,-0.10242476903537237,-0.6348875956111935,1.022863252452853e-05,0.00095767453286778,0.00039880281853596223,0.012644075368490052,91.341667
10482,0.16279840663130285,-353.8010057832546,-0.6078154015720796,-6.05275349218484,-0.03792201488745515,-0.09724277804170715,-0.6354591061442167,1.0550712901848503e-05,0.0009809784483128066,0.00042817342134581784,0.014374073713946741,91.35
10483,0.15767791499009368,-353.85915268558523,-0.5759863217216528,-6.444994116059616,-0.04215216185021311,-0.09191571789036034,-0.6359852268190301,1.0884258052350153e-05,0.0010047789152613314,0.00045770168442962054,0.01663327590284223,91.358333
10484,0.15287679276750604,-353.9207636547202,-0.5383526953273602,-6.85019156233442,-0.046289762592116424,-0.08645304671125902,-0.6364633856472078,1.1224450834439453e-05,0.001028984767369731,0.0004863981410167945,0.019572853896852385,91.366667
10485,0.14844710216177784,-353.9858948447166,-0.4946705212995415,-7.2607379816747,-0.05032816865264534,-0.08086256227517097,-0.636891540325639,1.1564565707107087e-05,0.0010535441223242796,0.0005130863838032465,0.023333236589426643,91.375
10486,0.14444004297817284,-354.05452289572895,-0.4448266213600087,-7.6665631266397085,-0.05426041090519514,-0.07515127898279172,-0.6372680799723536,1.1895799482758488e-05,0.0010784692481555335,0.0005365028663753226,0.027998341811513627,91.383333
10487,0.14091362222414325,-354.12646310910094,-0.3888827129414053,-8.05476313080024,-0.058078361174545554,-0.06933358779294985,-0.6375909897756056,1.2207311339447555e-05,0.0011038529757715144,0.0005554572705205655,0.03353184507458851,91.391667
10488,0.13791770901588055,-354.20148188830143,-0.32712617992778753,-8.41063156307274,-0.061778276453100654,-0.0634171536933047,-0.6378590924741326,1.2486571021235369e-05,0.001129861168163259,0.0005690297503280472,0.03970828130383005,91.4
10489,0.13550400154284606,-354.2791797870662,-0.26010714237448584,-8.717976508192931,-0.0653574427428961,-0.057414336836935274,-0.6380709296619649,1.2720097584268176e-05,0.0011566951974090924,0.000576761030817298,0.04606961012242042,91.408333
10490,0.1337163302350292,-354.3588434529161,-0.18871911824685414,-8.960813693378599,-0.06880490124036452,-0.05134883025122003,-0.6382254271596637,1.2894596465811906e-05,0.001184509537789538,0.0005787533862530015,0.0519431644270394,91.416667
10491,0.1325776624329442,-354.43995955918786,-0.11406308812477951,-9.126098341366676,-0.0721235482522982,-0.04521885956429026,-0.6383227719603959,1.2998385647722313e-05,0.0012133005825518842,0.0005756296474913618,0.056550580765576924,91.425
10492,0.13212716718326667,-354.52182940290936,-0.037442738828216186,-9.202888259791834,-0.0753245801176865,-0.03903693174965257,-0.6383610563510804,1.302289446132863e-05,0.0012427964969357636,0.0005683375115629879,0.05919141041588414,91.433333
10493,0.13236616772805596,-354.6034929148584,0.03959443267329277,-9.187072626982404,-0.07839863457442647,-0.03282131848738632,-0.6383407615260168,1.29638826929146e-05,0.0012723730974200226,0.0005578574433661442,0.059440439547875666,91.441667
10494,0.13327623900335803,-354.6839808223916,0.11548113445675431,-9.081102859741277,-0.08133583408245408,-0.026592250212126183,-0.6382631487080914,1.282209962433155e-05,0.0013010702578989306,0.0005449597642614066,0.057281319499253344,91.45
10495,0.13486158250571165,-354.7626953019554,0.18885582693096203,-8.890825609595987,-0.08415843238216156,-0.020352030152262637,-0.6381266847606818,1.2603231461768081e-05,0.0013276936198434982,0.0005300777186993957,0.05310189885087461,91.458333
10496,0.13708166048542184,-354.8388161507163,0.25842971981055196,-8.628886823691438,-0.08686056801282241,-0.014120352123846422,-0.637932888363963,1.2317081968862632e-05,0.0013509672919349567,0.0005133578517465148,0.047561434953416123,91.466667
10497,0.13988956987886023,-354.9115947883897,0.3231771356622189,-8.310628773150867,-0.08944130346255134,-0.00792502384121088,-0.6376832755436166,1.1976262948285387e-05,0.0013697386446221748,0.0004948233555877584,0.041399919539873806,91.475
10498,0.1432519709895568,-354.9809052572874,0.3824723664279013,-7.951028018727182,-0.09191864729365547,-0.0017526044307536706,-0.6373777555997808,1.159471590973738e-05,0.0013831324824320722,0.00047453857191432914,0.035265913305273316,91.483333
10499,0.14710529787629203,-355.046364175333,0.43587401069822024,-7.566112218596113,-0.09428912378733846,0.004377621047914123,-0.6370187675770447,1.1186314651314328e-05,0.0013906278426998805,0.0004527223578705052,0.02961792991193455,91.491667
10500,0.15139684462060302,-355.1077421556411,0.4831978878085163,-7.169447359225826,-0.09656011534176107,0.010446983853471287,-0.6366078206632017,1.0763807831740966e-05,0.0013920856309670437,0.0004297630151569417,0.024705470355492396,91.5
10501,0.1560723246777465,-355.16498203715435,0.5244741602414397,-6.7723026103528605,-0.09873927424392068,0.01644269414037301,-0.6361467646755661,1.0338152032331089e-05,0.0013876955950290993,0.00040616913893682424,0.02060562496200645,91.508333
10502,0.16108006653683526,-355.2181006316172,0.5598778308404252,-6.383379227243091,-0.10083593621026286,0.02235104591735109,-0.6356375204399126,9.91821380366126e-06,0.0013778984365215789,0.0003824915735126139,0.017279998977914858,91.516667
10503,0.16636080273684298,-355.26685481181335,0.589642685568144,-6.009504200011693,-0.10286323800389892,0.028123567676300892,-0.635083247995497,9.5107609130475e-06,0.0013632976009253488,0.00035924949254318106,0.014629349763338082,91.525
10504,0.17186780936839752,-355.3124934366324,0.6142919634482258,-5.654114484373911,-0.10479949522986211,0.033862004583367515,-0.6344863616510305,9.120649863082163e-06,0.001344585940233433,0.00033687660973921805,0.012533893491237551,91.533333
10505,0.17755638475947091,-355.35463960291963,0.6340969337025582,-5.320036974572623,-0.10666269450408643,0.03950034669445539,-0.6338495916920243,8.751102372213825e-06,0.001322475785974023,0.0003157027030613796,0.010877364165503266,91.541667
10506,0.18337006417513166,-355.393696788555,0.6494778600274297,-5.008652995573798,-0.108440218649154,0.04504804892993264,-0.6331776251123614,8.404018243650913e-06,0.0012976571841477526,0.00029594482316928813,0.00955985169755536,91.55
10507,0.18929395971874613,-355.4293690012365,0.6607066050703426,-4.719903481773105,-0.11017307309055495,0.05044758799228571,-0.6324709064514699,8.080281775095492e-06,0.0012707783242333329,0.00027772062987344335,0.008500587982569597,91.558333
10508,0.1952927845735586,-355.46259277916755,0.6682200981932108,-4.45302443546803,-0.11182981765850378,0.055771744140567105,-0.6317326310346688,7.780014746149458e-06,0.0012424084867847629,0.0002610658078901561,0.007637638468302449,91.566667
10509,0.20132944420170812,-355.4932528640712,0.6723016654473775,-4.207413116096544,-0.11342444951085262,0.060978412434856355,-0.6309667504283285,7.502801962997485e-06,0.0012130473769044914,0.0002459572350803639,0.00692428099524951,91.575
10510,0.2073722301693581,-355.5216437904866,0.6732580706928297,-3.9819042848281567,-0.11495132288172573,0.06607248701489116,-0.6301770644060353,7.247868862114892e-06,0.0011831287812790893,0.0002323285736667906,0.006326037123345342,91.583333
10511,0.21339525472628545,-355.54804269384056,0.6713630438781302,-3.7751443682031343,-0.11640479486031936,0.07106009406046163,-0.6293670625649592,7.014216480538346e-06,0.0011530221667940222,0.00022008677462246386,0.005817616698066601,91.591667
10512,0.21937669989921266,-355.5726102582272,0.6668517363931222,-3.5857568806196864,-0.11778598250969609,0.07593663034831025,-0.6285400569347747,6.800721451948433e-06,0.0011230363717350759,0.000209124126964987,0.005380485211727447,91.6
10513,0.22529458104976452,-355.59551415369737,0.6599398112585029,-3.412397490882212,-0.11909321411190998,0.08069940560999819,-0.6276997092262253,6.606208366593734e-06,0.0010934252166354256,0.00019932701336215663,0.005000984654747303,91.608333
10514,0.2311292128463841,-355.61698881423047,0.6508271873696818,-3.2537420062452784,-0.12031795743173943,0.08535574561662031,-0.6268496617895594,6.429500781449182e-06,0.0010643952600406193,0.0001905822061992652,0.004668923266839551,91.616667
10515,0.2368628473851364,-355.63719956770467,0.6396887311043316,-3.108557493679073,-0.12145520258279094,0.08990681168200818,-0.6259935396270071,6.269454963469626e-06,0.0010361116551994348,0.00018278102225753877,0.004376572083841089,91.625
10516,0.24248033356201443,-355.65623992585296,0.6266770490920004,-2.9757026529743764,-0.12250556739878862,0.09434711454181138,-0.6251348019506955,6.1249811702519016e-06,0.0010087037100632425,0.00017582171727128885,0.004117966382492909,91.633333
10517,0.2479664789036993,-355.6742231559241,0.6119333912048047,-2.8541301255090836,-0.1234664501705539,0.09867445846461703,-0.6242771016183413,5.9950557665929885e-06,0.000982269558859527,0.00016961075946007317,0.0038884177033712553,91.641667
10518,0.25330750992991885,-355.69134750887076,0.5955918526878569,-2.7428660314321793,-0.12432557158446184,0.1028986592921406,-0.6234240377480458,5.878727081704409e-06,0.000956881446041796,0.0001640633902731137,0.003684166494612644,91.65
10519,0.25849111045718026,-355.7077454838288,0.5777707637538264,-2.6410361338932833,-0.12507533179698022,0.10702299966488708,-0.6225791127195041,5.775116605561521e-06,0.0009325896379549128,0.0001591036398487705,0.0035021417213443535,91.658333
10520,0.26350758797454116,-355.7233630297727,0.5585678514650841,-2.547859763872028,-0.1257281515516262,0.11102917397139767,-0.6217455002737378,5.683417205345893e-06,0.0009094258588890487,0.00015466393691184325,0.0033397981462592336,91.666667
10521,0.2683440476480305,-355.73841729246504,0.5380902770333369,-2.462628700633843,-0.1262648012549583,0.11493210297273877,-0.6209269879352239,5.602889402987128e-06,0.0008874058595647756,0.00015068452850145402,0.003195004373517103,91.675
10522,0.2729919899955131,-355.7528576361932,0.5164223900298701,-2.3847059600757654,-0.12669667049023875,0.11871541749357828,-0.6201266935167469,5.532856834239408e-06,0.0008665337992383554,0.0001471129314711433,0.003065946379439174,91.683333
10523,0.27744132962973084,-355.7668316977257,0.4936538834430455,-2.313520311549078,-0.12701101786130628,0.12238755621074227,-0.619348044400398,5.472700780566193e-06,0.0008468031604189941,0.00014390320482410605,0.0029510758573772847,91.691667
10524,0.2816834914641287,-355.7805361515476,0.4698711353047649,-2.2485600974257243,-0.12718754510597166,0.12596433922501335,-0.6185942339607784,5.421854820308198e-06,0.0008281997135097278,0.00014101533075271813,0.0028490576684359506,91.7
10525,0.28571134763023137,-355.79387109766054,0.4451417313441325,-2.189366754622619,-0.1272423251760102,0.12942483885053094,-0.6178682015189945,5.379799457779334e-06,0.0008107029181469767,0.00013841458117788653,0.002758735445671532,91.708333
10526,0.2895181596386809,-355.80688566643465,0.4195370874841287,-2.1355291965395806,-0.127173296040941,0.13276747326911914,-0.6171727987296727,5.346057049754436e-06,0.0007942872135042237,0.00013607094150013465,0.0026791098221619304,91.716667
10527,0.29309713902981255,-355.81966162313864,0.3931268491316883,-2.086685814348621,-0.1269733462928049,0.13599501612920792,-0.616510857645852,5.320187137186838e-06,0.000778923409163692,0.00013395860145366914,0.002609313704658605,91.725
10528,0.29644246731164875,-355.83221093455336,0.36597489146693907,-2.0425102892074958,-0.1266445162864575,0.13910196942164427,-0.6158849902973681,5.301782225869626e-06,0.0007645799935634742,0.00013205549561457746,0.0025485943140256115,91.733333
10529,0.29954772310551475,-355.84461395042,0.338145479669407,-2.002722595814941,-0.126178813403795,0.1420913516469077,-0.6152978689311097,5.290464007501274e-06,0.0007512239087527316,0.0001303428995303124,0.002496300187837803,91.741667
10530,0.3024087070837673,-355.85687138656715,0.30969804241745985,-1.9670623242188852,-0.12557984296241104,0.14495718659592424,-0.6147516813899174,5.2858800832023455e-06,0.0007388216433375398,0.00012880507442615305,0.002451868410286825,91.75
10531,0.30501881561171645,-355.8690293231181,0.28069108581200686,-1.9353155025842874,-0.12484362345290978,0.14769817163104695,-0.6142489987423618,5.287701089726067e-06,0.000727339314305296,0.00012742896157783175,0.002414816289196537,91.758333
10532,0.30737560547642345,-355.88110417320553,0.25118220080751974,-1.9072777440418254,-0.12397189913571192,0.15031123060938734,-0.6137915076419488,5.295618344698119e-06,0.0007167440350295195,0.000126203921115983,0.0023847322848469903,91.766667
10533,0.30947553116518034,-355.89314661856116,0.2212284678570024,-1.8827817209336932,-0.12296064276736428,0.1527970377163222,-0.6133810057960333,5.3093418000642095e-06,0.0007070032004986754,0.00012512150353494614,0.0023612700751516223,91.775
10534,0.3113017882326406,-355.9047910351671,0.1908595378474993,-1.8616677544761557,-0.12186499557873127,0.15509901664852557,-0.6130218026818102,5.328598457476477e-06,0.0006980853395748033,0.000124175265749674,0.002344142264078635,91.783333
10535,0.31287642210404804,-355.9167630131117,0.16017646615099368,-1.8438340116131928,-0.12058656450642155,0.15731274049366903,-0.612710449408944,5.353131302102789e-06,0.0006899640047431405,0.0001233606106731205,0.002333120319186662,91.791667
10536,0.31417098665919185,-355.9284499241354,0.12918599426473626,-1.8291584686838238,-0.11921493548081193,0.1593462346510357,-0.6124533364566177,5.382697940168119e-06,0.0006826072980681126,0.00012267464196195275,0.0023280186753891667,91.8
10537,0.31521082690439695,-355.9404880195817,0.0979893653935608,-1.817577455508868,-0.11766339729826455,0.16128417886503094,-0.6122460708408536,5.417070537966212e-06,0.0006759923453480979,0.00012211609031411718,0.0023287074317712643,91.808333
10538,0.31598113033404746,-355.952626894119,0.06661603902728203,-1.8090210523396244,-0.1159702440930153,0.16308486075458767,-0.612092103652435,5.4560349906568554e-06,0.0006700906983037409,0.00012168524483177634,0.0023350929933601944,91.816667
10539,0.31647415435016973,-355.96507809325385,0.03512128657317192,-1.8035080554917726,-0.11410250073207248,0.1647642238102654,-0.6119933680644654,5.4993912287190354e-06,0.0006648797696306517,0.00012138390369658695,0.002347128852435726,91.825
10540,0.31667897117001353,-355.9768889615523,0.003503047019093204,-1.8008135271482981,-0.112218717946819,0.16620423107435686,-0.6119523066312882,5.546953421082255e-06,0.000660340557988766,0.00012121536093854419,0.002364808821556599,91.833333
10541,0.31663236922603083,-355.9893593032584,-0.02809157387429588,-1.8011111644007651,-0.1101217603871659,0.16756684501622512,-0.6119616515898199,5.5985504333306784e-06,0.0006564583934847814,0.00012118416876036504,0.0023881827502199708,91.841667
10542,0.3163129953855547,-356.00196371606756,-0.059657860015551775,-1.8043421497667516,-0.10789571062867467,0.16877683804438182,-0.6120256589749109,5.6540261200711375e-06,0.0006532112261130421,0.00012129656319562464,0.0024173170642904297,91.85
10543,0.3157216278641648,-356.0147272703449,-0.09114311963701804,-1.8105288478006922,-0.10554173270575648,0.16983274834767878,-0.6121440132208602,5.713240602451128e-06,0.0006505849802085039,0.00012156020251626943,0.0024523297629342852,91.858333
10544,0.3148583057022295,-356.0276675482351,-0.12249597704520059,-1.8197126460257913,-0.10306212366409966,0.1707317310980027,-0.6123164111291851,5.776071262295989e-06,0.0006485675654788773,0.00012198428803246327,0.0024933794717821207,91.866667
10545,0.31372499552878164,-356.04080646215345,-0.15366277913127707,-1.8319494727120644,-0.10045921036591973,0.17147221526520667,-0.6125420304931724,5.842414053683667e-06,0.0006471491586124347,0.0001225796351944301,0.0025406665559777712,91.875
10546,0.31232358809668714,-356.05422307099695,-0.18458677381796956,-1.8473333165595518,-0.09772561148433309,0.17205797039612125,-0.6128199346946709,5.912185000233472e-06,0.0006463218309164567,0.00012335877264211498,0.0025944335663052836,91.883333
10547,0.31065539113893514,-356.067836676187,-0.21522048033327573,-1.86592999441801,-0.09488142152798092,0.17247642602839194,-0.6131491751517751,5.985321907335253e-06,0.0006460796792170425,0.00012433609510683962,0.0026549654308235964,91.891667
10548,0.30872364602082936,-356.08174511626,-0.24550406076917874,-1.8878785802775064,-0.09191686310590912,0.17273340788796956,-0.6135282982488892,6.061786267581135e-06,0.000646419077357801,0.00012552793057662783,0.0027225944581673028,91.9
10549,0.30652406365661056,-356.0961403839725,-0.2753799292703876,-1.9133989364709074,-0.0888039341366264,0.17283787632262998,-0.6139571992135453,6.141565355960793e-06,0.0006473382952330116,0.00012695281107634067,0.002797697851013422,91.908333
10550,0.3040740740962164,-356.11062582532196,-0.3047990146083419,-1.94246332058262,-0.08562284293679909,0.1727578032112836,-0.6144314305705981,6.2246746443077404e-06,0.0006488393066030229,0.00012863175193351224,0.0028807006773510437,91.916667
10551,0.3013711095900748,-356.1254856608074,-0.3336962238626011,-1.9753689173229454,-0.08233071010616723,0.17251154765947047,-0.6149503498442362,6.3111601860219915e-06,0.0006509228994283742,0.00013058811145004055,0.0029720812716965707,91.925
10552,0.2984108779784127,-356.1409510515978,-0.36200853716675735,-2.012437030329566,-0.07889410059655794,0.1721085670902627,-0.6155135048893702,6.401101309201798e-06,0.0006535935704641316,0.0001328483214760598,0.0030723671143230535,91.933333
10553,0.29521455369630845,-356.1566284732983,-0.3896808453949954,-2.0536984947401504,-0.07539423418639693,0.17152227450493351,-0.6161155179640431,6.494613755895264e-06,0.0006568598503368699,0.0001354422163635715,0.003182138352560038,91.941667
10554,0.2917806071245186,-356.17274563825043,-0.4166461479928839,-2.0995258266454964,-0.07179964597338517,0.17076374867645522,-0.6167552720910143,6.591852690651081e-06,0.0006607285721578883,0.0001384028596151032,0.003302032236693745,91.95
10555,0.2881075499257992,-356.1895407215063,-0.4428323382910005,-2.1503445535415247,-0.06807834789201885,0.1698415897811813,-0.6174315230087416,6.693015943235811e-06,0.0006652104110328296,0.00014176748082682733,0.003432740842163068,91.958333
10556,0.2842164847987558,-356.20668571141425,-0.4681772709388411,-2.206301372140851,-0.06430056685711012,0.16873749613170066,-0.61813882516556,6.798347768538893e-06,0.0006703198175402452,0.00014557800329071722,0.0035750107325019102,91.966667
10557,0.28010756407183707,-356.2244176654465,-0.4926037639584224,-2.267897116940095,-0.060435851984316426,0.16746059584735784,-0.6188755685187272,6.908142391012962e-06,0.0006760699172626986,0.00014988088618406642,0.0037296479930479273,91.975
10558,0.2757870171130946,-356.2427533265894,-0.5160397729132014,-2.335563339486426,-0.0564934076793368,0.1660076294362164,-0.6196389872609245,7.02274765047553e-06,0.0006824776051819355,0.00015472830972942345,0.0038975141717429995,91.983333
10559,0.271263825433976,-356.26175924319557,-0.5384018616142646,-2.4098008867871297,-0.05247537394304482,0.16437959511395286,-0.6204258187049525,7.142568917799465e-06,0.0006895621122897948,0.00016017843079601198,0.0040795329445269,91.991667
10560,0.2665493363552575,-356.28153859322146,-0.5595955547270915,-2.491180965011573,-0.048379213702840776,0.1625799755075077,-0.6212324169917995,7.268072768984116e-06,0.000697344382217481,0.000166296040411141,0.00427668803386237,92.0
10561,0.2616521520391382,-356.30209911662865,-0.5795353168403717,-2.580290287838754,-0.04421839237892451,0.16060514588379135,-0.6220556515031992,7.399790392142468e-06,0.0007058465210556391,0.00017315321749868088,0.004490023072644349,92.008333
10562,0.25658224769739035,-356.32352837584494,-0.5981208409931761,-2.6778234083817933,-0.039994523496095044,0.15845584012226693,-0.6228922037539617,7.538320439003938e-06,0.0007150924423622299,0.00018082951129217708,0.004720666835313147,92.016667
10563,0.25134665938710093,-356.34616175539236,-0.6152224596300137,-2.784718786163469,-0.03567136094110079,0.15613892758759162,-0.6237392900695022,7.68433097938389e-06,0.0007251073722662075,0.0001894124196802084,0.0049698525870002595,92.025
10564,0.24597131694152144,-356.3696032807594,-0.6307529873432074,-2.9014575235598543,-0.031331380262958855,0.15364469069189202,-0.6245911993528334,7.838560441718602e-06,0.0007359182537483521,0.00019899818842675422,0.005238942314232672,92.033333
10565,0.240461446304781,-356.39413838980005,-0.6445789911382616,-3.0290988242190227,-0.02694753001243944,0.1509768892729386,-0.6254456988481859,8.001815719783577e-06,0.0007475488663053535,0.0002096893630181132,0.005529553101917332,92.041667
10566,0.23483254330054382,-356.4199141432306,-0.656553606213495,-3.168667263309207,-0.02251803050960397,0.14813827925823642,-0.626299050930446,8.174967153597536e-06,0.0007600244135055065,0.00022159557985212348,0.005843666444538553,92.05
10567,0.2290993714650893,-356.44698451246285,-0.666532801386364,-3.3212056349468395,-0.018056484331885524,0.14512786994203472,-0.6271478114572834,8.358939989982544e-06,0.0007733681486749907,0.00023483142985407002,0.0061838452809085,92.058333
10568,0.22328258675854193,-356.47551410359756,-0.6743351960643603,-3.487882994001719,-0.013562073077705163,0.1419499959375694,-0.6279878832454963,8.554699458202119e-06,0.0007876006443302493,0.00024951280974059567,0.0065536140009460715,92.066667
10569,0.21739925629761844,-356.50563420785744,-0.6797772955819756,-3.6699255322458977,-0.009040389767047739,0.13860477241874286,-0.6288159516834861,8.7632275079246e-06,0.0008027370294025018,0.000265752564042618,0.006957979122613817,92.075
10570,0.21147024724517435,-356.5374564947728,-0.6826567951441594,-3.868567477736736,-0.004501591653662199,0.13509363052720005,-0.6296284295833251,8.985488648099763e-06,0.0008187865299984723,0.0002836528885069089,0.007404292091104904,92.083333
10571,0.20551734875969493,-356.5713784931829,-0.6827063203393252,-4.08529361114926,8.04687237874921e-05,0.13141809916424527,-0.6304219138107757,9.222381172299894e-06,0.0008357498563164159,0.0003032948295063919,0.007903488599912873,92.091667
10572,0.19956694957332538,-356.6070894467797,-0.6797503885325437,-4.32090525573529,0.004636173826528746,0.12758034758112974,-0.6311927387726576,9.474670028100127e-06,0.0008536171682195884,0.0003247259203684034,0.008471760654044718,92.1
10573,0.19364572206291952,-356.64499059532216,-0.6734785138812971,-4.576701577917486,0.009189809732971684,0.12358369455933213,-0.6319376001727841,9.742894890614693e-06,0.0008723656675164888,0.00034793679814786824,0.009133200262541512,92.108333
10574,0.1877794668977496,-356.68525835927954,-0.6636024742572684,-4.853604743686065,0.01373370513713104,0.11942862623829441,-0.6326536977320533,1.002724886662629e-05,0.0008919584614123741,0.0003728427251096781,0.009922706181043617,92.116667
10575,0.18200321962063398,-356.7283250244977,-0.6497449660931105,-5.152326727323288,0.018289064188714534,0.11511554777603475,-0.6333375351795634,1.0327424902027963e-05,0.0009123452686104855,0.000399254576179906,0.010889844073360225,92.125
10576,0.17635473716942796,-356.77395160720164,-0.631647995078089,-5.472366372067085,0.022798282436616375,0.11065596061909523,-0.6339858116499182,1.0642424827375072e-05,0.0009334619763418929,0.0004268508629294239,0.012102516949997841,92.133333
10577,0.17086862940391584,-356.8227253661001,-0.6088867271746518,-5.813303837610525,0.027298618604255975,0.1060429253883381,-0.6345960889206479,1.0970330038173049e-05,0.0009552356809487942,0.0004551437916629587,0.013650367439849733,92.141667
10578,0.165582754493797,-356.8746689193154,-0.5811531777867902,-6.17314197377934,0.031763325114107656,0.10128042087211932,-0.6351660256985271,1.1308044490344965e-05,0.0009775946724656604,0.00048346633073962687,0.015644433256322234,92.15
10579,0.16054741562633448,-356.9296573444332,-0.5481716780303516,-6.548139970503569,0.03615794157337758,0.09638585093736769,-0.635692444249777,1.1651030322018409e-05,0.00100048161415177,0.0005109653630085292,0.01821178253137235,92.158333
10580,0.15580408466919474,-356.9880093412632,-0.5096294719878771,-6.933544064394577,0.04049512683140559,0.09135544749305805,-0.6361735923411561,1.1993064023929101e-05,0.001023867772168235,0.0005366279104012877,0.02147955236714267,92.166667
10581,0.1514062449745198,-357.04993680310184,-0.4652732597922175,-7.322195033800828,0.04478095402912711,0.08619062581761061,-0.6366069076387798,1.2326073384070214e-05,0.0010477746564064073,0.0005593561865853743,0.02554475865040334,92.175
10582,0.14740303269316324,-357.11537699263584,-0.4150338618086048,-7.704675801158101,0.04900068315748107,0.08089731417494252,-0.6369906359479556,1.2640128595673043e-05,0.0010722846154407732,0.0005780795685127186,0.030427771031642157,92.183333
10583,0.14384332099578714,-357.18403562866894,-0.35904574028819736,-8.069345561691868,0.05312977983285612,0.07549025269581791,-0.6373232781868508,1.2923671357606245e-05,0.0010975434272538333,0.0005919054750941632,0.03601672447414683,92.191667
10584,0.1407741327784757,-357.2558857002883,-0.29754736284064914,-8.403066708335663,0.057174009998579294,0.06996638454709189,-0.6376035996527081,1.3164063753306048e-05,0.001123737386436837,0.0006002746609531458,0.042017775649838225,92.2
10585,0.13824745519518558,-357.33058875925366,-0.23105202716430187,-8.691066940760374,0.06112654041664375,0.06433601877768899,-0.6378298640080514,1.33484915425003e-05,0.0011510378028294654,0.0006030721104663259,0.047934868633108876,92.208333
10586,0.13630523121818178,-357.40778602284206,-0.16031760634330816,-8.91891846439709,0.06498599900435109,0.05860057960367323,-0.6380010224752936,1.3465173556612896e-05,0.0011795109598150037,0.0006006351198153822,0.0531107013975046,92.216667
10587,0.13497985660978812,-357.48681561393425,-0.08641150501279386,-9.07387990328837,0.06873873959394108,0.05277222613087142,-0.6381164396128881,1.350473423590319e-05,0.0012090154401058948,0.0005936429056614037,0.05684238007182497,92.225
10588,0.13429424353980887,-357.5670071130527,-0.010587050719576073,-9.146505435471362,0.07237791918399651,0.04685850389720832,-0.6381757047264571,1.346150187245431e-05,0.0012391123046933351,0.0005829031783820251,0.058552965434305236,92.233333
10589,0.13426252400244107,-357.64757831116094,0.06575264432779865,-9.13178690341205,0.07589665731457146,0.04087162402685633,-0.6381784393364304,1.333443377049631e-05,0.0012690258357087242,0.0005691187715579532,0.05795642375663311,92.241667
10590,0.1348807229599434,-357.7278210588114,0.14118243814532072,-9.030424514533054,0.07928979357987971,0.03481509357932678,-0.6381250273803112,1.3127418517720966e-05,0.0012976833476132177,0.0005527375438908565,0.05514729168730106,92.25
10591,0.13613762465083878,-357.8068626990869,0.21429452089219256,-8.848139140720216,0.08254870386332154,0.028709166357669392,-0.6380156800060116,1.2848864310369282e-05,0.0013238403267486526,0.0005339467782056045,0.050570079770390276,92.258333
10592,0.1380102464772503,-357.884109843631,0.2838915153062459,-8.59508985927094,0.08567326938489687,0.022557410300726586,-0.6378508970201638,1.251065612057962e-05,0.0013462537643601953,0.0005127962771665166,0.0448854596308546,92.266667
10593,0.1404687168556539,-357.95896676849304,0.3489714049186678,-8.284382785048914,0.08866214909318514,0.0163716870975785,-0.6376311660009703,1.2126726715759259e-05,0.0013638608829645775,0.0004893751540597545,0.03879101525726578,92.275
10594,0.14347582413145427,-358.03103950943597,0.4088075406946512,-7.930570974107486,0.09151622117171766,0.01015603412423554,-0.6373571596125023,1.1711558743438241e-05,0.0013759122907629246,0.00046394881999348733,0.032872574840386644,92.283333
10595,0.14697905690592888,-358.0999539576265,0.4629174873919794,-7.548716386370354,0.09422864519333336,0.003922981623515093,-0.6370306784733453,1.1278894258303536e-05,0.0013820349163106136,0.0004370032001189136,0.027524619983163568,92.291667
10596,0.15092429749231537,-358.1653808824323,0.5110533295799136,-7.152523538703587,0.09679530736257924,-0.0023059428361102982,-0.6366536450663112,1.0840829437099816e-05,0.0013822282563611078,0.00040919454378748665,0.022942995906215628,92.3
10597,0.1552658703442044,-358.2272975557682,0.5532045401083637,-6.753151878546798,0.09922014859177043,-0.008527548211556539,-0.6362272830607995,1.0407321794615731e-05,0.0013768012146762648,0.00038125003776621975,0.019165801013095174,92.308333
10598,0.15995774441299196,-358.2857216746097,0.5895023402197793,-6.3595970597439955,0.1015059661524334,-0.014735232264665762,-0.6357530373042408,9.98604708426058e-06,0.00136627824587253,0.0003538671240913318,0.016130759151758142,92.316667
10599,0.164944299211475,-358.3406752274543,0.6201885313038654,-5.978973496488665,0.10364970904644855,-0.020915107867013744,-0.635233664688434,9.582520072675864e-06,0.0013513096527493118,0.0003276359769617332,0.013727005474808028,92.325
10600,0.17017922575634184,-358.39225819147254,0.645576213508967,-5.6160216952541,0.10565349053924156,-0.027056072682401882,-0.6346714280191594,9.200379465071476e-06,0.001332600717211395,0.0003029971744524579,0.011831730466623395,92.333333
10601,0.17561114249733642,-358.4406280183834,0.6660289368634293,-5.273882801987491,0.10751463430691102,-0.033148120090371165,-0.6340696477677555,8.841731279059303e-06,0.0013108496789880379,0.0002802345179120972,0.010331731035253987,92.341667
10602,0.18120727696476346,-358.4859289667366,0.6819027848508796,-4.9539573360225555,0.10924154462147113,-0.0391802818885106,-0.6334301091011162,8.507499863117996e-06,0.0012867147554243155,0.0002594902623487649,0.009132475114946869,92.35
10603,0.18693390770144802,-358.52834822190187,0.6935575070368898,-4.656730273100141,0.11083944379555093,-0.045145178907388624,-0.6327551210353914,8.197735864446532e-06,0.0012607843942805848,0.0002407924136591434,0.00816003252634576,92.358333
10604,0.19274971626987403,-358.5680667193956,0.701348019879394,-4.3821068739781985,0.11230785911787451,-0.051032321490939656,-0.6320483839229439,7.911880098653546e-06,0.0012335721803037373,0.00022408499118794424,0.007358795682297327,92.366667
10605,0.198621978453573,-358.6055161432902,0.7056258199251146,-4.129232437854511,0.11363571575611121,-0.056861333751678574,-0.6313130962561893,7.648976342681416e-06,0.001205522982061079,0.00020925585976185878,0.00668792920704092,92.375
10606,0.20452360724487548,-358.6406375032533,0.7066660302113085,-3.8971122802575944,0.114838365344814,-0.06259862554737276,-0.6305521981569099,7.407829310554032e-06,0.0011770138340070698,0.0001961601651472105,0.006117861912962622,92.383333
10607,0.2104238090452816,-358.6736660091492,0.7047538600579729,-3.6844906579638295,0.11591260121693574,-0.06824309566159509,-0.6297695304233495,7.187121100281377e-06,0.0011483594865219463,0.00018463682284096552,0.005627315327149493,92.391667
10608,0.2162992270620367,-358.70474339106386,0.7001365626126572,-3.4899967135087406,0.11686288586512979,-0.07378600866159782,-0.6289683644739729,6.9854952433759785e-06,0.0011198232139379438,0.0001745217169543781,0.005200838617890275,92.4
10609,0.22212718134773918,-358.73396326591575,0.6930361206960328,-3.312267653150314,0.11769631540689712,-0.07921412542741567,-0.6281522206825428,6.801611731232486e-06,0.00109162122059151,0.00016565570618992014,0.004827084415431948,92.408333
10610,0.22788480555611654,-358.7615557612699,0.6836641331706723,-3.1499411761228076,0.11840768572577555,-0.08453110706317232,-0.6273249752526521,6.634183461399275e-06,0.00106393013659608,0.00015788965174662816,0.004497553753734311,92.416667
10611,0.23355560573996217,-358.787650638521,0.67220172951829,-3.001714600480872,0.11900032833710203,-0.08973220791135027,-0.6264898765303524,6.48199812439197e-06,0.001036893755071325,0.00015108723888697295,0.004205720198467859,92.425
10612,0.23912112428703705,-358.81236322581606,0.6588141755010435,-2.8663897160151706,0.11947612975574513,-0.09481127465876871,-0.6256506927129291,6.343928963789206e-06,0.001010625722568218,0.00014512585322038678,0.003946460073654083,92.433333
10613,0.244564621700416,-358.8358723130157,0.6436545462707719,-2.7428416452298046,0.1198299312664469,-0.09977130785183728,-0.6248111605743071,6.218939501735804e-06,0.0009852156119635207,0.00013989664154784488,0.0037156482431992825,92.441667
10614,0.2498708611008265,-358.85831876968047,0.6268596478299476,-2.630044429029256,0.12005836673339088,-0.10461227926481009,-0.6239749772870159,6.10608301506783e-06,0.0009607322720134514,0.00013530388659687787,0.0035098906103126436,92.45
10615,0.2550295794127609,-358.879723532392,0.6085468301572508,-2.5270633594240457,0.12017130873063225,-0.10932260238824221,-0.6231451980405767,6.004499009854189e-06,0.0009372267604151632,0.0001312639848243386,0.0033263459661428173,92.458333
10616,0.2600223881454611,-358.9001955131898,0.5888315421707471,-2.4330704240215466,0.12016482488110104,-0.11389858402667924,-0.6223263131943015,5.9134076861399884e-06,0.00091473347085825,0.00012770424328277633,0.003162608213661436,92.466667
10617,0.2648392815499526,-358.9198057335535,0.5678158954364301,-2.347295108208039,0.12004170227722213,-0.11833609455751387,-0.6215215773529202,5.832104234049998e-06,0.000893276293344755,0.00012456180980668783,0.0030166072289425764,92.475
10618,0.269471169177421,-358.93869193207547,0.5455974111643311,-2.2690439302047007,0.11979584910687613,-0.12264005810925241,-0.6207341486979122,5.7599516763776864e-06,0.0008728672987935115,0.00012178244027705625,0.0028865555089807563,92.483333
10619,0.2739077728028453,-358.9568802861179,0.522262648809568,-2.1977038248601892,0.11943258483966142,-0.12680202842710656,-0.6199674313552997,5.696374210864133e-06,0.0008535086893611957,0.00011931945078082337,0.0027708999732744114,92.491667
10620,0.2781397819071957,-358.97444561981973,0.49789461678313723,-2.1327238246362876,0.11895098772897061,-0.13082028584910435,-0.619224699123558,5.64085084947813e-06,0.0008351952526783268,0.00011713276821964257,0.0026682868906438436,92.5
10621,0.2821591649191162,-358.99147443324927,0.47257186393336986,-2.073611602924858,0.11834798524635962,-0.1346954549985766,-0.6185090148630447,5.592909334042004e-06,0.0008179156395432741,0.00011518807424743507,0.0025775336497918353,92.508333
10622,0.28595644889743643,-359.00804289060835,0.4463683271147872,-2.019932736553386,0.11762009056407614,-0.13842653498163648,-0.617823697655469,5.552120526408398e-06,0.0008016533906293139,0.00011345605168650822,0.0024976067447094715,92.516667
10623,0.2895253033928903,-359.0242084424598,0.41935373193272624,-1.971295864898884,0.11676670849408136,-0.14201199294233413,-0.6171714853458516,5.518093392540367e-06,0.0007863887268598992,0.0001119117413523189,0.002427602812108157,92.525
10624,0.29285996478734666,-359.03994035493696,0.3915915563695009,-1.927346587133548,0.11579951489670205,-0.14544055979409193,-0.6165549680218867,5.490470398298474e-06,0.0007720985849379003,0.00011053396985551619,0.0023667347096227418,92.533333
10625,0.2959540401660066,-359.05532168448855,0.3631467320598351,-1.8877808789906056,0.11471344344088213,-0.14871423016532492,-0.6159767985210728,5.468923496230239e-06,0.0007587575334741974,0.00010930487756434913,0.002314319183164368,92.541667
10626,0.2988011211976215,-359.07041727955635,0.3340811218572387,-1.852330830583608,0.1135051238820184,-0.15183290456567744,-0.615439573491726,5.453150628341352e-06,0.0007463388868741299,0.00010820950890044595,0.002269764335911512,92.55
10627,0.3013952436058427,-359.0854127733518,0.304459027199572,-1.820777808733613,0.11215190376437277,-0.15481022060057148,-0.6149457364317842,5.442872692360131e-06,0.0007348154508651387,0.00010723546731641732,0.0022325604359380987,92.558333
10628,0.3037357823189216,-359.1001070994165,0.274330868207503,-1.7928771729268862,0.1106919291372431,-0.15761887840318484,-0.6144966221801367,5.43783095688192e-06,0.0007241599963523846,0.00010637261961679818,0.002202271021022601,92.566667
10629,0.30581540648492295,-359.1145844790542,0.24375315815435564,-1.768457347511583,0.10911748542863586,-0.16026080663980186,-0.6140947491266242,5.437784810963787e-06,0.0007143443526012913,0.00010561285873848732,0.0021785300047541824,92.575
10630,0.30763168052650347,-359.1289411394792,0.21278361870589987,-1.747370423287584,0.10741976423221963,-0.16274139853545802,-0.61374159393919,5.442510014596551e-06,0.0007053419245059738,0.0001049498997742119,0.0021610324270813523,92.583333
10631,0.3091806549257016,-359.14315185052595,0.18147371828621897,-1.7294745592069638,0.10560857571520867,-0.16505200553696917,-0.613438812661564,5.451797206288533e-06,0.000697126626828875,0.00010437910814499925,0.002149530132120314,92.591667
10632,0.3104602382172157,-359.15732966202137,0.14987992613437381,-1.714673149485732,0.10367152074013657,-0.1671996429659767,-0.6131875796650462,5.465450786903314e-06,0.0006896737269908714,0.00010389736628976004,0.00214382861780106,92.6
10633,0.3114676989857189,-359.17148287440716,0.11805373142949105,-1.702872776127002,0.10161283091568707,-0.1691796292460373,-0.6129890686769817,5.483288076921004e-06,0.0006829596362114952,0.00010350296924778517,0.002143782674819442,92.608333
10634,0.3122021744698113,-359.18563001454095,0.08604737560948816,-1.6940000431777529,0.09943563978526691,-0.1709893366955333,-0.6128439548146952,5.505138774708437e-06,0.0006769623879339336,0.00010319554194354736,0.0021492946723892497,92.616667
10635,0.31266154166820237,-359.199720153368,0.05390890591423677,-1.6879862465572164,0.09715465504725077,-0.17261869286046555,-0.6127530273721983,5.530844643676647e-06,0.0006716613919860778,0.00010297598066778544,0.0021603124915263554,92.625
10636,0.31284490655489583,-359.2138792063754,0.02169342884225741,-1.6848193977775416,0.09475459636349429,-0.17407564364850556,-0.6127166958981531,5.560259445708573e-06,0.0006670380009333367,0.00010284640509336861,0.0021768289577367267,92.633333
10637,0.3127510491167347,-359.22826925564885,-0.010542782680033655,-1.6845176694731543,0.09221315051428725,-0.17537019591968964,-0.6127352951571495,5.593249108617889e-06,0.0006630753493668935,0.00010281016118101622,0.0021988793267686663,92.641667
10638,0.31238236317808943,-359.2426148003081,-0.04275852408785635,-1.6870067459372995,0.08958570283419973,-0.17647350400065487,-0.6128083035578364,5.6296921629396575e-06,0.0006597585974060813,0.00010287184168401431,0.0022265404889005806,92.65
10639,0.311737588404297,-359.257084506346,-0.07489832451447037,-1.692342621227128,0.08684913673816567,-0.17739635036555945,-0.6129357837496642,5.669480297690837e-06,0.0006570742419449374,0.00010303723502158132,0.002259935370687133,92.658333
10640,0.3108169366696344,-359.2716840733328,-0.10691203740609942,-1.7005574139625732,0.08400932524968212,-0.1781348946103694,-0.6131173666348441,5.712519137649096e-06,0.0006550111658058417,0.00010331343780688958,0.0022992296095487265,92.666667
10641,0.30962230337138336,-359.28648826859074,-0.13874512834389646,-1.711720144248024,0.08106042874022107,-0.17869186423402367,-0.6133522130269204,5.758729268341205e-06,0.0006535603774244133,0.00010370889003878356,0.002344634299579721,92.675
10642,0.3081559062320055,-359.30158745256324,-0.1703417582200798,-1.7259251951397483,0.07799395312948619,-0.17907060364240232,-0.6136392872546389,5.8080474448263804e-06,0.0006527147271166889,0.00010423348648692693,0.0023964063157667524,92.683333
10643,0.306419799095051,-359.3167870704223,-0.20165922138626471,-1.7432000267612948,0.07485261565712173,-0.17925200647939676,-0.6139774562460723,5.860428033746552e-06,0.0006524689816607561,0.00010489870482059316,0.002454849726859041,92.691667
10644,0.3044156715285419,-359.33228884655915,-0.23263692885574688,-1.7637150449869796,0.07160837091039832,-0.1792477300331892,-0.6143655305837948,5.915844589194948e-06,0.0006528200308887641,0.00010571762700084282,0.0025203227126720713,92.7
10645,0.3021479997270637,-359.3480955962657,-0.2632200516152918,-1.7876004208232141,0.06826970745372572,-0.17905495552207618,-0.6148016612072303,5.974291670214749e-06,0.0006537670574034705,0.00010670525747349999,0.0025932345432596073,92.708333
10646,0.2996201810902923,-359.36436045153135,-0.29334665804480387,-1.8150632112211313,0.06481831795839364,-0.17868009638459376,-0.6152840981928892,6.035786942974e-06,0.0006553110294181509,0.00010787866124709057,0.002674050443570112,92.716667
10647,0.2968348735209655,-359.38081091104686,-0.32297704119461096,-1.846185591414757,0.06131223180629708,-0.17810104424507434,-0.615811124408893,6.1003735212922035e-06,0.0006574551043044705,0.00010925728847326185,0.002763292065797185,92.725
10648,0.2937979457526152,-359.3978001780609,-0.35203439592918767,-1.8813029796707004,0.05769882924120379,-0.1773377081392859,-0.6163803168921764,6.1681224511102605e-06,0.0006602049769946093,0.0001108629729682023,0.002861550741391949,92.733333
10649,0.29051345630950537,-359.41510190516266,-0.38047404165554805,-1.9205659477404904,0.05402883274245328,-0.17637273963740754,-0.6169895093283867,6.2391355270503586e-06,0.0006635682004862555,0.00011272069074227828,0.002969475332497428,92.741667
10650,0.2869891013304469,-359.4329851175693,-0.4082180753221377,-1.964350401181485,0.05026631211346615,-0.1752194168641631,-0.6176357879011661,6.313548406258687e-06,0.0006675548460894837,0.00011485850709854915,0.0030877905485331967,92.75
10651,0.2832302090813891,-359.4513802618867,-0.4352089965841526,-2.012935672977016,0.0464354319745292,-0.17387012589705908,-0.618316620069265,6.391533979386629e-06,0.0006721767535068005,0.00011730844855967109,0.003217284234174271,92.758333
10652,0.2792437647782869,-359.4703328190886,-0.46137890745910387,-2.066687619676369,0.042540905904500395,-0.17232449114591064,-0.619029121893411,6.473306125942905e-06,0.0006774483104213944,0.00012010669708979178,0.0033588207713447548,92.766667
10653,0.27503724529657,-359.489884333776,-0.4866572672888699,-2.126015466261992,0.0385888930745534,-0.17058193553627157,-0.6197702907335749,6.559123660210639e-06,0.0006833861956509356,0.00012329427076473588,0.0035133386418156566,92.775
10654,0.27062032479958015,-359.51006282473094,-0.510969127603732,-2.1913699914134646,0.034588832656360625,-0.16864250588962337,-0.6205367277919484,6.649294625713225e-06,0.0006900094183677747,0.0001269176667922991,0.0036818511497741266,92.783333
10655,0.266002888705496,-359.53095446045614,-0.5342318915797035,-2.263284736028075,0.030541063998157734,-0.16650820096591434,-0.6213250156697018,6.744180843315657e-06,0.0006973389438354881,0.00013102958491189857,0.0038654448329670512,92.791667
10656,0.26118650330066157,-359.5526619104002,-0.5563682736678524,-2.342373043588994,0.026443502802832322,-0.16417549929013692,-0.6221331523623789,6.844202710301416e-06,0.0007053977653527954,0.00013568981249978485,0.004065274978995159,92.8
10657,0.25618631602629754,-359.5752164553092,-0.5772834837859285,-2.4292707774373197,0.022308620897906084,-0.16164649233061645,-0.6229568601651655,6.949844245176816e-06,0.000714212953191195,0.00014096596184690096,0.004282575261773067,92.808333
10658,0.2510155566045026,-359.59868601079035,-0.5968772905950567,-2.524705609265492,0.018143437986159465,-0.15892297624774443,-0.6237922859050129,7.061658060707076e-06,0.0007238123457822732,0.00014693444172376134,0.0045186448916519,92.816667
10659,0.24568352955668454,-359.6231529287111,-0.6150475329378442,-2.6294986475785374,0.013953526622436726,-0.1560041790805567,-0.6246363004822876,7.180270036659563e-06,0.000734225012695236,0.00015368137699321816,0.004774852645458623,92.825
10660,0.24020356860522984,-359.64870706018365,-0.6316779955761768,-2.7445606225955848,0.009744973186480668,-0.1528913962995109,-0.6254852269328035,7.306383520262181e-06,0.0007454820610057147,0.0001613033381580415,0.005052658243907993,92.833333
10661,0.2345912468050682,-359.6754422884607,-0.6466399619509507,-2.8708944270486048,0.00552473953880873,-0.14958683601697403,-0.6263351885527902,7.440782495967217e-06,0.0007576152991927598,0.00016990803552166943,0.005353640496962441,92.841667
10662,0.22885925869467771,-359.7034497826829,-0.6597997072610206,-3.0096045849858863,0.001301561973807653,-0.1460904416217559,-0.6271829091096063,7.584332964880067e-06,0.0007706561738352803,0.00017961462891392864,0.005679563144759991,92.85
10663,0.22302597179913325,-359.73284956298255,-0.6709997552266191,-3.161905391221723,-0.00291839731071549,-0.14240533570010513,-0.6280244549356954,7.737981588203715e-06,0.0007846357631892062,0.0001905532390330441,0.006032519002200199,92.858333
10664,0.21711173049513632,-359.7637962297881,-0.6800615708290467,-3.329126142671908,-0.0071321710091520486,-0.13853500861065904,-0.628855862819089,7.90275012726907e-06,0.000799582247941956,0.00020286386243572175,0.006415152919254205,92.866667
10665,0.2111336159352616,-359.7963592617482,-0.6868078377380067,-3.512629488181701,-0.011323089034913886,-0.1344807984819958,-0.6296738958940193,8.079723758171018e-06,0.0008155189748467644,0.00021669381379126314,0.00683105543045665,92.875
10666,0.20511200401802476,-359.8307257241177,-0.6910242967720511,-3.713935203419974,-0.015489077748603794,-0.13024480603645905,-0.6304751316642259,8.270030618928681e-06,0.0008324635365414912,0.00023219226402008085,0.007285467075234867,92.883333
10667,0.19907283874608908,-359.8670516525008,-0.6924709211891029,-3.9345539238582954,-0.019622064124060597,-0.12583193262125653,-0.631255742158684,8.474809179248618e-06,0.0008504246194162775,0.0002495029389020965,0.0077863224831643575,92.891667
10668,0.19303583527560617,-359.9055871861875,-0.6908857486280785,-4.176113378996819,-0.023723057336493065,-0.12124033022914843,-0.6320130628021359,8.695158787136887e-06,0.000869397888134953,0.00026875219616488347,0.008345879597723309,92.9
10669,0.1870429599045813,-359.9463421018485,-0.6859762242671377,-4.439772720462297,-0.027764456286754346,-0.11648659053028608,-0.6327420658291422,8.932068327668005e-06,0.0008893648982000279,0.0002900321427663432,0.00898317212896438,92.908333
10670,0.181114977132238,-359.98959970081347,-0.6774326089712809,-4.726888810096681,-0.031748644722640953,-0.11156731588126469,-0.6334408182784921,9.186314223057594e-06,0.0009102842586098114,0.00031337612535925995,0.009727373756441777,92.916667
10671,0.17528148045555447,-360.0356515633988,-0.6649018387819055,-5.03845514646791,-0.035676509630437864,-0.10648186872878955,-0.6341067031412096,9.458322623583207e-06,0.0009320958242938452,0.00033872924968299635,0.010622402945941788,92.925
10672,0.16958849532722775,-360.0845894986685,-0.6480117536193212,-5.374503640335746,-0.03952914356566553,-0.1012447272462332,-0.6347357439831169,9.747990088274731e-06,0.0009547180182669307,0.0003659113767967882,0.011732392424012625,92.933333
10673,0.1640751990131268,-360.13661615490327,-0.6263788865565478,-5.734390813914068,-0.043299490686854535,-0.09586136588859821,-0.6353253224232696,1.0054452961123478e-05,0.000978046087915027,0.0003945738478841989,0.0131472222811342,92.941667
10674,0.15878441408144384,-360.19188215149865,-0.5996244642631204,-6.116205059525675,-0.04697709840264807,-0.09033968584115022,-0.6358729480515666,1.0375807780788514e-05,0.0010019620276097447,0.00042416038387788096,0.014986379660081343,92.95
10675,0.15376366186642648,-360.2505740133765,-0.5673708054429696,-6.51642899492019,-0.050558199291549415,-0.08468623913209583,-0.6363761639644099,1.0708795587330113e-05,0.0010263477391081735,0.0004538789630107805,0.017397503211112237,92.958333
10676,0.1490649804902664,-360.3127831535374,-0.5292939730265445,-6.929366718279546,-0.054035252405887094,-0.0789112387538228,-0.6368325687115644,1.104847582105212e-05,0.0010511048643812887,0.00048270219725668814,0.020543992004348796,92.966667
10677,0.1447412415987093,-360.3785601475066,-0.4851547082687939,-7.346914376493948,-0.05740298185972607,-0.07302345008330118,-0.6372401322009966,1.1387939995631979e-05,0.001076180342110405,0.0005094130366640187,0.02457528588440922,92.975
10678,0.1408458467218516,-360.44784482427787,-0.4348546746379902,-7.7582975945609345,-0.060654655421696985,-0.06703312805229371,-0.6375971182456834,1.171814436596173e-05,0.001101593447266541,0.0005327137414996939,0.02957508179455722,92.983333
10679,0.1374363282835698,-360.52047699973025,-0.37846913376288266,-8.149952010882323,-0.06378713756658205,-0.06095256376379774,-0.6379016371884322,1.2027965520665522e-05,0.0011274529675782334,0.0005513981761619092,0.03549022400008777,92.991667
10680,0.13456339618381252,-360.59616103507165,-0.3163254851960632,-8.506381265693634,-0.06679606704564624,-0.054792492142431364,-0.6381524746548078,1.2304584465639448e-05,0.0011539485659605526,0.00056456183356952,0.0420560733488467,93.0
10681,0.13227083005439855,-360.6744793639875,-0.2490275585293431,-8.811215045770856,-0.06967774246918791,-0.04856187660286799,-0.6383488615335704,1.2534281604315149e-05,0.0011813066088613583,0.0005717958151003999,0.04875398724669419,93.008333
10682,0.13060427370980776,-360.7548295386499,-0.17746515638800048,-9.048081307845731,-0.07243180341052816,-0.042276272720991,-0.6384895169816956,1.2703648209987472e-05,0.0012097004316351137,0.0005732813850928606,0.05484180449466964,93.016667
10683,0.129595084857818,-360.8365246380818,-0.10280576130915353,-9.203267576714959,-0.07505896500583402,-0.03594619522181706,-0.638573829323852,1.2801078030556329e-05,0.0012391239135269964,0.0005697211766044411,0.05948149269507715,93.025
10684,0.1292625478597308,-360.91871384396825,-0.026455041237891806,-9.267373970427393,-0.07755825049415407,-0.029587071614735113,-0.638601468562006,1.281828488192853e-05,0.001269271472407316,0.0005621175626477819,0.061947365703847464,93.033333
10685,0.12961308098790839,-361.00039886830024,0.05003150852271636,-9.236743481636731,-0.07992873366773197,-0.02322256669724385,-0.6385723315383034,1.2751517050158978e-05,0.0012994657741601063,0.0005514683598904841,0.0618399720311536,93.041667
10686,0.13063278711970314,-361.08080760629286,0.1251482078407515,-9.114475106527651,-0.08217359478610463,-0.016858342279823788,-0.6384871253921299,1.2602152738631397e-05,0.0013286750647508066,0.0005385128874629252,0.05920961929441141,93.05
10687,0.13232171489715427,-361.15931002756366,0.19753453087026726,-8.907632220504397,-0.08431256411777592,-0.010495414069310642,-0.6383445390158826,1.2376522697048103e-05,0.0013556324223640507,0.0005236319448746962,0.05452734473497979,93.058333
10688,0.13463355572395408,-361.23505965002124,0.26592505188283927,-8.630179822869323,-0.08633886671411292,-0.004155716868632728,-0.638146411717429,1.2084979555578574e-05,0.0013790093966472604,0.0005069273929521259,0.04852719698660126,93.066667
10689,0.13752491040496487,-361.30749063229587,0.3293801514996094,-8.29787743811067,-0.08825742524334246,0.002148209961663028,-0.6378938193456467,1.1740516267963797e-05,0.0013976325866601282,0.00048839936058807,0.041996108723696225,93.075
10690,0.14094806054457823,-361.37616991296494,0.3872503641445955,-7.927069237275251,-0.09007558511777418,0.008402604425106612,-0.6375878746342075,1.1357249724501821e-05,0.001410634134595692,0.00046811512948896725,0.03559747125811774,93.083333
10691,0.14485253675169907,-361.4408238473263,0.43916754558657645,-7.533174078467958,-0.09180238414726624,0.014595507313387903,-0.6372297906620049,1.0949046547440738e-05,0.0014175317887512647,0.00044630903258123685,0.029780699781365567,93.091667
10692,0.14917832419585134,-361.501396517372,0.4850280661391207,-7.1299731671277,-0.0934407513574322,0.020722687879308855,-0.6368217245578353,1.0528494713026405e-05,0.0014182312625876422,0.00042339049957258105,0.024774299566495597,93.1
10693,0.15387478935292276,-361.55776502957826,0.524878842014927,-6.728387862645276,-0.09500257428278294,0.026764834976237852,-0.6363651995233076,1.0106292631531824e-05,0.0014129748962556142,0.0003998842424561765,0.020631043900053637,93.108333
10694,0.1588849705844093,-361.610079007038,0.5589491223017766,-6.3369388438811765,-0.09649131782446722,0.03271937739038836,-0.6358627057814312,9.691001985690337e-06,0.0014022501285786203,0.0003763479634436683,0.017292296159269326,93.116667
10695,0.16414754735783865,-361.6583125204519,0.587528218119067,-5.962008816575415,-0.09791375433184299,0.03855925169529421,-0.6353177106750153,9.289084539215501e-06,0.001386702426589667,0.0003532981850060304,0.01464391606288307,93.125
10696,0.16963180607177147,-361.70247612754963,0.6109333787753051,-5.606999186223777,-0.09929685076883417,0.0442623993447908,-0.6347310360362365,8.90511783276915e-06,0.0013670584562202486,0.0003311597576536849,0.01255664459333064,93.133333
10697,0.17528905737668418,-361.7438131940475,0.6297010245844463,-5.273650087149186,-0.10059781890898827,0.04992353818189966,-0.6341058522377434,8.542079013749123e-06,0.0013440469189385325,0.0003102468789361767,0.010909909561015526,93.141667
10698,0.18107684419574552,-361.7819075136341,0.6441081214764087,-4.963348832014406,-0.10184480372281807,0.055473192991048345,-0.6334452411140513,8.201666533337013e-06,0.001318369003190985,0.0002907662532603603,0.00960096164917262,93.15
10699,0.18695989785060674,-361.81702347377086,0.6545210316377795,-4.676057565106354,-0.10304069455313104,0.060909945002163825,-0.6327520103024895,7.884600850888994e-06,0.001290671797684642,0.0002728242495212945,0.008548337291438553,93.158333
10700,0.19290093307184308,-361.84949811881563,0.6612983555948476,-4.411177731044992,-0.10417915665560473,0.06623930475276679,-0.6320297227982219,7.590884735810628e-06,0.0012615322838634513,0.00025644846509558736,0.00768978537617268,93.166667
10701,0.198871198921489,-361.8794762752705,0.6647438110141443,-4.167690127319479,-0.10526720056145834,0.0714500678739593,-0.6312814086940628,7.320019508094318e-06,0.0012314563207842509,0.00024160813828519277,0.006978885207276606,93.175
10702,0.20484304081096613,-361.90726033363524,0.6651544192330401,-3.9442959532310966,-0.10629902865223056,0.07654855559648222,-0.6305103867658999,7.071173425200163e-06,0.0012008767961824173,0.00022823212254595126,0.0063815922345133004,93.183333
10703,0.21078968743544665,-361.93308303991444,0.6627942031998613,-3.7396325895968983,-0.10727027528823181,0.08153512810514436,-0.6297202740903811,6.843311284044174e-06,0.001170159345350539,0.00021622448476143607,0.005873045469790805,93.191667
10704,0.21669181278496524,-361.9570202574941,0.6578830192748467,-3.552294731617435,-0.10819043405655747,0.08639705236061754,-0.628914057720171,6.635290177461947e-06,0.001139609503263917,0.00020547607841488289,0.005435062832125699,93.2
10705,0.22252500524645447,-361.97942596978885,0.6506500967818036,-3.3808840549714585,-0.1090405059403658,0.09115060569198105,-0.6280957314154062,6.445926968897586e-06,0.0011094767015253854,0.00019587286473960692,0.005054269889977772,93.208333
10706,0.22827258802905553,-362.0004244320595,0.6412778688340925,-3.224072292843866,-0.10982133399365211,0.09579144895863761,-0.6272685115500852,6.274046449656831e-06,0.0010799647837889264,0.0001873022428392923,0.004720658622262298,93.216667
10707,0.23391910928576234,-362.02010824547415,0.6299295981937928,-3.0806241293904315,-0.1105357412371905,0.10031315114780576,-0.6264356585411964,6.118511642646319e-06,0.001051235108033833,0.00017965650647369565,0.0044266434792133965,93.225
10708,0.23943580366624184,-362.03810584588786,0.6167325199102092,-2.949604560018427,-0.11122779109491296,0.1046527409179569,-0.6256026654215161,5.978243171686121e-06,0.0010234127546318976,0.00017283514379574398,0.004166363460558443,93.233333
10709,0.24482994058154636,-362.05578056252705,0.6018954053519624,-2.8295239322767114,-0.11177567979611311,0.10895617069955887,-0.6247697679534482,5.852231447652677e-06,0.0009965985778367201,0.00016674584739077077,0.003935196875830842,93.241667
10710,0.25007809671594966,-362.07258090482935,0.5855019259129082,-2.7196566385501812,-0.11223713441838427,0.11314488311864189,-0.623941963453027,5.739537989252214e-06,0.000970856852977638,0.00016130567419788127,0.003729405919361077,93.25
10711,0.2551692289219846,-362.0885473919399,0.5676615567239709,-2.6191372096117926,-0.11261575722778892,0.11721155197678766,-0.6231225047959708,5.639298502868253e-06,0.0009462356969658631,0.00015644011944430868,0.0035459454121556564,93.258333
10712,0.26007911893579666,-362.1032838363455,0.5484567946549659,-2.5273084082900548,-0.11296190830654951,0.1210940614878378,-0.6223169194390609,5.550719818454701e-06,0.0009227646218185274,0.00015208298714547078,0.003382287774234853,93.266667
10713,0.2648222867688535,-362.1181068778936,0.5280441960516273,-2.4431941306944505,-0.11313458082532428,0.12494177585341773,-0.6215244419522635,5.47307673480154e-06,0.0009004633402206116,0.00014817581042600043,0.0032363064333491127,93.275
10714,0.2693767998400494,-362.13240045360914,0.5064769615225433,-2.3663113567954763,-0.11320590478742218,0.12867000546022694,-0.6207503246009028,5.405705001627188e-06,0.0008793285692517335,0.0001446673464624974,0.0031061834984319548,93.283333
10715,0.27373412275535125,-362.14624598623004,0.48383874226373796,-2.296092408724904,-0.11317091826398934,0.13227904042677638,-0.6199976704787339,5.347997733798072e-06,0.0008593529039917261,0.0001415127614998992,0.0029903677157591497,93.291667
10716,0.277886854140758,-362.1596706740193,0.4602057022288409,-2.2320283370689635,-0.1130313712164274,0.13576388081765778,-0.6192694005538002,5.2993993734509e-06,0.0008405209053891003,0.00013867302045265735,0.0028875218209666225,93.3
10717,0.2818261378888813,-362.1727523584712,0.43565240126247196,-2.1736735968017222,-0.11278106325016977,0.13912482391141048,-0.6185686928868775,5.259400351245356e-06,0.0008228107237000788,0.0001361142715477429,0.002796489466916103,93.308333
10718,0.2855346851135552,-362.18525577235346,0.4102346700212639,-2.1206632048659335,-0.11245418078702651,0.14232302657633208,-0.617900255709343,5.227532138933103e-06,0.0008061963380784597,0.00013380729036790233,0.0027162666062480953,93.316667
10719,0.2890280127137175,-362.19782701005937,0.38404944942858565,-2.0725552113243197,-0.11197229902538745,0.14543488772806032,-0.6172628373379494,5.203362897479575e-06,0.0007906516642368682,0.00013172698590754831,0.0026459821218820065,93.325
10720,0.29228976167905507,-362.2101905224905,0.35714385707851126,-2.0290706148571442,-0.11137354524914901,0.1484176955519708,-0.6166608741777594,5.186492484932045e-06,0.0007761406012522303,0.00012985185505810397,0.002584879458829039,93.333333
10721,0.2953133382804509,-362.22243625062606,0.32958109081000725,-1.9899365543048684,-0.1106480095145492,0.15127461506241952,-0.6160970065697325,5.176549523178441e-06,0.0007626296867990262,0.00012816371529530325,0.0025323041624061185,93.341667
10722,0.2980810443933203,-362.2342277200553,0.3013997985066955,-1.9549195915687507,-0.10984657406339435,0.15395626412161234,-0.6155759186162594,5.173187977978125e-06,0.0007500851702374985,0.00012664730331269473,0.0024876907702862552,93.35
10723,0.30061555874701085,-362.24627163278996,0.2726982646340657,-1.9237561361246407,-0.10887487882950925,0.1565484222407595,-0.6150945983584871,5.1760846201137125e-06,0.0007384769600169534,0.00012528999669324616,0.002450556729206101,93.358333
10724,0.30289919921090047,-362.2582330290065,0.24351040574246108,-1.8962738760649345,-0.10778247448968097,0.1590017721220033,-0.6146575366258383,5.184936008876747e-06,0.0007277668812836007,0.00012408146382537438,0.002420487864098802,93.366667
10725,0.30492143803052235,-362.2703564426814,0.213896394576845,-1.8723650746654734,-0.10653165843497672,0.16133367285897715,-0.614267827929256,5.199457187984432e-06,0.0007179223054022482,0.00012301357709557467,0.0023971377545150847,93.375
10726,0.3066917023989017,-362.2822812603838,0.18390214170022814,-1.8517790916090788,-0.10518842384282505,0.16350680291285094,-0.6139246155406056,5.2193800721066636e-06,0.0007089136539159479,0.00012208017560904263,0.0023802172863028313,93.383333
10727,0.30820197825096257,-362.2942146793758,0.15358460750697958,-1.834443907756065,-0.10372197407299208,0.1655359011295004,-0.6136302878832219,5.244452001946546e-06,0.000700709131756801,0.00012127689811401425,0.0023694973463395897,93.391667
10728,0.30944824094366774,-362.30610870013254,0.12299193089137059,-1.8202519498216576,-0.10214403221434505,0.16741052906453083,-0.6133863579485028,5.274435065075917e-06,0.0006932802636420641,0.00012060108096457496,0.0023647980459583413,93.4
10729,0.31042981891644833,-362.31809072901797,0.09218157882273441,-1.8091372121149625,-0.10043819600715223,0.16913998561080604,-0.6131935638331548,5.309105519910152e-06,0.0006866008351654714,0.00012005164952398221,0.002365988787032422,93.408333
10730,0.31114447922549343,-362.330161175582,0.06120369295458877,-1.8010362128541344,-0.09860849390120668,0.17071939728061,-0.6130528239872001,5.3482534967725575e-06,0.0006806461589511392,0.00011962905188957505,0.002372983622620225,93.416667
10731,0.3115900962467778,-362.34227704995664,0.03010586645838093,-1.795893956334786,-0.09666664525046934,0.1721397475388951,-0.6129649090194849,5.391683011145431e-06,0.0006753937270766759,0.0001193352069833594,0.0023857409787418848,93.425
10732,0.3117676836136334,-362.3545392506734,-0.0010554555171318914,-1.7936959643425945,-0.09460074876312097,0.17340767922134925,-0.6129298392120607,5.439212204144984e-06,0.0006708233136499304,0.00011917346448840636,0.0024042630439749632,93.433333
10733,0.3116749717295038,-362.3668671308194,-0.03223571620170306,-1.7944146979902722,-0.09242926753857594,0.17451048173041772,-0.612948150290463,5.490673792226648e-06,0.0006669162950322816,0.00011914861626615336,0.0024285926276665496,93.441667
10734,0.3113136169451424,-362.37937709796296,-0.06337757345754157,-1.798076802729462,-0.09013775288658807,0.1754560579099229,-0.613019469448782,5.54591578403113e-06,0.0006636566566348715,0.00011926687768425328,0.0024588159150003112,93.45
10735,0.3106827552362371,-362.3920018723436,-0.09443529379863877,-1.8046882186138042,-0.08774315434232756,0.1762337835645827,-0.6131437882524542,5.6048023622638855e-06,0.0006610300701717501,0.00011953595972250814,0.0024950590028242456,93.458333
10736,0.30978456959531186,-362.40487149231353,-0.12535028193863426,-1.8143182523029011,-0.0852287678967549,0.1768521959802535,-0.6133203653685104,5.6672150099394335e-06,0.0006590246752879199,0.00011996507791346926,0.002537491748342712,93.466667
10737,0.3086120233614779,-362.41811024110643,-0.1560736823560387,-1.8270866350300754,-0.08257640456763335,0.17731294812635107,-0.6135501352875937,5.733053808824809e-06,0.0006576303935626226,0.000120565089441227,0.0025863246389437084,93.475
10738,0.3071815438150287,-362.43136535637655,-0.18655558960583793,-1.842913596211506,-0.07985888292285553,0.17759125363865988,-0.613829306994512,5.8022390470245885e-06,0.0006568412202429441,0.00012134860196306317,0.0026418129505587857,93.483333
10739,0.30548938957205224,-362.4449206551319,-0.2167361573632433,-1.8619974727458268,-0.07703109706264298,0.17770415198146164,-0.6141579252357453,5.874712774583066e-06,0.0006566496758914949,0.00012232989739675756,0.0027042586759117573,93.491667
10740,0.3035351772697169,-362.4587285439864,-0.24656863664021514,-1.8844442211771835,-0.07410787876804421,0.17764280148063097,-0.6145352472093151,5.950440734916721e-06,0.0006570519646936686,0.00012352535468393398,0.002774007908362776,93.5
10741,0.30132476607447994,-362.47281995180055,-0.275994012532658,-1.9103901147272206,-0.07109191595978434,0.17740807459113656,-0.614959207778071,6.02941451848476e-06,0.000658047133340677,0.00012495347133875293,0.0028514582460041744,93.508333
10742,0.2988599095520144,-362.4872410314016,-0.30495690625050054,-1.9400137573404743,-0.06798250885886244,0.17699926905619828,-0.6154284279417277,6.111653841107719e-06,0.0006596356508701056,0.00012663512300714722,0.0029370563951169964,93.516667
10743,0.29614493129881014,-362.502048859335,-0.33339702604167587,-1.9735182455557525,-0.06477801199125634,0.17641736513275733,-0.6159409347641023,6.1972090709510586e-06,0.0006618205409946918,0.00012859381633836906,0.0030313020728857617,93.525
10744,0.29318626665772984,-362.5172402378055,-0.36125437970929924,-2.011105996984208,-0.061488265755485216,0.17566023419452137,-0.6164942724576675,6.286163967371563e-06,0.0006646068597106938,0.00013085599413221373,0.0031347483257409985,93.533333
10745,0.2899859418606201,-362.5328505165166,-0.3884713196360567,-2.053037316605678,-0.058115784877681764,0.1747256010579805,-0.6170867301757335,6.378638605500815e-06,0.0006680013489969124,0.00013345131760967487,0.0032480038509534207,93.541667
10746,0.2865515555383614,-362.5489454286779,-0.41497902894273364,-2.0996047840429086,-0.05465943320696175,0.17361576920340377,-0.6177154876813469,6.474792530518131e-06,0.0006720136137651143,0.00013641304470645793,0.0033717372504749937,93.55
10747,0.2828888446854144,-362.565545122713,-0.44071289138192177,-2.1511231640040376,-0.051126205754360055,0.17232890469397172,-0.618378017371364,6.5748281123015425e-06,0.0006766548868647248,0.0001397785056655184,0.003506673210014437,93.558333
10748,0.2790026145223084,-362.582664281928,-0.4656083148906812,-2.2079467215776685,-0.04752439139219134,0.17086227848778004,-0.6190719075267155,6.678994076364236e-06,0.000681938632907506,0.00014358950010895068,0.003653597054706833,93.566667
10749,0.27490366501880675,-362.60040494806816,-0.48958284168124205,-2.270499496293035,-0.04384897499491588,0.16922060973994446,-0.6197936473594552,6.787589183003932e-06,0.0006878808729238332,0.00014789276183320275,0.0038133581597542556,93.575
10750,0.270597397834552,-362.61877548336804,-0.5125667369162004,-2.339222746586588,-0.04011078803311675,0.1674004437137799,-0.6205406745764471,6.900965996535764e-06,0.0006944988311021986,0.0001527406807629195,0.003986860227904019,93.583333
10751,0.2660912169449166,-362.63782034508887,-0.5344813149866592,-2.4146232417317504,-0.036315549199859666,0.16540103465633052,-0.621310060514819,7.019534684243194e-06,0.0007018123617583626,0.00015819166212122863,0.004175074477737838,93.591667
10752,0.26139652192447144,-362.6576343977449,-0.5552333344881542,-2.497282114834646,-0.03246204989038575,0.16322542606038598,-0.6220982143362249,7.143766697550092e-06,0.0007098434727063565,0.0001643107376458533,0.004379040962654172,93.6
10753,0.2565226091465167,-362.67828500794474,-0.5747306677136128,-2.587835377213211,-0.028554425188409137,0.16087361280137974,-0.6229019490918224,7.274198153298007e-06,0.0007186153409667929,0.00017117025085404603,0.004599867319472336,93.608333
10754,0.2514743754057127,-362.70004309373746,-0.592861109135296,-2.687131623578096,-0.024565258696451868,0.15834734653393642,-0.6237188297517062,7.411432675724618e-06,0.0007281527894402829,0.00017885022735618416,0.004838749216443641,93.616667
10755,0.24627245597653455,-362.7227369260431,-0.6095265637914283,-2.7957711301363393,-0.02054094219568734,0.15564522599888775,-0.6245439504097919,7.556143599794663e-06,0.0007384831528258503,0.00018743918481604506,0.005096987389625791,93.625
10756,0.24092677594429274,-362.74622866471384,-0.6246412472097055,-2.9144660177948203,-0.016520044864128162,0.15276330448725692,-0.6253742668161371,7.709074381040163e-06,0.000749632152340332,0.00019703310958511447,0.005376055155755235,93.633333
10757,0.23544963677266217,-362.7711580870725,-0.6380154213300798,-3.0445324619402148,-0.012423550842537226,0.14971182137919808,-0.6262064664308298,7.871036271228557e-06,0.0007616262842501868,0.00020773469418927646,0.005677722889812619,93.641667
10758,0.2298618525796934,-362.7970603177626,-0.6495670771375647,-3.186571053305535,-0.008342853688687656,0.14648759432841105,-0.6270361187174182,8.0429038041295e-06,0.0007744913849390717,0.0002196551881339207,0.006004098288709203,93.65
10759,0.22417236783527303,-362.82429768913653,-0.6591255817766958,-3.34189576136295,-0.004244470879545033,0.1430921708213582,-0.6278607550982813,8.225605251740586e-06,0.0007882499172040023,0.00023290827532028045,0.006358017111256721,93.658333
10760,0.21840044500328684,-362.8532350867668,-0.666482197261714,-3.5118803489274346,-9.995880731985846e-05,0.13952874366247095,-0.6286765721547204,8.420106565274235e-06,0.000802922866829444,0.00024760971333799504,0.006743358195782783,93.666667
10761,0.21256721985346078,-362.8835878790902,-0.671503813461984,-3.6974373243885625,0.004025787213132006,0.1357995551751452,-0.6294797745182504,8.627388057505323e-06,0.0008185256210286365,0.0002638726766486993,0.007165607604432712,93.675
10762,0.20668833936343134,-362.9156680414583,-0.6739700387160574,-3.900032057248677,0.00815105138851496,0.13190464440665464,-0.6302675922346125,8.848408384850433e-06,0.0008350661586084363,0.00028179662476026567,0.007632939301050953,93.683333
10763,0.20079124147628782,-362.9496741094616,-0.6736341697684646,-4.120974743409201,0.01227558117136212,0.12784925119028764,-0.6310359670834841,9.084053426957712e-06,0.0008525446853594184,0.0003014594145816393,0.00815749528936955,93.691667
10764,0.19490087624908958,-362.9857391111002,-0.6702482452932674,-4.361485267533446,0.01638875060520431,0.12363650369278159,-0.6317815575689316,9.335066137700019e-06,0.0008709486219488746,0.000322902197153437,0.00875730481394845,93.7
10765,0.18904029718372975,-363.02406205619224,-0.663540287637058,-4.6227537741391265,0.020486494660003036,0.11926656151974041,-0.6325016233305679,9.601951110120732e-06,0.0008902518493785122,0.0003461095806743998,0.009458980901668834,93.708333
10766,0.18324004068807742,-363.0648407359223,-0.6532040530077265,-4.905679104748436,0.024563265502676426,0.1147428671417726,-0.6331928877553273,9.884849701546898e-06,0.0009104144575764231,0.0003709859394197723,0.010301171474686479,93.716667
10767,0.17753231408793488,-363.1082356413971,-0.6389220468830538,-5.210735764782451,0.028608224385965473,0.1100695541452864,-0.6338523293510406,1.0183380212612754e-05,0.0009313811704341081,0.0003973271425978299,0.0113385940032339,93.725
10768,0.17195183053404337,-363.15483154260465,-0.6202693250006333,-5.538209087624406,0.032655299923019986,0.1052375706784552,-0.6344771057970766,1.0496439613835282e-05,0.0009530837978634763,0.0004247898424094521,0.012646240721022892,93.733333
10769,0.1665380995539818,-363.20423726272026,-0.5970126020345157,-5.886569850614846,0.036633390394202214,0.10026865136399216,-0.6350643313380718,1.082196968257636e-05,0.0009754464512607744,0.00045286654969934904,0.014322039822330431,93.741667
10770,0.16133544662072988,-363.2566738796439,-0.5687916054737788,-6.253671876605263,0.04054289199382908,0.09516977805284761,-0.6356111231957386,1.1156694000164268e-05,0.0009983953464890285,0.0004808586353313032,0.016487197392017754,93.75
10771,0.1563849884468225,-363.31249868841695,-0.5352434530111053,-6.6361518708844205,0.04439643996178456,0.08993675862100123,-0.6361154362562407,1.1495845714225856e-05,0.0010218727731761692,0.000507883024189024,0.019278304305271273,93.758333
10772,0.15173305925305267,-363.3719315363446,-0.496065231027326,-7.0286358217413705,0.048194412985229945,0.08456899379256687,-0.6365751303042886,1.1832929634814215e-05,0.0010458575972010092,0.0005329081096421629,0.022828233658847424,93.766667
10773,0.14742551039944632,-363.4347841106308,-0.45113284549219246,-7.423398567709279,0.05190600484992716,0.07908171515098274,-0.636988509837735,1.2159576416565918e-05,0.0010703838400237119,0.0005548294412411459,0.027231127310211767,93.775
10774,0.14351684744572038,-363.50117299410505,-0.40033284885080617,-7.81045078542381,0.055536254471904425,0.0734772339729255,-0.6373533817301983,1.2465566258324222e-05,0.001095555452384485,0.0005725915014111835,0.03249203797502647,93.783333
10775,0.14006120412829812,-363.57108918639267,-0.34373040555755535,-8.177419108573515,0.05908575018660513,0.06775761015643825,-0.63766785481689,1.2739106727017064e-05,0.0011215414903102885,0.0005853445687902813,0.038464249914959205,93.791667
10776,0.13710394558305267,-363.6442282597593,-0.2816728173325787,-8.510284031368444,0.06253890547378371,0.06193165772745797,-0.6379309270989064,1.2967440213558685e-05,0.0011485466976270322,0.000592599128008504,0.04479676009289337,93.8
10777,0.13468940909679208,-363.7201105699774,-0.21476534344500203,-8.794010479177457,0.06588027461220393,0.056014483538167445,-0.6381415828223178,1.3137819586317107e-05,0.0011767489527010134,0.0005943258532914851,0.0509239820105553,93.808333
10778,0.13286348076282506,-363.7984713675358,-0.14376972758127277,-9.013634798550168,0.06911878076584117,0.05000240067726746,-0.6382984151225457,1.3238790032204857e-05,0.0012062001842853547,0.0005909420562588123,0.056125050613163883,93.816667
10779,0.13165117874605048,-363.8785247235278,-0.06983681161210252,-9.156781276642473,0.07223474103035149,0.0439129838930292,-0.6384013664693151,1.3261591119383796e-05,0.0012367111769569122,0.0005831698315618037,0.05965945432754633,93.825
10780,0.13108432595116415,-363.9597259031721,0.005797007050814297,-9.21375731897307,0.07523513167008787,0.03774689973939064,-0.6384491829414843,1.3201430353436168e-05,0.00126776618587533,0.0005718085843355784,0.060960685595820616,93.833333
10781,0.1311652597285807,-364.0411152461071,0.0816447732629443,-9.180973029132215,0.07810280250302143,0.03152470730506367,-0.6384423683830077,1.305830666639819e-05,0.001298487823394153,0.0005575043162648851,0.05980155210263076,93.841667
10782,0.13189911652989023,-364.12206995368064,0.15630832549279736,-9.059490714267332,0.08084350448302226,0.025245226994217024,-0.6383803873654909,1.2837172292770382e-05,0.0013277059387577044,0.000540631255181106,0.056371398973664714,93.85
10783,0.13326590671533556,-364.2017831832509,0.2284007949461201,-8.856664456525664,0.08344789682025938,0.018920506919515762,-0.638264032834519,1.254735419278158e-05,0.001354096585475929,0.0005213212301162724,0.051212907229664664,93.858333
10784,0.1352362685327681,-364.2794823781035,0.29670976394466925,-8.584159368625752,0.08590895871157742,0.012568131597257788,-0.6380941980281959,1.2201378865107561e-05,0.001376380935915708,0.0004996152882302846,0.04505960938237938,93.866667
10785,0.1377904239819395,-364.3546459031052,0.3602948807292254,-8.255354929122609,0.08823567957058107,0.0061956423235168916,-0.6378703563757426,1.1813484174219272e-05,0.0013935088900021884,0.00047563922900790333,0.038642627226749444,93.875
10786,0.14087248169932795,-364.42675889391944,0.4184599090254001,-7.886526864101116,0.09041827892428186,-0.00018183841178754414,-0.637594710178153,1.1398107569967379e-05,0.0014047774604683907,0.0004497277185577941,0.03254390039250663,93.883333
10787,0.14444084705633925,-364.49562953661655,0.4708163971396248,-7.492328523747939,0.0924602945721796,-0.006564742647072247,-0.6372680054401002,1.0968669582783636e-05,0.0014098944469244188,0.00042243578256128056,0.02712841125626891,93.891667
10788,0.1484435965664095,-364.5609949964208,0.5171745201010146,-7.0864053448872,0.09436048056366751,-0.012936496616723095,-0.6368918742134173,1.0536751082855565e-05,0.0014089413817842688,0.0003944714328745162,0.02255456551003916,93.9
10789,0.15282903552314553,-364.6227495297126,0.5575528789613267,-6.680095676636217,0.0961198024950565,-0.01928456173672731,-0.6364680682665342,1.0111692714623281e-05,0.0014023021225524105,0.00036658538730099656,0.018826254408631317,93.908333
10790,0.15754675032681226,-364.68087347626494,0.5921182310660804,-6.282258720454445,0.09774087678506503,-0.025596114463358115,-0.6359984847510767,9.700541616049772e-06,0.001390565280209845,0.0003394681591430583,0.015855636131476194,93.916667
10791,0.16253941463334848,-364.7355216771481,0.6211656431344641,-5.899539941859114,0.09921888810750981,-0.031867220031779754,-0.6354861172410894,9.308234821161381e-06,0.001374430001849872,0.00031368006668065876,0.013515893937374289,93.925
10792,0.16777245847718192,-364.78707283031,0.6450512299865113,-5.535780438226305,0.10055328401916024,-0.038115687744443565,-0.6349320783333681,8.93791762726005e-06,0.0013546340749921893,0.0002896202815514571,0.011676119416051498,93.933333
10793,0.1732017587433517,-364.8351912522842,0.6640699032593765,-5.193998634512985,0.10176299205089032,-0.04428303189893454,-0.6343388835714616,8.591292405395674e-06,0.001331887016599578,0.00026752988855009913,0.010220453455014177,93.941667
10794,0.1787813892035045,-364.88023659406224,0.678627320539682,-4.875485992041161,0.10284265243721416,-0.05037671960288035,-0.6337097818700065,8.268969251243205e-06,0.0013068449622178826,0.00024751005412237845,0.009054848810715534,93.95
10795,0.18447577255244066,-364.9223897682118,0.6890870075285807,-4.580472406865968,0.10379764074626907,-0.0563875103313049,-0.6330474003817924,7.970773022544503e-06,0.0012800958248001067,0.00022955489170750228,0.008106858770376146,93.958333
10796,0.1902489895139752,-364.96193393388234,0.6958075307982707,-4.308487668550827,0.10462553031883211,-0.062316127064226456,-0.6323548935441382,7.695991277438363e-06,0.0012521496567561975,0.0002135821106991777,0.007322797294243488,93.966667
10797,0.19607149851229508,-364.99897868646474,0.699102012206468,-4.058622328907836,0.10533539546247302,-0.06814714515741158,-0.6316351270675651,7.443570477360091e-06,0.001223442797319919,0.00019946090262306005,0.006663691743865323,93.975
10798,0.20191478112433595,-365.03371259213264,0.6992679372581522,-3.829660050735522,0.1059309091962131,-0.07387399759949868,-0.6308912645072311,7.212261465267073e-06,0.0011943420329104944,0.00018703350795347824,0.006101573230152933,93.983333
10799,0.20775139773218687,-365.06634260379644,0.6965790499432989,-3.620229409881625,0.10641268295680678,-0.07949300065109226,-0.6301267463212616,7.00072544091864e-06,0.0011651534326978783,0.00017613173080627484,0.005616347036698634,93.991667
10800,0.213556822125892,-365.09703348149327,0.6912794700082076,-3.4288998919323372,0.10678361591708073,-0.08499775406513183,-0.629345019724123,6.807607456729818e-06,0.0011361311326685095,0.00016658816502231646,0.005193439665316763,94.0
10801,0.21930939579654984,-365.12593235598155,0.6835878670127656,-3.2542400704903587,0.10704752537635563,-0.09038186506051897,-0.6285494876737875,6.631584936117068e-06,0.001107484419017112,0.00015824323287065198,0.004822112678540331,94.008333
10802,0.22498978405400563,-365.1531575302058,0.6736993879999227,-3.094868762396814,0.10721015399071286,-0.09563764192984925,-0.627743528045798,6.471398082575203e-06,0.0010793839518139642,0.00015094925952329163,0.004494280901801664,94.016667
10803,0.23057742786333715,-365.17894063781034,0.6617987792236846,-2.9494667374539163,0.10726374061097689,-0.10076987257460528,-0.6269309654239763,6.325867349299893e-06,0.001051967326510131,0.00014457242456587176,0.004203704442286094,94.025
10804,0.23605663843638555,-365.2034091970236,0.648044500756863,-2.816810193995041,0.1072098812041908,-0.10577502643722153,-0.6261151633927966,6.193902133171129e-06,0.0010253453235950633,0.00013899341327994704,0.003945433296851461,94.033333
10805,0.24141203827033894,-365.22663179611493,0.6325776814836825,-2.695785844921827,0.10705490017974222,-0.11064417226971747,-0.6252996307101536,6.074502573924743e-06,0.0009996043009078196,0.00013410691875958338,0.0037154558452483573,94.041667
10806,0.24662831838460728,-365.24872694292173,0.6155298527218724,-2.5853701635736854,0.10679855599008532,-0.11537446041326341,-0.6244880423184906,5.966757853752497e-06,0.0009748102661937376,0.00012982077072552317,0.003510452711054005,94.05
10807,0.2516935264215804,-365.26981551838577,0.5970201480701974,-2.484625807093541,0.1064398878378046,-0.11996544581354601,-0.6236836976896484,5.86984190224717e-06,0.0009510123201084181,0.00012605482971261582,0.0033276276585388963,94.058333
10808,0.25659505066380156,-365.2899442967356,0.5771551049844402,-2.392717656341781,0.105984909623516,-0.12440908632237542,-0.622890111374813,5.783007382836104e-06,0.0009282441895309879,0.00012273971854207688,0.0031645967051157934,94.066667
10809,0.2613210098250213,-365.30930058463315,0.5560390607495175,-2.3088848196892093,0.10542121137477899,-0.12871308777419685,-0.6221107794468009,5.705579249473279e-06,0.0009065272393804054,0.00011981559748834534,0.003019307541201526,94.075
10810,0.2658602422588838,-365.3279360092173,0.5337629017167954,-2.2324527581760196,0.10475166165901353,-0.13287146671528352,-0.6213491573894705,5.636947953860275e-06,0.0008858724180799194,0.00011723101069907745,0.0028899790257632227,94.083333
10811,0.27020445507003693,-365.34587357680147,0.5104098740912667,-2.1628115818486466,0.10398343113372023,-0.1368770878593596,-0.6206082673835405,5.576562766012467e-06,0.0008662819820010429,0.00011494180124377083,0.0027750608385971147,94.091667
10812,0.27434404100486437,-365.3632114216806,0.48606124670253814,-2.099419627580693,0.10311228041956448,-0.14073041583630594,-0.6198913778729445,5.5239253414442934e-06,0.0008477502123380227,0.00011291014727997594,0.002673201521886701,94.1
10813,0.2782709094388269,-365.3800195837469,0.46079242599386816,-2.041792769435196,0.10213712045599244,-0.14442995904948772,-0.6192015085817553,5.478583882733368e-06,0.00083026558810012,0.00011110373927421385,0.0025832193370559416,94.108333
10814,0.2819757046548682,-365.39649037834647,0.434679363829083,-1.9895101859020339,0.10103731648369649,-0.1479861219547803,-0.618541899197264,5.44012769178797e-06,0.0008138116424414608,0.00010949504218770081,0.0025040817026657208,94.116667
10815,0.28545583595394247,-365.41239777986175,0.4077795443734131,-1.9421660399813867,0.09985529754138335,-0.15137051748980304,-0.6179145561190407,5.408182335880733e-06,0.0007983686417949148,0.000108060666844505,0.002434885322139905,94.125
10816,0.28870052988958017,-365.42804226035736,0.38016596736688724,-1.8994452657880851,0.09855225822453997,-0.15460396804635737,-0.6173229123717704,5.382405152133632e-06,0.0007839124715752628,0.0001067808248023044,0.002374847669407922,94.133333
10817,0.2917071098468745,-365.44323496664543,0.3518926878762894,-1.861021783812446,0.09716546084708752,-0.15766270302818522,-0.6167688853762157,5.362481591749015e-06,0.0007704184363346008,0.00010563887867450302,0.00232328559327561,94.141667
10818,0.29446817509614626,-365.4581235013746,0.3230225490716371,-1.8266425473513808,0.09567882130676605,-0.1605540977006415,-0.6162551886522992,5.348121725359117e-06,0.0007578594092813558,0.00010462094679630146,0.0022796115707618848,94.15
10819,0.29697894763031907,-365.47292045833126,0.2936194545324632,-1.7960966374207739,0.09406475814326072,-0.1632924477986048,-0.6157839803400132,5.339057433208549e-06,0.000746208179079052,0.00010371557341842787,0.0022433197278158906,94.158333
10820,0.2992371342368641,-365.487391176561,0.2637307689748807,-1.7691431572973564,0.09236839342238055,-0.1658509186614573,-0.6153568601646683,5.335039938750839e-06,0.0007354372116847931,0.0001029134468703925,0.00221397803655298,94.166667
10821,0.30123717017584434,-365.5016936816957,0.23341487528479776,-1.745624383521088,0.09057015608459112,-0.16823835529194017,-0.6149759469373381,5.335837720800526e-06,0.000725518581784637,0.00010220718001303686,0.0021912254769932,94.175
10822,0.3029763205612388,-365.5158304000569,0.20272467781322095,-1.7253833607053848,0.08867633122629616,-0.17045042398221855,-0.6146427205462749,5.341234842807806e-06,0.000716425460635745,0.00010159111217647575,0.002174762440722423,94.183333
10823,0.3044514710025499,-365.5298948397485,0.1717150500521127,-1.7083026729662179,0.0866773630261835,-0.17249067603902832,-0.6143586201026451,5.351029583022594e-06,0.0007081316935223803,0.00010106115271998497,0.0021643475395138217,94.191667
10824,0.305659073697025,-365.54388117199784,0.1404361831423295,-1.6942703585157721,0.084580202503172,-0.17435344243703554,-0.6141250517043558,5.3650334024234565e-06,0.0007006123049073598,0.00010061465774056513,0.0021597927874917157,94.2
10825,0.30659813943642317,-365.55785606265096,0.10894151528496025,-1.6832069768549653,0.08237985019997776,-0.17604064067932593,-0.6139428033508022,5.38307019679443e-06,0.0006938439322085514,0.00010025032861886182,0.0021609612631869396,94.208333
10826,0.30726674590158665,-365.57181373106215,0.07728061242573675,-1.6750394490338403,0.08008354790740754,-0.17754743015636607,-0.613812714168933,5.404975795441247e-06,0.0006878043944758122,9.996814052111616e-05,0.0021677639858821464,94.216667
10827,0.3076625925756146,-365.58590825604784,0.045508203029912035,-1.669748706623271,0.07766999484216534,-0.1788813565858706,-0.6137355658939905,5.430597730375411e-06,0.0006824732342907857,9.976928654693708e-05,0.0021801586965679177,94.225
10828,0.30778611860197524,-365.59993226051824,0.013666818514967526,-1.6672514902688675,0.0751830219053563,-0.1800229302556267,-0.6137114716830349,5.459795250988243e-06,0.0006778319978197992,9.965616207832065e-05,0.0021981471694095295,94.233333
10829,0.30763609438045253,-365.61398037287665,-0.018191511554080327,-1.6675510018806132,0.07261241847356821,-0.18097585948003542,-0.6137407332456287,5.492439511262594e-06,0.0006738637374560179,9.96323116455273e-05,0.002221777851334337,94.241667
10830,0.3072132118818539,-365.6281410443341,-0.050013583440899026,-1.6706676537035747,0.06994925296432329,-0.18174368534613297,-0.6138231402631698,5.528413969867761e-06,0.0006705536181959273,9.97024652150114e-05,0.0022511431297716684,94.25
10831,0.3065185290140369,-365.6424886548013,-0.08174643911842415,-1.6766377853049064,0.06718709994249264,-0.18232839392320477,-0.6139582746789086,5.567615041635461e-06,0.0006678885772200365,9.9872574745582e-05,0.002286379406114444,94.258333
10832,0.3055526494561481,-365.65711605211055,-0.11333659942652928,-1.6855229350741114,0.0643161054961974,-0.18273216778160728,-0.6141456717323965,5.6099529565531164e-06,0.0006658574085396852,0.00010014986823618699,0.0023276678754458138,94.266667
10833,0.3043158083136472,-365.67177810000595,-0.14474539242671772,-1.6973075741048618,0.061388354815838354,-0.18293522355298286,-0.6143848033216845,5.6553528274486015e-06,0.0006644510239212351,0.00010054293028873178,0.0023752355470646395,94.275
10834,0.30281069503755215,-365.6866517087094,-0.17591431029458623,-1.7121132791821871,0.05837957380161914,-0.18294686131030463,-0.6146745349983596,5.703755834822724e-06,0.0006636626887360953,0.00010106168415891703,0.0024293619128140692,94.283333
10835,0.30104088822792996,-365.701938910699,-0.20678185168292243,-1.730094511342729,0.05526119797554317,-0.18277632046696635,-0.6150134383498175,5.755120623274854e-06,0.0006634875064583662,0.0001017176329048699,0.0024903751348858763,94.291667
10836,0.29900763446004747,-365.71748413957647,-0.23730453285965486,-1.751317217616808,0.052069982984374506,-0.18241042403180027,-0.6154004117260126,5.809425042228076e-06,0.0006639223699699047,0.00010252404748118893,0.0025586531054922856,94.3
10837,0.2967140137494035,-365.73330814504664,-0.2674290738540053,-1.7759230809875328,0.048811074799581244,-0.18184778742982602,-0.6158338849558268,5.866668020908344e-06,0.0006649667060468458,0.00010349598668783999,0.0026346329499382657,94.308333
10838,0.2941651896317925,-365.7494793933651,-0.29709717146503356,-1.8040941516634006,0.04548161629735888,-0.1810903485911291,-0.6163117887093539,5.92687160241625e-06,0.0006666221278252299,0.00010465056904463975,0.0027188113139743225,94.316667
10839,0.2913642726515962,-365.7660063854183,-0.32625487012968535,-1.8360190798584628,0.04208972981631215,-0.18013558479961106,-0.6168323422202276,5.9900832871278745e-06,0.0006688920900730641,0.00010600725905444829,0.002811745887249214,94.325
10840,0.28831119477639794,-365.78274517368766,-0.3548592983268701,-1.8718570317052154,0.038670808168001114,-0.17897324973708442,-0.6173942477462686,6.056378631772539e-06,0.0006717825553103358,0.00010758811075361007,0.002914061320694105,94.333333
10841,0.2850188060892729,-365.7999674203758,-0.382830028441587,-1.9119531526800606,0.03518769247373602,-0.17761775362186613,-0.6179937480045377,6.1258640209120025e-06,0.0006753028759033026,0.00010941793903141241,0.0030264600851316265,94.341667
10842,0.2814900411113041,-365.81781334801383,-0.41010216120710197,-1.9566463971397956,0.031626755586853884,-0.1760698871474446,-0.6186288514504764,6.198679817133029e-06,0.0006794628157077138,0.00011152512515675127,0.0031497071200786964,94.35
10843,0.2777303167703221,-365.83605792096716,-0.43662813828847985,-2.0061593836810943,0.028039776110156078,-0.17431996971557562,-0.619297046489044,6.2750039830422735e-06,0.0006842751990921809,0.00011394195103436595,0.0032846408851528656,94.358333
10844,0.2737484825078058,-365.85502735504576,-0.46232106392073136,-2.0609928744501653,0.024382616822051336,-0.1723774611119954,-0.6199951706049746,6.355055783555651e-06,0.0006897554780411945,0.0001167047664764136,0.0034321871161377172,94.366667
10845,0.26955107113607135,-365.8746090070252,-0.48712134598135404,-2.121502548099029,0.020688586519331767,-0.1702369527531081,-0.6207204483349716,6.439099901007235e-06,0.0006959210043180135,0.0001198551937921078,0.0035933383802611283,94.375
10846,0.26514554135364105,-365.8948453294436,-0.5109561860311961,-2.188163339743269,0.016964543364615652,-0.16789833320059847,-0.6214699241740431,6.527450947299751e-06,0.0007027918184503949,0.00012344030191554462,0.0037691725860371167,94.383333
10847,0.2605398701359815,-365.9158153520477,-0.5337461503602298,-2.2615263663172014,0.013212133025681501,-0.16536217169740847,-0.6222405518675463,6.620478091033966e-06,0.0007103905328339336,0.00012751351759939084,0.003960847191375643,94.391667
10848,0.2557458160273254,-365.9375617926229,-0.5554054877400889,-2.3421859120954793,0.009440276433189978,-0.16263043340788802,-0.6230286799068142,6.71861004974157e-06,0.0007187423058552085,0.00013213550788106817,0.004169595987595276,94.4
10849,0.2507722567451503,-365.9601702870517,-0.5758443353742186,-2.43083078421408,0.005651687985002417,-0.1597035512772964,-0.6238311845430142,6.822340235023586e-06,0.0007278739961654765,0.0001373750775671506,0.004396724325184686,94.408333
10850,0.24563158106704902,-365.98352975636084,-0.5949795429165072,-2.5281082368150747,0.001881341778523945,-0.15658320978513876,-0.6246444361734887,6.932231932582126e-06,0.0007378148954518547,0.0001433101242336316,0.004643610380153576,94.416667
10851,0.24033550680481533,-366.0080847002547,-0.6126742235203427,-2.635080877425923,-0.0019222184628961793,-0.15327211453742162,-0.625465008339722,7.048923087619653e-06,0.0007485958106987716,0.00015002815384061618,0.0049117223475688004,94.425
10852,0.23489706294973917,-366.03375740243985,-0.628826257170185,-2.7525921024614726,-0.005726023283120978,-0.14977094284373305,-0.6262893820056831,7.173130923715134e-06,0.0007602489340960857,0.00015762845469460477,0.00520258490003522,94.433333
10853,0.2293292227322025,-366.06060140377036,-0.6433145042742027,-2.8816576145739288,-0.009517079180373271,-0.1460812899847035,-0.6271141798717993,7.305655617222056e-06,0.000772807232542666,0.00016622155610877378,0.005517856609627719,94.441667
10854,0.22364910674390054,-366.0887744574461,-0.6559906116371326,-3.0234579636711447,-0.013296482944238361,-0.14220628611155933,-0.6279355766379788,7.447381711564528e-06,0.0007863038722161251,0.00017592974165246952,0.0058593996681246775,94.45
10855,0.21787104552869402,-366.11836394706955,-0.6667059822610917,-3.1792353074057487,-0.017053068922502596,-0.1381473931788751,-0.6287503505161692,7.599276909195107e-06,0.000800770266622587,0.00018688713928597867,0.0062294018788505295,94.458333
10856,0.21201513721241524,-366.1495091167223,-0.6752831157735604,-3.3503569347038322,-0.020781717032368432,-0.13390867277564755,-0.6295546840971411,7.762386626566108e-06,0.0008162356495716962,0.00019923800042131388,0.006630657504410717,94.466667
10857,0.20610191079142684,-366.18232498365296,-0.6815311285166533,-3.538256791629197,-0.024472339966571624,-0.12949447218073357,-0.63034498405809,7.937822081987005e-06,0.0008327239317142216,0.0002131341428968572,0.007066993359527811,94.475
10858,0.20014382783334578,-366.21706691533353,-0.685238529890754,-3.7446021659283346,-0.028129872661235622,-0.12490014966900014,-0.6311189868421992,8.126739190968685e-06,0.0008502515575644669,0.00022872965070676836,0.007544017565327852,94.483333
10859,0.19417352946735236,-366.25379959984775,-0.6861609919717804,-3.9708549776654958,-0.03173488867348856,-0.12013764655607101,-0.6318721036703946,8.330305266240124e-06,0.000868827188224175,0.0002461728431693201,0.008070326870999196,94.491667
10860,0.18821584792813248,-366.29271240032534,-0.6840324149216278,-4.218586292493984,-0.035281643224545356,-0.11521053928491055,-0.6326011776507028,8.549647435636938e-06,0.0008884432118880532,0.0002655932507623669,0.00865930658893149,94.5
10861,0.18229952959583057,-366.33399822796565,-0.6785561213120074,-4.489246059803947,-0.03876342076316645,-0.11012383247250186,-0.6333029696822099,8.785777038112166e-06,0.0009090748333087828,0.00028708359991212387,0.00933186579512271,94.508333
10862,0.17645657318791583,-366.37783294284554,-0.6694096735503254,-4.784014209791278,-0.04217074907584295,-0.1048843355174731,-0.6339743029188489,9.03948369236495e-06,0.0009306760505845622,0.0003106747479439825,0.01012026687938853,94.516667
10863,0.1707219835903473,-366.42440693986526,-0.6562421847082645,-5.103653382070045,-0.045495563375604335,-0.09949923785451582,-0.6346121398582815,9.311190485122158e-06,0.000953176762095037,0.0003363028667153533,0.011073195102952078,94.525
10864,0.16513204013164512,-366.4739393294357,-0.6386792070641876,-5.4483199770239645,-0.048732320721249604,-0.09397392915496798,-0.635213801985047,9.600762843990609e-06,0.0009764819984271627,0.0003637698334356485,0.012261802809675407,94.533333
10865,0.15972835718766593,-366.5266056765881,-0.6163339912515426,-5.8171388961581325,-0.05187256948713693,-0.08831720782480591,-0.6357765488069156,9.907266631715542e-06,0.0010004752927363402,0.0003926997028893787,0.013785780889409153,94.541667
10866,0.15455578896607028,-366.5825981552665,-0.5888137356350678,-6.20791559939978,-0.054911452091452255,-0.08253670715156171,-0.6362978367696889,1.0228676139907134e-05,0.0010250263337016317,0.00042249723333224695,0.01577712868463403,94.55
10867,0.1496625012883027,-366.64204953300174,-0.5557536383110476,-6.61663780931808,-0.05784213491566961,-0.0766420653469323,-0.6367753088207442,1.0561544339816992e-05,0.0010500064557434996,0.0004523215227862209,0.01839739363222624,94.558333
10868,0.1450969048787185,-366.7050669323817,-0.5168441949957869,-7.037176396961256,-0.06065926673082738,-0.07064087654376026,-0.6372070562986631,1.0900666747855338e-05,0.0010753119857035177,0.0004810908514801261,0.02182218814603333,94.566667
10869,0.1409123512679271,-366.7716830115034,-0.47186350036113117,-7.460741037170667,-0.06335858531030988,-0.0645428967224739,-0.6375911047263351,1.1238796641497984e-05,0.0011008943746464795,0.0005075400104363935,0.026205926469660787,94.575
10870,0.13716439550925552,-366.8418313532725,-0.4207320155857944,-7.875692611299347,-0.06593671623444582,-0.05835909580433507,-0.6379256054314787,1.1566496638171515e-05,0.001126788144337386,0.0005303432611768888,0.03162187243207309,94.583333
10871,0.1339082850585794,-366.91530954218655,-0.3635736681635885,-8.267692717675143,-0.06839039977703114,-0.05210202155496176,-0.6382089354155301,1.1872234445638227e-05,0.0011531270371514708,0.0005483026731877334,0.037982369303517886,94.591667
10872,0.13119503134540234,-366.9918119867441,-0.30075835228022624,-8.620473656420943,-0.07071853860211781,-0.04578149615664574,-0.6384398605848791,1.2142835405313743e-05,0.0011801317960768516,0.0005605702316849846,0.04496086291029661,94.6
10873,0.1290707695164232,-367.07080970568677,-0.2329629398947908,-8.916907802344724,-0.0729176125509114,-0.0394129556015035,-0.6386173763581986,1.2364367488283004e-05,0.0012080545376603581,0.0005668378284661886,0.05195568905789599,94.608333
10874,0.12757031746088318,-367.1515831060942,-0.16118095847883443,-9.141041053877633,-0.07498287322791346,-0.033014885375808704,-0.6387410263495754,1.252344089930123e-05,0.0012370742926475875,0.0005674093635852548,0.05814148520065891,94.616667
10875,0.1267246165727799,-367.2335632313035,-0.08658640233820365,-9.27958628416743,-0.07692400152899048,-0.026587312162745794,-0.6388100856253982,1.2608771047219813e-05,0.0012671627898318762,0.0005630988198803586,0.06262960431463953,94.625
10876,0.1265464930381365,-367.31577707050315,-0.010651007044402147,-9.324323923854122,-0.07873732715163363,-0.02015220004831915,-0.6388245728071433,1.261270857020296e-05,0.0012979557289671255,0.0005549657170600658,0.06469826055941372,94.633333
10877,0.1270594929060992,-367.39759323570985,0.06517997867046112,-9.271514254159266,-0.08044393316464683,-0.013705025267237185,-0.6387827945205055,1.2532387893776554e-05,0.0013286914194970676,0.0005439961888007976,0.06401416538258327,94.641667
10878,0.12824010792271592,-367.47795000348356,0.13931187977477458,-9.126178983651904,-0.08203561349272603,-0.007270109501621224,-0.6386860075989661,1.2370165578578965e-05,0.0013582375934951551,0.0005308665525334211,0.06073052634516574,94.65
10879,0.13006392846428272,-367.556029893908,0.210355950138203,-8.898365957230563,-0.08351739859579611,-0.0008611430093890781,-0.6385347408250457,1.2133274686168046e-05,0.001385247608292508,0.0005158884684613538,0.05542933639202759,94.658333
10880,0.13249518941506344,-367.6311481794688,0.27715845177845616,-8.602345785769192,-0.08489543965928269,0.005509594653356854,-0.6383297904436334,1.1832789298749355e-05,0.0014083600288380602,0.0004991094275042813,0.048926055081858516,94.666667
10881,0.13549098474661123,-367.7027624136859,0.33884889671261936,-8.254511472080512,-0.0861777641753683,0.01183001859065623,-0.6380720619944736,1.1482151581736845e-05,0.0014264052481425184,0.0004805061111670282,0.04204260128294067,94.675
10882,0.13900038486729627,-367.770526615352,0.39486246675446773,-7.871637317016158,-0.08737114162395765,0.018092110233468028,-0.63776286489151,1.1095621138250375e-05,0.001438555888753805,0.0004601564068772193,0.03543676654776778,94.683333
10883,0.14296191114853968,-367.83398906712335,0.4448624726299201,-7.469727099464552,-0.08848373596250027,0.02426474173285292,-0.6374043955408187,1.0686941985504687e-05,0.0014443954003695088,0.00043832291746444523,0.02952743903652136,94.691667
10884,0.14733592106474844,-367.8934974756551,0.48886869804802097,-7.060979506737868,-0.08952330331094874,0.030379858803461418,-0.6369969819546853,1.0268399618484238e-05,0.0014439096216397026,0.00041543964325720936,0.024505042527563425,94.7
10885,0.15206521635714704,-367.9486979409194,0.5269195330402525,-6.656426590603694,-0.09050482664035882,0.03639641307169985,-0.6365427638001337,9.850273377208268e-06,0.00143740445725122,0.000392049650304616,0.02038912564156022,94.708333
10886,0.1570886593368453,-367.9999332135125,0.5593113453323503,-6.264163978583861,-0.09142270308763764,0.04232657552063452,-0.6360447020774921,9.440666537890973e-06,0.001425424235724677,0.00036871387591069706,0.01709659875264635,94.716667
10887,0.1623590317702453,-368.0472569133432,0.5863460903867235,-5.889602969182434,-0.09228875111877834,0.04815407687845953,-0.6355049047591369,9.045600464961081e-06,0.0014086596101785698,0.0003459397860933868,0.014497730392850303,94.725
10888,0.1678302860447311,-368.09094326878744,0.6084012227498763,-5.536109309144023,-0.09310575916493902,0.053879347905802726,-0.6349258587863357,8.669254188566086e-06,0.0013878602062505727,0.0003241369796624477,0.012455427674445482,94.733333
10889,0.17346044916056705,-368.13118190752,0.6258505936488464,-5.205514083042011,-0.09388097550869655,0.05949374133864231,-0.6343101527289835,8.31427525874059e-06,0.0013637759000670545,0.00030360114659780765,0.010845559746154799,94.741667
10890,0.17920675066485006,-368.16830763345064,0.6390879611535076,-4.89847538636754,-0.09461075622209522,0.065000293946053,-0.6336610129004387,7.982100086337014e-06,0.0013371167014892243,0.00028451724007883434,0.009565320326460932,94.75
10891,0.18503808908018568,-368.20245334791997,0.6484529009718412,-4.614731706985786,-0.09530734258138389,0.0703863116344526,-0.6329808766942114,7.673250502309902e-06,0.0013085321402056573,0.0002669750885592501,0.008534080250589467,94.758333
10892,0.19090574898026183,-368.2341089581148,0.654330316254541,-4.353650128808818,-0.09594657063176118,0.07566619251914766,-0.6322747785335581,7.387583975981473e-06,0.0012785954886423043,0.00025098912776401553,0.007690981615076526,94.766667
10893,0.19680684151457284,-368.26327417527983,0.6569704204341058,-4.113730030618323,-0.09655867955154401,0.08082542668047435,-0.6315427020251138,7.124504409346338e-06,0.001247813571390971,0.00023651945165833164,0.006990888259672007,94.775
10894,0.20270278171449452,-368.29023177897943,0.6566727871462626,-3.8938300533925307,-0.0971331464989934,0.08586339006613963,-0.6307893014101896,6.883112254349716e-06,0.001216603936295146,0.0002234888202224782,0.006401059343099439,94.783333
10895,0.2085681988924559,-368.3153099523718,0.6537024742211749,-3.692489562033884,-0.0976576147529104,0.0907896897145268,-0.6300180435497956,6.662333448022539e-06,0.0011853244095865515,0.00021179801159111917,0.005897578413988855,94.791667
10896,0.21438227779358424,-368.3386253756939,0.6482769345997534,-3.5082893153305217,-0.09813669012766178,0.09559607680064844,-0.6292321454178195,6.46100583650498e-06,0.0011542726097898634,0.00020133679483171334,0.005462968001985391,94.8
10897,0.2201129736919357,-368.3597935870031,0.6405652049047381,-3.340132383847011,-0.09861882761226182,0.10022050384122358,-0.6284367033569843,6.277941503282924e-06,0.001123691754503555,0.0001919915277433196,0.005084360635288747,94.808333
10898,0.2257653759524898,-368.3802360904169,0.6308314047720953,-3.1860509837059645,-0.09898723078563593,0.10479611034832052,-0.6276319112929599,6.11197159048549e-06,0.001093784383186902,0.00018365016974656494,0.004752148424804063,94.816667
10899,0.2313121137577663,-368.39944756960824,0.6191921731384666,-3.0451425642782257,-0.09929575438837691,0.10925294688289208,-0.6268226698467814,5.961969206008136e-06,0.0010646994850307882,0.00017620741031520388,0.004458986221240539,94.825
10900,0.23673852543252957,-368.4175761151492,0.6057946171084365,-2.9162625302656533,-0.0995392122538421,0.11359151185922958,-0.626012321231315,5.82687016291112e-06,0.001036557862146335,0.00016956492934386446,0.0041991919112254325,94.833333
10901,0.24202002813921952,-368.4344409362727,0.5907585720081678,-2.798505505131881,-0.0997448532671532,0.11777540607432434,-0.6252059105980542,5.7056807527555575e-06,0.001009450431928133,0.00016363293868474794,0.003968265605613486,94.841667
10902,0.2471645370376261,-368.4508366663731,0.5742361821263003,-2.690644488845073,-0.0998373682596761,0.1218814778777765,-0.6244036498334318,5.597482023327828e-06,0.0009834477841196992,0.00015833036423965142,0.0037625721619068604,94.85
10903,0.2521513747344937,-368.4664387769057,0.5563141366194913,-2.5919758518016485,-0.09985778935364029,0.12586202262045218,-0.6236102034470675,5.501426942551245e-06,0.0009585894334373848,0.00015358493863939772,0.003579126360550569,94.858333
10904,0.25696964594421146,-368.48145487897386,0.537099708269503,-2.501717784846326,-0.09978748067731041,0.12972740467284882,-0.6228288463558206,5.4167395905321035e-06,0.0009349021004556145,0.00014933249371797187,0.0034154424560082224,94.866667
10905,0.26160796212904786,-368.4959220790717,0.516683352501603,-2.4191949676379845,-0.09962728960818168,0.13347106359108474,-0.6220630121018225,5.342710243227099e-06,0.0009123980231151187,0.0001455165009775592,0.0032694184528658968,94.875
10906,0.2660578475264961,-368.50986865289497,0.4951485862759383,-2.343786299759573,-0.09937992428069659,0.1370873102164301,-0.6213157109743703,5.278690287693775e-06,0.0008910781278333162,0.00014208737339877666,0.003139262862566822,94.883333
10907,0.2703123954191578,-368.5233808121547,0.47257662031924186,-2.2749270704038795,-0.09904013083360745,0.14057730184723316,-0.6205897093618407,5.224086653270229e-06,0.0008709333773765025,0.00013900179565773006,0.0030234389836446786,94.891667
10908,0.27436179701243724,-368.53655387662127,0.44904473827007735,-2.212132365862479,-0.09859912171112784,0.14394181523176605,-0.6198882800163094,5.178356300047163e-06,0.0008519465090792136,0.00013622208995146498,0.002920620664879091,94.9
10909,0.27818649766690867,-368.5490546134673,0.42460618351618107,-2.1550164418343476,-0.09810666332605993,0.1471346242689528,-0.6192164384351091,5.14100107125615e-06,0.0008340951199919207,0.00013371562293592947,0.0028296573189848353,94.908333
10910,0.2818055419407643,-368.5616751945567,0.3993648800883633,-2.1030652404043364,-0.09746092851411392,0.15024010468400686,-0.6185723814022943,5.1115630914597216e-06,0.0008173564995855174,0.0001314542641397189,0.0027495513278694033,94.916667
10911,0.28519978986027633,-368.5740497739456,0.37336483627921907,-2.0559886638794147,-0.09671456134749414,0.15320916849559355,-0.617960967204443,5.08961918213328e-06,0.0008016952294956114,0.00012941379291842465,0.0026794355985793506,94.925
10912,0.2883642024710755,-368.58621958851967,0.34666836554991454,-2.013471708533312,-0.09586607668524887,0.15604017612111074,-0.6173845409897066,5.0747778082696666e-06,0.0007870789108734538,0.00012757360207159738,0.002618558597708827,94.933333
10913,0.2912930104720192,-368.5982475527827,0.3193362651207985,-1.9752430259670664,-0.09490987523112912,0.1587331996968023,-0.6168455232662604,5.066675183552661e-06,0.0007734736311241044,0.00012591624936307636,0.002566269979385339,94.941667
10914,0.29398069663433674,-368.6101888519754,0.291427097120402,-1.9410650126144549,-0.09384108355421594,0.16128761186036428,-0.616346225731732,5.064972191463007e-06,0.0007608451063137444,0.0001244271242387465,0.0025220086828391607,94.95
10915,0.2964164644452224,-368.6222894740513,0.26300321343294436,-1.9107772360823694,-0.09262153859366899,0.16371749113879516,-0.6158898816832113,5.069351737879903e-06,0.0007491593040500222,0.00012309415854191066,0.0024852936821785246,94.958333
10916,0.2986109321408936,-368.6340943086786,0.23410729634814795,-1.8840729669357992,-0.09133382666238155,0.16598316289276427,-0.6154756164295383,5.079516636732265e-06,0.0007383845238583,0.00012190757793958776,0.0024557134162363995,94.966667
10917,0.3005529112968457,-368.64579961632614,0.20479548905127468,-1.8608433772384712,-0.08994848215501532,0.16809438960623865,-0.6151065431426616,5.095187449093005e-06,0.0007284855514319836,0.00012085968949120448,0.002432929236152854,94.975
10918,0.3022330770257636,-368.65773902601154,0.17512961112186362,-1.841023208623133,-0.0884117345584457,0.17007305551759772,-0.614785355758638,5.1161013063677185e-06,0.0007194309727210131,0.00011994471713833597,0.002416660077299619,94.983333
10919,0.30366150836407735,-368.66948014205644,0.145151910125755,-1.824370555628141,-0.08680463003733221,0.1718830728905849,-0.6145109259677747,5.142010818693114e-06,0.0007111925176960269,0.00011915865549999758,0.0024066772184056034,94.991667
10920,0.3048224760129543,-368.68144901961017,0.11492061754779033,-1.8109133710924277,-0.08505512213809396,0.1735502022348483,-0.6142869575192992,5.1726830510283325e-06,0.000703739942186418,0.00011849912931458435,0.002402809025684947,95.0
10921,0.3057285769999562,-368.69323424997646,0.08448012461147303,-1.8004363391239737,-0.08324294355311616,0.1750431104929141,-0.6141115814683666,5.207899300773273e-06,0.0006970486567748468,0.00011796534632400538,0.0024049288607962994,95.008333
10922,0.30637062467682324,-368.70506938102983,0.05388315181668614,-1.792951187431719,-0.08133059529336625,0.17637403784324163,-0.6139870077779314,5.2474546043090165e-06,0.0006910920143027421,0.00011755796320664567,0.0024129607236846743,95.016667
10923,0.3067424616541769,-368.7172592346736,0.0231885541445391,-1.7885000587265298,-0.07926769431010691,0.1775607777162358,-0.613914746142789,5.29115793880829e-06,0.0006858476834175221,0.00011727909718677314,0.00242687178404943,95.025
10924,0.30684851660505175,-368.72954161344734,-0.007560493786328712,-1.7869793103740805,-0.07710671028255434,0.17858072990216542,-0.6138941201974589,5.338832534497845e-06,0.0006812966400874014,0.00011713232636077318,0.002446670018340275,95.033333
10925,0.3066882801936615,-368.74197397487336,-0.038312080758077786,-1.7883934497281295,-0.07484275979925194,0.17943473319293482,-0.6139252808816492,5.390316311131603e-06,0.0006774205297506624,0.00011712260480031853,0.002472409104396361,95.041667
10926,0.3062609798590385,-368.75453003473103,-0.06901874325559244,-1.7927455523379179,-0.07248598108300554,0.1801169154789528,-0.6140082996025233,5.445462609954303e-06,0.0006742032084879035,0.00011725632149846978,0.002504184923051182,95.05
10927,0.30557609740438985,-368.7670659885754,-0.09962880162392122,-1.7999884303051041,-0.07007029535647472,0.18061932285583993,-0.6141411292168555,5.5041411292861124e-06,0.0006716309165954893,0.00011754131730237042,0.002542137143999423,95.058333
10928,0.3046187589613777,-368.7800002877998,-0.13008882222924456,-1.8103335484057652,-0.06752274401534493,0.18095957356484776,-0.6143263175640994,5.56623895119639e-06,0.0006696898936476442,0.00011798689989133249,0.002586448925735592,95.066667
10929,0.3034057521898421,-368.79289983246,-0.16035307814845262,-1.8236621644574034,-0.06493136410131069,0.1811139084366229,-0.614560153933489,5.631662039638254e-06,0.0006683725515731787,0.00011860410364118093,0.002637346145999457,95.075
10930,0.3019331791036455,-368.8060953012477,-0.1903606814144899,-1.840169421941141,-0.0622416844588573,0.18109887080446832,-0.6148428127457217,5.700336605805633e-06,0.0006676695805805744,0.00011940549780621506,0.002695102866737487,95.083333
10931,0.30019407065338355,-368.81975280032236,-0.22006094691988687,-1.8600382314104333,-0.05942880586187686,0.18091587252744357,-0.6151749155951218,5.772210862216917e-06,0.0006675753807002219,0.00012040560582053181,0.0027600365381633637,95.091667
10932,0.29819852011017123,-368.83372040480856,-0.24939998239179326,-1.8833163715453034,-0.05652922772221019,0.18055637812626937,-0.6155536966074155,5.8472570718049334e-06,0.0006680886912853667,0.00012162101915765748,0.002832514063077388,95.1
10933,0.29595581564311235,-368.847748199263,-0.27833232582621903,-1.910034327671899,-0.05359685617785313,0.18000801143574915,-0.6159764650559287,5.92547362453634e-06,0.0006692084669004945,0.00012307042870877546,0.0029129530133437586,95.108333
10934,0.2934632181151023,-368.86213636525383,-0.3067945334462132,-1.9404799807366873,-0.05058432593195758,0.17928226345819942,-0.6164427050872727,6.006887227646737e-06,0.0006709344315533522,0.0001247747322003239,0.003001827466490505,95.116667
10935,0.2907248531592452,-368.87688105254176,-0.3347310800361192,-1.9748404731989926,-0.04750090230796759,0.17837672664936338,-0.6169505007257773,6.091555448069436e-06,0.0006732700942730828,0.00012675763567261868,0.0030996632887219516,95.125
10936,0.28774460189209305,-368.8920056576291,-0.36208430786440843,-2.013342695407508,-0.04435128208350184,0.17729023576937006,-0.6174978937246595,6.179569503001657e-06,0.0006762211164890198,0.00012904575614109572,0.0032070442243380295,95.133333
10937,0.2845219914195172,-368.9078428629666,-0.3887789353371366,-2.0563917623925603,-0.04108554386567508,0.17603158042885425,-0.6180836298212253,6.2710572009991445e-06,0.0006797954954165042,0.0001316689658348885,0.003324613958879781,95.141667
10938,0.28107486032623213,-368.923867703395,-0.4147744181665787,-2.1040055474841393,-0.03780832738196593,0.1745839499038602,-0.6187030689212271,6.36618624247602e-06,0.0006840046554458916,0.00013466110441936316,0.0034530697169121364,95.15
10939,0.2774034852219966,-368.9404389432982,-0.4399908353087013,-2.1566707534793186,-0.034466040035778474,0.1729576155867142,-0.6193547190187627,6.465167438768533e-06,0.0006888592810756651,0.00013805949545628272,0.003593182399529965,95.158333
10940,0.2735070975646248,-368.95779986357024,-0.4643527857399639,-2.214883808126359,-0.031027587828059623,0.1711540293803056,-0.6200371760599985,6.5682581304543635e-06,0.0006943737229959268,0.0001419063481356754,0.0037457789509743964,95.166667
10941,0.2694073787983949,-368.97552366648347,-0.4878048339314537,-2.2787925404669607,-0.0275801079975526,0.16916675632071124,-0.6207450836492968,6.675766181778073e-06,0.0007005662410689541,0.00014624921018195622,0.003911747332390115,95.175
10942,0.2651041222781229,-368.9939152677404,-0.5102625773222714,-2.349013699628907,-0.024082875768977614,0.16699992238542274,-0.6214769132429288,6.788053574276597e-06,0.0007074537238458189,0.0001511405863871957,0.004092050169581974,95.183333
10943,0.2606062335552928,-369.0130235078739,-0.5316446944426307,-2.426069862745114,-0.020541340650530447,0.16465407268578436,-0.6222295415264879,6.905540016088453e-06,0.0007150571599874657,0.0001566394967949386,0.004287713927332022,95.191667
10944,0.2559250742406938,-369.0329147653649,-0.5518607089428162,-2.510545094026786,-0.016959104430807795,0.1621313182177918,-0.6229994679820089,7.028706766159253e-06,0.0007233993610576916,0.00016281170267718172,0.004499837134581658,95.2
10945,0.251067124090013,-369.05360280249624,-0.5708285914565613,-2.6030730966858715,-0.013348854633490831,0.15942959718925753,-0.6237840365832112,7.158099930461178e-06,0.0007325043469119687,0.00016973029868240863,0.004729595115490462,95.208333
10946,0.246045859248472,-369.0752489823197,-0.5884349510510994,-2.7044257339254645,-0.009701110885483328,0.15655298849546959,-0.6245795088831565,7.2943331657304995e-06,0.0007423985072860073,0.00017747592415317553,0.00497827371489043,95.216667
10947,0.24086774363187008,-369.09807191829276,-0.6045635342301594,-2.8155222585758146,-0.005999504845610909,0.15349984145653586,-0.625383336274981,7.4380894275514005e-06,0.000753108595482393,0.00018613750840516173,0.005247278187300212,95.225
10948,0.2355537252954448,-369.1217491494809,-0.6191280358828448,-2.9369497394021815,-0.002312542710939584,0.15027379682856898,-0.6261908261935303,7.590121445994875e-06,0.0007646631999857917,0.00019581238786545486,0.005538198572919266,95.233333
10949,0.23011401112529528,-369.14661615688317,-0.6319793492180789,-3.069851034236102,0.0013923367867885983,0.14687648428827574,-0.6269991008266185,7.751249266672903e-06,0.0007770886733048157,0.00020660417252281983,0.005852957385206738,95.241667
10950,0.22456173283139294,-369.17275542731323,-0.6429816752135378,-3.215281972101989,0.005106616140386334,0.14330860896941555,-0.6278049679182588,7.922354425710724e-06,0.0007904111727886678,0.0002186235661670388,0.00619393014260805,95.25
10951,0.21891614853269678,-369.20029104855456,-0.6519719965143601,-3.3743839898402226,0.008826439731057071,0.13957416535487138,-0.6286045330755777,8.104370029285764e-06,0.0008046550294953047,0.00023198532738919313,0.006564261987328156,95.258333
10952,0.21319099886545606,-369.2293388526968,-0.6587867023143658,-3.5484015142766574,0.012544908013321924,0.13567310104072305,-0.6293949059318252,8.29826381001408e-06,0.0008198399462926589,0.00024680491626565703,0.006968299256827953,95.266667
10953,0.20740899747364414,-369.2600589676455,-0.6632244526100961,-3.738630069436088,0.016259741920176096,0.13160982314547384,-0.630172189104142,8.505012273548598e-06,0.0008359810908622325,0.00026319269109685865,0.00741232115516534,95.275
10954,0.20158460282531615,-369.29278117677507,-0.6650575393391197,-3.946617071770106,0.019987518929785085,0.1273792044316248,-0.6309338713695738,8.725562640077388e-06,0.0008530849278739136,0.0002812461014263914,0.007905558869536936,95.283333
10955,0.1957469571401262,-369.32726605149486,-0.6641025664568259,-4.173317673311559,0.02367094294275261,0.1229954075020516,-0.6316758099449473,8.96077945300693e-06,0.0008711495991874144,0.00030103897411314724,0.008461740015092962,95.291667
10956,0.18988573418043936,-369.36407393653093,-0.6601149176407665,-4.4207684195315675,0.02734759205149559,0.11843147856494775,-0.6323990882108428,9.211369435004392e-06,0.0008901591626966639,0.0003226023945798579,0.009101416870929994,95.3
10957,0.18409316240844706,-369.40323298557814,-0.6526884384914508,-4.689299743359291,0.030999269625989853,0.1137338177030566,-0.6330925498450785,9.477783672722577e-06,0.000910093207947067,0.0003459088923541979,0.009855088779366344,95.308333
10958,0.1783682570660502,-369.44489932437943,-0.6415952836686648,-4.980033177601082,0.03461135910877743,0.10888793357581653,-0.633757038949653,9.760082068722249e-06,0.000930896289122521,0.00037084423342973285,0.010766282525083024,95.316667
10959,0.17274387061068167,-369.48905056177995,-0.626552046431441,-5.29318075282954,0.03815432573755627,0.10390646114419448,-0.6343896337709204,1.005776144618478e-05,0.0009525067043215351,0.000397178869510231,0.01189670093832123,95.325
10960,0.16725165953191806,-369.5363851777618,-0.6071196968621929,-5.6290703100104915,0.04167308428698577,0.09877302896739994,-0.6349879963200997,1.0369550530030087e-05,0.0009748501172695658,0.00042453558301631196,0.013330519308457321,95.333333
10961,0.16193424817544824,-369.58667866381364,-0.5830214549279783,-5.986069193853966,0.045118020258998304,0.0935107581202462,-0.6355490658003405,1.0693167308826779e-05,0.000997847041264157,0.0004523681787157165,0.015176693752246936,95.341667
10962,0.15683337262259442,-369.64013437921227,-0.5539074780226048,-6.36177353686697,0.04848648275788152,0.08812502191945455,-0.6360704003311782,1.102505012343901e-05,0.0010214223558342418,0.0004799375588320243,0.017567954368266848,95.35
10963,0.1519932651355166,-369.69719921806393,-0.5193883580203441,-6.752406050964133,0.051797551662676626,0.08260691689317697,-0.6365497809277418,1.1360085734440981e-05,0.0010455232194717214,0.0005063231987591217,0.020650541795807588,95.358333
10964,0.14745652416188001,-369.75779417258957,-0.4792536641152295,-7.151899662006302,0.05502491514840077,0.07696848457776727,-0.6369855757948631,1.1691382340076839e-05,0.0010701395965241449,0.000530468136765051,0.02456000502571009,95.366667
10965,0.14327868214851672,-369.82200729168846,-0.43330336377532214,-7.551735342998141,0.058166566169547,0.07121720735454762,-0.6373752996725424,1.2010152520104766e-05,0.0010953262684830578,0.0005512649132351453,0.029380929598667102,95.375
10966,0.13950701169337662,-369.88983242462325,-0.38149993082871647,-7.941255035705022,0.06121562349066516,0.06535632328670565,-0.6377175794370834,1.2305783508121423e-05,0.0011212112951930252,0.0005676897053150468,0.03508691335865829,95.383333
10967,0.1361944403839536,-369.9610107398191,-0.3240148329833753,-8.307164187707716,0.06415818118624499,0.05940176845391089,-0.6380107133641417,1.2566189847752864e-05,0.0011479917165340607,0.0005789673728116304,0.04147526293268187,95.391667
10968,0.13338839923880713,-370.03549250397447,-0.26116611286227515,-8.634777323678835,0.06699974899254757,0.05334750453569681,-0.6382535468532466,1.2778519717234352e-05,0.0011758922122148997,0.0005847170569851588,0.04811814236796381,95.4
10969,0.1311369606418743,-370.1127944778219,-0.19360468915551168,-8.908212455209217,0.06972932143615697,0.047208405381200726,-0.6384447516186639,1.2930224181974391e-05,0.0012050876519770165,0.0005850303827577822,0.05436381622805519,95.408333
10970,0.12947758449438387,-370.19235595807396,-0.12224769485994923,-9.112620455951497,0.07233894817956048,0.04099476168179277,-0.6385836035844703,1.3010403053246978e-05,0.0012355904321544827,0.0005804235815583255,0.05942237845725972,95.416667
10971,0.12843951479228327,-370.27355258279573,-0.04824382712526433,-9.235669744678122,0.07482422522496156,0.03471347552192623,-0.6386695723241189,1.3011224170090952e-05,0.0012671337114337163,0.0005716657276082701,0.06253522611587793,95.425
10972,0.12803670718638868,-370.3555734310817,0.02703755289922305,-9.26954846374312,0.07717525531142114,0.028377720831985274,-0.6387027458873172,1.292912504623635e-05,0.0012990869838655033,0.0005595325190382972,0.06318174048044324,95.433333
10973,0.12828665217287763,-370.437768375031,0.10219800159639908,-9.210821587921476,0.07939843077631879,0.021988245035836525,-0.63868217365643,1.2765497594206462e-05,0.001330450507636705,0.0005445931753693959,0.061242456024666936,95.441667
10974,0.1291749332654585,-370.51918683243923,0.1757427551334112,-9.063285341925742,0.08148090479941451,0.015564488186768628,-0.6386087390073462,1.25266323202893e-05,0.0013599390283151442,0.0005271300514506768,0.057037264748902264,95.45
10975,0.13069486917403858,-370.59915827464727,0.2463627519278047,-8.83483254569547,0.08342869117213683,0.009110904967594495,-0.6384819164048233,1.222294310040079e-05,0.0013861645151270158,0.0005072175200641548,0.051225607188092444,95.458333
10976,0.1328060704381794,-370.6769244172696,0.3128966363622086,-8.539085861143139,0.08523148162399966,0.0026437653996747652,-0.63830331169491,1.1867635933337709e-05,0.0014078352764710503,0.0004848992243018667,0.04460949440625295,95.466667
10977,0.13548241789674603,-370.75198422958675,0.37447700952124247,-8.190636189559651,0.08689610962120531,-0.0038303476521819014,-0.6380728071666767,1.1475164731657458e-05,0.001423950621970161,0.0004603585902313045,0.03793169214152349,95.475
10978,0.13866783611300415,-370.8238926657341,0.43049938809724597,-7.806140710741579,0.08841478419396165,-0.010298740394250853,-0.637792501177481,1.105976759652529e-05,0.001433900721484523,0.0004340112472964605,0.0317424968219947,95.483333
10979,0.14232690594513175,-370.8923793233172,0.48062333122010303,-7.4000717106163965,0.08979629048566211,-0.01675299804742724,-0.6374625290536202,1.063435065889197e-05,0.0014375049388280648,0.0004064844949323588,0.026354885448624087,95.491667
10980,0.14640074035710568,-370.9572783951841,0.5247451284947237,-6.986130664050945,0.09103662340822583,-0.023181986494158934,-0.6370851131337268,1.0209784462784289e-05,0.0014349504267328695,0.00037852934278976007,0.021875640411565173,95.5
10981,0.15084222162653163,-371.01845586212585,0.5629257881690817,-6.575068935191312,0.09214236709666189,-0.029568852165672045,-0.6366615897346318,9.794629768576243e-06,0.0014267138785177933,0.0003509017639077149,0.0182673949455512,95.508333
10982,0.15558872489352374,-371.0760454554318,0.59540896182287,-6.175515834468528,0.09310613970790242,-0.03591039593523698,-0.6361950981330076,9.395175030119988e-06,0.0014134502717976212,0.00032426602015775386,0.015415903668350547,95.516667
10983,0.16060163591544216,-371.130114426352,0.6224830029095298,-5.793018926826525,0.0939373989839172,-0.04219587317201061,-0.6356868616192944,9.015689039827612e-06,0.0013959080482218809,0.00029913581291533353,0.013180163523821061,95.525
10984,0.16583949576282542,-371.18101742331294,0.6445226036846594,-5.431190706096188,0.09463141917024519,-0.04843729419512145,-0.6351387531184668,8.658755228609293e-06,0.0013748422241888583,0.0002758567355971807,0.011424734794403374,95.533333
10985,0.17125977186420968,-371.22848328614,0.661842112724054,-5.0925380755338585,0.09521184891097992,-0.054584246625045914,-0.6345532101591866,8.325635678561399e-06,0.0013509687342451292,0.00025461773853129613,0.010034071298453332,95.541667
10986,0.17681958585188123,-371.2728751927453,0.6748459349476571,-4.777932428432162,0.09567411522550417,-0.06064357527872708,-0.6339332245033623,8.016612178019153e-06,0.0013249389656104134,0.0002354754751327132,0.008916848006529168,95.55
10987,0.18248094468078235,-371.3144231026489,0.6839034613235724,-4.48734020783786,0.09602000553985836,-0.06660975038023309,-0.633281779594525,7.731277238002725e-06,0.001297328647336837,0.00021838931721774799,0.008004087790374462,95.558333
10988,0.1882108575866927,-371.3533173723893,0.6893557370153811,-4.220069400394299,0.09625456847754553,-0.07247454731083385,-0.6326017789378174,7.468765875108602e-06,0.001268634704550813,0.00020325220041208893,0.007245351682460232,95.566667
10989,0.19397982640915115,-371.3897604786641,0.6915187508931899,-3.9750023667945413,0.09638199465313353,-0.07823212529462846,-0.6318961610538308,7.227932964672497e-06,0.0012392783977073086,0.00018991693288311287,0.0066044102132014,95.575
10990,0.19976065214288932,-371.4239122138311,0.6906782179540678,-3.7508036861616887,0.09640888933314588,-0.08387369707604739,-0.6311679979786243,7.0074839069549865e-06,0.0012096125148916264,0.00017821658061158168,0.006055393368099995,95.583333
10991,0.2055268446846657,-371.4559580075698,0.6870972306008513,-3.546019637892407,0.09633830921226619,-0.08939366268799377,-0.630420665845709,6.806067384738705e-06,0.0011799302281095359,0.00016797894473118388,0.0055797557954314755,95.591667
10992,0.2112543726538398,-371.4861569280181,0.6810180985978037,-3.3591313661391755,0.09616509130339859,-0.09479505118522183,-0.6296575943807875,6.622338726163589e-06,0.0011504744113807197,0.00015903629500463892,0.005164025974258667,95.6
10993,0.21692426288307148,-371.5145760171226,0.6726435668690804,-3.1886869994100797,0.09590135675960723,-0.10006524069626672,-0.6288818569906949,6.455000596780812e-06,0.0011214449455476017,0.00015123129412883334,0.004798221073632164,95.608333
10994,0.22251577015949311,-371.541402102392,0.662166647395061,-3.0332838806277294,0.09554546158134175,-0.10520304610839769,-0.6280970438847191,6.302827279184535e-06,0.0010930037419708484,0.00014441988150612736,0.004474779261416124,95.616667
10995,0.22801138475495777,-371.5667355999515,0.6497550359232177,-2.8916135354975463,0.09510371496603784,-0.11020109943409953,-0.6273065548511145,6.164678489386025e-06,0.0010652822387701212,0.0001384727455830018,0.004187804674536758,95.625
10996,0.23339437628583495,-371.59076800291814,0.6355655051232245,-2.762447209161663,0.09457089686007641,-0.11506169521960012,-0.6265138980391997,6.039504579300666e-06,0.001038385163741291,0.0001332752846872676,0.003932586514380876,95.633333
10997,0.23865002053806977,-371.61356991701285,0.6197332910323082,-2.6446765217898527,0.09395385952480707,-0.11977714848297905,-0.6257224781464058,5.9263467794533395e-06,0.0010123947446719558,0.0001287269888983366,0.0037052674911823786,95.641667
10998,0.24376521685810104,-371.63526700563136,0.6023839320071463,-2.5372815456736975,0.09325224759568694,-0.12434634594416077,-0.624935610478942,5.824333961094687e-06,0.0009873736647584936,0.0001247402946909134,0.0035026315578683405,95.65
10999,0.248725617123569,-371.6559674400306,0.5836321488049911,-2.43934855833107,0.09246543668253725,-0.12876634822547486,-0.6241569380050049,5.732677428208111e-06,0.0009633676850505111,0.00012123934993976001,0.003321954143984514,95.658333
11000,0.25351997092826967,-371.6758142923523,0.5635838870858145,-2.3500453147469282,0.09158759294868891,-0.13303932823155382,-0.6233897357492841,5.650664773053612e-06,0.0009404090781250922,0.00011815873150555855,0.0031608982628344774,95.666667
11001,0.2581350970503716,-371.6949580556221,0.5423378747814206,-2.2686334951824656,0.0906088810026363,-0.1371672892377103,-0.6226376780460916,5.577652969755499e-06,0.0009185177039231863,0.00011544216772925232,0.0030174443072599343,95.675
11002,0.2625658399091408,-371.713228990085,0.5199712637373534,-2.1944465789569287,0.08956509588353888,-0.141127708710157,-0.6219031886954702,5.513061706037725e-06,0.0008977040046930451,0.00011304139233281901,0.0028898350300940534,95.683333
11003,0.2668008433768217,-371.73085833416644,0.49657319203755407,-2.12689095702323,0.08843438384004645,-0.14493165674553166,-0.6211897353496971,5.456366505813829e-06,0.0008779677788449525,0.00011091503413444832,0.0027765456199164923,95.691667
11004,0.27083118101815323,-371.7479031477695,0.47222026924225213,-2.0654380088301623,0.08721806292109525,-0.1485757646553023,-0.6205004144506143,5.407092836234266e-06,0.0008593025760290171,0.00010902776839570001,0.002676240040669662,95.7
11005,0.27464992312650377,-371.7643976316258,0.4469839040833157,-2.0096137437683894,0.08592070677039021,-0.15205597177311886,-0.6198379838895073,5.3648102928875935e-06,0.0008416962055857407,0.0001073494809272533,0.0025877504484945984,95.708333
11006,0.27824825601089204,-371.7804130975487,0.4209331694667897,-1.9590011671840102,0.08454000780857207,-0.15537061842000646,-0.6192055157114731,5.329127362725015e-06,0.0008251314055796757,0.00010585456276628994,0.002510057298204066,95.716667
11007,0.28162015948412367,-371.79603844033045,0.39413466942738173,-1.9132294165391202,0.08307072822976212,-0.158521027067971,-0.6186055696198448,5.299686822783338e-06,0.0008095877742134134,0.00010452131938131097,0.0024422703789212788,95.725
11008,0.2847595807463636,-371.81131407917127,0.36665052988781727,-1.8719687579628195,0.08151427747342163,-0.16150440095950788,-0.618040665097934,5.2761615487259016e-06,0.0007950418334715331,0.00010333144603976361,0.0023836150167649323,95.733333
11009,0.28766002570331844,-371.8262857787419,0.3385405866146499,-1.8349294111786705,0.07987056128319939,-0.16431820049881432,-0.617513348115762,5.2582509031978555e-06,0.0007814680709087164,0.00010226959873521197,0.0023334197005697487,95.741667
11010,0.29031843359308473,-371.84095892219796,0.3098620303767523,-1.8018492483620594,0.07814662100498936,-0.16695863322847285,-0.617025471996078,5.245677596587622e-06,0.0007688399338274979,0.00010132302802954741,0.0022911050143560804,95.75
11011,0.2927277575297972,-371.85539843529887,0.28067116842805984,-1.7725089031799683,0.07633823707820377,-0.1694244832489362,-0.6165795412691074,5.238184935283486e-06,0.0007571294950494919,0.00010048126516719707,0.0022561754124832746,95.758333
11012,0.29488463958912453,-371.86978937200354,0.2510281560929815,-1.7467332617561435,0.07442088052852563,-0.17172531339322017,-0.6161772975023985,5.235534585275381e-06,0.0007463094055650219,9.973586988738687e-05,0.0022282098879489363,95.766667
11013,0.29678596806828506,-371.88406846761774,0.22098345132703656,-1.724340567529293,0.07241162204772461,-0.1738516151767587,-0.6158203354622594,5.2375046372652755e-06,0.0007363522388512265,9.908020810498781e-05,0.002206854951818504,95.775
11014,0.2984293201800559,-371.89806199259016,0.1905826637719734,-1.705152172868517,0.07034772251220085,-0.1757871848185822,-0.6155100131329335,5.243888060543839e-06,0.0007272309971137934,9.850928284952906e-05,0.0021918209088806675,95.783333
11015,0.2998108295222696,-371.912161036644,0.15988933107037664,-1.6891087496529302,0.06816708779932867,-0.17755518627201888,-0.615247849768585,5.254491426224137e-06,0.0007189193945383707,9.801958250667148e-05,0.0021828780367093847,95.791667
11016,0.30092824800669904,-371.9261348928947,0.12894543668146283,-1.6760637685351805,0.06591675487632702,-0.17913546048723417,-0.6150349428273167,5.269134002930243e-06,0.0007113926096720268,9.760897625402379e-05,0.002179847857302412,95.8
11017,0.3017799133797118,-371.93993871170255,0.09779867939228991,-1.665920915606321,0.06361186154727615,-0.1805222322384693,-0.6148721553413606,5.28764709857569e-06,0.0007046271691585513,9.727661097980249e-05,0.002182605387303229,95.808333
11018,0.30236443982586086,-371.95373813693914,0.06650382795046252,-1.6586460724637972,0.061229530096567154,-0.1817233881093529,-0.6147601707448288,5.309873598438572e-06,0.0006986010650729136,9.702283952454543e-05,0.002191075313412934,95.816667
11019,0.3026810546991659,-371.9677282714194,0.035117034009622614,-1.6542342334982145,0.05874084634723284,-0.18274748163536256,-0.6146994254124073,5.335667805403868e-06,0.0006932939230271947,9.684919190045948e-05,0.0022052283722964155,95.825
11020,0.30272718501070844,-371.981616706566,0.003674674130539419,-1.6525898046281828,0.056205487807025584,-0.1835727628427816,-0.6146905697655058,5.364895552388974e-06,0.0006886870625265173,9.675836858052196e-05,0.0022250796883259804,95.833333
11021,0.30250457615478155,-371.9957270074307,-0.02776116185676414,-1.6537757008805907,0.05357150038669624,-0.1842161414505553,-0.614733291966026,5.397434453011558e-06,0.0006847641907139983,9.675416951830537e-05,0.0022506933969571596,95.841667
11022,0.3020122548652264,-372.0098171024215,-0.059152174635185316,-1.6577370562596183,0.05089023147434142,-0.18466086630521195,-0.6148276681086308,5.433174363590235e-06,0.0006815103735939631,9.684159643145353e-05,0.0022821759350293625,95.85
11023,0.3012519538454516,-372.02417039680415,-0.09043770071106613,-1.6645692272494783,0.04811686105546057,-0.1849198187189484,-0.6149731221794338,5.472018075550393e-06,0.0006789129933786303,9.702678997673228e-05,0.0023196830685514595,95.858333
11024,0.30022404717754225,-372.0385713458082,-0.12157810126154601,-1.6742543725652534,0.045298561689634365,-0.18497945766807192,-0.6151692069875381,5.5138821839100625e-06,0.0006769611469547202,9.731719036647461e-05,0.0023634145506331856,95.866667
11025,0.29893039748464895,-372.05314989057666,-0.15251872770325237,-1.6868863407642076,0.04241907604669206,-0.18484435818527695,-0.6154150614913629,5.558698165315005e-06,0.0006756461995922609,9.772149442153249e-05,0.0024136220320610077,95.875
11026,0.29737368004414527,-372.06811441104276,-0.18320008116357647,-1.7026056976872816,0.03944798810461315,-0.18452133757144906,-0.6157095458829119,5.6064136076169146e-06,0.0006749615096949734,9.824983707892488e-05,0.002470606621753879,95.883333
11027,0.2955541119868558,-372.0832749908546,-0.21358194694247068,-1.72145423340154,0.03642846987173432,-0.18399886427071277,-0.6160518624319644,5.656993763238777e-06,0.0006749023743991678,9.891396570703645e-05,0.0025347193584818748,95.891667
11028,0.29347640108972745,-372.0987363631555,-0.2436068679564557,-1.7435841390411808,0.03335013670903311,-0.1832803866160966,-0.6164402492856408,5.710423231646528e-06,0.0006754668070393966,9.972723478295366e-05,0.0026063711359418586,95.9
11029,0.2911439366053008,-372.11452142103127,-0.2732217851341188,-1.7691458711324093,0.030217885126259936,-0.1823649830645457,-0.6168730866607525,5.766707817910435e-06,0.0006766545224714059,0.00010070491007738085,0.002686029932922323,95.908333
11030,0.2885594076273705,-372.13064301293105,-0.3023742967199413,-1.7983114091821681,0.027038744863898005,-0.18125093833661132,-0.617348780110792,5.8258766945437875e-06,0.0006784674556728387,0.00010186435117652108,0.0027742260879014746,95.916667
11031,0.2857272288539205,-372.14716758485724,-0.3310067585277129,-1.831299083717679,0.023810634052693923,-0.1799389171753864,-0.6178653190362429,5.887984778058804e-06,0.0006809100759002351,0.00010322525266595245,0.0028715569103296016,95.925
11032,0.28265141265481813,-372.16406377838877,-0.35906610001776706,-1.8683204896595478,0.02054956135343606,-0.1784267130085791,-0.6184206790600841,5.9531153823535405e-06,0.0006839891003399926,0.00010480998647481043,0.0029786886668395768,95.933333
11033,0.279339551857372,-372.18143741275225,-0.38648696571330515,-1.9096717448978102,0.017247648353253577,-0.1767173738899359,-0.6190121170605041,6.02138313149765e-06,0.0006877137671493823,0.00010664387946612444,0.003096363419190872,95.941667
11034,0.27579419344263695,-372.19928806748777,-0.41321386845707087,-1.9556442930900084,0.013916298675925401,-0.1748082787579827,-0.6196377288261536,6.092937184341783e-06,0.0006920951249345783,0.00010875575431638375,0.00322539670663475,95.95
11035,0.2720240102171481,-372.21768278244963,-0.4391788208626515,-2.0065960920749615,0.010555976046584686,-0.17270164241734523,-0.6202944677748266,6.167964792828599e-06,0.0006971474615070548,0.00011117827161383284,0.0033666877930591827,95.958333
11036,0.26803519401171544,-372.2366493026757,-0.464316983211152,-2.0629124587345156,0.0071745813310637755,-0.17039735957539845,-0.6209796920257992,6.246695166721741e-06,0.0007028869423531237,0.00011394858991453656,0.003521215526904994,95.966667
11037,0.2638366653779185,-372.2562585484939,-0.4885550536867957,-2.125046441244651,0.0037734375738077714,-0.16789724098005204,-0.6216902687964184,6.3294036885892475e-06,0.0007093324237830414,0.00011710892291493544,0.0036900435809647868,95.975
11038,0.2594343936578996,-372.2765391687815,-0.5118231713270186,-2.1934860088561403,0.00036183679744263686,-0.1652007747933958,-0.6224235581642085,6.41641646523727e-06,0.0007165049326310491,0.0001207073276251936,0.0038743164105766374,95.983333
11039,0.25484169392049333,-372.29754242939447,-0.5340373761085029,-2.268786150471758,-0.003053934554357366,-0.1623121066603224,-0.6231757105273166,6.508115195506627e-06,0.0007244285475233962,0.00012479838862528632,0.004075264204446056,95.991667
11040,0.25006278518179315,-372.31939395748043,-0.5551156092895668,-2.351612358337927,-0.0064785462897862765,-0.15922915043356997,-0.6239444035859082,6.6049422690003185e-06,0.000733128673073005,0.00012944422578789122,0.004294190510349587,96.0
11041,0.24511115086324584,-372.3421132679628,-0.5749664685323423,-2.4426430786759292,-0.009898320680472363,-0.1559556047402738,-0.6247258480916266,6.707406143041083e-06,0.0007426343853402124,0.00013471540475854261,0.004532477972787349,96.008333
11042,0.23999581052531055,-372.36581328584606,-0.5934915792283552,-2.5426919618168746,-0.01331322799413684,-0.15249164046790672,-0.6255170423128237,6.816086709056555e-06,0.000752976063296879,0.0001406918829489591,0.004791580743827042,96.016667
11043,0.23472983720732993,-372.39054648350816,-0.6105850589983612,-2.6526227992966662,-0.016712589030828114,-0.14884027653778115,-0.6263144371033159,6.931640439041608e-06,0.0007641864222978275,0.00014746406552941808,0.005073029766898335,96.025
11044,0.22932836794180564,-372.4164224412173,-0.6261250766039611,-2.7734251658701954,-0.02009330419160655,-0.14500489736744926,-0.6271143050051714,7.054804977591851e-06,0.0007762992261113309,0.00015513362662876722,0.005378447585549878,96.033333
11045,0.22380358170974007,-372.44351819998104,-0.6399881258178277,-2.9061714442168323,-0.023445743406160114,-0.1409873708916506,-0.6279135060190956,7.186402576100287e-06,0.0007893483200910182,0.00016381437265954995,0.005709578502169588,96.041667
11046,0.2181701776240563,-372.47195221145586,-0.6520322160803711,-3.0520657046737574,-0.026764890674676908,-0.13679014381910892,-0.6287086844136321,7.327341670864913e-06,0.0008033677485801003,0.00017363229965325775,0.006068387129835689,96.05
11047,0.21244718604584933,-372.5018375470715,-0.6620964340235448,-3.21240512523547,-0.03004372873356052,-0.1324181831263964,-0.6294960776822112,7.47861542921572e-06,0.00081839009002494,0.00018472531102125197,0.006457216591542951,96.058333
11048,0.20664942784166415,-372.5333040021781,-0.6700112236040746,-3.3886135076280928,-0.0332752210372371,-0.12787319076924603,-0.6302727341583285,7.641295621339689e-06,0.0008344439346877271,0.0001972417714659791,0.0068790773946155485,96.066667
11049,0.2008011778206693,-372.5665048261018,-0.6755714319669951,-3.5821958164610668,-0.036454805577641664,-0.12316159613607797,-0.6310346908558276,7.816519741518479e-06,0.0008515532335341672,0.00021133712184197016,0.007338182866233588,96.075
11050,0.19492350557607985,-372.6015950223065,-0.678559298916959,-3.7947315217973148,-0.03957572840503115,-0.11828737989958409,-0.6317787351230673,8.005468177756683e-06,0.000869732361078488,0.00022716859240291153,0.007840768746410693,96.083333
11051,0.18903208852311945,-372.6388323848973,-0.6787333774526264,-4.027967598006394,-0.04263968168701106,-0.11324667823932577,-0.6325026166660412,8.209327564135046e-06,0.000888984207282971,0.00024488584902659526,0.008396478936217084,96.091667
11052,0.18316334913848223,-372.6783019113286,-0.6758134506881021,-4.283345973897685,-0.04563024665106862,-0.10805445849876631,-0.6332018850770275,8.429235926245505e-06,0.0009092984600114512,0.00026461737694313093,0.009020500533814682,96.1
11053,0.17734336409659318,-372.7202016426973,-0.669503032037321,-4.562328334785435,-0.048540896979367684,-0.1027146104935685,-0.633873806674162,8.666201422061665e-06,0.0009306422413755288,0.00028645016008453953,0.009736623846569342,96.108333
11054,0.17160679345108096,-372.7647003614519,-0.6594704257023777,-4.86600819268772,-0.05136276442347528,-0.09723674031841172,-0.6345150868490271,8.920987796026577e-06,0.0009529600744444841,0.00031040259262687096,0.01058165349877951,96.116667
11055,0.16598322537278123,-372.81202032744557,-0.6453675608256735,-5.195141934475455,-0.05408993227083285,-0.0916240881734309,-0.6351234670277301,9.193958767390312e-06,0.0009761694795126439,0.000336389254222905,0.011611060546973544,96.125
11056,0.1605133484620262,-372.86235911760537,-0.6268102557868183,-5.549636173851031,-0.056716449549599625,-0.085886058316547,-0.6356959509178381,9.484874240526705e-06,0.001000163202874969,0.000364179061294247,0.012905722371517735,96.133333
11057,0.15523857877663966,-372.9159207721381,-0.6034057222830821,-5.9283606133214315,-0.059237347263201914,-0.08003021679363838,-0.6362300006799287,9.792633183438834e-06,0.0010248108097827063,0.00039334974635270255,0.01457816907945202,96.141667
11058,0.15020674355960106,-372.9728557162772,-0.5747648066486385,-6.328587148401541,-0.06164663486149797,-0.07406808674068538,-0.6367229567188759,1.0114965565658028e-05,0.0010499699011672912,0.0004232473171587246,0.016775721251276292,96.15
11059,0.14546384014055017,-373.03332212907753,-0.5405313129755026,-6.74579488047789,-0.06394052370982184,-0.06800650205035204,-0.6371728476501406,1.044808941927323e-05,0.001075503746110211,0.00045296327943467697,0.01967522125387413,96.158333
11060,0.14105881460428957,-373.0973986942893,-0.5004162085679358,-7.173083045734397,-0.06611368913456955,-0.061854478221994226,-0.637577851174978,1.0786371258931907e-05,0.0011013100107740755,0.00048135068677877346,0.023462491067196476,96.166667
11061,0.13704775063527647,-373.1650674308074,-0.45422844068781054,-7.600625957565805,-0.06816289080500768,-0.055625139028915076,-0.6379358720914811,1.1122055868692254e-05,0.0011273533595024623,0.0005070971843063372,0.028288768564881116,96.175
11062,0.13348310792036674,-373.2362697562969,-0.40193222780298565,-8.015928425362414,-0.07008737990194254,-0.04932584955754043,-0.6382454327450434,1.1445156493765888e-05,0.0011536938523834517,0.0005288682458186951,0.03420017317496096,96.183333
11063,0.13041741167772627,-373.3107796747769,-0.34371182373621073,-8.403828772695077,-0.07188492904475112,-0.04296752412990967,-0.6385051773653654,1.1743624216618728e-05,0.0011805016620754201,0.0005455164253105777,0.0410499663864706,96.191667
11064,0.12790622684557137,-373.3880886021133,-0.280038194935832,-8.74692911841563,-0.07355274003957821,-0.03657336471389876,-0.6387134694854764,1.200390961625343e-05,0.0012080348173121181,0.0005563088916250077,0.0484214651304292,96.2
11065,0.12599239271578033,-373.467869341913,-0.21160814286939417,-9.027980408118816,-0.07509896135134415,-0.030139817775389866,-0.6388695094183284,1.2211966919952645e-05,0.0012365653624001368,0.0005610981450701758,0.05560822253324917,96.208333
11066,0.12470933071596368,-373.54937187353386,-0.13948858725539456,-9.231153040441075,-0.07652029940474979,-0.023683406709582137,-0.6389728106121856,1.235465764085592e-05,0.0012662597253515295,0.0005603588375846069,0.061696932834618336,96.216667
11067,0.12408233352646492,-373.6318185978137,-0.06497289006091177,-9.344132270305842,-0.07781959004253938,-0.01721471870147603,-0.6390229084638831,1.2421367568603459e-05,0.0012970318085169267,0.0005550316062744393,0.06576740999846166,96.225
11068,0.12412293899728036,-373.7142880466114,0.010448753250939255,-9.360098375897284,-0.0789988967904459,-0.01074924340541042,-0.6390196716440768,1.2405502844537585e-05,0.0013284181804296812,0.0005462197224292415,0.06714879262891263,96.233333
11069,0.12482167275745515,-373.7956979265754,0.08518076607408855,-9.279312889382018,-0.08005722279435652,-0.004313475041882426,-0.6389638078072324,1.2305500846686674e-05,0.0013595343227731378,0.0005348646793051129,0.06562935537811442,96.241667
11070,0.12618430307145168,-373.8755757441706,0.1578595727298115,-9.106451293805986,-0.08101644344622647,0.002110953196797405,-0.6388539680114114,1.2125095877439555e-05,0.001389146822106344,0.0005215387598641711,0.06151756551377619,96.25
11071,0.12817499558325646,-373.9529104678075,0.22709097808254258,-8.853832642887257,-0.08187602173259052,0.0084950147869296,-0.6386913687102828,1.187272965403646e-05,0.0014158314049155956,0.0005064392991163634,0.05552206829080954,96.258333
11072,0.13075270264555927,-374.0270771859583,0.2918119417991467,-8.537088378357632,-0.0826416732806573,0.014829302794664235,-0.6384770616803687,1.156032544787252e-05,0.0014382105235106492,0.0004895464313790206,0.04852973652776019,96.266667
11073,0.13387583955539356,-374.09756178030096,0.35124261965863635,-8.173024114595632,-0.08332472712350836,0.021102063690959186,-0.6382117246132161,1.1201749884388791e-05,0.0014551564404469627,0.00047082421174130884,0.04137069248632807,96.275
11074,0.13748923182847464,-374.1640924237889,0.40491678607933956,-7.778655983043249,-0.0839298969361426,0.02730828277865912,-0.6378969687715794,1.0811276957619235e-05,0.0014659231450299024,0.0004503790758338095,0.03466640681269368,96.283333
11075,0.14153481071412907,-374.2259014693951,0.45250477808415623,-7.369685119388859,-0.08448214773039786,0.033388720348213295,-0.637534683561897,1.0402341546870553e-05,0.001470196583363,0.000428516447385245,0.02877987952982761,96.291667
11076,0.14596806162334505,-374.28403982070705,0.4942293454223887,-6.957524378459882,-0.08496223207272528,0.03943062286931224,-0.6371257001388019,9.986708595000781e-06,0.0014680624996296712,0.00040570465104765264,0.02384838913447641,96.3
11077,0.15072360543829189,-374.33744413852816,0.5300481035657142,-6.553290201479368,-0.08541171793493224,0.045329470986047754,-0.6366730638055365,9.574039691210576e-06,0.00145991417999399,0.0003825036670263658,0.019849226285606425,96.308333
11078,0.1557621280015235,-374.38739143686985,0.5604338061588504,-6.1628754452975985,-0.0857959416528318,0.051180031801484685,-0.6361777844413485,9.17182013361515e-06,0.0014463679239192669,0.00035946659561267064,0.01667323591345938,96.316667
11079,0.1610204653899357,-374.4332114064155,0.5855931955994438,-5.792185103674944,-0.08615187248508811,0.056898908822770974,-0.6356436751184512,8.78549447198916e-06,0.001428150495213798,0.00033708466306275306,0.0141772557683385,96.325
11080,0.16647344121793045,-374.4756877584524,0.6059677963701436,-5.443108734195271,-0.08646533679423497,0.06253629374220876,-0.6350712323622034,8.41875144353435e-06,0.0014060407267698426,0.00031573988785350187,0.012219366108949284,96.333333
11081,0.17206807134037197,-374.51485538161404,0.621915210841401,-5.117570975115711,-0.08674410538594217,0.06806639036244168,-0.6344642932110682,8.073833077224906e-06,0.0013807902002427102,0.0002957020823585164,0.01067566784250919,96.341667
11082,0.1777699660160911,-374.5508565389908,0.6337882060497291,-4.815863647937302,-0.08700040019315491,0.07347756301827361,-0.6338252841084258,7.75186252659796e-06,0.0013531092351881909,0.00027713191927897647,0.0094456354579851,96.35
11083,0.18353122817012898,-374.5837960707259,0.6419397537062252,-4.537874688823148,-0.08724258967218483,0.07874842021102363,-0.6331586922230152,7.453126328776024e-06,0.0013236369966767155,0.0002600990334416134,0.008451807486144908,96.358333
11084,0.18934236430345008,-374.6144476790802,0.6467333336210641,-4.281932125819127,-0.08744120798559732,0.08393164218362294,-0.6324650403479862,7.177319278004583e-06,0.001292943872974475,0.0002446024734020443,0.0076361896542332585,96.366667
11085,0.1951655001009148,-374.6427253760926,0.6484375627780519,-4.04716525748612,-0.0876155454598034,0.08899337652794927,-0.631748532094801,6.923726807505429e-06,0.0012615087380818022,0.00023059288000999847,0.006956311278951276,96.375
11086,0.2009745901565783,-374.6689439764745,0.6473317131532752,-3.8321307940825364,-0.08775619951932678,0.09393989288053993,-0.6310124076811143,6.691380068528085e-06,0.0012297439098326614,0.00021798737770571257,0.006381289388177087,96.383333
11087,0.2067366130138889,-374.69299464797257,0.6436391918471775,-3.6356082477336473,-0.08788771516407855,0.0987373640261237,-0.6302612118355456,6.479164868110202e-06,0.0011979948568213833,0.00020668414251081232,0.005888696808482837,96.391667
11088,0.21245167085135339,-374.7157325359688,0.6376156576705624,-3.455622329827858,-0.0879517783205259,0.10345265698164782,-0.629495468712599,6.285903407228357e-06,0.0011665525480413187,0.00019657195481424602,0.005462169462560497,96.4
11089,0.21807610516730125,-374.7364053994744,0.6293991210249364,-3.291383349844194,-0.08803014859251779,0.10799125696232761,-0.6287217938281413,6.110405060949389e-06,0.001135642918036675,0.0001875387322555386,0.005089633695850024,96.408333
11090,0.2236208377961537,-374.7562846922912,0.6192280203977765,-3.1409250575769314,-0.08801326030449745,0.11246341594995857,-0.6279396139434423,5.9515104887122866e-06,0.0011054602782257644,0.00017947459642161673,0.004762041762115639,96.416667
11091,0.22905708861322588,-374.775071720664,0.6072306014585013,-3.0033246160066778,-0.08793667655268135,0.11682260317623121,-0.6271539946297066,5.808108797028394e-06,0.0010761437822672864,0.00017227676095295515,0.004472466418924878,96.425
11092,0.23437098176742177,-374.79273744370175,0.593535082162107,-2.877499737414211,-0.08781497673555884,0.12105366578814537,-0.6263681445732896,5.679155983207483e-06,0.0010478068818287208,0.000165849923523096,0.0042155043927298895,96.433333
11093,0.2395482479049973,-374.80946698358025,0.5782735503484218,-2.7624221446868162,-0.08763646230877195,0.12516053418602305,-0.6255854888280838,5.563680496556588e-06,0.001020534250892305,0.0001601072447755506,0.003986862637209092,96.441667
11094,0.24457636402588537,-374.8255577680684,0.5615724608313347,-2.6571386601128064,-0.08737265909898098,0.129158169678417,-0.6248093295744667,5.4607852861657166e-06,0.0009943869060365248,0.00015497066771427687,0.00378305178768317,96.45
11095,0.24944566815930588,-374.84085363158664,0.543520730104319,-2.560846286244296,-0.0870518585650461,0.1330236207428326,-0.6240426290894223,5.369646347580054e-06,0.0009694056498535259,0.00015037067303439773,0.003601184733627567,96.458333
11096,0.2541447929213958,-374.8555338204481,0.5242207092408517,-2.47278844727161,-0.08665834951968113,0.13676273695844984,-0.6232886946786046,5.289509183946388e-06,0.0009456137337640379,0.00014624562249651422,0.0034388540891031653,96.466667
11097,0.25866432471474615,-374.86964365663687,0.5037597699737203,-2.392293758918198,-0.08619324213820914,0.1403709396933861,-0.6225505898923395,5.219684266293323e-06,0.0009230209296718994,0.00014254129404696147,0.003294016043514025,96.475
11098,0.2629958247028408,-374.88331146444244,0.4822236661888889,-2.3187527276414475,-0.08564538085033975,0.14385154201104625,-0.6218312594876881,5.159541648493698e-06,0.0009016255530663762,0.00013921017942138578,0.0031649241132818517,96.483333
11099,0.2671320366537621,-374.8965757578152,0.45968849823605784,-2.251623543206698,-0.08501543530142236,0.1472008830888943,-0.6211334707245774,5.108505433032746e-06,0.0008814165878855523,0.0001362108374548759,0.003050073958778968,96.491667
11100,0.2710628591856102,-374.90946344111967,0.4362259016988629,-2.190439307978006,-0.08430445012576968,0.15041296797090306,-0.6204604833759969,5.066048310277394e-06,0.0008623754653571309,0.00013350725288609943,0.002948165554794532,96.5
11101,0.27478442639235845,-374.9221029520459,0.4119084942547518,-2.134753685870776,-0.08349947123314383,0.15349381972270282,-0.6198144869932615,5.03168649782759e-06,0.0008444790099173026,0.00013106826193125498,0.0028580703276843257,96.508333
11102,0.278287820762124,-374.93443906677845,0.38679712290381957,-2.0841959427174923,-0.08261319188997568,0.15643135811009395,-0.6191985169568655,5.004974762360291e-06,0.0008276986528604559,0.0001288670035781187,0.0027788080577620337,96.516667
11103,0.2815677645360099,-374.94662111137865,0.3609593744740662,-2.038426109488912,-0.08162749791952642,0.15923257544768524,-0.6186149458069171,4.985502212809044e-06,0.0008120037896072722,0.00012688046057378428,0.0027095276493260055,96.525
11104,0.28461182945244823,-374.9588291049856,0.3344596219227804,-1.9971866015957085,-0.08051570165520436,0.16190255833934902,-0.6180673879652152,4.972888324922948e-06,0.0007973615303078569,0.0001250890228337808,0.002649489499390065,96.533333
11105,0.28742948553147474,-374.9706796742071,0.3073435861409083,-1.9601114533296233,-0.07934807481781957,0.16441307664352106,-0.6175554517023694,4.966779698180127e-06,0.0007837400174451603,0.00012347612545804437,0.0025980504517347887,96.541667
11106,0.2900028214608887,-374.98263935559396,0.2796803509326358,-1.927066462098974,-0.07804942196079055,0.1667891002353001,-0.61708362192679,4.966846654563315e-06,0.0007711020977639992,0.00012202791864092462,0.002554664887744986,96.55
11107,0.29233963247201433,-374.99433835419353,0.2515143029911764,-1.897749963605321,-0.07668851347490654,0.1690034460587739,-0.6166516194718605,4.9727812128710625e-06,0.0007594152241694941,0.00012073300828810863,0.0025188587744780595,96.558333
11108,0.2944287614826237,-375.00591472158374,0.22289963572987537,-1.8720261756917396,-0.07524552585294224,0.17105872465984304,-0.6162625546249442,4.984294566061693e-06,0.0007486436539790842,0.00011958221109675838,0.0024902365487185795,96.566667
11109,0.29626878141762303,-375.01751674920865,0.19389523313747029,-1.8497481055650924,-0.07370025731026865,0.17296308216737982,-0.615917654362627,5.001115633155456e-06,0.0007387551354629096,0.00011856836463169611,0.0024684659823564644,96.575
11110,0.2978556330265219,-375.02914927657963,0.16455148245945234,-1.8307864834279646,-0.07205587282051558,0.17471200357078606,-0.6156185342209536,5.022989584829524e-06,0.00072971809210449,0.00011768614812256118,0.002453273854307703,96.583333
11111,0.2991822975750331,-375.0410247176473,0.13492445338344802,-1.8150825950799372,-0.07027840191826681,0.1763138756614915,-0.6153672693189317,5.049676859805297e-06,0.0007215028374840507,0.00011693195628609439,0.0024444430520465642,96.591667
11112,0.30024993624475194,-375.05294938925,0.1050587231714513,-1.8024959731961243,-0.06840689870059484,0.17775241773004433,-0.6151642763338021,5.080952506780573e-06,0.0007140825876318857,0.00011630379747362133,0.0024418067490459476,96.6
11113,0.3010580547590305,-375.0648898433914,0.0750032466703155,-1.792939204537434,-0.0664526039571486,0.1790225314530459,-0.6150101603514023,5.116605680289146e-06,0.0007074313469564923,0.00011580118918684863,0.0024452500012950083,96.608333
11114,0.30161408342857243,-375.0767069137283,0.04480820753531871,-1.7862902182507927,-0.06444768670944197,0.18011723406743751,-0.6149038870796782,5.156439477112302e-06,0.0007015247362958224,0.0001154250962069485,0.0024547056391485303,96.616667
11115,0.30190635262272075,-375.08858680909606,0.014520234158405037,-1.7825884061380102,-0.06236194386383705,0.18104004912767743,-0.6148479496959974,5.200270916603479e-06,0.0006963381961375332,0.00011517787149075208,0.0024701528292088797,96.625
11116,0.301930629047791,-375.10090165736545,-0.015798134318377743,-1.781913720547544,-0.060132477862232796,0.18180845115547187,-0.6148433010699527,5.2479314165835665e-06,0.0006918523707175931,0.0001150632817767415,0.00249161479377218,96.633333
11117,0.3016928637454627,-375.11325105202246,-0.04610969347394684,-1.784142827550351,-0.057838535633842614,0.18239781327222507,-0.6148888144902649,5.299267345186145e-06,0.0006880508343602962,0.00011508655273824823,0.0025191544519684436,96.641667
11118,0.30119318801824974,-375.12576554581983,-0.0763597362157986,-1.7893204844984236,-0.05546224491786203,0.18281329654860268,-0.614984349938845,5.354140701370206e-06,0.0006849176224186929,0.00011525424922399384,0.002552883006474855,96.65
11119,0.300431483117207,-375.13845542274436,-0.1064994193157647,-1.7974812710335992,-0.053007652738595354,0.18305236314420653,-0.6151296885815755,5.41243006934376e-06,0.0006824390016252254,0.0001155744114538259,0.002592954091064331,96.658333
11120,0.29941616998930104,-375.1511349845214,-0.1364811037668483,-1.8085913189809149,-0.05051630651933019,0.18310759216635997,-0.6153228625223373,5.474031781442642e-06,0.0006806036415086427,0.00011605659412877323,0.0026395664006429133,96.666667
11121,0.2981361269782568,-375.16427312221265,-0.166245244790585,-1.822897453044769,-0.047906805949345266,0.18299334876813153,-0.6155655001105542,5.538861172391925e-06,0.000679400628605685,0.00011671187610972375,0.0026929655671422627,96.675
11122,0.2966036954528079,-375.17740270506596,-0.1957538821140523,-1.8403032997392434,-0.04527316439045504,0.18269072310010598,-0.6158546524588698,5.6068542523201455e-06,0.0006788244693032492,0.00011755321481333498,0.0027534406730987684,96.683333
11123,0.29481597182013614,-375.1908225713862,-0.22494676282547688,-1.8610231333971397,-0.0425669462899974,0.18220941129170382,-0.6161901477598252,5.677969336720683e-06,0.0006788692134028977,0.00011859519847318577,0.0028213350328515326,96.691667
11124,0.29277216354857405,-375.2047791941691,-0.2537614836905388,-1.8852803300159535,-0.03975041948563423,0.18155512303306043,-0.6165712887632431,5.7521889797353725e-06,0.0006795324754935198,0.00011985453498773157,0.0028970395500441284,96.7
11125,0.29047784089460676,-375.21906416299544,-0.28215338462076417,-1.9131448283816486,-0.03687006108905196,0.18071787460584174,-0.6169960786498054,5.829522204623563e-06,0.0006808148690145032,0.00012135027427625624,0.002980993904738871,96.708333
11126,0.28794239609282357,-375.2334257819436,-0.3100775372855023,-1.9446730200614832,-0.03398016304237246,0.17969103532969413,-0.6174617340513957,5.910006840010335e-06,0.0006827185675609463,0.0001231037603439549,0.00307369679350845,96.716667
11127,0.2851668309821131,-375.2481788774169,-0.33746419528004273,-1.9801884620819679,-0.03103187698015315,0.17848360798622068,-0.6179669384095802,5.993711909507192e-06,0.000685246604696405,0.00012513879475866392,0.0031757092789132147,96.725
11128,0.28215390661447703,-375.2633488653931,-0.3642574100898334,-2.019932702446378,-0.028029620204181576,0.1770940013688562,-0.6185099576776246,6.080740360815944e-06,0.00068840507026348,0.00012748236034163798,0.0032876461333582307,96.733333
11129,0.2789037559748326,-375.2792367912654,-0.39038354405738956,-2.0643094055516564,-0.024929735051561545,0.175525753341124,-0.6190894369154507,6.171232098878108e-06,0.0006922027614056248,0.00013016475301155428,0.0034101853501841894,96.741667
11130,0.275432654558514,-375.295331729091,-0.41580379176873306,-2.1133541357120915,-0.021833523626857507,0.1737710307262167,-0.6197010882694848,6.265367291024556e-06,0.000696651856913267,0.0001332202739445857,0.003544061553427476,96.75
11131,0.27174168311860547,-375.3119888002907,-0.4404375344057548,-2.1675659530555156,-0.018688677486932263,0.17183551897761587,-0.6203432924014597,6.363369595529982e-06,0.0007017641931642746,0.0001366867734286723,0.003690087678878116,96.758333
11132,0.26783772308347087,-375.3292208419352,-0.4642179030832151,-2.227319732099248,-0.015504529706089187,0.1697189768467361,-0.6210133582562376,6.465509583201091e-06,0.0007075551506486939,0.00014060706749621503,0.0038491351865699206,96.766667
11133,0.2637278052186518,-375.3470886233947,-0.48707171628469526,-2.2930602552191,-0.012282861980659322,0.16742200125533052,-0.6217085470485542,6.572108534313212e-06,0.0007140422959436448,0.00014502907680392135,0.004022144654530597,96.775
11134,0.25941982635408206,-375.3656263531033,-0.5089238632215839,-2.36526839980368,-0.009030801799782924,0.16494506917308988,-0.622425964633817,6.683542187228517e-06,0.0007212454342413898,0.00015000644019718754,0.0042101258169376455,96.783333
11135,0.25491854811554976,-375.3851333523831,-0.529675800406554,-2.4446422138944564,-0.00571307738913241,0.1622881990950472,-0.6231632321127685,6.800244469927893e-06,0.0007291864617082876,0.00015559903367790378,0.004414162295185017,96.791667
11136,0.2502402893063699,-375.4051828338068,-0.5492749108770545,-2.5314949386382852,-0.0024141920531002407,0.15945336732594634,-0.6239161065408935,6.922711272817425e-06,0.0007378901091600916,0.00016187407691650637,0.00463540180507416,96.8
11137,0.24539301285971973,-375.42610628672736,-0.5676072946166277,-2.62666097583988,0.0009049042394159468,0.1564428696737917,-0.6246817768692685,7.051503456883609e-06,0.0007473811178306014,0.0001689051188051238,0.004875111506302764,96.808333
11138,0.24038449301277023,-375.4479700216099,-0.5845779161011485,-2.730902934410101,0.004238295129788752,0.15325621276574078,-0.6254574987791696,7.187249102287058e-06,0.0007576861776575145,0.0001767740395260691,0.005134654715674233,96.816667
11139,0.23522703462768235,-375.4710934854572,-0.6000491876679345,-2.845218415691457,0.00761685152514991,0.1498936101762911,-0.6262398916367129,7.330645139834615e-06,0.000768833768131256,0.0001855706371157526,0.005415557846321506,96.825
11140,0.2299344101045552,-375.49531284403247,-0.6139265607337927,-2.9703664448208165,0.010996113200663845,0.14635797486020105,-0.6270254710658085,7.482457335884327e-06,0.0007808525198745468,0.00019539341905996168,0.005719542279093407,96.833333
11141,0.2245247709329906,-375.52050105195207,-0.6261003887432806,-3.1071745937543676,0.014339280283111617,0.14265751066767665,-0.6278102678095223,7.643517498041919e-06,0.0007937704178402081,0.00020634739593311665,0.006048711002933679,96.841667
11142,0.21900928877689033,-375.54702579764114,-0.6364037149656572,-3.2569434346254167,0.01767991250382394,0.13878996345056185,-0.6285915044090629,7.814716285086003e-06,0.0008076129268423691,0.00021854258856995166,0.006405762099137645,96.85
11143,0.2134049876256137,-375.57497997867154,-0.6446797990404018,-3.420843461398278,0.02100926208933811,0.13475865460488334,-0.6293657351584556,7.99699144078271e-06,0.0008224037527912518,0.0002320933320262307,0.006794271256744616,96.858333
11144,0.20772581581715763,-375.6047381125814,-0.6507245182958706,-3.6003751400968147,0.024353711029671203,0.13055807511528875,-0.6301301440633308,8.191309263488426e-06,0.0008381620029495275,0.0002471132575472389,0.007219255781014824,96.866667
11145,0.2019961939824049,-375.6361958149598,-0.6543662245411396,-3.796654058246055,0.027674226293096557,0.12619877713234914,-0.6308807482602224,8.398636520923878e-06,0.0008549013528308445,0.00026371048729713695,0.007687943814263226,96.875
11146,0.19623388706470832,-375.66927739646803,-0.6554340265999437,-4.0108794260512415,0.030936940223785372,0.12168907589024076,-0.631614745881197,8.619898768529378e-06,0.0008726254229483535,0.0002819762802608259,0.00821108596804386,96.883333
11147,0.19046434730442968,-375.7044025429184,-0.6536463731887912,-4.244616065148887,0.03416938821409666,0.1170275183068575,-0.6323286531100837,8.855920528695481e-06,0.0008913277992936023,0.00030197206969913043,0.008804830312534883,96.891667
11148,0.1847109027230045,-375.7417420244515,-0.6487457733559123,-4.49916974718525,0.03736435441130988,0.11221672513058446,-0.6330196081452714,9.107344131019956e-06,0.0009109877442006452,0.00032371581623730406,0.009493052095538934,96.9
11149,0.17900087656315727,-375.78168713630856,-0.6404064567277118,-4.775859742774728,0.040537259450845235,0.10725218563765503,-0.6336846313018495,9.37452157658373e-06,0.0009315694873172594,0.00034715875645627145,0.010310830613136882,96.908333
11150,0.17336532081798345,-375.82422977851496,-0.6283499011330826,-5.075294733431509,0.043657768372606064,0.10214564344711913,-0.6343207228693526,9.657373632364373e-06,0.0009530205836113734,0.0003721605593855121,0.01130853966304316,96.916667
11151,0.16783464118123123,-375.86934676401955,-0.6122959804366422,-5.397620389696072,0.04669667773454758,0.09691068944356512,-0.6349253902909607,9.955210843785565e-06,0.0009752726571036525,0.00039845612106509376,0.012556790628236607,96.925
11152,0.1624503789057768,-375.9175756247189,-0.5918143579042267,-5.742637198589815,0.049683003425274895,0.0915407944622863,-0.6354953932137177,1.0266514729004783e-05,0.0009982466091272464,0.0004256249287965595,0.014151000113780982,96.933333
11153,0.15724553187556903,-375.96892831547507,-0.5666045663914002,-6.108836508186972,0.052590642915214786,0.08604642915734056,-0.6360288900537735,1.058868406648993e-05,0.0010218581172448755,0.00045307010512050656,0.016212795389858717,96.941667
11154,0.15226472981176065,-376.0236551456209,-0.5363000723642063,-6.493404723031384,0.055420448385206794,0.08043127140765942,-0.6365232887778185,1.0917762318881559e-05,0.00104603533978513,0.00048000437075764276,0.018887174878196907,96.95
11155,0.1475547980934278,-376.08193103469534,-0.5005780923820478,-6.891692422273194,0.05816834037185891,0.07470061891826302,-0.6369762745876898,1.1248173887607512e-05,0.001070735173188937,0.0005054673535793145,0.022328056512133893,96.958333
11156,0.14316133072615936,-376.1438639616811,-0.4591938274366464,-7.296996446726415,0.06082693915757703,0.06885908428713573,-0.6373860860262465,1.1572517418394623e-05,0.00109596599985375,0.0005283808108074132,0.026668202089636214,96.966667
11157,0.139138304780618,-376.2095986464064,-0.41196222324559373,-7.700002353898176,0.06339802017754732,0.06290815450231961,-0.6377505529677568,1.1881491357124266e-05,0.001121809312588319,0.0005476526919743406,0.031969843952180464,96.975
11158,0.13553278475692693,-376.2789566871872,-0.3589278987850921,-8.088976324054446,0.06586429523567157,0.0568602828610384,-0.638068425423223,1.2164037698161994e-05,0.001148425950234689,0.0005623228599640591,0.038156997956115324,96.983333
11159,0.13240099762837468,-376.35175067362576,-0.3002859417025362,-8.449544244827115,0.06822138063729159,0.050726796255736145,-0.6383378008872503,1.2407797409928968e-05,0.0011760427167453943,0.0005717287489484712,0.044948641362278025,96.991667
11160,0.12978349846125306,-376.42769809594586,-0.23649385223212707,-8.766457997477284,0.0704607554919994,0.04451178865384369,-0.6385581377465425,1.259993131945223e-05,0.0012048955372074028,0.0005756362063426306,0.051817213383962724,97.0
11161,0.12772643907473058,-376.50638587805685,-0.16825131224148493,-9.023581560572278,0.07257926480076499,0.03822321584046639,-0.6387282276272074,1.2728300196421509e-05,0.0012351393877829625,0.0005742859213315997,0.05801730131120609,97.008333
11162,0.12626782066519193,-376.5872265424363,-0.0965446059113594,-9.206070476099297,0.07457208127211044,0.03187124119261708,-0.6388471971884887,1.2782875706303784e-05,0.0012667205672574893,0.0005682975146557943,0.06270417198337457,97.016667
11163,0.12543485548259736,-376.6694903448229,-0.022609387125593083,-9.302313961302241,0.07643391264141357,0.02546757048012786,-0.6389145267781634,1.2757131044198554e-05,0.0012992576410757483,0.0005584620217504254,0.0651349141318428,97.025
11164,0.125241937891792,-376.75242127483216,0.05216349932246116,-9.305647951398427,0.0781610892632216,0.019019428352755427,-0.6389300573195169,1.2649108418717087e-05,0.0013319737454956333,0.0005454941809501429,0.06488551821843017,97.033333
11165,0.1256859740493149,-376.83512421195286,0.12628511250182492,-9.21567001192015,0.07974536479864025,0.012541712134100871,-0.6388942752332949,1.2461877407726352e-05,0.0013637210206542923,0.000529855792915853,0.061988526218123036,97.041667
11166,0.12676842131285174,-376.9168900203197,0.1983638205724189,-9.036811931027515,0.08119289724433269,0.006037913124040145,-0.6388065197837118,1.2203242018596402e-05,0.0013931104522528145,0.0005117290540805696,0.05692437039593026,97.05
11167,0.12845847136431648,-376.99689688671793,0.26709524843777604,-8.780212294979908,0.08249521344454308,-0.00047670026215029836,-0.6386680085863072,1.1884726152423168e-05,0.0014187060195443516,0.0004911445878452819,0.050467741875122006,97.058333
11168,0.13073689753509965,-377.0745305614621,0.33143117078789464,-8.45932896485949,0.08365965264881912,-0.006994458919885742,-0.6384783886233715,1.1520122335487511e-05,0.0014392525558255733,0.00046817284596085106,0.04346553706592744,97.066667
11169,0.13355797478641232,-377.1492073195575,0.39056829228732615,-8.090779997565308,0.08468305747210009,-0.013500103582807236,-0.6382390145207597,1.1123914657096028e-05,0.0014538359362525884,0.00044308019970263897,0.03664115017054294,97.075
11170,0.13686700818300296,-377.22057727216065,0.4440147544449174,-7.691282276936394,0.08556092939450864,-0.019984689421602024,-0.6379517632437973,1.0709910281314288e-05,0.0014619795509150258,0.0004163764470157909,0.030483968695046337,97.083333
11171,0.14062780623417387,-377.2884019706997,0.49151732683169475,-7.275117414413687,0.08630315877143967,-0.02644003819454547,-0.6376168142719754,1.0290272390324248e-05,0.0014636422286556105,0.0003887586878535289,0.02523533149627475,97.091667
11172,0.14477837649993738,-377.3525592898816,0.5330530138176189,-6.8555580322333025,0.08690518814879812,-0.032854397240432945,-0.6372366825056369,9.87497158476618e-06,0.0014591352199710892,0.00036100485533472845,0.020940568199032852,97.1
11173,0.1492727762690951,-377.4129746312569,0.5687464776837773,-6.442561022285597,0.08737497780822792,-0.03921395757518451,-0.6368126816107726,9.471647659542299e-06,0.001449032778056824,0.0003338545667102061,0.017519804414099335,97.108333
11174,0.15407023850759322,-377.46999702753953,0.5988854522794317,-6.043209012342153,0.08770853834071995,-0.045537074284592326,-0.6363458963831966,9.085739633662212e-06,0.0014340546423950399,0.0003079249403637248,0.014835283565137964,97.116667
11175,0.15911127151159307,-377.5234257065939,0.6237588751717813,-5.663337132836039,0.08791445729327092,-0.05178342413626657,-0.635839632186885,8.720777087128264e-06,0.0014149724742928247,0.0002836698855240239,0.012737135394354211,97.125
11176,0.16436021496938724,-377.5732570364004,0.6437071196861301,-5.306021493551558,0.08801253573587618,-0.05793243287482776,-0.6352953167232895,8.378753609607518e-06,0.0013925562353553497,0.0002613706357061235,0.011089100665499929,97.133333
11177,0.16977093335117938,-377.61985964254524,0.6591424903393107,-4.972911339676619,0.08799695792808639,-0.0639903780937977,-0.6347159046241204,8.060483031123755e-06,0.0013675178388709909,0.0002411569214139799,0.009779496484962631,97.141667
11178,0.1753050371134257,-377.6634477753386,0.6704424533605048,-4.664463946505952,0.08787187262330384,-0.06995063160020606,-0.6341040575618533,7.765926710656717e-06,0.0013404973654049985,0.00022303978813848058,0.008722035619985115,97.15
11179,0.18092828553160625,-377.7041827185804,0.6779596174199211,-4.380322133332275,0.08764594862253554,-0.07580243082577426,-0.6334624628555031,7.494460181012714e-06,0.0013120522593017638,0.00020694476387264583,0.00785286804525244,97.158333
11180,0.18660892940529247,-377.74233478503487,0.682033688470839,-4.119526350387431,0.08731944841534511,-0.0815451034507959,-0.632793981251117,7.245083048660463e-06,0.0012826581673690003,0.00019274208856937398,0.007125931840086958,97.166667
11181,0.19231638938776593,-377.77806787386555,0.6829684208858771,-3.8808429426348017,0.08689893604505902,-0.08716896426059648,-0.6321017791938033,7.016576779545348e-06,0.001252715735372786,0.0001802714472425371,0.006508385510233796,97.175
11182,0.1980267475706921,-377.8115701244254,0.6810387650528693,-3.662788084713921,0.08639028483984824,-0.0926695357656879,-0.6313886192372031,6.807618878942564e-06,0.0012225602546746559,0.0001693598578246944,0.0059768553329055995,97.183333
11183,0.20371320051454195,-377.8430318919574,0.6764979232273529,-3.4638507764145388,0.08579551642142165,-0.09804155960037152,-0.6306579854636809,6.616861052647129e-06,0.001192468329437101,0.00015983414646870305,0.005514580893078782,97.191667
11184,0.20935552397818635,-377.8726199074184,0.6695686399704465,-3.2824828650559175,0.08511930451675329,-0.1032811613355026,-0.6299128657106268,6.442982695566303e-06,0.0011626694395819952,0.00015152900587551412,0.005109327203826757,97.2
11185,0.21493261843044473,-377.90043606509596,0.6604493503249943,-3.1172234098552503,0.0843706044116545,-0.10837905816589953,-0.629156652621813,6.2847231064797196e-06,0.0011333508169141793,0.00014429143985407052,0.00475197118579795,97.208333
11186,0.22042570626375937,-377.9267102591203,0.6493257077311053,-2.9666457815558793,0.08354359756680783,-0.11333840285730953,-0.6283927008005022,6.140900969347609e-06,0.0011046654334542021,0.0001379829705801448,0.004435523828693051,97.216667
11187,0.2258177925370704,-377.95155236002705,0.6363576935426087,-2.8294494391775964,0.08264344366160713,-0.11815347548884703,-0.6276243543120815,6.010423499976547e-06,0.0010767368628841866,0.00013248033404270602,0.004154477730052268,97.225
11188,0.23109291173351512,-377.97508881066204,0.6216909031974353,-2.7044323021187475,0.08167203292828365,-0.12282092656470175,-0.6268550164999476,5.892289090439909e-06,0.0010496635636540069,0.0001276750023373001,0.0039043857917689636,97.233333
11189,0.23623401252478335,-377.9976044064538,0.6054658558849371,-2.5904808889164426,0.08060874939332352,-0.12734994180390619,-0.6260884398547749,5.785585743592137e-06,0.0010235226868199334,0.00012347225814397943,0.003681574782670734,97.241667
11190,0.2412336489253993,-378.01888260055125,0.5877832881023786,-2.4866264199774775,0.07949743872540961,-0.13171448866558916,-0.6253270851223879,5.689486916851184e-06,0.0009983741105265165,0.00011979002232798116,0.0034829486448403973,97.25
11191,0.24607709846223033,-378.0391683784759,0.5687596663379849,-2.3919611277346,0.07832056145328421,-0.13592262731063345,-0.6245746086054228,5.603245141864022e-06,0.0009742592108301294,0.00011655729512060882,0.0033058835775137524,97.258333
11192,0.2507523717916055,-378.0586296011278,0.5484976198487048,-2.3056757946958264,0.07706820566296962,-0.13997747321822349,-0.6238343621053042,5.526186065575559e-06,0.0009512071178372299,0.00011371307129309017,0.003148113061239799,97.266667
11193,0.25524714566861795,-378.07746612631456,0.5270933322486293,-2.227049993897539,0.07572312188244607,-0.14388415952079694,-0.6231098379317808,5.457701430494052e-06,0.0009292356922777012,0.0001112050286143703,0.0030076700796397805,97.275
11194,0.259556704053357,-378.09538859696937,0.5046158511688501,-2.155441860730793,0.07433948017990964,-0.14761513184401379,-0.6224033476880209,5.397242380926012e-06,0.000908353658691408,0.00010898838868769348,0.0028828389668555036,97.283333
11195,0.26366786123533503,-378.11285831737104,0.481159697292511,-2.0902783760627353,0.07285967763280961,-0.15119507752028735,-0.6217186088455753,5.344312803650482e-06,0.0008885594629857907,0.00010702484406571601,0.002772130746368068,97.291667
11196,0.26757623261469676,-378.12959678948613,0.45678559540665503,-2.031039722001348,0.07133634935792761,-0.1545985790517755,-0.6210579017220984,5.2984637227703075e-06,0.0008698464169403878,0.00010528176454645708,0.0026742357220180344,97.3
11197,0.2712709338782816,-378.1459524904816,0.43157382112170867,-1.9772821084119556,0.0697250701696292,-0.1578424935510674,-0.6204245921104528,5.259287547203252e-06,0.0008522007311204073,0.00010373136849720497,0.0025880153092267422,97.308333
11198,0.2747473171788165,-378.1617045917519,0.4055807096393186,-1.9285856991713273,0.06807009198500819,-0.1609066167951421,-0.6198209708655347,5.226413353087038e-06,0.000835605364135837,0.00010235009699825723,0.0025124703111705994,97.316667
11199,0.27799654026771436,-378.1772129667268,0.3788798007371434,-1.884613647691775,0.06632205448002151,-0.16380876220347762,-0.6192500199361431,5.199502324847922e-06,0.0008200388847326224,0.00010111803382466974,0.0024467335923263134,97.325
11200,0.2810154320071918,-378.192215550585,0.3515212060893095,-1.8450224995417663,0.06453233353233694,-0.1665276804964474,-0.6187136835672413,5.178243978546763e-06,0.0008054780381187387,0.00010001842632609979,0.0023900478167652407,97.333333
11201,0.2837972039345875,-378.2069416722833,0.3235690551926114,-1.8095499739895513,0.0626710786827652,-0.16907306954319015,-0.61821448197853,5.162352663829012e-06,0.0007918967485502523,9.903728563092074e-05,0.0023417611685816143,97.341667
11202,0.28633722056613975,-378.2214042816771,0.29507867268847426,-1.7779477943283462,0.06074359918902153,-0.17144131009767782,-0.617754486042437,5.151564692004591e-06,0.0007792682315240071,9.816303935999012e-05,0.0023013108518361554,97.35
11203,0.2886299630761325,-378.23575575192467,0.26610817926381397,-1.7500171694506668,0.05873064875696219,-0.17363661288644944,-0.6173358488196743,5.14563580727401e-06,0.0007675649813404976,9.738624883270873e-05,0.002268216697100907,97.358333
11204,0.29067419332104805,-378.2498259652312,0.23670488696712125,-1.7255425444580008,0.05666918031581785,-0.17564640176717677,-0.6169598513878978,5.144339095580843e-06,0.0007567596772180046,9.669936912732608e-05,0.0022420720867188104,97.366667
11205,0.29246401837723457,-378.263873300087,0.20692746878213691,-1.7043984037995707,0.05452048104984341,-0.17748038134471064,-0.6166285300404367,5.147463183338556e-06,0.0007468244567619096,9.609655278954555e-05,0.0022225406808190204,97.375
11206,0.29399791627659655,-378.27784797265286,0.17682515226739198,-1.6864360305185948,0.05230003087668059,-0.17913266162299868,-0.6163430124420642,5.154810872124808e-06,0.0007377328562808912,9.557348888375205e-05,0.0022093466914745096,97.383333
11207,0.2952730198851175,-378.29171561075606,0.14644599840940384,-1.6715305656526345,0.050020669549511024,-0.18059793246488173,-0.6161045626216614,5.166198011183108e-06,0.0007294588898012459,9.512727196335568e-05,0.0022022733160507032,97.391667
11208,0.29628703201002515,-378.30540434425535,0.11583609431908186,-1.6595690486515198,0.047702379001425904,-0.18186991415095274,-0.6159142229566789,5.181452666213346e-06,0.0007219778710168239,9.475629590521186e-05,0.0022011587854934215,97.4
11209,0.29703849169632446,-378.3191886848192,0.0850534518276934,-1.6505258449451081,0.04530219911311784,-0.18295937683695526,-0.6157727582955813,5.2004145252590424e-06,0.0007152665620190703,9.446016628941481e-05,0.0022058938977713165,97.408333
11210,0.29752635845844133,-378.3330248160855,0.0541448737327688,-1.6443333293221762,0.04283465175440781,-0.18386120959199054,-0.6156807296744383,5.222934599059925e-06,0.0007093031912959883,9.423966556879905e-05,0.0022164166962840566,97.416667
11211,0.29774877321790877,-378.3468575969318,0.023155514745276606,-1.6409381675810764,0.04031654468988548,-0.18456990026607425,-0.615638725890469,5.2488751627569215e-06,0.0007040676263519457,9.409670350382474e-05,0.002232713663362427,97.425
11212,0.29770441615765214,-378.3605915672187,-0.007871301267785898,-1.6402929989253718,0.03777248392655367,-0.1850794258298065,-0.6156471053034582,5.278109859950222e-06,0.0006995418107552277,9.403428977919433e-05,0.002254819166464644,97.433333
11213,0.2973951826003249,-378.3745878189656,-0.03887306323987787,-1.6424771688597943,0.035142994065780545,-0.18540289694138787,-0.6157054884032086,5.310523990035116e-06,0.0006957097790180255,9.405651812858125e-05,0.002282815854261303,97.441667
11214,0.2968191008702722,-378.38857015220447,-0.06981427436923852,-1.6474335430530995,0.03248609547904435,-0.18552672681103013,-0.615814095255469,5.34601507672342e-06,0.0006925569511596197,9.416866830488665e-05,0.002316829471741029,97.45
11215,0.29597925473739206,-378.40268176526854,-0.10063987138032691,-1.6552263303657413,0.029782849926082024,-0.18545595868499498,-0.6159720626087761,5.384493613100299e-06,0.0006900713969714424,9.437713162906523e-05,0.0023570373388845595,97.458333
11216,0.2948777242927558,-378.4171564329687,-0.13129140037466347,-1.6659677753377478,0.026997516349200418,-0.18519608491792405,-0.6161785917394792,5.4258839272889965e-06,0.0006882426108355937,9.468955325293754e-05,0.0024036641136818285,97.466667
11217,0.2935147630156369,-378.431816195861,-0.1617284920353889,-1.679674800159241,0.0241708070307596,-0.18473904578783107,-0.6164331023922089,5.4701253861293435e-06,0.0006870619824592891,9.51149584148457e-05,0.002456981995032843,97.475
11218,0.2918918805313906,-378.4467058728061,-0.19190076443495035,-1.6964458437055947,0.02130249649187575,-0.18408443989852968,-0.6167346555095298,5.517173720221172e-06,0.0006865234437595677,9.56637395040621e-05,0.0025173190357059986,97.483333
11219,0.29001127337653865,-378.46185421553514,-0.2217575900549534,-1.716395757897328,0.018395691948934374,-0.18323164471634545,-0.6170820655052802,5.567002490766858e-06,0.0006866232325683502,9.634784109540833e-05,0.0025850589279331608,97.491667
11220,0.28787638183364894,-378.4772981771028,-0.2512464251626239,-1.7396643937950282,0.015452411605479482,-0.182180777403122,-0.617473805109471,5.619604823338591e-06,0.0006873598532202117,9.718091504879971e-05,0.0026606442996365814,97.5
11221,0.28548926407141917,-378.492934580117,-0.2803223584966962,-1.766367095877417,0.012500355849955107,-0.18092912124119775,-0.6179084939264976,5.674995362364058e-06,0.0006887339150379243,9.817852073680492e-05,0.002744579688700613,97.508333
11222,0.2828578322890696,-378.5090462481752,-0.30891551525916716,-1.7967793883014211,0.009497833205824879,-0.17948269394111244,-0.6183835916452144,5.7332124097453035e-06,0.0006907486473742076,9.935826283337211e-05,0.0028374393586837084,97.516667
11223,0.2799835582650467,-378.5255478381761,-0.33697921785517143,-1.8310766014773014,0.006470273317165673,-0.17783801177895703,-0.6188976408144635,5.794320403470501e-06,0.0006934085734760374,0.00010074031331839427,0.0029398600085116396,97.525
11224,0.2768722929230492,-378.54248975277903,-0.36445469495514615,-1.8695131512041532,0.0034191542563951458,-0.17599605413749403,-0.6194483117970404,5.858412689806977e-06,0.0006967213594693219,0.00010234748834090005,0.003052556145392574,97.533333
11225,0.27352793952456383,-378.5598792715941,-0.3912863510400849,-1.9123603947404624,0.00035408603445844444,-0.17395626873570658,-0.6200335505975711,5.925614485935201e-06,0.0007006968368596781,0.00010420572002368905,0.0031763189444967686,97.541667
11226,0.2699550539925625,-378.5776830584723,-0.41741905396597856,-1.9599082050899281,-0.0027079391607843124,-0.1717188643517937,-0.6206511188801901,5.996086185132535e-06,0.0007053476732377758,0.00010634443206458933,0.0033120230169161858,97.55
11227,0.26616366015536436,-378.59614700524344,-0.4427731710006948,-2.0126089335053106,-0.005797326056228018,-0.16928661560978342,-0.6212977912901214,6.070026933277394e-06,0.0007106893676583101,0.00010879697819640075,0.003460632059082896,97.558333
11228,0.26216160376246883,-378.6152020118802,-0.4672876846996959,-2.0708236257050987,-0.008889329687635023,-0.1666611343671976,-0.621970705729091,6.147678675170876e-06,0.0007167390394011875,0.00011160156109634074,0.0036231860368271533,97.566667
11229,0.25795145392318797,-378.63474110908413,-0.49090916083718583,-2.134939407245831,-0.011953192894986635,-0.16384252693384657,-0.6226678570663071,6.22933054881355e-06,0.0007235162346653736,0.00011480156301203646,0.0038008149532383177,97.575
11230,0.2535471504749912,-378.6551538250291,-0.5135338128132556,-2.205643407056911,-0.015039463659506688,-0.1608323293077866,-0.623385345559443,6.315323388335252e-06,0.0007310444025109572,0.00011844608097616362,0.003994750764934025,97.583333
11231,0.2489546777324496,-378.67635826836585,-0.5350949929069396,-2.283455630731051,-0.01811907044803142,-0.1576314587790091,-0.6241206094700774,6.406054845421545e-06,0.0007393480571264719,0.00012259161917086954,0.004206286351303796,97.591667
11232,0.2441843591517102,-378.69838131944744,-0.555509522610015,-2.3690158132629815,-0.021180641874006003,-0.15424287695820843,-0.6248704089596979,6.501984851700489e-06,0.0007484550058726071,0.00012730224455156943,0.0044368054159404135,97.6
11233,0.23924365510777376,-378.72129957653055,-0.574689433621068,-2.4630686546664355,-0.024219460475008926,-0.15066695774949093,-0.6256319990639966,6.6036409630887015e-06,0.0007583952411850842,0.00013265074472122487,0.0046877700184946,97.608333
11234,0.23414934198681472,-378.74521324111845,-0.5925258117277559,-2.56645195594047,-0.027233896289673064,-0.14690905174730085,-0.6264012756082097,6.7116238262875474e-06,0.0007692016317922774,0.00013871964211568596,0.004960723014076837,97.616667
11235,0.2289105721495664,-378.77021146020843,-0.6089140941894018,-2.680093119894193,-0.030218440145223822,-0.14296979282093059,-0.6271754115811061,6.826612416427805e-06,0.0007809073354491673,0.00014560246175964402,0.005257272794384393,97.625
11236,0.22354206534594134,-378.7963578033471,-0.6237358032671945,-2.8049967217097134,-0.033163180105907804,-0.1388539946678524,-0.6279508613944591,6.949368672750861e-06,0.0007935475151071325,0.00015340442200218154,0.005579128970021695,97.633333
11237,0.21805543029670996,-378.8237763954268,-0.6368620395300347,-2.9423164635784587,-0.03606494138270863,-0.13456268691329573,-0.6287246742173686,7.080740823512496e-06,0.0008071573245529046,0.0001622431168198684,0.005928144197928501,97.641667
11238,0.21246832917783415,-378.85259246461743,-0.648142737479897,-3.09330912857396,-0.03891962284176477,-0.13010026293453258,-0.6294932066497781,7.221664649639135e-06,0.0008217719358867891,0.00017224873500032905,0.006306422064769679,97.65
11239,0.20679847480894353,-378.88289708837675,-0.6574185400074591,-3.259310774360727,-0.04171704835256057,-0.12547236563503456,-0.6302530333244722,7.37316142125675e-06,0.0008374237356281824,0.00018356363062138137,0.006716499952332555,97.658333
11240,0.2010647294270099,-378.91483763910014,-0.6645074006604148,-3.441797221780498,-0.04445295082081367,-0.1206831231597705,-0.6310008174509174,7.536330619275099e-06,0.0008541407489973708,0.00019634029417246664,0.007161715419994633,97.666667
11241,0.19528570239013288,-378.94854829201665,-0.6692127513520706,-3.6423245763734022,-0.04711940720062611,-0.11573693810851365,-0.6317335160479676,7.712335121259002e-06,0.0008719442252325127,0.00021073780189896922,0.007646813013760379,97.675
11242,0.18947848628769204,-378.98431703649874,-0.6713019119498417,-3.86266596732182,-0.04972333691847919,-0.11062979643017928,-0.6324485359169618,7.902375658549054e-06,0.0008908460865415895,0.0002269151408134997,0.008178977223833922,97.683333
11243,0.1836763118402246,-379.02219581528857,-0.67052136348179,-4.104320252855675,-0.052246265697346056,-0.10537794498409843,-0.6331416343185865,8.107650619919276e-06,0.0009108461469256371,0.0002450215123933147,0.008769439636319223,97.691667
11244,0.17790895472951324,-379.06226269010443,-0.6666020520092051,-4.368722320929017,-0.05467267799754837,-0.09999495796888756,-0.6338094503376995,8.329294233011442e-06,0.0009319238900703114,0.000265179994793904,0.009435951110911136,97.7
11245,0.17219453118565997,-379.1049270424348,-0.6592269026907047,-4.657568683613977,-0.057015425802336706,-0.09446964729666134,-0.6344503445000426,8.56828594790977e-06,0.0009540358637710106,0.000287465083815244,0.010206440188353021,97.708333
11246,0.16657111121967602,-379.15029084344104,-0.6480605730638559,-4.971787351025727,-0.059259688052446996,-0.08881764190046841,-0.6350608069588036,8.825326227607866e-06,0.0009771159776380063,0.00031187456116106,0.011124044835379193,97.716667
11247,0.16107510991412927,-379.19856443439727,-0.6327362529181891,-5.311867733959225,-0.061400589895508804,-0.08304680633702259,-0.6356380323688198,9.100667605976322e-06,0.0010010680010713031,0.00033828974395481423,0.012253528139770426,97.725
11248,0.15574247787053733,-379.24993607547094,-0.6128801532039887,-5.677486109102732,-0.06343059585307953,-0.07716476647458144,-0.6361797473989931,9.393892653545623e-06,0.001025767765583452,0.0003664314943571709,0.013688462367763644,97.733333
11249,0.15061800978462142,-379.30459145529164,-0.5880958648739223,-6.067017926368014,-0.06534570143424852,-0.07118191222936023,-0.6366832708273696,9.703638392183622e-06,0.0010510703187425286,0.0003958137892747484,0.015557560483629652,97.741667
11250,0.14574498139235398,-379.362701399077,-0.5580079788924804,-6.477286561019006,-0.06714128723298299,-0.06510604145558314,-0.6371465793604184,1.0027271194088105e-05,0.0010768216056644133,0.00042570548345357,0.018026111470492403,97.75
11251,0.14117631451582102,-379.42439833133363,-0.5222615502196544,-6.902815830301086,-0.06881638048230306,-0.058948052585461444,-0.637567208653093,1.0360534526891046e-05,0.0011028827027969323,0.0004551165031013005,0.021286870307653444,97.758333
11252,0.13695892577874014,-379.4897036355763,-0.48061079879609087,-7.335752473696876,-0.07036404425833542,-0.052718778410638246,-0.6379436843127309,1.0697213335982509e-05,0.0011291591234995717,0.00048282774680252256,0.025531332211912273,97.766667
11253,0.13315226403710229,-379.55865179193216,-0.43288107862623537,-7.765079012374479,-0.07178914774629083,-0.04642679836989276,-0.6382737526602379,1.1028892867217273e-05,0.0011556395888205498,0.0005074880510468698,0.030895443247754024,97.775
11254,0.129804888811251,-379.63109170822247,-0.37912083402799834,-8.177214079464456,-0.07308733757072813,-0.04008160948232073,-0.6385563548694267,1.1344914102212432e-05,0.0011824216716274597,0.0005277825887548425,0.03737598760343923,97.783333
11255,0.12695444857800653,-379.70647461536385,-0.31969663598903486,-8.556585160669117,-0.07424076165359882,-0.033710779126414736,-0.638791362931422,1.1632651402095265e-05,0.0012097217379424565,0.00054266181630811,0.044737478273123334,97.791667
11256,0.12467916327478315,-379.784878790382,-0.2549449765065849,-8.884319202582203,-0.07528646102762114,-0.027296905002109375,-0.6389752267805399,1.1878229213800527e-05,0.0012378412242425394,0.0005515671537189432,0.052447884528934945,97.8
11257,0.1230060391970111,-379.86547843009333,-0.1858082293030014,-9.143472859518457,-0.07620854530011253,-0.02086445917794879,-0.6391083199602806,1.206766156982968e-05,0.0012670570668707206,0.0005545569233686726,0.059675016793259636,97.808333
11258,0.12194475183465171,-379.94735175937063,-0.11350483228177945,-9.320373353916635,-0.07699289834095915,-0.01443707502461529,-0.6391918156123343,1.2188360176967537e-05,0.0012974976261940336,0.000552299574200044,0.06542796355202704,97.816667
11259,0.12156125756043512,-380.03003808531696,-0.039218350406329705,-9.401225446735403,-0.07767839459011558,-0.008003617549809423,-0.6392218095434625,1.2230810720784733e-05,0.0013289905134240907,0.0005458460320731882,0.06879987394274406,97.825
11260,0.12183791239469212,-380.1124596348213,0.03544345723235565,-9.382863968462948,-0.07825042561795705,-0.0015849012193008577,-0.6392001812067435,1.2189929347177591e-05,0.001360923843247368,0.0005362803765304831,0.06922249312638032,97.833333
11261,0.12277438065582758,-380.1936486289681,0.1089361298161497,-9.266917645763861,-0.0787186479371989,0.00480286755641449,-0.6391266068676651,1.2065844213766045e-05,0.0013922646787796439,0.0005244456454020952,0.06665976781390044,97.841667
11262,0.12434733709119518,-380.2728116035135,0.1798342972163057,-9.062143757912533,-0.07908767948832109,0.011153293481059584,-0.6390017650004404,1.1863898978078403e-05,0.001421654646908814,0.0005107807730587368,0.06160231601908706,97.85
11263,0.1265275536624459,-380.34916777924775,0.24689730321382497,-8.781926777933762,-0.07936691057806333,0.01745293135372818,-0.6388261119964147,1.1593831825844195e-05,0.0014476190389709628,0.0004953778343511954,0.054891214565331144,97.858333
11264,0.12927673137030726,-380.4221142545317,0.3091625990415678,-8.4426739235691,-0.0795667554757089,0.02369202981056407,-0.6386002911231127,1.1268390992229442e-05,0.0014687990777353906,0.0004781709241240886,0.0474626749861942,97.866667
11265,0.1325410109354937,-380.49126715533487,0.36598097326835116,-8.062216350413411,-0.07969109815124396,0.029864656802058485,-0.6383258915519127,1.09017327909775e-05,0.0014841473017984741,0.00045914396780499773,0.040124003235624185,97.875
11266,0.13627407756954707,-380.55628126756073,0.416960484722327,-7.6568478674396,-0.07975426339564554,0.03595813296425325,-0.6380037482804808,1.0507956134354396e-05,0.0014930427438996623,0.00043845804142484405,0.03343017392073339,97.883333
11267,0.14041865400070405,-380.61704803389176,0.46198120013559457,-7.241264491845421,-0.07976279508533173,0.04196605967527183,-0.6376356789197942,1.0099977287478178e-05,0.0014953014401515538,0.0004164770938532616,0.027669380919554003,97.891667
11268,0.1449203292849144,-380.673575761276,0.5011180950706209,-6.8272607997819135,-0.07972433331145419,0.047882881205042825,-0.6372234875156031,9.688840025647403e-06,0.0014911264096562208,0.00039371136979745566,0.022914220318380505,97.9
11269,0.14972947195305317,-380.72591575707577,0.5345748507751322,-6.423695579077986,-0.07965014932175356,0.053700687009706406,-0.6367688769119515,9.283423972008335e-06,0.001481010596441267,0.0003707282682850333,0.01909898785357524,97.908333
11270,0.1547922160273027,-380.77430924240815,0.5626757277288361,-6.036986232569402,-0.07954086797027475,0.059419484074423094,-0.6362743809952314,8.89045330723133e-06,0.001465630524032969,0.0003480691082163446,0.01608968812239825,97.916667
11271,0.16006518182580595,-380.81884311453507,0.5857557908820926,-5.671163577021966,-0.0794114330291631,0.06502637068573179,-0.6357420137883736,8.514703340774689e-06,0.0014457573817399812,0.0003261912781064182,0.013733110405422235,97.925
11272,0.16550362578588956,-380.8598808491729,0.6042159871635775,-5.328478374642692,-0.0792585580279253,0.07052691899514102,-0.635174422778804,8.159298894693986e-06,0.0014221801093898415,0.00030544041426509383,0.011885936338416487,97.933333
11273,0.1710685586507759,-380.8976654827843,0.6184320080355518,-5.0098484692922955,-0.0790865728720014,0.07591726920731331,-0.6345741839245165,7.826042544399525e-06,0.001395658806461224,0.00028604762683188435,0.010427072020244305,97.941667
11274,0.17671275532176328,-380.9321717782257,0.6287471703148263,-4.715625524082151,-0.07891591244666259,0.08116723498934972,-0.6339453220924455,7.515724040274449e-06,0.0013668932992287031,0.0002681409599332619,0.009260696982001044,97.95
11275,0.18242549384061513,-380.96424365335326,0.6355492169835584,-4.444288375013759,-0.07871133929003114,0.0863308700430737,-0.6332882587106566,7.228394799866034e-06,0.001336515369443429,0.000251763537046176,0.008314024845666849,97.958333
11276,0.18816689730824918,-380.9937769389351,0.6391183115905288,-4.19516433183724,-0.07849578428549983,0.09137402878402517,-0.6326070750388273,6.96358049299948e-06,0.001305062334349529,0.00023689763868646203,0.007533289227436439,97.966667
11277,0.19390976661655232,-381.0210658637712,0.6397464860167456,-3.9668732022144972,-0.07826338646984853,0.09629957119395859,-0.6319048564476546,6.720464053337381e-06,0.0012730009443493691,0.00022348097771472648,0.006879292052527957,97.975
11278,0.19963027956456728,-381.04637954160137,0.6376942402415392,-3.757920373484463,-0.07800772061040104,0.10111005209657058,-0.6311846525116073,6.498017497941114e-06,0.0012407254066776287,0.00021142375222700605,0.0063236414500845,97.983333
11279,0.20528925384213653,-381.06940374298466,0.6331640162515881,-3.567222320370437,-0.0777742171012484,0.10575499698544398,-0.6304518732170574,6.295100154478454e-06,0.0012085639120465617,0.00020062100688831831,0.005845749116704405,97.991667
11280,0.2109001557443781,-381.0913740382633,0.626420952129841,-3.3924985332796136,-0.07746361200857889,0.1103314491042577,-0.6297053857393464,6.110532115825716e-06,0.0011767960347800832,0.0001909609410672334,0.005430566564582391,98.0
11281,0.21642975310953244,-381.11189987739755,0.6176115067968423,-3.2327894296472315,-0.07712355594412224,0.11478660841655487,-0.6289503194392689,5.943134707482599e-06,0.0011456305679543777,0.00018233319198671753,0.005066955021191162,98.008333
11282,0.22186164081636298,-381.13115901854843,0.6069018386778843,-3.0867939073090795,-0.0767479260631937,0.11912075613529585,-0.6281898709616018,5.791768971621661e-06,0.00111524233953885,0.0001746311054122786,0.004746518765815652,98.016667
11283,0.2271794962696653,-381.1493055884349,0.5944413824734869,-2.953325310541244,-0.07633076483716025,0.12333266262942498,-0.6274274311377457,5.655353635017264e-06,0.0010857685126384213,0.00016775484194384675,0.004462799618357139,98.025
11284,0.23235790162289327,-381.1661564568879,0.5803510938644338,-2.831445731386049,-0.07590383854246649,0.1273908224307745,-0.6266679330641788,5.532876180088128e-06,0.0010573147628483754,0.00016161268726188905,0.004210722885604522,98.033333
11285,0.23741057107652078,-381.1824198659235,0.5647737091627992,-2.719820376060581,-0.0753974156343105,0.13135282595408726,-0.6259106785361169,5.423398517894856e-06,0.0010299648764576243,0.0001561214275165075,0.003986218179040974,98.041667
11286,0.24231265193236626,-381.1980406563549,0.5478142437131442,-2.6177089392090456,-0.07482128088640888,0.13519749086041177,-0.6251607209890638,5.326054522516223e-06,0.0010037663668043722,0.0001512066110815231,0.0037859736504991543,98.05
11287,0.2470539106906065,-381.21293954568443,0.5295623712237564,-2.5243290781993197,-0.0741943783101675,0.13891014180968386,-0.6244210754015125,5.2400505649045565e-06,0.000978754770366447,0.00014680206285179709,0.003607228340025523,98.058333
11288,0.25161611367786524,-381.2275260408047,0.510130396966456,-2.438972176523445,-0.0734649115879511,0.14250817659444454,-0.6236961111351434,5.164660647015291e-06,0.0009549494691542136,0.00014284926900154797,0.0034476654784577495,98.066667
11289,0.2560066089232171,-381.2412997843875,0.4895690466548922,-2.3609379468095635,-0.07271553336041128,0.14595612461063465,-0.6229861744635717,5.099221890498747e-06,0.0009323600463192097,0.00013929690273869547,0.003305299026017305,98.075
11290,0.2602085779843856,-381.25465547545303,0.46797665783692716,-2.2896706104447304,-0.07189506538004188,0.14927140862544092,-0.6222954754913266,5.0431280116740876e-06,0.0009109782765847921,0.00013609990387323072,0.003178453633344296,98.083333
11291,0.2642132455404685,-381.26766006813915,0.44542801644580743,-2.224656368523008,-0.07099936897497527,0.15245162365848802,-0.621626981979584,4.9958248763668505e-06,0.0008907912581348306,0.00013321911315998918,0.0030656688367829005,98.091667
11292,0.268007850890432,-381.2805877675625,0.42200316977394076,-2.165459689082621,-0.06999026452605965,0.155506611585784,-0.6209843551174864,4.956804853496978e-06,0.0008717796648436326,0.00013062055018285004,0.00296567898114236,98.1
11293,0.2715999702911451,-381.29295159818344,0.39774550704552547,-2.1115910994345066,-0.06895216044483186,0.15840431957728407,-0.6203677810663992,4.925601951958537e-06,0.0008539208376464444,0.0001282748548289156,0.0028773791185751955,98.108333
11294,0.2749750465172994,-381.3050871664489,0.37273054860930305,-2.0627292292401243,-0.06783673268982421,0.16115829062918313,-0.6197811676192244,4.901786633168833e-06,0.000837182881317582,0.0001261567298923752,0.0027998238205519757,98.116667
11295,0.27812750298025596,-381.3170583133308,0.34702015794779983,-2.018547721949568,-0.06663874294318285,0.16376774370724415,-0.6192268701663316,4.884962232433741e-06,0.0008215345858324443,0.00012424456093703066,0.0027321834834965965,98.125
11296,0.28105266237495546,-381.32889222328214,0.32067268950279193,-1.9787543510165215,-0.0653586261307148,0.16622986714869187,-0.6187070340104707,4.874761054946323e-06,0.0008069428783349899,0.00012251998011903663,0.002673738550977372,98.133333
11297,0.2837449105258962,-381.34061219802993,0.29374412580090076,-1.9430968882920294,-0.06399704038232809,0.16854105763277957,-0.6182239104000482,4.870841135443382e-06,0.0007933735091031879,0.00012096751824489614,0.002623867550838219,98.141667
11298,0.2862009820307534,-381.3522193075127,0.2662888108555803,-1.911342225729201,-0.06255880482175011,0.17069767009076547,-0.6177792599633452,4.872883483363941e-06,0.0007807921976513634,0.00011957430500947421,0.0025820363067215364,98.15
11299,0.2884154853486002,-381.3637719478874,0.2383609525348012,-1.883303149575995,-0.06103841024654922,0.17269844021089542,-0.6173751484302699,4.8805896927836704e-06,0.0007691645440053787,0.00011832980677063886,0.002547789769163375,98.158333
11300,0.29038186662071797,-381.37555376900286,0.21002194279075376,-1.8588565513534465,-0.05939044005955011,0.17455453831705534,-0.6170137773651839,4.8936800302413655e-06,0.0007584573102699591,0.00011722560702668466,0.002520743594483977,98.166667
11301,0.2921044908912775,-381.3870067512979,0.18130451994762678,-1.8377417079126321,-0.05771814811952558,0.17623310243696938,-0.6166952421245792,4.911891894126249e-06,0.0007486391278627026,0.00011625521871102578,0.0025005754525090984,98.175
11302,0.29357783828492423,-381.3985293149069,0.15227258979391894,-1.8199003852288744,-0.05595647311889471,0.1777529347460191,-0.6164213493879588,4.934978428197781e-06,0.0007396777010704126,0.00011541392873324146,0.002487030233807071,98.183333
11303,0.29479796303998546,-381.41003615149253,0.12297078934771069,-1.805217841354943,-0.05412496787625439,0.17910485661976214,-0.6161935173820063,4.962707715015614e-06,0.0007315432755386097,0.00011469867301865347,0.002479903995464053,98.191667
11304,0.29575770167462445,-381.4218830133936,0.09345894584471973,-1.7936940630678886,-0.05216372043331265,0.1803014886851316,-0.6160136622871937,4.9948621644350715e-06,0.0007242083589586752,0.00011410793668391287,0.0024790465430467906,98.2
11305,0.29646655990889637,-381.43354234337124,0.06377274652106298,-1.785112981151579,-0.050174473339630404,0.18131821889454014,-0.6158804578796135,5.0312382355582e-06,0.0007176487033286161,0.00011364169971947708,0.0024843537474648456,98.208333
11306,0.2969176745898688,-381.445268844845,0.03396576238707829,-1.7794961063713703,-0.04811579143144085,0.18216271160834066,-0.6157955259584327,5.0716461797692e-06,0.0007118389032894388,0.000113301314642413,0.0024957747923963517,98.216667
11307,0.2971110937464388,-381.457119295812,0.004089313403038288,-1.776818944358261,-0.04598280276785042,0.1828356075697349,-0.6157590723084955,5.115910312881607e-06,0.0007067573598445583,0.00011308953508826154,0.002513302857159038,98.225
11308,0.297040927971734,-381.469300240783,-0.02580415001577982,-1.777136605043798,-0.04374230922867036,0.183340117618735,-0.6157722990934976,5.1638693643755025e-06,0.000702384364156682,0.0001130104885768655,0.002536975729614716,98.233333
11309,0.2967118349226885,-381.48164561114663,-0.05566877507815038,-1.7803936631788395,-0.041431037961279504,0.1836684584575223,-0.6158342951941606,5.21537714745198e-06,0.000698703783135057,0.00011306972083893077,0.002566874432247012,98.241667
11310,0.29612196496119725,-381.49418863730483,-0.08545684512380695,-1.7866254812911542,-0.039048590661855814,0.18381830242407213,-0.6159452507628054,5.270303298787473e-06,0.0006957003183995392,0.00011327415133905296,0.002603126305756546,98.25
11311,0.29528261910272646,-381.5066829251363,-0.11512102771323082,-1.795759787654482,-0.03664781008768735,0.18378475241178724,-0.6161027637275416,5.328534306974622e-06,0.0006933614517292611,0.00011363215472119737,0.002645904408154032,98.258333
11312,0.29417901755712134,-381.5196068402137,-0.14460649919274635,-1.8080433037735097,-0.03414524000593647,0.18357444512557863,-0.6163092067767388,5.38997458015668e-06,0.0006916742159682503,0.00011415353781897392,0.0026954291567431806,98.266667
11313,0.29282717946452225,-381.5325416619955,-0.17386886232017645,-1.8233716787547152,-0.03162617086080444,0.18317956715803865,-0.6165610628060102,5.45454800133483e-06,0.0006906320686400692,0.00011484986689296526,0.0027519659160246783,98.275
11314,0.29122089080485647,-381.5457047053382,-0.20285724530804403,-1.8419287887618991,-0.02905662641614344,0.18260167663961435,-0.6168588597286372,5.522199358290692e-06,0.0006902269256104821,0.00011573426445077775,0.0028158317198694184,98.283333
11315,0.2893587453152781,-381.5594161570811,-0.2315072197531023,-1.8639477578602361,-0.026385250788487545,0.18184581450614923,-0.6172020989622636,5.592896152191513e-06,0.0006904551521661417,0.00011682178182264765,0.0028873944512164008,98.291667
11316,0.28725355349566645,-381.5731686419931,-0.2597838461229611,-1.8893543644241562,-0.023713076084517042,0.1809027592074527,-0.6175875601157623,5.666630651036635e-06,0.0006913162005739295,0.00011812967008166722,0.00296706972990881,98.3
11317,0.2848999631890187,-381.5874855687764,-0.287615023610184,-1.9185204126951316,-0.02095243918761399,0.1797794295731489,-0.6180152624898859,5.743421947090311e-06,0.0006928092607801516,0.00011967711395121817,0.0030553360662149255,98.308333
11318,0.28230652687968755,-381.6021677572292,-0.3149522750216992,-1.9515411310056832,-0.018148511246764875,0.17847250534186535,-0.6184825858927023,5.8233183697822525e-06,0.0006949379688824151,0.00012148607963259377,0.00315272146682385,98.316667
11319,0.2794754423631966,-381.61723115759054,-0.34174233880352206,-1.9886374237938127,-0.015307209056135933,0.17698044778083202,-0.6189879830256869,5.9064000980008115e-06,0.0006977069928638591,0.00012358113869161347,0.0032598166130164493,98.325
11320,0.2764156312894293,-381.6325032783864,-0.36793555038032233,-2.029959152661919,-0.012468235603274553,0.17530353291025383,-0.619528633015557,5.992781908283878e-06,0.0007011238174730647,0.00012598989372142148,0.003377276509483435,98.333333
11321,0.2731302402664813,-381.64823706322136,-0.3934602778911749,-2.075885619960325,-0.009596126246278517,0.17344477032313338,-0.6201026839843713,6.0826160707640534e-06,0.0007051972142903813,0.00012874313738112195,0.003505825914468567,98.341667
11322,0.26962197777600955,-381.6644853862572,-0.41825651791113394,-2.1267548089673145,-0.006691885153849399,0.17140289891991264,-0.6207082870325947,6.176095518716063e-06,0.0007099388169865618,0.0001318756590347106,0.00364625061743077,98.35
11323,0.2659002441277291,-381.6812864456339,-0.44225425322502115,-2.1829191154994665,-0.003759970946565473,0.1691804105692339,-0.6213423886828473,6.2734573298115455e-06,0.0007153633304881422,0.00013542649682229773,0.0037994075214126165,98.358333
11324,0.2619704732340583,-381.69869166218274,-0.4653859194875938,-2.244794226053158,-0.0008031634347745512,0.16677721985493488,-0.6220025936778365,6.3749862787379245e-06,0.0007214869455985367,0.00013943944364098004,0.003966220679959326,98.366667
11325,0.2578394352704763,-381.71674142076625,-0.48758033893244035,-2.312836407805678,0.002173069750250947,0.1641938422522879,-0.622686255356814,6.4810185169051615e-06,0.0007283284902186025,0.00014396356680413565,0.0041476872265242765,98.375
11326,0.2535154518126802,-381.73547158762904,-0.5087616244854747,-2.3875486630660814,0.0051617896290366665,0.1614317067113288,-0.6233904656570336,6.591945327525782e-06,0.0007359091580309043,0.0001490537446320524,0.0043448802643492835,98.383333
11327,0.24900781348590978,-381.7549828986489,-0.5288430843295069,-2.4695265579174497,0.00816568437834601,0.1584923470775548,-0.6241121775710528,6.708216795620649e-06,0.0007442521647455498,0.00015477122228843966,0.0045589530975765616,98.391667
11328,0.24432206866286874,-381.7755436570053,-0.5477221824486892,-2.5595494753293195,0.011211844228603848,0.15537239353120916,-0.6248489629929593,6.830345277881317e-06,0.0007533824980692736,0.00016118430444707495,0.004791141950199486,98.4
11329,0.23947623928766365,-381.7967574835365,-0.565337630368229,-2.658022867120551,0.01422300416366555,0.1520830402139744,-0.625596489526464,6.958908668593148e-06,0.0007633277725312972,0.0001683692533747629,0.00504277114402005,98.408333
11330,0.23447705487527412,-381.8189606217986,-0.5815692979943258,-2.7659081037137976,0.017235448356695732,0.14862125078467137,-0.6263522777248787,7.094552403928805e-06,0.0007741149577836401,0.00017640907360487684,0.005315328263965078,98.416667
11331,0.2293369096776023,-381.8422145612846,-0.5963076642536573,-2.8840650017262117,0.0202410925220779,0.14498975018146165,-0.6271130545538262,7.237990176397382e-06,0.0007857729788490349,0.00018539534220126332,0.005610470379135312,98.425
11332,0.22406826364096116,-381.86662264530105,-0.609430919067387,-3.0134685163184263,0.023236754594559643,0.14119039660257973,-0.6278756547431334,7.390003204662326e-06,0.0007983307856019509,0.0001954273182489014,0.005930134359518481,98.433333
11333,0.21868491973419066,-381.89229979895026,-0.6208044242976759,-3.1551890915849037,0.026219330347187545,0.1372252338363971,-0.6286368543051635,7.551436429218083e-06,0.000811816696325362,0.000206611221511072,0.006276691418147504,98.441667
11334,0.21320336202337803,-381.91934495979115,-0.6302804346075309,-3.3103637237287216,0.029182126999205697,0.13309804288524246,-0.6293932213806568,7.723190695166113e-06,0.0008262571555108588,0.0002190585944990374,0.006653202260250292,98.45
11335,0.20763753383275962,-381.94785595308406,-0.6377050163586694,-3.4802309307268655,0.03211652057956611,0.12881098579764536,-0.6301418663441599,7.906209137386522e-06,0.0008416748540561554,0.00023288333982002422,0.007063827423953841,98.458333
11336,0.20200563960450674,-381.9779986794533,-0.6428937078590763,-3.6661429135954138,0.035021539056326226,0.12436649781343405,-0.6308795278813122,8.101455686585077e-06,0.000858088005822092,0.0002481969345645421,0.007514493069940023,98.466667
11337,0.1963303501133256,-382.00994084883735,-0.6456374047175505,-3.869482033318514,0.03789484144668449,0.11976898652843807,-0.6316026310376497,8.309882912593616e-06,0.0008755073736786507,0.0002651018280966005,0.008013856023432386,98.475
11338,0.19062871101639825,-382.0438168238903,-0.6457276416693737,-4.0916782739159325,0.04072694581955273,0.11502023686592826,-0.6323086063557233,8.532385366905044e-06,0.0008939329944866524,0.00028368150950979653,0.008574749894073209,98.483333
11339,0.18492830805782137,-382.0798010486863,-0.6429102368243691,-4.334088310887408,0.04351334484571692,0.11012651628693874,-0.6329938798336366,8.769734423060927e-06,0.0009133537647140961,0.0003039862496028046,0.009216361619198333,98.491667
11340,0.17925082396267347,-382.11833166586604,-0.6368779723359528,-4.598282902186629,0.04627406904592601,0.10507785766982342,-0.6336559532091948,9.022488980603217e-06,0.0009337424185563278,0.00032601503618951615,0.00996710127104333,98.5
11341,0.17363141822832875,-382.15929053303677,-0.6273732157661666,-4.884948903412241,0.04896980765058222,0.0998960403035192,-0.6342911411539205,9.290877484169442e-06,0.0009550559292436218,0.00034969397309647134,0.010868385887280445,98.508333
11342,0.16809061820130414,-382.203040683425,-0.6140707437852466,-5.195090205203534,0.051607720465783435,0.09457218216051182,-0.6348978329036291,9.574643870563511e-06,0.0009772318687974854,0.00037484415579272745,0.011979478299358788,98.516667
11343,0.16266719329478663,-382.24944691282974,-0.5966880957835369,-5.5284382399888585,0.054150664945588206,0.08913216896912074,-0.6354727961264831,9.872855673928936e-06,0.001000195486469721,0.0004011545434249366,0.01338253252454247,98.525
11344,0.1574022366595404,-382.29889582207403,-0.5748283504598404,-5.88435056768259,0.05661297376688779,0.0835753960284307,-0.6360130793120222,1.0183673091698594e-05,0.0010238607795775537,0.00042814788802861617,0.01518691801552791,98.533333
11345,0.15233102183690272,-382.3516918100012,-0.5481257816990179,-6.261123822477257,0.05899643247432953,0.07789917441323169,-0.6365168122343973,1.0504083536395415e-05,0.0010481412071934862,0.00045516341057689054,0.01752939776829004,98.541667
11346,0.14750187939155232,-382.40810118236874,-0.5162061279561293,-6.655214344244455,0.06130278183045005,0.07210634924445945,-0.6369812838808409,1.0829626651086603e-05,0.0010729691417670185,0.00048135394522580617,0.02056744364307112,98.55
11347,0.14295375592827403,-382.4680383905162,-0.47884460637906534,-7.061180717837985,0.06350594859903701,0.06621321522579651,-0.6374051437649362,1.1154142130352096e-05,0.0010983144133013191,0.0005057129813555588,0.024458543658724432,98.558333
11348,0.138739967683881,-382.5317911923402,-0.43575988498650114,-7.471268311396453,0.06561587079167484,0.06021617503297756,-0.6377860789015767,1.146960083453954e-05,0.0011242126391357054,0.0005271470961408355,0.029322763845778626,98.566667
11349,0.13490334621395048,-382.5991558008344,-0.38692333752277486,-7.875270828794927,0.06760978997813016,0.0541329742999238,-0.6381230681213123,1.1766096979578182e-05,0.0011507795624459071,0.0005445974412873532,0.03518120776252444,98.575
11350,0.13149812137766562,-382.6701669917884,-0.3323593231099311,-8.26028096875724,0.06949148048957461,0.04796489616666326,-0.6384142977339154,1.2032097974961976e-05,0.0011782172851652855,0.0005571986350802251,0.041884826016165846,98.583333
11351,0.12858088227531886,-382.7446895542896,-0.2723137231870058,-8.610870096798958,0.0712621957822367,0.04171680839329545,-0.6386579053184664,1.22550326233473e-05,0.0012067806751934844,0.0005644364549580708,0.04904622987498767,98.591667
11352,0.12618833404726076,-382.8222081552895,-0.20739082924881322,-8.911149154670335,0.07290406529981092,0.03540529495516876,-0.6388536413200588,1.2422246335346361e-05,0.0012367042367898461,0.0005662536196866505,0.05601695125123685,98.6
11353,0.12437046981088544,-382.90238499765763,-0.1383443110745072,-9.144492918730684,0.07442343566926753,0.02903051326669921,-0.6389999172133393,1.2522295335247614e-05,0.0012680948718470932,0.0005630493862951516,0.06195537038756908,98.608333
11354,0.12315705911993134,-382.9844708821343,-0.06629628255866696,-9.296913446989496,0.07581007441673102,0.022608896658264255,-0.6390963801218293,1.2546388160629325e-05,0.0013007903282750588,0.0005555307263511702,0.06598569852183897,98.616667
11355,0.12256713331499378,-383.06769408084534,0.0074403715919476796,-9.358509427200357,0.07705809078047061,0.016151423994015177,-0.6391429377097383,1.2489696788177479e-05,0.0013342521923898577,0.0005444800113878248,0.06743282212092123,98.625
11356,0.12261893299721636,-383.1513440724171,0.08146413607282234,-9.324072306048278,0.07817099657429019,0.009660615273625033,-0.6391388585300674,1.2352230871015739e-05,0.0013675265095700782,0.0005305167005926325,0.06603118543846972,98.633333
11357,0.12330744524392756,-383.23449454364805,0.1542779156350992,-9.195427386150083,0.07914296204632815,0.0031522829466029906,-0.6390844759081213,1.2138996797337173e-05,0.001399306209812784,0.0005139761911413156,0.062013625125717876,98.641667
11358,0.12461252408598784,-383.3162828761651,0.22448416484632405,-8.980658113392442,0.0799691886454313,-0.0033590109914123003,-0.6389805619802147,1.1859391512580386e-05,0.0014281063272678614,0.000494956817407146,0.05603790253761492,98.65
11359,0.12651336748733896,-383.39607644649175,0.2909102989068493,-8.691917305302887,0.08065246151331881,-0.00987010356734291,-0.6388272647464357,1.1525983777903811e-05,0.0014524921992866385,0.00047348354038712905,0.04898032405472143,98.658333
11360,0.12897680591922012,-383.47318145927215,0.3525860867810098,-8.34478830267965,0.081195001679231,-0.016364195406340553,-0.6386251619588855,1.1152958476276358e-05,0.001471289733393537,0.00044969893751501945,0.04169852904152251,98.666667
11361,0.13196128443364427,-383.54713868388166,0.4088449048738746,-7.956079235128202,0.08159900557375473,-0.022832432305438966,-0.6383751209127686,1.0754583749369827e-05,0.0014837335894999223,0.00042397916280225047,0.03485719739575141,98.675
11362,0.13541419237259233,-383.61767046189016,0.45930788634047526,-7.5423143302049285,0.0818621470633187,-0.029268125172205037,-0.6380787399710852,1.0343981166157394e-05,0.001489518226093057,0.00039693538781081054,0.02885609883908326,98.683333
11363,0.13929170810103028,-383.684483769344,0.5038041964627606,-7.117725414803006,0.08199377366288135,-0.03565460394500955,-0.6377368446107256,9.932337408877657e-06,0.0014887644068990661,0.00036932464362575407,0.023849578753332202,98.691667
11364,0.14354721669891676,-383.7476136786959,0.5423978522730799,-6.694077665646592,0.08199587547639511,-0.04199311576641369,-0.6373505843012056,9.528541659095873e-06,0.0014819194346510143,0.00034192897810180015,0.019816853088907533,98.7
11365,0.14811463392498128,-383.80691590927273,0.5752736894960225,-6.281326203714107,0.08186989383370209,-0.04825668006204239,-0.6369231711824026,9.139174432449028e-06,0.0014696446979963486,0.00031544871721666596,0.016638405640019997,98.708333
11366,0.15296297123546077,-383.86276841280943,0.6027525998789047,-5.885265056386481,0.08161603076697387,-0.05446517747170651,-0.6364549321364553,8.76874349147169e-06,0.001452721021919267,0.0002904310485229503,0.014157518910129488,98.716667
11367,0.1580403203827349,-383.9148839462037,0.6251304118054544,-5.5107944401996125,0.08125785334540675,-0.060573346308467696,-0.6359485385333399,8.4200101383975e-06,0.0014319423831314912,0.0002672502375080336,0.012220422538526747,98.725
11368,0.1632979890183094,-383.9636161029993,0.6428196161644295,-5.160411917995589,0.08078979769639638,-0.06658539386691222,-0.635406882704117,8.094368509992374e-06,0.0014080738797970721,0.0002461120855674801,0.010694903592732381,98.733333
11369,0.16869840599872138,-384.00914334000686,0.6561989154854262,-4.83511319140343,0.08022047070741144,-0.07249291613843521,-0.6348322344251489,7.792196998922593e-06,0.0013818165292385604,0.00022708414358631193,0.009476007409704841,98.741667
11370,0.1742066347434226,-384.05174674759667,0.6656443674472277,-4.534843043433448,0.07955119031460602,-0.07829546937762966,-0.6342270415793275,7.5131553278256155e-06,0.0013537867907564437,0.00021012963115741353,0.008484866792606276,98.75
11371,0.17978949271190467,-384.0915892156958,0.671498254268185,-4.258939551312353,0.07879082284640258,-0.08398300291911183,-0.6335940136490207,7.256425422416227e-06,0.0013245142910225936,0.00019514119516659935,0.007664106645329164,98.758333
11372,0.1854155351762268,-384.1288594362071,0.6740812373316529,-4.006274328038777,0.07794592581054066,-0.08954788742127291,-0.6329361114551174,7.020896342943562e-06,0.0012944474782633434,0.00018196879708183707,0.006972778078309218,98.766667
11373,0.19105800913598095,-384.1637866973245,0.6736875521448924,-3.775400811824494,0.0770194280418338,-0.09498768775568348,-0.6322561660869253,6.805300227536013e-06,0.0012639625989262731,0.0001704415211864391,0.006381849431081801,98.775
11374,0.19669140771317428,-384.1964846454131,0.6705759352130017,-3.564802657321065,0.07602332149992486,-0.1002917151376592,-0.6315572334625467,6.608307577604064e-06,0.0012333719700837753,0.00016038304511259047,0.005870669651403421,98.783333
11375,0.20228848057313759,-384.2273907381818,0.665005220534588,-3.3728303694680517,0.07493402144982099,-0.10547306135170584,-0.630842958615262,6.428592506477806e-06,0.0012029341060756649,0.00015162167236413367,0.005424364716662965,98.791667
11376,0.2078370541465254,-384.2562672454259,0.6571532750261021,-3.1980012017592303,0.0738004176603433,-0.11050174573487258,-0.6301153665946455,6.264875194731868e-06,0.0011728640845881267,0.0001439969249163653,0.005031966620451557,98.8
11377,0.21330926778673176,-384.2835914874336,0.6472373472023275,-3.0387870971267064,0.07258880191337085,-0.11539376400597354,-0.6293787871713784,6.115945330711594e-06,0.001143333627524876,0.00013736179990368725,0.004685252581017339,98.808333
11378,0.21869346406829615,-384.3092864028647,0.6354103640216381,-2.8938196459365533,0.07132918587077067,-0.12013270235088114,-0.6286356605736647,5.980678177642551e-06,0.001114486794930924,0.00013158509675018502,0.004377802867513459,98.816667
11379,0.2239687879334403,-384.33374168449114,0.6218416151119204,-2.7617781049242236,0.06999216329278543,-0.12473131654582295,-0.6278898855900944,5.858038186499093e-06,0.0010864368660753517,0.00012655066014520823,0.004104522493629201,98.825
11380,0.22912265327380066,-384.3569323017404,0.6066588267994506,-2.6415075576700784,0.06859784796120968,-0.12917717080256044,-0.6271444063965946,5.747080415648715e-06,0.0010592760870133558,0.00012215708562881685,0.0038612294439440155,98.833333
11381,0.2341452960612292,-384.3787738227421,0.5899751530355275,-2.531955235469175,0.06717567899990864,-0.1334564551370776,-0.6264018801130362,5.646946636934483e-06,0.001033075358018212,0.00011831620752914344,0.0036444458795341418,98.841667
11382,0.23901962032850851,-384.39959120505245,0.57191564244735,-2.432138088859238,0.06569805352699244,-0.1375795060735578,-0.6256661713304631,5.556860203380943e-06,0.0010078865895082891,0.00011495179472048917,0.00345123358478368,98.85
11383,0.24373303429539728,-384.4196437418941,0.5525897936198755,-2.34117747000804,0.0641426781189518,-0.14155373782550754,-0.6249406122403601,5.476120344443377e-06,0.0009837491083044833,0.00011199838360816298,0.003279060771373584,98.858333
11384,0.24827822226538004,-384.4386371909738,0.5320747762219414,-2.258317683055369,0.06256505548197656,-0.1453539848322451,-0.624227799446584,5.404095067615228e-06,0.0009606897656047847,0.00010939984314292847,0.003125735072175677,98.866667
11385,0.252641485898567,-384.45705005461707,0.5104742110194441,-2.1828491726400165,0.06090823850491983,-0.14900104189414648,-0.6235313854752514,5.340214226137233e-06,0.0009387229739967245,0.00010710806756873357,0.0029893607856801463,98.875
11386,0.25681551203170105,-384.4748040323473,0.48786213727586647,-2.1141570395258973,0.05919477883372581,-0.1524837824015784,-0.6228540655236461,5.283963336459768e-06,0.0009178554286425484,0.00010508202467473744,0.0028682746555878202,98.883333
11387,0.26079234561620246,-384.4919040491881,0.46431141477965165,-2.0516889321244136,0.0574351122042107,-0.15579653920102704,-0.6221986490945417,5.234877166483087e-06,0.000898085114152636,0.00010328670386141487,0.002761027393392775,98.891667
11388,0.2645652773748854,-384.5082501660357,0.4398870213700907,-1.9949471481937133,0.05565638153663241,-0.1589289881638273,-0.6215677409514355,5.192534157594966e-06,0.0008794032977122146,0.00010169231040784193,0.0026663529735713345,98.9
11389,0.26812465826096177,-384.5242999912854,0.41466988559455376,-1.9435101752003505,0.053795828333944855,-0.16190026641382751,-0.6209644315619023,5.156551262706803e-06,0.0008617955533151675,0.00010027355169741398,0.002583147243869203,98.908333
11390,0.2714649687328677,-384.5397976890258,0.3887128160785725,-1.8969766529846508,0.051903570481436526,-0.16469188525377237,-0.6203910984039317,5.126579416170355e-06,0.0008452440958755127,9.900902614097762e-05,0.0025104413284197835,98.916667
11391,0.274580724775346,-384.5548729488675,0.3620793243744864,-1.855007140143514,0.04996791571236884,-0.16730694311716274,-0.6198500680488405,5.102299341501587e-06,0.00082972738127567,9.788069914180068e-05,0.00244739548313345,98.925
11392,0.2774644340059037,-384.5697844620313,0.3348344736250218,-1.817319838790623,0.04795337947745731,-0.16975286177203577,-0.6193439690453885,5.083417959492839e-06,0.0008152211693855421,9.687345418805197e-05,0.0023932807132567065,98.933333
11393,0.2801127463141658,-384.58438206924365,0.3070284621311795,-1.7836311847527488,0.04589301850692429,-0.17201894135947496,-0.6188746459032626,5.06966531549819e-06,0.0008017001155865013,9.597472332751792e-05,0.0023474653302811717,98.941667
11394,0.2825214638566964,-384.59860829419284,0.27871262753422726,-1.753695964031893,0.04380488483470232,-0.1740995318068258,-0.6184440134444367,5.060791827628674e-06,0.0007891371627973999,9.517417896453786e-05,0.002309409642085241,98.95
11395,0.28468582003951765,-384.61281234368806,0.24995008845296252,-1.7273508323237878,0.04163566994618092,-0.17600632819399822,-0.6180540074296091,5.056565995425212e-06,0.0007775046297175534,9.446347152380169e-05,0.002278655815424938,98.958333
11396,0.2866024695624845,-384.62681441947757,0.2207857437111768,-1.7043924028002753,0.039423674013092116,-0.1777281991582985,-0.6177062196766823,5.05677251399998e-06,0.0007667749870190099,9.383600704711101e-05,0.002254816899483585,98.966667
11397,0.2882669967851695,-384.64070854024845,0.1912718680771314,-1.6846798257796138,0.037159212784165875,-0.17926532350336108,-0.6174023399457572,5.061210698052876e-06,0.0007569209823523594,9.328677832902969e-05,0.0022375752410997286,98.975
11398,0.2896782827201569,-384.6544651965654,0.16145714847716539,-1.668075511912125,0.03485475031433754,-0.18061489860175875,-0.6171433524389627,5.069693214793559e-06,0.0007479164169612083,9.281221304278855e-05,0.00222667483385704,98.983333
11399,0.2908331127784294,-384.6680442399169,0.13138790111837892,-1.6544610169230536,0.03252454177967813,-0.1817729595339148,-0.616930513137666,5.082045091721724e-06,0.0007397355643545427,9.241005503134727e-05,0.0022219182690184198,98.991667
11400,0.2917303346679093,-384.68171936687503,0.10112157250676043,-1.6437969116248436,0.03012583097778638,-0.18274680547326902,-0.6167645839971788,5.098103013161973e-06,0.000732354211433904,9.207926984242448e-05,0.002223163285308616,99.0
11401,0.2923675714191096,-384.6954215069994,0.07070279945070648,-1.6360006548730326,0.027677661397973508,-0.183531019410493,-0.6166464340687331,5.117714884295931e-06,0.0007257493298165383,9.18199936096725e-05,0.0022303173079165016,99.008333
11402,0.292742815477889,-384.70909876976583,0.04017628056025119,-1.6310093941125212,0.02519631996670406,-0.18412163946996984,-0.6165767430053019,5.140739646028528e-06,0.0007198997490100045,9.163347305532059e-05,0.0022433384857706395,99.016667
11403,0.29285571112307335,-384.7226661781649,0.009585908872153196,-1.6287684109229594,0.022704525219630668,-0.18451561853455645,-0.6165557588145303,5.16704724166657e-06,0.0007147862539514695,9.152202936802507e-05,0.0022622344565091847,99.025
11404,0.29270854125573625,-384.7364652987673,-0.02100740640760048,-1.6293394191303392,0.020146452946108156,-0.18472113848280508,-0.6165831120840942,5.196518779231199e-06,0.0007103913320724912,9.148903764872015e-05,0.0022870621229355587,99.033333
11405,0.29229976155569193,-384.75038484029926,-0.051561935140638095,-1.6326983702918478,0.017549512278545794,-0.1847327315074467,-0.6166590185869195,5.229046975010684e-06,0.0007066986677607965,9.15390042644283e-05,0.0023179226418019085,99.041667
11406,0.2916302282438778,-384.76445702721446,-0.0820292080522482,-1.638872369369414,0.014915004278412143,-0.1845498193050789,-0.6167831219463108,5.26453680783078e-06,0.0007036944459251893,9.167753323187773e-05,0.0023549670971386555,99.05
11407,0.2906970868949336,-384.77855375725665,-0.11237019313211448,-1.6478632160001387,0.012273782001162256,-0.18416737649063383,-0.6169556259472355,5.302906279463574e-06,0.0007013668161969941,9.191139394566302e-05,0.0023983957812488874,99.058333
11408,0.289508691048177,-384.79296027149854,-0.14252031438871474,-1.6598040955970725,0.009581172460612965,-0.18359276025633475,-0.6171745394876071,5.344087363530855e-06,0.0006997070092505099,9.224853054630084e-05,0.002448463130137683,99.066667
11409,0.28806297853135476,-384.80755029953747,-0.17244004398537302,-1.6747334758464016,0.00686812085626741,-0.1828211849487134,-0.6174396779652667,5.388027192234643e-06,0.0006987065096269695,9.269829512432054e-05,0.0025054712376194927,99.075
11410,0.28636453318095245,-384.8223038361488,-0.20207995218189,-1.6927378193301579,0.004146302138758454,-0.1818539352668605,-0.6177495180755147,5.43468947772098e-06,0.0006983600771931023,9.327142288829732e-05,0.002569780931138969,99.083333
11411,0.28441179203297456,-384.83746043566873,-0.23138447657978922,-1.7140078984976537,0.0013804258834322137,-0.18068927339381488,-0.6181035460024442,5.4840560221557e-06,0.0006986640967035826,9.398021208419429e-05,0.002641811653928155,99.091667
11412,0.2822093600468243,-384.8528780069579,-0.26030831694028794,-1.7386363582092026,-0.0013948259213008704,-0.17932735375743117,-0.6185000140105144,5.536128566008834e-06,0.0006996182871184604,9.48387703637359e-05,0.0027220430234711043,99.1
11413,0.2797613941900534,-384.8686491637415,-0.2887958678352009,-1.7668167242065875,-0.004187070795059734,-0.17776887233827923,-0.6189371608990155,5.5909308176637016e-06,0.0007012242451431135,9.586309145791259e-05,0.002811022872314255,99.108333
11414,0.2770724981771084,-384.8847727208642,-0.3167946779256014,-1.7987372365169159,-0.006986635311662489,-0.17601466963337878,-0.6194130573994017,5.648510680126094e-06,0.0007034857413828367,9.707139381764633e-05,0.0029093675108278847,99.116667
11415,0.2741471910069148,-384.9013166413267,-0.3442481639187664,-1.8346404727061574,-0.009795667565651964,-0.174065140437548,-0.6199257088211457,5.70894278296014e-06,0.0007064088002790933,9.848436342266727e-05,0.003017767743883695,99.125
11416,0.27098802013921947,-384.91829842196,-0.3711031511425813,-1.874782517038098,-0.012606758300240085,-0.17191963132672408,-0.6204733859607862,5.772331285028994e-06,0.0007100018950215539,0.0001001255289067205,0.0031369918370362836,99.133333
11417,0.26760332056792135,-384.9357799227986,-0.39729659686319857,-1.9194729649369278,-0.015419825732062475,-0.1695805217703002,-0.6210532894096171,5.838812983453137e-06,0.0007142766101386867,0.0001020215979437301,0.003267892938436505,99.141667
11418,0.2639978488888288,-384.95375644061767,-0.4227715270788039,-1.9690319310649986,-0.01822269408006481,-0.16704886195714094,-0.6216631916200994,5.908560739584501e-06,0.0007192463365358274,0.00010420299707918896,0.003411407447571318,99.15
11419,0.26017754144223176,-384.97232635920983,-0.4474617924284212,-2.0238679052513486,-0.021019961912235888,-0.16432472558145336,-0.6223006174187747,5.981787232783745e-06,0.0007249274077401682,0.00010670430319300364,0.0035685636269589286,99.158333
11420,0.2561514545177634,-384.99150795785334,-0.4712999455327982,-2.0844021075056616,-0.023802211217195557,-0.16141137090935084,-0.62296254843958,6.058749088008604e-06,0.000731338946557772,0.00010956495231707747,0.003740479749947841,99.166667
11421,0.2519268079463234,-385.01138135946684,-0.4942141184408394,-2.1511378498777973,-0.026569248484138806,-0.15830957267437315,-0.6236462674550739,6.139751378784617e-06,0.0007385022570173806,0.00011282988981797543,0.003928364770540538,99.175
11422,0.24751173647199276,-385.03197574136965,-0.5161313348817432,-2.224612927105261,-0.02931182080845646,-0.1550218309598577,-0.624348910275934,6.225152481202024e-06,0.0007464414627010318,0.0001165504006937604,0.004133516991159396,99.183333
11423,0.24291393255699165,-385.053388680395,-0.5369705452797131,-2.3054672013823923,-0.032030371386232534,-0.1515484778904311,-0.6250676978007691,6.3153692643814215e-06,0.0007551833962032451,0.00012078491886070642,0.004357323657779786,99.191667
11424,0.2381440766027437,-385.0756531198398,-0.5566468584918149,-2.394378599785623,-0.03471457949762693,-0.14789354064818666,-0.6257994177696605,6.41088256725128e-06,0.0007647577777257319,0.0001256000674025637,0.0046012547977357385,99.2
11425,0.23321363289326388,-385.09887191994443,-0.5750636495064884,-2.492143818212872,-0.03736373609287849,-0.14405929461191952,-0.6265408075593304,6.512242825890943e-06,0.0007751964538461047,0.00013107161657525875,0.004866859586305049,99.208333
11426,0.2281346415221813,-385.1230937118718,-0.5921214202870595,-2.599614404345748,-0.03996800617643723,-0.14005025195202908,-0.6272886082868503,6.620075668544899e-06,0.0007865331087548183,0.00013728568084376246,0.005155758577820548,99.216667
11427,0.22292024978459613,-385.14843978559503,-0.6077054742788462,-2.7177807777972722,-0.04252686945995712,-0.1358688778620769,-0.6280395099660816,6.7350871920551014e-06,0.0007988029079446662,0.00014433962694278073,0.005469654606125354,99.225
11428,0.2175816415848964,-385.17496350880447,-0.6217014283956379,-2.8476939699486232,-0.04502854858539279,-0.13151925231829384,-0.6287906080389003,6.858068473794311e-06,0.0008120417821153865,0.00015234314761653102,0.005810349096719276,99.233333
11429,0.21213418267960382,-385.20280930513564,-0.6339699588587534,-2.9905714077699184,-0.04747285914293993,-0.1270041630174204,-0.6295385475862769,6.989898655845829e-06,0.0008262863205926578,0.00016141855648332657,0.006179820749788576,99.241667
11430,0.20659279986610923,-385.2320866140796,-0.6443638302330008,-3.147719567580083,-0.049852981134348835,-0.12232760480501226,-0.6302802154999688,7.131545598234955e-06,0.0008415716263436066,0.00017170117018838244,0.006580336063037199,99.25
11431,0.2009771316318673,-385.2629167107539,-0.6527133807533342,-3.3205515688990634,-0.05216304149825866,-0.11749588696576721,-0.6310120809649992,7.2840627865514385e-06,0.0008579300777677239,0.00018333825081453254,0.007014706800302178,99.258333
11432,0.1953057459095923,-385.2954377961099,-0.6588335041331387,-3.510593522810935,-0.054397283276789235,-0.11251389985046342,-0.6317310112607617,7.448580328251893e-06,0.0008753881416501662,0.00019648682116701178,0.007486719331596822,99.266667
11433,0.18959462527963486,-385.3299415891202,-0.6625066215526726,-3.7196057216530516,-0.056563827918927764,-0.10737652764958382,-0.6324344451064285,7.626287465189491e-06,0.000893964258736769,0.00021130910449074211,0.00800189933474618,99.275
11434,0.18387174948466103,-385.36643253051255,-0.6635096463860052,-3.9491009579849163,-0.0586400296773852,-0.10210119247116266,-0.633118635084612,7.818403477899985e-06,0.000913666515653792,0.00022796546611030457,0.008568740549595256,99.283333
11435,0.17816101413845054,-385.4051139182034,-0.6615818051475659,-4.200763430893434,-0.060623001758994426,-0.09669220936073411,-0.6337807041735091,8.026130955074893e-06,0.0009344856280150991,0.00024660123097372094,0.009200705081872906,99.291667
11436,0.17249080976497747,-385.4461854280802,-0.6564310874845846,-4.4761526421479525,-0.0625086748769544,-0.09115621530930296,-0.6344176247958527,8.250585523519129e-06,0.0009563921811779587,0.0002673295815600347,0.009919196375402247,99.3
11437,0.166890990874246,-385.48982494066144,-0.6477436411962402,-4.776571780490835,-0.06428983256057758,-0.08550158881142318,-0.6350266202420614,8.492695258654306e-06,0.0009793314072496788,0.0002902065426186392,0.010757861038376271,99.308333
11438,0.1613925846212685,-385.5362512163179,-0.63517617870771,-5.1029672418417205,-0.06596198128749467,-0.07973421375388726,-0.6356052114777518,8.753060678384884e-06,0.0010032197923207915,0.0003151974109338216,0.011768459828968124,99.316667
11439,0.1560361465626704,-385.5856433903688,-0.6183535996813856,-5.455482559142457,-0.06752015934572933,-0.07386628184093115,-0.6361503856517918,9.031767203738155e-06,0.0010279439656494473,0.00034213557020954324,0.01302811787493196,99.325
11440,0.15085711224287687,-385.63824320585695,-0.596892447306817,-5.833456187556155,-0.06896175230224758,-0.06790172651433583,-0.636660148691416,9.328142389048707e-06,0.0010533610633971075,0.0003706752403949748,0.014646853606891858,99.333333
11441,0.14590377997070467,-385.69419808827587,-0.5703985689420059,-6.234560075393274,-0.07028304026037074,-0.06185449459549153,-0.6371317198398582,9.640458543881382e-06,0.0010793102328486696,0.00040024617602018843,0.016773200565742018,99.341667
11442,0.14121537989823343,-385.7536871392777,-0.5385167009111957,-6.654944934889914,-0.07147964896933783,-0.055729177613284386,-0.6375636683671422,9.965589474712722e-06,0.0011056271684656753,0.00043001989174669213,0.01959253888383576,99.35
11443,0.13684601271356978,-385.8168275207241,-0.5009131980556933,-7.088112447689463,-0.07255228668371118,-0.04953657849127147,-0.6379536078464819,1.0298653137049575e-05,0.0011321759847970538,0.000458910232005115,0.023311712090131248,99.358333
11444,0.13284632636509572,-385.8836209308831,-0.45737170105416824,-7.524891197589339,-0.0734975536127833,-0.04328842169694772,-0.6382998784552002,1.06326943870158e-05,0.0011588813919393727,0.0004856246367524178,0.028119157907637506,99.366667
11445,0.12926914057348943,-385.95394007250866,-0.40782451696488864,-7.953081539753374,-0.07431294108992227,-0.03699949722458071,-0.6386009212862866,1.0958494976980975e-05,0.0011857686621762615,0.0005087900912671633,0.03411602089565418,99.375
11446,0.12617207628882596,-386.02772915846185,-0.3523417981101971,-8.357533791484519,-0.07500738968327984,-0.03067157797914191,-0.638854958870298,1.1264630308548242e-05,0.0012129888833204345,0.0005271515423149442,0.04122162286964673,99.383333
11447,0.12359641181265672,-386.1045841019752,-0.291328385734084,-8.721443922704,-0.07557428263994316,-0.024317919151645537,-0.6390615614223657,1.1537890105105567e-05,0.0012408101333280552,0.0005398115283228017,0.04907590944822963,99.391667
11448,0.1215819864872783,-386.1838507994216,-0.22548954144782626,-9.027100607938587,-0.0760095712122391,-0.017961224124096606,-0.6392201906918269,1.1764161630509586e-05,0.0012695634790697771,0.0005464427247283911,0.0569944489288505,99.4
11449,0.12017492519674619,-386.2649895038456,-0.155728333441304,-9.257098360789957,-0.07632597992376382,-0.011606353528814575,-0.639329453429483,1.1929766452808409e-05,0.0012995228606605107,0.0005473669596317549,0.06402539457302697,99.408333
11450,0.11941493961089132,-386.34747646271694,-0.0831829993628366,-9.396727738887135,-0.07653798334814525,-0.0052449102380809545,-0.6393879422522711,1.2023068158453812e-05,0.001330739583565519,0.0005434426723009909,0.06913140455661469,99.416667
11451,0.11931057050242432,-386.430167432439,-0.009374829153571696,-9.43763157474671,-0.07664294348930652,0.0010938488405179683,-0.6393959457050139,1.2036048464742042e-05,0.0013628869712378245,0.0005357889954209634,0.07146632526891648,99.425
11452,0.1198579655830616,-386.51222063515786,0.06418024413256809,-9.378213031926087,-0.07664379532547799,0.007405573651479585,-0.6393538916695501,1.1965517208301217e-05,0.0013951846506319613,0.0005254464035380229,0.07064644090983023,99.433333
11453,0.12104647554744445,-386.59274659220824,0.13598713580801375,-9.22326261156706,-0.07654771001686102,0.013680398831339676,-0.6392619239834249,1.1813629131066225e-05,0.0014264323018420683,0.0005131083098969479,0.06686538966983376,99.441667
11454,0.12285533842672246,-386.67082798724505,0.20466802711893595,-8.98348353169386,-0.07636622588233784,0.0199011698519553,-0.6391202200361145,1.1587540852910576e-05,0.001455163970298632,0.0004990514640190305,0.06081246768782781,99.45
11455,0.12523824927264532,-386.7453655973946,0.2690096235337057,-8.675117469296252,-0.07611301096915278,0.026025466959077335,-0.6389303540345941,1.1298318649598946e-05,0.0014798811107602453,0.0004832631493361858,0.05344021499040494,99.458333
11456,0.12816834597987062,-386.81678979977374,0.3284153137507323,-8.313980723211824,-0.07578505464626316,0.03212124725931668,-0.638691916061859,1.0959426469278835e-05,0.0014992968228027394,0.0004656532971709504,0.04569547470869633,99.466667
11457,0.13158880294916867,-386.8841922011221,0.38221816989815144,-7.918334078192219,-0.07539854677654166,0.03813838154285263,-0.6384066381807738,1.0585118171897497e-05,0.001512491015157241,0.0004462520852617321,0.03831850492023631,99.475
11458,0.13544799176226308,-386.94737481444946,0.4301598634575562,-7.504163485983796,-0.07496335385108617,0.04407130801787879,-0.6380758011905718,1.0189084975805918e-05,0.0015190013781587247,0.00042529486386284535,0.03176999286474454,99.483333
11459,0.13969053493993605,-387.0063062310406,0.47221562343887014,-7.085108176848915,-0.07448567479351448,0.04991652886590179,-0.6377011346018874,9.783506408854823e-06,0.001518802308251636,0.0004032091302453821,0.026247171584724265,99.491667
11460,0.14425097344341478,-387.0605009575998,0.5084442205620533,-6.672751480904038,-0.0739963054324511,0.05562491567460926,-0.6372855939173112,9.378529512452136e-06,0.0015122286831538304,0.00038053810568122596,0.021754753793843548,99.5
11461,0.149104852480487,-387.11107558802496,0.5392592764668057,-6.273111661067225,-0.07346430579541612,0.061275161286871896,-0.6368287548935472,8.982123046112231e-06,0.0014998775000272548,0.00035784394154030535,0.018185800182167557,99.508333
11462,0.15417443376784795,-387.15726055418884,0.5648592176697519,-5.893347683220626,-0.07293720675185067,0.06678088083847687,-0.6363355958153488,8.600158926039254e-06,0.0014824766765074804,0.0003356444305516734,0.015386788285891467,99.516667
11463,0.15944694609655774,-387.20024994362564,0.5857308434723699,-5.534955659160932,-0.07237373278358603,0.07222268567361596,-0.6358053469050573,8.236688298953744e-06,0.001460836305105995,0.00031435326849458753,0.013199395275412583,99.525
11464,0.16486526014161074,-387.2398343747696,0.6021928642311135,-5.2004886674255,-0.07179816974071018,0.07755714837800123,-0.6352420202043918,7.894238522412195e-06,0.0014357409145696136,0.000294274884501261,0.011483203654416546,99.533333
11465,0.17039366284602442,-387.27618999754094,0.6146030869576498,-4.89041347057236,-0.07122114010414105,0.0827764735006448,-0.6346480263209391,7.5741512206367154e-06,0.0014079417347237406,0.00027559973226110816,0.010123259101803348,99.541667
11466,0.17599668115903952,-387.3097354590905,0.623335503905741,-4.6042956627980045,-0.07063126127921672,0.08788904718759846,-0.6340262242136071,7.2768749067280765e-06,0.001378119546422336,0.00025842175680553425,0.009030578515699045,99.55
11467,0.18164378358697048,-387.3406394749086,0.6287050080703586,-4.341252747201798,-0.0700362992437278,0.0928869093205807,-0.6333793898929087,7.002216455679015e-06,0.0013468762300804678,0.00024275963642177295,0.008138513352636509,99.558333
11468,0.1873068041580145,-387.3691474577697,0.6310106654498802,-4.100025882771594,-0.06943599895226132,0.0977683130655931,-0.6327104485353547,6.749543117691804e-06,0.0013147321306734721,0.00022857665078857247,0.007398280768352324,99.566667
11469,0.19294257989650251,-387.3950629496873,0.6305026909654707,-3.8796209126418053,-0.06886688661830823,0.10249289683022957,-0.6320245807742362,6.517939632446373e-06,0.0012821300628707776,0.00021579906533357207,0.006774549198477855,99.575
11470,0.19856506286624173,-387.41953803473854,0.6274749349383846,-3.677549235306673,-0.06824601836005702,0.10714307202708925,-0.6313203273858659,6.306329830676837e-06,0.0012494521539784932,0.00020432993412864025,0.006241782607322073,99.583333
11471,0.20413608359558158,-387.44224707507095,0.6221095850723622,-3.492837490503614,-0.06761614420725644,0.11167199022413454,-0.6306028356405673,6.113551629667707e-06,0.0012169936689168709,0.0001940625921538754,0.005781499087956774,99.591667
11472,0.2096357048958215,-387.4635493733048,0.6146161142419411,-3.3239898409805515,-0.06695378823953528,0.11608943049494896,-0.6298753424636766,5.938425952370642e-06,0.0011850061737720694,0.0001848862533497591,0.005380129159775189,99.6
11473,0.2150488016881731,-387.48341227627225,0.6051496685813763,-3.169693016541535,-0.06627834919628289,0.12038141138778387,-0.6291406908602405,5.779795143814837e-06,0.0011536934234102191,0.00017669232542096713,0.0050275510980189305,99.608333
11474,0.22035825147363722,-387.50211283718636,0.5938763585480165,-3.0286576572058994,-0.06557085858359626,0.12455381902265084,-0.6284021971217819,5.6365488320876495e-06,0.001123216474810668,0.00016937734135424366,0.004716104710501201,99.616667
11475,0.22555114318489014,-387.5196884253068,0.5809276261558834,-2.899735634988465,-0.06484002377470827,0.12859906317332015,-0.6276627796387482,5.507639891943559e-06,0.0010937015841741816,0.0001628453367023977,0.004439840928968295,99.625
11476,0.23061330888129222,-387.53639255191115,0.5664385488141057,-2.7818465452361876,-0.06406502277922901,0.1325230995766381,-0.6269256842807586,5.392092164336755e-06,0.0010652439976551551,0.00015700858554886407,0.004194057861464667,99.633333
11477,0.23553421688543397,-387.55223747545244,0.5505158926881979,-2.6740412867026246,-0.06325504009047388,0.13631834062418016,-0.6261937580243216,5.289003387100065e-06,0.001037913849607701,0.00015178805635997922,0.003974948779486894,99.641667
11478,0.2403017531857404,-387.56740379502355,0.5332688181259321,-2.5754493290081277,-0.0623950871939081,0.1399872042385852,-0.6254701818788241,5.197544201525476e-06,0.001011758980820326,0.00014711309313879245,0.0037793886134342386,99.65
11479,0.24490595007872945,-387.5819038593751,0.5147880709116132,-2.4853029897660486,-0.06149226342630041,0.14352274618945177,-0.6247579015434288,5.116955232844916e-06,0.0009868097123741388,0.00014292108759960645,0.003604762471533537,99.658333
11480,0.24933886265457872,-387.5958617599471,0.4951634221766223,-2.4028896756925535,-0.060537533298099286,0.14692627102640682,-0.6240596050221937,5.0465425595272905e-06,0.0009630812824427754,0.00013915683374711497,0.0034488613225257593,99.666667
11481,0.25358960231666194,-387.60935007469715,0.47447690388227043,-2.3275998599443186,-0.05952716328296024,0.15019417673792546,-0.6233784875831861,4.985672477053588e-06,0.000940576006823511,0.00013577192001131683,0.003309798220172709,99.675
11482,0.2576519634753202,-387.6225170889462,0.4528081924471137,-2.2588603888199126,-0.058445958112443824,0.1533299862012373,-0.6227170288243665,4.933766209903784e-06,0.0009192872079348444,0.0001327240763937754,0.0031859478412049978,99.683333
11483,0.26151052281458004,-387.6355164744989,0.4302333592087416,-2.196219386211009,-0.05727402421089131,0.15633176403785073,-0.6220792380231831,4.890294330491361e-06,0.0008991994200280302,0.0001299765298763392,0.0030759042285168963,99.691667
11484,0.26517307167625104,-387.6479507804587,0.4067998018712967,-2.139157468400849,-0.05608250962638676,0.1591796874475324,-0.6214652781082078,4.854771927053966e-06,0.0008802939699817737,0.00012749742926301184,0.0029784416374734517,99.7
11485,0.26862481677799366,-387.6601152573353,0.38258245192538043,-2.087322499893214,-0.05482991434884538,0.1618809117814341,-0.6208790249068734,4.8267530638667025e-06,0.0008625415973305024,0.00012525923681625203,0.00289250981985112,99.708333
11486,0.27186172933757324,-387.67211376375496,0.35764559101740306,-2.040354529115338,-0.05350525013099651,0.16443737296632457,-0.6203225380851106,4.805827019670248e-06,0.0008459130932934327,0.00012323833962485424,0.002817187000362084,99.716667
11487,0.2748762932835117,-387.6839271295995,0.3320452640654972,-1.9979507497763263,-0.05211632983175922,0.16684215466696686,-0.6197984319655474,4.791614063846916e-06,0.0008303761028604318,0.00012141457247190719,0.002751672292968825,99.725
11488,0.27766485786485334,-387.6956486660492,0.3058411531164052,-1.9598319637533406,-0.05065290616644866,0.1690965714565778,-0.6193086026324223,4.783762063249206e-06,0.0008158975199847613,0.00011977085196529889,0.0026952719390415485,99.733333
11489,0.28022205502827513,-387.70721729236334,0.2790843320608538,-1.925751664906646,-0.0491300499559173,0.17119291857676364,-0.6188551813603071,4.781943379434966e-06,0.000802442954337031,0.00011829283658850196,0.0026473869585637135,99.741667
11490,0.2825447066581832,-387.71872341231807,0.2518313311843692,-1.8954966383267464,-0.047537529309453284,0.17313249131323188,-0.6184398405947231,4.7858523151810255e-06,0.0007899781676722103,0.00011696865402602134,0.0026075047192434427,99.75
11491,0.284623324300375,-387.7304654276945,0.22414251807106794,-1.8689402616326378,-0.04582706392149145,0.17492188584261392,-0.6180653094468247,4.795202899698152e-06,0.0007784689689285379,0.00011578864940249945,0.002575188960198743,99.758333
11492,0.2864647057601695,-387.74190572150565,0.19605272182229863,-1.845804642713948,-0.044098693170365834,0.17653857089011996,-0.6177312934640272,4.809727214482429e-06,0.0007678837180668087,0.0001147451847975841,0.0025500697895568013,99.766667
11493,0.2880615271424718,-387.7533743107809,0.16762167858846636,-1.8260118769597173,-0.042299199748470497,0.1779921530623397,-0.6174399434964276,4.829173717070012e-06,0.0007581886945182964,0.00011383246624002958,0.0025318490984163793,99.775
11494,0.28940914876042984,-387.7648364657742,0.13889546728324453,-1.8094458738191423,-0.040439346045959654,0.17927680967681253,-0.6171928365425826,4.8533063037035975e-06,0.0007493531343831344,0.00011304640176161396,0.0025202841442113688,99.783333
11495,0.2905076018495336,-387.77639303120833,0.10992822161638958,-1.796014882668396,-0.038506370046612,0.1803950800955372,-0.6169905892468363,4.8819035011885196e-06,0.0007413485388215776,0.00011238448673941237,0.0025151884407617255,99.791667
11496,0.2913474853023827,-387.78824990472816,0.08077076320518786,-1.78571138191097,-0.036466938501381406,0.18134692078272327,-0.6168354475830335,4.9147579042048995e-06,0.0007341475128086535,0.00011184571172719892,0.0025164267378543787,99.8
11497,0.29194073977230095,-387.7998835848856,0.05146017796534446,-1.7783146731629582,-0.03442274432447839,0.18211842577387866,-0.6167256005249141,4.951676049428262e-06,0.0007277267144408509,0.00011143051753739473,0.0025239119946303197,99.808333
11498,0.2922786199800087,-387.8115823264569,0.022048667235882096,-1.773869260927813,-0.03232618234546536,0.1827138393776992,-0.6166629415741051,4.9924781869716115e-06,0.0007220609630607714,0.00011114067244724419,0.002537610559928884,99.816667
11499,0.29235646975678997,-387.8237595768971,-0.007401517598972705,-1.7724604909805766,-0.030106675720130177,0.18314129763385445,-0.616648494568884,5.03699865622583e-06,0.0007171295347206437,0.0001109793212087313,0.0025575332462198326,99.825
11500,0.2921790660595461,-387.8360052165913,-0.03685555157825276,-1.7739653419698325,-0.027845369428550572,0.18338807360568374,-0.6166814108894348,5.085086359061275e-06,0.0007129148281975156,0.00011095102452309097,0.0025837319634375517,99.833333
11501,0.2917522488474113,-387.8481543241238,-0.06626848190334075,-1.7783249764750926,-0.025579017312366118,0.18345212260151283,-0.6167605250519307,5.13660534774556e-06,0.0007093999635600305,0.0001110616433729541,0.0026163093118912475,99.841667
11502,0.291065822451986,-387.86071256407774,-0.0955803084967074,-1.7857379222241074,-0.023220025535769837,0.18333882689902783,-0.6168875243035853,5.1914355981961505e-06,0.0007065688421822932,0.00011131837947610307,0.0026554154128818415,99.85
11503,0.290130809642005,-387.87322548211745,-0.12475404382815704,-1.7960833352018761,-0.02085884745971038,0.1830418479978269,-0.6170600481640284,5.24947418397794e-06,0.0007044105160060471,0.00011173000713534692,0.002701242273110631,99.858333
11504,0.2889373503285719,-387.886225600134,-0.15372729831560342,-1.8096178168287973,-0.018403709933134005,0.18256468784818702,-0.6172794755113693,5.310636388952626e-06,0.0007029135799356292,0.0001123066838473153,0.0027540344462075963,99.866667
11505,0.2874988418139734,-387.8992058587925,-0.18246384490415907,-1.8262248217138115,-0.015954886747820574,0.18190343181461838,-0.6175427886057199,5.374857247536026e-06,0.0007020718287693115,0.00011306036672883296,0.002814080237359899,99.875
11506,0.2858103465542366,-387.9124441941898,-0.21090877080917028,-1.8461133150019438,-0.013468091954651202,0.18105859810158745,-0.6178502304188199,5.442093039374985e-06,0.000701878244249573,0.00011400455040156614,0.0028817244982336744,99.883333
11507,0.2838755936437194,-387.9259886438799,-0.2390078476059181,-1.869415661281733,-0.010942051600814556,0.18003087872354942,-0.6182003452674479,5.512323113871574e-06,0.0007023300023714593,0.00011515471593178189,0.0029573633356739354,99.891667
11508,0.2816976796883414,-387.93983816129713,-0.2667099987510783,-1.8962736054393774,-0.0083846598614753,0.17881981474546513,-0.6185916940999168,5.5855519006864075e-06,0.0007034262128379768,0.00011652842926537,0.0030414469894546356,99.9
11509,0.27928108868919926,-387.9540567362052,-0.29395815632901545,-1.9268735522365983,-0.00579253973256206,0.1774263450644801,-0.6190224965512213,5.6618110998037515e-06,0.000705168244062634,0.00011814552199347784,0.003134484081301847,99.908333
11510,0.2766275297779502,-387.96867348134117,-0.3206999304732372,-1.9614266933898288,-0.003169009384966157,0.17584908799913568,-0.6194913787175655,5.741162071028326e-06,0.0007075594986694194,0.00012002838212179934,0.003237041701359869,99.916667
11511,0.27374183491615534,-387.9837008934364,-0.3468791405687902,-2.000157499959792,-0.0005208437688457261,0.1740884683058775,-0.6199963278929014,5.823698463667365e-06,0.000710606263267738,0.00012220220682167645,0.0033497512018787856,99.925
11512,0.2706302542825712,-387.9991674363088,-0.37243583756765625,-2.043324388503491,0.0021475822535795184,0.17214584381458006,-0.6205350183703014,5.909549033375368e-06,0.0007143170129925848,0.00012469531161969158,0.003473309707958502,99.933333
11513,0.2672964280979078,-388.01513381827476,-0.3973099528781673,-2.091244081931681,0.0048368811827400856,0.17002074269953954,-0.6211055178537066,5.9988806494729585e-06,0.0007187022078357115,0.00012753951186597582,0.003608481185474969,99.941667
11514,0.2637443493945879,-388.0315909016681,-0.4214443247611085,-2.1442403317305025,0.007535075686640708,0.1677130623463588,-0.6217057696602172,6.091901537679892e-06,0.0007237751062051454,0.0001307705562409246,0.003756100159871588,99.95
11515,0.2599861113939,-388.0486476537946,-0.4447600462664208,-2.2027091694006624,0.010249741724046968,0.16522693536768146,-0.6223323190222363,6.188864710064191e-06,0.0007295517844003257,0.00013442848363880275,0.003917078156105768,99.958333
11516,0.2560242927381563,-388.066303326052,-0.46719767266413104,-2.2670709774186033,0.012969004403253074,0.1625611794919735,-0.6229832907253346,6.290071500083488e-06,0.0007360491653044712,0.0001385583350693878,0.0040923907110357,99.966667
11517,0.25186810959452727,-388.08464122424465,-0.4886788456025207,-2.3378199378451647,0.015694343998860143,0.15971781992384407,-0.6236556888550124,6.395875249812805e-06,0.0007432876537170289,0.00014321046554261792,0.004283097569993926,99.975
11518,0.2475249898324931,-388.10372870844833,-0.5091256820039621,-2.415506211006593,0.018423453797484148,0.15669760148424366,-0.6243468192561384,6.506685019346343e-06,0.000751289424465864,0.00014844127642401781,0.004490333982398386,99.983333
11519,0.24300321699025543,-388.12358273285975,-0.5284599280793578,-2.500711724355152,0.021145221824453282,0.1535026303527574,-0.625053865474632,6.622969206211982e-06,0.0007600789439407445,0.0001543137448603834,0.004715320680182969,99.991667
11520,0.23831419211112312,-388.144287648019,-0.5465881871217467,-2.5941139007680714,0.023858471451636293,0.15013570592693007,-0.6257735659340476,6.745258858383469e-06,0.00076968272437425,0.00016089783729600582,0.004959380526003844,100.0
11521,0.23346947468536863,-388.1659196828355,-0.5634122894881555,-2.696458492042071,0.026559603695326513,0.14659963507373763,-0.6265027111863078,6.87415039457121e-06,0.0007801283841149689,0.0001682711314298727,0.00522395039207898,100.008333
11522,0.22847200663168843,-388.1887871800714,-0.5788162848529892,-2.8087649231496625,0.02927591871259288,0.14288499042142988,-0.627239438150856,7.010307397743015e-06,0.0007914444106258178,0.00017651909554652277,0.005510620895743458,100.016667
11523,0.22334271211122314,-388.2125262042606,-0.5927209172295521,-2.9316189289719716,0.03193846231244256,0.139012357210657,-0.627979308452001,7.15446134820025e-06,0.0008036620506287705,0.00018573568540149822,0.005821196550475393,100.025
11524,0.2180940052141054,-388.23748502920455,-0.604976063721754,-3.0662027160032492,0.034579262802320244,0.13497714366435815,-0.6287192998057713,7.307409567991426e-06,0.0008168100306486513,0.00019602100624854858,0.006157867647957861,100.033333
11525,0.21273653032565532,-388.2637361638285,-0.6154554751921326,-3.213618666903063,0.03718841548380552,0.13078118292425583,-0.6294567631082664,7.470009729877217e-06,0.00083091603300554,0.0002074823738500043,0.006523333465208981,100.041667
11526,0.20728865584346784,-388.29139929441277,-0.6240027112503267,-3.375058622809689,0.03976213651725518,0.12642938533898399,-0.6301881430956868,7.643170488112503e-06,0.0008460062205279415,0.00022023124466192593,0.0069211742480611285,100.05
11527,0.20176290446831624,-388.32086162435877,-0.6304220362703028,-3.5520578889074783,0.04232646088244995,0.12191167126209705,-0.6309108715145499,7.827835303756483e-06,0.0008621017195740868,0.00023438004157462914,0.007356333682590322,100.058333
11528,0.19618049301166643,-388.35202844496274,-0.6345525744049646,-3.745791402290989,0.04484589609588507,0.11724207122357415,-0.6316214491406728,8.024957990242736e-06,0.0008792185434031298,0.0002500379664764207,0.007835866093018517,100.066667
11529,0.19056397059532748,-388.38517714812554,-0.6361631880904013,-3.957770958883868,0.04732969496455059,0.11241997496358735,-0.6323165045131663,8.235465993224236e-06,0.0008973632766553365,0.0002673007049075525,0.008370225946498236,100.075
11530,0.18493375341636986,-388.4202321553002,-0.6350658598437564,-4.189226741016329,0.049744351661695815,0.10745965083632329,-0.6329932350316969,8.460207237464934e-06,0.000916530410935687,0.000286240966312444,0.008974924150530382,100.083333
11531,0.1793111213426024,-388.45722001640985,-0.6310433171648998,-4.441426697051608,0.052069749036530326,0.1023726623425373,-0.6336490289712229,8.699876504543365e-06,0.0009367009822546567,0.0003068906631306127,0.009673193923132739,100.091667
11532,0.1737279446404364,-388.4966605927258,-0.6237510181263511,-4.715848283430808,0.05433801890082302,0.09715074575297294,-0.6342803993326414,8.954915462443718e-06,0.0009578405928672387,0.0003292210438737903,0.010499461543415746,100.1
11533,0.16820878636328587,-388.5386070825142,-0.6129232652791836,-5.013370210391546,0.05652780212710419,0.0918043211025817,-0.6348850973913099,9.225381353539503e-06,0.0009798951226106436,0.00035312114140535576,0.011503409339216782,100.108333
11534,0.16278403960848875,-388.58338442963833,-0.5982155174469882,-5.33465706132019,0.05864437523962268,0.08633173578835873,-0.6354606056432793,9.510779555917118e-06,0.0010027943085520923,0.0003783652376652406,0.012755443022102336,100.116667
11535,0.1574910074824952,-388.6312986307454,-0.5792555546701406,-5.6795929251573485,0.06069005602056831,0.08073409692934597,-0.6360041158429899,9.809857071054594e-06,0.0010264539974229366,0.0004045840629404092,0.014351632482913655,100.125
11536,0.15236310509294188,-388.6823243360354,-0.555748073925996,-6.046903808231588,0.0626378374658362,0.07502901610261703,-0.636513676786506,1.0120358490693363e-05,0.0010507826133801007,0.0004312369875269747,0.016416806633727417,100.133333
11537,0.14744405138483294,-388.7367769905221,-0.5273100444307723,-6.434169153281608,0.06449327518214548,0.06921707162317331,-0.6369867558499098,1.0438756302253655e-05,0.0010756972301758654,0.0004575943022803391,0.019103296749291503,100.141667
11538,0.14278309781790235,-388.79493430564526,-0.4935765680478293,-6.8370545265934295,0.06625993310527548,0.06329982962349645,-0.6374207915580733,1.0759980069750294e-05,0.0011011408056773176,0.0004827473432876132,0.022578448840107405,100.15
11539,0.1384191604684072,-388.8566906387264,-0.4543522103583094,-7.249168275317714,0.06791353868590101,0.057295537722249434,-0.637814616715764,1.1077187286844071e-05,0.0011271058124906668,0.0005056526355850114,0.026995714482474037,100.158333
11540,0.13440779356032473,-388.9222894601362,-0.4093983130784956,-7.661483212523401,0.06946324312505811,0.05120197022701659,-0.6381659100699605,1.1381649971901455e-05,0.0011536632197333414,0.0005252245129502831,0.03244671556122842,100.166667
11541,0.13079574560129886,-388.99166755287007,-0.3586934386403831,-8.0624635270329,0.07089927607376566,0.0450273542976462,-0.6384734471324318,1.166283864625126e-05,0.0011809715397817907,0.0005404732225471433,0.0388886839363196,100.175
11542,0.12762637018151476,-389.06457239414016,-0.30243053765191485,-8.43829059382564,0.07220770678847419,0.038785679500659996,-0.638736432984703,1.190879920173285e-05,0.0012092711038930184,0.0005506712856836802,0.04606799954857869,100.183333
11543,0.12495532734562764,-389.1408255138365,-0.24094921022336271,-8.772656995911992,0.07339215300979077,0.0324816520770923,-0.6389530865649921,1.2106903222801303e-05,0.001238837362656328,0.0005554976922161236,0.0534670936391713,100.191667
11544,0.12282569573619677,-389.2199868623109,-0.1749085733844572,-9.048850439139912,0.07444678390452061,0.02612553428848885,-0.6391225590607913,1.2244958222240772e-05,0.0012698813729936098,0.0005550964576400922,0.06031171970641933,100.2
11545,0.12127415193641138,-389.3015260473364,-0.10522812783849018,-9.251132143238575,0.07536792025004327,0.019724045877932375,-0.6392442031707354,1.2312582887141498e-05,0.0013024216671459522,0.0005500158474281462,0.06568456603181415,100.208333
11546,0.1203435053942306,-389.3847334523535,-0.03307504251331282,-9.365570989483416,0.07616037222344009,0.013289601188146875,-0.6393164293830146,1.2302634114398602e-05,0.001336147382026524,0.0005410146455145148,0.06873486780797262,100.216667
11547,0.12003630137122877,-389.46878953083024,0.04014888443456942,-9.385100895528042,0.076811602605843,0.006831075980708273,-0.6393401495151606,1.2212346401177881e-05,0.0013703210684353245,0.0005288127413920563,0.0689233989434355,100.225
11548,0.12035668942416045,-389.5527719306198,0.11296616728994045,-9.307831802452814,0.07731873071183092,0.00036472401206880936,-0.6393154100547761,1.2043920809326604e-05,0.0014037948222795319,0.0005139020161458471,0.0662025374386721,100.233333
11549,0.12130061911178887,-389.6359371091957,0.1839691596872926,-9.137932452307854,0.07768337513975031,-0.006106642492275237,-0.6392421409922601,1.180436653559038e-05,0.001435123314723375,0.0004964882838985924,0.06103349722991844,100.241667
11550,0.12285168835930362,-389.71743257335555,0.25183406760511917,-8.885412942195716,0.07790719797974435,-0.012568107501300642,-0.6391205080833979,1.150458435188996e-05,0.0014627720131528022,0.0004766047394603472,0.05423481255753037,100.25
11551,0.12498546332677525,-389.7965941166485,0.3154724696188672,-8.564396737415125,0.07799411459301768,-0.01901249956724387,-0.6389506675988819,1.1157942441392642e-05,0.0014853571895437762,0.00045430839002373293,0.04673971797762427,100.258333
11552,0.12765123821408153,-389.8728145748082,0.37405441468039596,-8.192459624034026,0.07793897510421004,-0.025424440000966837,-0.6387343944757811,1.0778688265255648e-05,0.0015018427522862764,0.0004298471573513034,0.03936628082506749,100.266667
11553,0.13080934094492186,-389.9457154376342,0.42705233102935236,-7.786331746393435,0.07774683173260362,-0.03179714307870613,-0.6384723052126651,1.0380548170837045e-05,0.0015116579391334151,0.0004037157155609044,0.03268013295147573,100.275
11554,0.13441460448840697,-390.01493886356616,0.4741752854633117,-7.361774869522642,0.07742597289048751,-0.03811499444727478,-0.6381653223078215,9.975692816774907e-06,0.0015146952908971498,0.0003766102571551039,0.026970513111523823,100.283333
11555,0.13841900555909487,-390.0803775649411,0.5153801435931048,-6.9323185927695405,0.07698124180758681,-0.044372268719801704,-0.6378146304800633,9.57414837994791e-06,0.001511242428585463,0.0003493167685114278,0.022301263590216044,100.291667
11556,0.14275891886227893,-390.1420793651955,0.5508196347317131,-6.509298025523933,0.07640632439607413,-0.0505618072866812,-0.6374230070464876,9.183615960286752e-06,0.0015018720142016748,0.0003225901456349647,0.01859134010733638,100.3
11557,0.1473953702453903,-390.1999645681741,0.5807138072853851,-6.10046277318573,0.07571853171094743,-0.05666765473875849,-0.6369913606462392,8.80959931734694e-06,0.0014873335697800161,0.0002970614043913476,0.015689895743952235,100.308333
11558,0.152279103469027,-390.25423430118644,0.6054050581183122,-5.711395970241423,0.07491820681415573,-0.06268704171124619,-0.6365218847496478,8.455687500748743e-06,0.001468437468154674,0.0002731927899418621,0.013431464246877535,100.316667
11559,0.15737840590559804,-390.30497206364447,0.6252366671740105,-5.345304907571101,0.07402210806617623,-0.0686115397268051,-0.6360154847248268,8.12392033052333e-06,0.0014459887002939995,0.0002512719016714255,0.01166505198592636,100.325
11560,0.16263959620520546,-390.35241121867034,0.6406094375963769,-5.004286219366628,0.07302766715501187,-0.07443211810955677,-0.6354756740423837,7.815146981399808e-06,0.0014207303493318907,0.00023143146174544268,0.010266950282889955,100.333333
11561,0.16801555575082538,-390.39675740267444,0.651910820012558,-4.688980345761918,0.07193726342760705,-0.0801374940210551,-0.6349059181158831,7.529361543097732e-06,0.001393335025275001,0.000213681998063023,0.009141786771209047,100.341667
11562,0.17349227171401457,-390.4381454106404,0.659470206184836,-4.398672162031825,0.07077257746807268,-0.08572556495950134,-0.6343066154998701,7.265973903817712e-06,0.0013643929524218578,0.00019794674675462876,0.008219274849952989,100.35
11563,0.17902822488414,-390.47686019918865,0.6636388446215368,-4.132538261158137,0.0695295729618601,-0.09119163104728477,-0.6336814953797194,7.0240122340573265e-06,0.001334394762552706,0.0001840927279032886,0.007449182253271184,100.358333
11564,0.1845923360880791,-390.51311541297645,0.6647251600134751,-3.8892596270526023,0.06821217162960809,-0.09652999212082802,-0.6330336270204971,6.802289235838891e-06,0.0013037588694842814,0.00017195679197754373,0.006795812924515798,100.366667
11565,0.19016067610205636,-390.5470742747946,0.6630010807001575,-3.6672854207163414,0.06682973391198593,-0.10173489816757579,-0.6323656456798441,6.599514232498358e-06,0.001272835528376061,0.000161363704343538,0.006233913247297355,100.375
11566,0.19570928546614216,-390.57887879193856,0.65871284878309,-3.4650203430823727,0.06539206840046373,-0.10679934762549416,-0.6316805279673247,6.414370943274048e-06,0.0012419139227014247,0.00015213862511002856,0.00574548729213844,100.383333
11567,0.20121269663876204,-390.6089339806471,0.6521016555420754,-3.280798505754791,0.0638775903869719,-0.11173253235876407,-0.6309817805095898,6.245570092598779e-06,0.0012112329584790741,0.00014411515021807954,0.005317478438984211,100.391667
11568,0.20665418857107493,-390.63717874408644,0.6433491300921176,-3.1131173371744687,0.062315003574101274,-0.11651792363648393,-0.6302721051077879,6.091882348497319e-06,0.0011809911592299172,0.00013714013999856532,0.004940157529846164,100.4
11569,0.212010767182072,-390.66380214471207,0.6326394173184907,-2.960518904432305,0.06070268846593821,-0.12115217866578183,-0.6295552762812348,5.95215593325904e-06,0.0011513495057150428,0.00013107516080007166,0.00460611608872703,100.408333
11570,0.21727015052944287,-390.68895881521087,0.620129856451048,-2.821608816077818,0.059043512489393074,-0.12563569855904755,-0.628833879141777,5.825326722209323e-06,0.0011224413596417381,0.00012579741508794408,0.004309516593907599,100.416667
11571,0.22242329902175761,-390.71276543266674,0.6059592149551161,-2.6951189156399877,0.05734342165865421,-0.12996862327640887,-0.6281101827164663,5.710419592774538e-06,0.0010943718843251758,0.00012119905505141021,0.004045653864870938,100.425
11572,0.22745336673717148,-390.7352004656561,0.5902515752713147,-2.579950910628381,0.05562288189546055,-0.13413910956157055,-0.6273876847465789,5.60654670779013e-06,0.0010672214131230199,0.00011718614932835704,0.0038106489109056047,100.433333
11573,0.23234307380774996,-390.75649593885123,0.5731317068346956,-2.475065535940975,0.05386775405665103,-0.13814964223806703,-0.6266701318065081,5.512904083952586e-06,0.0010410534791859695,0.00011367748582593291,0.0036012339830977574,100.441667
11574,0.23708024868907926,-390.77698284528833,0.5547152200781941,-2.37950964005947,0.052047386424647325,-0.14200992228597625,-0.6259606730575767,5.428765746171922e-06,0.0010159176767570721,0.0001106032448489937,0.0034146103201960387,100.45
11575,0.24165608875064368,-390.79637476379855,0.5350822673637494,-2.292483267415585,0.05021673983664623,-0.1456989178614454,-0.625262038708718,5.353476804279012e-06,0.000991849569291743,0.00010790354660481001,0.0032483615046407406,100.458333
11576,0.24605883759956407,-390.81505269332735,0.5143342894964643,-2.2132226456386688,0.04833457962975907,-0.14922888842966267,-0.6245774731336873,5.286446675135625e-06,0.0009688716689312631,0.00010552706294082206,0.003100401240108873,100.466667
11577,0.2502799585214057,-390.83304988975397,0.4925514298135367,-2.141067931135758,0.04640789203350853,-0.15259556590648898,-0.6239097799351159,5.227142719858367e-06,0.0009469968474873842,0.00010342999285162999,0.002968904737048607,100.475
11578,0.2543112883894733,-390.85024263458,0.46980308333799015,-2.0754308040789553,0.044467621765159414,-0.15578818963516722,-0.6232617293406904,5.17508384403144e-06,0.0009262287848847666,0.00010157497276752484,0.0028522799508016432,100.483333
11579,0.25814368097466356,-390.86684587735107,0.4461666052591918,-2.0157836809511913,0.042492093993514814,-0.15881125204130012,-0.6226362668919319,5.129834716841434e-06,0.000906563590831507,9.993019364453873e-05,0.0027491377796350553,100.491667
11580,0.2617701345264267,-390.8830667494905,0.42171457835839166,-1.961663600676188,0.04045845797202177,-0.16166894762349832,-0.6220359935155174,5.091000492421541e-06,0.0008879916751397757,9.846864505821949e-05,0.0026582610964498293,100.5
11581,0.2651830687005488,-390.8986987495535,0.3965019875896699,-1.9126484670073955,0.038409321416001035,-0.16434792946569843,-0.6214635908761672,5.058221953381615e-06,0.0008704982170604359,9.716743681123891e-05,0.002578585657533167,100.508333
11582,0.2683770592657679,-390.9138817644411,0.37059293744589183,-1.8683729921669572,0.03633183639460551,-0.16685078956180355,-0.6209213511893422,5.031171254612813e-06,0.0008540646767925055,9.60072496884686e-05,0.002509186283335883,100.516667
11583,0.2713470234295165,-390.92887290791026,0.34405288527901123,-1.8285288855430881,0.034191720780378305,-0.16918350548295236,-0.6204114605474149,5.009548092580846e-06,0.0008386690456267582,9.497184340130781e-05,0.0024492583816576687,100.525
11584,0.27408749415358397,-390.9435549269526,0.3169327322558788,-1.7928197693860335,0.03201634896149727,-0.17133790889139128,-0.619936115298908,4.993076424432908e-06,0.0008242867774983741,9.404765442832153e-05,0.002398103838163304,100.533333
11585,0.27659341767250395,-390.95791768038174,0.28928512642789644,-1.7609896592458847,0.02981554397193902,-0.173310544317565,-0.6194973779137462,4.981501624372311e-06,0.0008108918748065947,9.322347444155985e-05,0.0023551230189933713,100.541667
11586,0.2788598730807584,-390.97207960764723,0.2611653016439543,-1.7328285070438618,0.027576586310062916,-0.1751019173472772,-0.6190972161985475,4.974588010116885e-06,0.0007984574944541173,9.249016033977197e-05,0.002319804036111383,100.55
11587,0.2808843257771029,-390.98588393556474,0.2326189028466818,-1.7081198111600815,0.02533469351001605,-0.1767061845239065,-0.6187370930627618,4.9721167723813915e-06,0.0007869565536730102,9.184039423108998e-05,0.002291713396622627,100.558333
11588,0.2826624889928322,-390.9997466192948,0.20370839721067166,-1.6867537056721986,0.023023710698138227,-0.17813125980946692,-0.6184186896434977,4.973884217723362e-06,0.0007763615852895802,9.126848955670508e-05,0.002270491669097906,100.566667
11589,0.28419200143648427,-391.0134514019894,0.17447555873056447,-1.6685545613527841,0.020688731143625388,-0.17936949702069588,-0.6181432460346141,4.979700414639011e-06,0.0007666458232878455,9.077023104451224e-05,0.0022558423949909793,100.575
11590,0.28547013285326095,-391.0270911740486,0.14497106474865443,-1.6534156615774505,0.018320122504601938,-0.18042087241000193,-0.6179119634593833,4.989388093314589e-06,0.0007577830955866619,9.034274911903541e-05,0.002247532703625134,100.583333
11591,0.28649519769547227,-391.04067051544513,0.11524248172512967,-1.6412371008838664,0.01592392801807506,-0.18128388080648664,-0.6177257447704562,5.002781798176688e-06,0.0007497483399406806,8.99844156152702e-05,0.002245386639013044,100.591667
11592,0.2872662505458251,-391.0542575269171,0.08533926460116277,-1.6319509366755418,0.013494651025972988,-0.18195844058211366,-0.6175852434851505,5.0197273129292235e-06,0.0007425176534168207,8.969476437918285e-05,0.0022492827606808686,100.6
11593,0.2877799453071243,-391.0678466989688,0.05530642209951369,-1.625494668058525,0.011039977654123885,-0.18244166260487266,-0.6174914342040433,5.040081323735551e-06,0.0007360684086640208,8.947443892594084e-05,0.002259151106084662,100.608333
11594,0.28803636097152935,-391.08149391224754,0.025192740581879994,-1.62183654622536,0.008556612314289473,-0.18273348873945197,-0.6174445474330562,5.0637113126718384e-06,0.0007303802207216638,8.932514785658313e-05,0.002274972352688603,100.616667
11595,0.28803558018889375,-391.0951710917403,-0.004956318756338123,-1.620944452912334,0.00605659523905529,-0.18283294231207295,-0.617444690264335,5.090495633841124e-06,0.0007254341507202304,8.924965296151485e-05,0.002296776048106185,100.625
11596,0.2877774674702829,-391.1089448699144,-0.0350924265755637,-1.6228254840543426,0.0035347177372109773,-0.18273967227967233,-0.6174918870897304,5.120323803683351e-06,0.0007212129749533092,8.925176107619214e-05,0.0023246410278527445,100.633333
11597,0.2872602938847987,-391.12283099346524,-0.06517041100366368,-1.6274928461979818,0.0009951708520966813,-0.18245176600485144,-0.6175863303155973,5.153096984955925e-06,0.0007177014499891298,8.933635288592046e-05,0.0023586947122012578,100.641667
11598,0.2864870597198967,-391.1368718853835,-0.09514060938270999,-1.6349845600961035,-0.001562527785316706,-0.18197017830992956,-0.6177272257143703,5.188728668350171e-06,0.0007148869037227323,8.950940661116115e-05,0.0023991148832662023,100.65
11599,0.2854548468128008,-391.1509736227977,-0.1249634993559047,-1.6453193369535457,-0.004113915475936032,-0.1812924930617872,-0.6179147354893705,5.227145526107388e-06,0.0007127580934958408,8.977807032292078e-05,0.002446129757762635,100.658333
11600,0.2841695791159776,-391.1653959977108,-0.1545782575196065,-1.6586342441644124,-0.006698593768588703,-0.18042051965837086,-0.6181472944240126,5.268288441073674e-06,0.0007113069876726419,9.015068161317473e-05,0.0025000234894193853,100.666667
11601,0.28263216852258805,-391.18002296887755,-0.1839429690738827,-1.674979548047486,-0.009287631132252868,-0.17935395576752536,-0.6184241353104614,5.312113763648505e-06,0.0007105264882192624,9.063699012881678e-05,0.0025611311578662963,100.675
11602,0.2808463321068884,-391.19491585515044,-0.21300605018590094,-1.6944776958446266,-0.011884048902356094,-0.17809351259388517,-0.6187438749835493,5.358594787454039e-06,0.0007104120461052743,9.124816653990877e-05,0.002629848367658678,100.683333
11603,0.27881452592544137,-391.21012173560786,-0.24171719201067554,-1.717269601381599,-0.014487842050468503,-0.17663889668149785,-0.61910525380412,5.407723362003377e-06,0.000710961047319397,9.199701366931413e-05,0.0027066311760732095,100.691667
11604,0.27653757279596164,-391.2256281359186,-0.27002977780706877,-1.7435000149047029,-0.01708797451824917,-0.17498955935743776,-0.619507197632726,5.459511776788049e-06,0.0007121733204895271,9.289814280253705e-05,0.0027920005253998527,100.7
11605,0.2740201524376416,-391.2414814933626,-0.2978902778727308,-1.7733595222081373,-0.01968366091336797,-0.17314654840997243,-0.6199478517930042,5.513994849183624e-06,0.0007140516918344341,9.396814851576294e-05,0.0028865487742317695,100.708333
11606,0.2712655890806404,-391.25774079858144,-0.32524500454880195,-1.807071827080322,-0.022275640388131717,-0.17110958367195003,-0.6204255143825974,5.571232255385187e-06,0.000716601108514917,9.522591053168233e-05,0.0029909413439900543,100.716667
11607,0.2682807079403051,-391.27440456177743,-0.35203872789730906,-1.8448691401617896,-0.024853998085382047,-0.16888172887676295,-0.6209378013189143,5.6313111593985605e-06,0.0007198291768881231,9.6692898340156e-05,0.003105921861611867,100.725
11608,0.2650697670771767,-391.2915314729698,-0.37821477348883226,-1.8870394810803162,-0.02741845597770518,-0.1664631571482744,-0.621482709542291,5.694349109558755e-06,0.0007237454493871626,9.839351679118109e-05,0.0032323159709475133,100.733333
11609,0.2616377914344217,-391.30916279548643,-0.40371500032466023,-1.9339018974708042,-0.029965134277856506,-0.16385479468162464,-0.6220580436450868,5.760497244845428e-06,0.000728362294403699,0.0001003555396253471,0.0033710360801535266,100.741667
11610,0.25799047476977344,-391.3273495932511,-0.42847820242835793,-1.98582128453929,-0.03249112197722168,-0.16105763852432498,-0.622661446326677,5.829943850728878e-06,0.0007336948663480703,0.00010261058361603687,0.003523085454753024,100.75
11611,0.2541368482997593,-391.34612846783364,-0.4524381731961545,-2.0432019699744943,-0.0349908432450134,-0.15807515054169924,-0.6232899809448424,5.902918263433304e-06,0.0007397611083112075,0.00010519467768098423,0.0036895607379781497,100.758333
11612,0.2500840105397057,-391.3655549942438,-0.47552734895619425,-2.106506714264943,-0.03746083063617204,-0.15490900947230354,-0.6239410209533893,5.979695135681678e-06,0.0007465810799476179,0.00010814893080405572,0.0038716508266718294,100.766667
11613,0.24583860183880102,-391.3856778674435,-0.4976761614257355,-2.1762515092353394,-0.039895587202903746,-0.15156087446158678,-0.6246120044717158,6.0605990773393985e-06,0.0007541776544941749,0.00011152025958414597,0.004070638308957294,100.775
11614,0.24140955129128655,-391.4065630424128,-0.5188075891804529,-2.2530239696313132,-0.04229167145308274,-0.14803317262424662,-0.6253000135970769,6.146009663905324e-06,0.0007625767738869875,0.00011536218495010118,0.004287899541177321,100.783333
11615,0.2368060249672834,-391.4282651525187,-0.5388409435159062,-2.3374749033759006,-0.04464298906837596,-0.14432898373723488,-0.6260021251213272,6.236366771605039e-06,0.000771806941895865,0.00011973579703967145,0.00452489778184776,100.791667
11616,0.23203755956588626,-391.4508634130722,-0.557688381363356,-2.4303455612437577,-0.046946050974697416,-0.14045064246521197,-0.6267154043144227,6.33217616090077e-06,0.0007818992216407639,0.0001247107283408789,0.004783179426119685,100.8
11617,0.2271168406015165,-391.47445613079844,-0.5752503451165215,-2.5324724271866796,-0.049199328477808994,-0.13640144824277972,-0.6274365176419086,6.434015181910601e-06,0.0007928871029626033,0.0001303662423316551,0.005064368521378604,100.808333
11618,0.22205457937121134,-391.4990837770997,-0.5914280047817788,-2.6447482774207227,-0.05139170365828559,-0.13218644046212963,-0.6281625191214857,6.5425384029604284e-06,0.0008048055054980977,0.0001367924146340796,0.005370158623144803,100.816667
11619,0.21686228774048008,-391.524866549378,-0.6061069017211889,-2.7682163807534446,-0.05352179574159795,-0.12780742358033556,-0.6288904455740693,6.6584827476570825e-06,0.0008176910257994585,0.00014409093366919828,0.005702335724122897,100.825
11620,0.2115557882381962,-391.5519000612839,-0.6191588773288864,-2.904006455720797,-0.055584320365848275,-0.12327002691840092,-0.6296168648225708,6.7826716718840175e-06,0.0008315811669583737,0.00015237608388944494,0.0060628085774435715,100.833333
11621,0.20614679853693568,-391.5803053116193,-0.6304489393551455,-3.0533835413760633,-0.057574579912039736,-0.11857630456971226,-0.6303390678186963,6.916017604074359e-06,0.0008465123280801489,0.00016177521921372363,0.006453686548955889,100.841667
11622,0.20065089640573178,-391.6103019834806,-0.6398125297818869,-3.217802876523919,-0.059498198804839954,-0.11372485771960843,-0.6310539864002402,7.059521550086573e-06,0.0008625197722185624,0.0001724284025279366,0.006877466390699539,100.85
11623,0.1950951815681507,-391.64178514920013,-0.6470873267935499,-3.3985339042385223,-0.06132535109222594,-0.1087401139277179,-0.6317573122745809,7.214268423284435e-06,0.0008796348446017798,0.00018448752204975116,0.007337328692646719,100.858333
11624,0.1894880857586369,-391.675183215427,-0.6520667370181933,-3.5974258041105007,-0.06307902543466071,-0.10360439868971832,-0.6324473715641131,7.381414901617121e-06,0.0008978795526142778,0.00019811225914049695,0.007837730489754783,100.866667
11625,0.18385798644824924,-391.710478045529,-0.6545420070947052,-3.815967105623149,-0.06473673612519076,-0.09833824140536114,-0.6331202555195643,7.56216824083141e-06,0.0009172690683498705,0.0002134659701581354,0.008385340533900689,100.875
11626,0.17822690293783508,-391.7478562921688,-0.6542724295438346,-4.055857179664838,-0.06629506662690689,-0.09294637717780495,-0.6337731832339194,7.757750997224381e-06,0.0009378024788176068,0.00023070503958524924,0.008990625260220075,100.883333
11627,0.1726181825423052,-391.78751962418994,-0.650991058908303,-4.3187720347342005,-0.06775016556324437,-0.08743325837014143,-0.6344035411888345,7.969345698540243e-06,0.0009594606869374312,0.00024996522173504796,0.009670280528629204,100.891667
11628,0.1670628854216179,-391.8296283268847,-0.6443990510129207,-4.606146891635411,-0.06909559819443538,-0.08180995338597148,-0.6350082223980555,8.198014059010885e-06,0.0009822017980554072,0.000271340970211597,0.010450881639427586,100.9
11629,0.16159166148166618,-391.87443278615274,-0.6341626898536642,-4.919205810744228,-0.07033101803131404,-0.07608074233272422,-0.6355845980078346,8.444581478777572e-06,0.0010059549127170338,0.000294856817699044,0.011374002123723434,100.908333
11630,0.15623851095311592,-391.92208364274535,-0.619937881906706,-5.258537688787987,-0.07144810980673662,-0.07025773746936245,-0.6361301208139186,8.709478466118512e-06,0.001030617824463141,0.00032043090654581446,0.012502932491998554,100.916667
11631,0.1510397605940379,-391.97281575513404,-0.6013474554456542,-5.624021689070558,-0.07244540776098882,-0.0643471208163454,-0.6366424613650827,8.99253086601826e-06,0.0010560566851877404,0.00034782971951698296,0.013930634099406453,100.925
11632,0.14603723478262468,-392.0268360401939,-0.5780007879544252,-6.014300440643861,-0.07332126628167707,-0.05835756010920794,-0.63711921942832,9.292693997631952e-06,0.0010821112328613064,0.00037662086677044804,0.0157871779422394,100.933333
11633,0.1412713231769209,-392.0843347798725,-0.5495239221943213,-6.426516310338959,-0.07407233507239522,-0.05229567340033349,-0.6375585968336781,9.607733469951912e-06,0.0011086069019357046,0.0004061303894257997,0.018243171322966163,100.941667
11634,0.13679505047964022,-392.14531865055056,-0.5155820841975334,-6.855311580971589,-0.07469371326886537,-0.04618273311248942,-0.6379580840747839,9.933870994049321e-06,0.0011353793583785178,0.00043542104753147476,0.021503256761567776,100.95
11635,0.13265289954728532,-392.209833667976,-0.47591909559454976,-7.293185566192775,-0.07518256207464995,-0.04002889720595067,-0.6383163654680701,1.0265431713392686e-05,0.0011623048806928395,0.00046330949970770985,0.025780134326979714,100.958333
11636,0.12890281691788222,-392.27820804940313,-0.4302733974742676,-7.72966203913816,-0.07555632354662281,-0.03382058457176271,-0.6386312885439785,1.0594566376631091e-05,0.0011893446689689017,0.0004884521612302299,0.03124153233765327,100.966667
11637,0.12559559837383116,-392.35009269130416,-0.37870067569440125,-8.150926158632565,-0.07580508425251242,-0.0275841976952499,-0.6389015682520891,1.091114891218153e-05,0.0012165772991767363,0.0005095046655230797,0.037922786021414974,100.975
11638,0.12275816045879336,-392.42503253880454,-0.3215278207399966,-8.541968939992133,-0.07591204131616625,-0.02134057190563794,-0.639127885989927,1.1202972932800553e-05,0.001244217646421888,0.0005253444128638515,0.04562527134678181,100.983333
11639,0.12045632864682368,-392.50287696756635,-0.2591235848479795,-8.884363426406255,-0.07589857855314487,-0.015085740554640069,-0.6393077028172978,1.1456384203173731e-05,0.0012725974087942034,0.0005353145802035551,0.05383784308730639,100.991667
11640,0.11875794893124357,-392.58320980871366,-0.1921760529626631,-9.158382535277877,-0.07578577029205108,-0.008820953394564422,-0.6394382069273398,1.1657360696117768e-05,0.0013020611284010387,0.0005393704783324269,0.06171729516873692,101.0
11641,0.11765922597324632,-392.6649241777362,-0.12194075419107292,-9.35013466803459,-0.07555068647640237,-0.0025816282634922804,-0.639521650645585,1.1792943288894416e-05,0.0013328181471775244,0.0005380907310819326,0.06820097838203129,101.008333
11642,0.11720697580977064,-392.747623057328,-0.04957095817784834,-9.446216088869853,-0.07521684784237188,0.0036539983627389755,-0.6395557729960871,1.1852904325386047e-05,0.001364796456386,0.0005325086476948688,0.07227192080513799,101.016667
11643,0.11740004321488941,-392.8301499217634,0.023370787370135097,-9.441432485544782,-0.07478206016639832,0.009858066675727572,-0.6395412220292654,1.1831231597161271e-05,0.001397479015199467,0.0005237503469649241,0.07323930016103584,101.025
11644,0.1182346573944094,-392.91154313835665,0.09535915551044767,-9.33692728472196,-0.07425473512700193,0.01601801333261708,-0.6394780451556527,1.1727046525618236e-05,0.0014298807213111372,0.0005127215904173763,0.0709708015497716,101.033333
11645,0.11968048758407727,-392.9907768910913,0.16492052048316916,-9.141608777869255,-0.07363937625385826,0.022110949709507804,-0.6393675475373194,1.1544745377601223e-05,0.0014606360955690349,0.000499917108306093,0.06591984542646925,101.041667
11646,0.12173216341588307,-393.06751643219866,0.23093599155358932,-8.866840935678407,-0.07295112666023355,0.028163768085645167,-0.6392084542324362,1.1293314446520344e-05,0.0014882104724057146,0.0004854440504560436,0.05895694777558651,101.05
11647,0.12434162827553089,-393.14084775616686,0.29234354200644586,-8.53005896448895,-0.07219925099747518,0.034145899410224737,-0.6390022209545679,1.0984985643833512e-05,0.0015111322856214214,0.00046921327382689145,0.05109281187670489,101.058333
11648,0.12746110999452107,-393.2103485212271,0.34846719764159384,-8.149223440708122,-0.0713918054676509,0.04005245091869465,-0.6387499698344218,1.0633639592711612e-05,0.001528232215490292,0.0004511607111484517,0.043227111168228985,101.066667
11649,0.13103894768029786,-393.27575960563513,0.39891778045007215,-7.741498821281377,-0.070536436134714,0.045879060429328614,-0.6384530019253849,1.0253307038864572e-05,0.0015387734150059701,0.00043139353817472757,0.03599637533601749,101.075
11650,0.13502414207854488,-393.33686037015207,0.4435319409339292,-7.321917484682666,-0.0696469561759605,0.05161513672882885,-0.6381126012169703,9.856988827912701e-06,0.0015424847684377802,0.0004102309527263529,0.029743698087483044,101.083333
11651,0.13934910900570033,-393.3935023652863,0.4823560975124722,-6.903582042814836,-0.06873332077764921,0.057240786760763766,-0.6377317113190198,9.455901895618603e-06,0.0015395107244343918,0.0003881571712451566,0.024570323147367828,101.091667
11652,0.1439901682996057,-393.44619381069174,0.5156426583255436,-6.49428838937603,-0.06779394262736303,0.0627918827205056,-0.6373097155100117,9.059147156392365e-06,0.0015303250671853173,0.00036572887040743396,0.020417204215469432,101.1
11653,0.14888495253113182,-393.4947693568872,0.543636095642135,-6.101617743200463,-0.06684724356869522,0.06823724374903492,-0.6368497760608874,8.67366274360026e-06,0.0015155927918332204,0.0003434968991791365,0.017144969705742814,101.108333
11654,0.15398486623210858,-393.5395891659402,0.5667146593701136,-5.729889677344492,-0.06588852929784465,0.07358246944150115,-0.6363543309932428,8.304417978233995e-06,0.0014960982939110441,0.000321935009177549,0.014588528510962574,101.116667
11655,0.15923480986214933,-393.5806231162067,0.5852291758828856,-5.382068512637409,-0.06493829702541948,0.07880055653821082,-0.6358270225027454,7.954705899422324e-06,0.0014726575727121627,0.00030140913323119803,0.012590910797690917,101.125
11656,0.16462639170755727,-393.61856498516556,0.5995781832064778,-5.058012459214708,-0.06397975687062957,0.08393227811107597,-0.6352672477610192,7.626473738787404e-06,0.0014460694285290388,0.00028216820507658653,0.011018755668672555,101.133333
11657,0.17010978628766665,-393.653476972079,0.610106433570525,-4.758340501680229,-0.0630239690500464,0.08895537800723481,-0.634678999750873,7.3206184054696844e-06,0.0014170523759958426,0.0002643589490403841,0.009766568765751249,101.141667
11658,0.17563106828877992,-393.68520245958655,0.6171317738313177,-4.4830355442467695,-0.062103740569832956,0.09383050123640507,-0.6340674058181511,7.037272288810289e-06,0.0013862594064303077,0.0002480404783173469,0.00875392878318042,101.15
11659,0.18120222234763053,-393.7149013592678,0.6210194751566929,-4.229625295784693,-0.0611505217247907,0.09863407172034835,-0.6334306957076292,6.776034665652874e-06,0.0013542749123578951,0.00023320438594428316,0.007921336840300209,101.158333
11660,0.186779293491917,-393.7422434289283,0.6220039937016392,-3.9974595769312464,-0.06020890063706901,0.10331964752852202,-0.6327736178086579,6.536134888014343e-06,0.0013215742355587616,0.0002197985301096982,0.007225694435551996,101.166667
11661,0.19233597342112493,-393.767629161653,0.6203596254335731,-3.7850046227592578,-0.0592586935660772,0.10789489402888418,-0.6320993685769174,6.3165818061926365e-06,0.001288570274653665,0.00020773949300763192,0.0066358475168765176,101.175
11662,0.19785273748855522,-393.7911203016217,0.6162974716350457,-3.5907784258506785,-0.05831357816165615,0.11235044956937289,-0.6314106554054535,6.116262707740409e-06,0.0012556090787271112,0.00019692712652547936,0.00612926341324455,101.183333
11663,0.2033098783989789,-393.81305732491086,0.6100338627973187,-3.413238331616056,-0.057354158564263055,0.11669320722295604,-0.6307104791894659,5.93401521049379e-06,0.0012229750019210736,0.00018725344702434955,0.0056895819718483405,101.191667
11664,0.20868920047241837,-393.83349570991015,0.6017405409786148,-3.251019487506462,-0.05639053384988084,0.12091410468482312,-0.6300019044863222,5.768677810973102e-06,0.0011908997776561433,0.00017860983311538818,0.005304731297310897,101.2
11665,0.21397423343181535,-393.85269809868106,0.59158797910913,-3.102763840171939,-0.05540677187726994,0.12501688177771123,-0.6292879957354327,5.619123231264467e-06,0.0011595699317177627,0.0001708910546462073,0.004965668713686588,101.208333
11666,0.21915217759057057,-393.8707136601417,0.5797131292493437,-2.9672579769322045,-0.05441131453023139,0.1289952833216109,-0.6285715062010604,5.484279168235977e-06,0.0011291330238158684,0.00016399825139728013,0.004665465818670324,101.216667
11667,0.22420806750718295,-393.88780248104456,0.5662565766091525,-2.843363928954356,-0.05338333161326194,0.13285338815339734,-0.6278556441078087,5.363139808046226e-06,0.0010997022653718436,0.0001578402069628873,0.004398714426723758,101.225
11668,0.2291302017204268,-393.9040019633104,0.5513306725272429,-2.7300805107144943,-0.05232928133561267,0.13658490886938754,-0.627143302332122,5.2547714679789626e-06,0.0010713633833052245,0.00015233418478372422,0.004161084467739714,101.233333
11669,0.23390837248779936,-393.91941662312024,0.5350422271900478,-2.6264812011619885,-0.05124598624863489,0.14018815711580687,-0.6264372611633815,5.158313393378023e-06,0.0010441778587225831,0.00014740582628957425,0.003949053816092725,101.241667
11670,0.23853036817161152,-393.9341506071476,0.517490801347961,-2.5317511230315795,-0.05012834375657886,0.14366019913173295,-0.6257406883155778,5.072975820266194e-06,0.0010181865716643306,0.0001429889241124357,0.003759704868592673,101.25
11671,0.24298744665939861,-393.9483417485743,0.498768976806417,-2.4451351284758345,-0.048965566379165826,0.14700168879779982,-0.6250563090440432,4.998036412613747e-06,0.0009934145279978177,0.0001390249434553733,0.0035905824897237808,101.258333
11672,0.24727053507177787,-393.9619235340789,0.4789529888571449,-2.3659850306660215,-0.04777561036575828,0.15020301336827235,-0.624386946136184,4.932835336503757e-06,0.0009698723929641972,0.00013546240708972303,0.0034395989725112285,101.266667
11673,0.25136985129710576,-393.9751496891246,0.45812999161958434,-2.293698737082374,-0.04652799513305588,0.15326966520344323,-0.6237355754430901,4.8767700581715064e-06,0.0009475595779727007,0.00013225622271559412,0.0033049674402442866,101.275
11674,0.25527572368659107,-393.98825025010376,0.4363802020399694,-2.227752477074213,-0.045192876723584796,0.1562051133013219,-0.6231051910776928,4.829290006442977e-06,0.0009264668848167977,0.00012936710193308328,0.0031851402990763626,101.283333
11675,0.2589878313770771,-394.00073873235755,0.41374715701144377,-2.16765390351472,-0.043853379002427556,0.1589859876586157,-0.6224972687123085,4.7898913312599515e-06,0.0009065784434181066,0.00012676092160026102,0.003078772405153839,101.291667
11676,0.26249321289763744,-394.0132368202196,0.39032092014395914,-2.1130074754315142,-0.04241661360209274,0.16163127816680475,-0.6219153266198669,4.758111659872438e-06,0.0008878699554131187,0.00012440811121096695,0.002984708934002067,101.3
11677,0.2657888741306706,-394.02548649274075,0.36615044936925006,-2.063423880606232,-0.04092926890846252,0.16412656123725686,-0.6213612311039786,4.7335258981415005e-06,0.0008703153746831737,0.00012228323064481227,0.002901932032418691,101.308333
11678,0.26886941848066653,-394.0375585184696,0.341296419683962,-2.0185693378914324,-0.039385509675362806,0.16647061284944284,-0.6208372003682954,4.715741824357746e-06,0.0008538842659182812,0.00012036446415110461,0.002829562933251147,101.316667
11679,0.2717294214167088,-394.0494509939757,0.3158143355051633,-1.9781480375039338,-0.037791097640247795,0.1686591702348152,-0.6203454117754471,4.70439645872185e-06,0.0008385440380263951,0.00011863323588672022,0.0027668382080788603,101.325
11680,0.2743659682078341,-394.061173633684,0.2897591313011481,-1.9418874686109953,-0.03615016868050816,0.1706900716180872,-0.6198875522474888,4.699152826573244e-06,0.0008242609727830435,0.00011707386115942931,0.0027130975607296513,101.333333
11681,0.2767729019998233,-394.0728749194769,0.2631884026404375,-1.909577028383762,-0.034442383549587494,0.17256405190680402,-0.6194658044484207,4.6996971074057e-06,0.0008110002225342425,0.00011567323892753233,0.0026677730505458306,101.341667
11682,0.2789474807631708,-394.0844161262688,0.2361484094406891,-1.880993672445946,-0.0326968613582178,0.1742736235964075,-0.6190816844745928,4.705736317969414e-06,0.0007987276814851142,0.00011442059131336385,0.002630377327544601,101.35
11683,0.28088430449419177,-394.09598503784343,0.2086956551273993,-1.8559891776895519,-0.03088596198176232,0.1758208605234202,-0.6187370968620398,4.716996274385165e-06,0.0007874094150898939,0.0001133072441210887,0.0026005001670083468,101.358333
11684,0.28257933130847224,-394.1075151156841,0.18087628915716888,-1.8344056985289732,-0.029026219294997067,0.1772000122368793,-0.6184336237080651,4.733220018611596e-06,0.0007770130299582466,0.00011232643095316243,0.0025777975252971284,101.366667
11685,0.28403240140654534,-394.11911125404805,0.15274471932421707,-1.8161154476100076,-0.02710441987214487,0.1784129286337555,-0.618172055333886,4.754166534774236e-06,0.0007675076051570618,0.00011147313989979059,0.00256198955230415,101.375
11686,0.2852410724733344,-394.1306346173158,0.12434326954982586,-1.8009862012535314,-0.025150432679894932,0.1794532147375885,-0.6179534870298565,4.779609737737285e-06,0.0007588628540552718,0.00011074397952474402,0.002552853961384611,101.383333
11687,0.28620212917194077,-394.1422427527476,0.09572475611262443,-1.7889591796473074,-0.023141252560051125,0.18032204175264088,-0.6177790514124859,4.809337826521242e-06,0.0007510502798503484,0.00011013707731038399,0.002550225308647268,101.391667
11688,0.2869139300813301,-394.1539172133622,0.06693560347451302,-1.7799597431512895,-0.02108543339795619,0.18101664575398227,-0.6176494888967348,4.84315289546586e-06,0.0007440436147355664,0.00010965200453279344,0.0025539885287425494,101.4
11689,0.2873774814188551,-394.1656577192084,0.0380245495475809,-1.7739247620687433,-0.018988585569863957,0.18153645747061925,-0.6175649446844227,4.880870778583816e-06,0.0007378185544476311,0.00010928971342723494,0.0025640788695948905,101.408333
11690,0.2875888212054655,-394.1775130071063,0.00903757082436916,-1.7708414198376785,-0.016847172236214708,0.1818787658599875,-0.6175263557070995,4.9223211048627714e-06,0.0007323522220835482,0.00010905249782849342,0.0025804796942653623,101.416667
11691,0.28754768947582643,-394.1895502626853,-0.019975352691378314,-1.7707061597137443,-0.014654645253869026,0.1820430599524259,-0.6175338681980453,4.967347651171049e-06,0.0007276247895725286,0.00010894398421925231,0.0026032216914674885,101.425
11692,0.28725407278389986,-394.2017197063891,-0.0489694578995994,-1.7735056539946383,-0.012425902718556566,0.18202700962711085,-0.6175874653713762,5.015808841782843e-06,0.0007236184819630074,0.00010896913649897101,0.002632381477458913,101.433333
11693,0.28671054978573246,-394.21406081216884,-0.07789377967632927,-1.7792568258055586,-0.010159870815695027,0.18183131655762788,-0.6176865402612625,5.0675784631126764e-06,0.000720317679692627,0.00010913425769327639,0.002668083377085582,101.441667
11694,0.28591492899282867,-394.2265953521214,-0.10670318048713569,-1.7880098196611547,-0.007858693600937596,0.18145333700276983,-0.6178312391757524,5.122546545732768e-06,0.0007177083626677032,0.00010944704625202779,0.002710497801296703,101.45
11695,0.2848716871932664,-394.23929621768985,-0.13534795703180683,-1.7997949202646577,-0.0055337959082564486,0.18089416676396952,-0.6180203800924489,5.180620495694107e-06,0.0007157795678520056,0.00010991665580053829,0.002759844042227077,101.458333
11696,0.2835802149316064,-394.252217812146,-0.16378008441161118,-1.8147047019688747,-0.00318186037849556,0.18015238632059383,-0.6182535937166296,5.241726333749856e-06,0.0007145216705090463,0.00011055376010659122,0.0028163902779956883,101.466667
11697,0.2820406401299877,-394.2653835838856,-0.1919519613294794,-1.832841279467367,-0.0008055289715793782,0.17922661219504807,-0.618530262218561,5.3058101831144234e-06,0.0007139279229353028,0.0001113706850168388,0.00288045581919517,101.475
11698,0.2802589434168823,-394.2788248148784,-0.21980864494955346,-1.8543107567016834,0.0015936354817469216,0.17811897616428954,-0.6188486109963701,5.37283993701876e-06,0.000713994305704423,0.00011238152640537518,0.002952413789525853,101.483333
11699,0.2782353996967091,-394.292590524115,-0.24730057322752552,-1.8792691794043248,0.004016893154292986,0.17682785531632064,-0.6192077897035998,5.442807069908146e-06,0.0007147180993118786,0.00011360231914770212,0.0030326903663646463,101.491667
11700,0.27597364176539296,-394.3066915660523,-0.2743757266133526,-1.907872966195416,0.006458305917164632,0.17535363479912391,-0.6196062505522486,5.5157286982678675e-06,0.0007160995708097647,0.00011505123296178907,0.00312176995067614,101.5
11701,0.2734777314092799,-394.32119241617954,-0.30097779053753604,-1.940323935084883,0.008920964691311194,0.17369656099753958,-0.6200422838505487,5.591649817102291e-06,0.0007181411752150392,0.00011674877288447875,0.003220197232309617,101.508333
11702,0.27075088669973557,-394.33605886386937,-0.32705682661297464,-1.9768174472038673,0.011390277804165974,0.1718570479200172,-0.6205142458701177,5.670645741279192e-06,0.0007208475852292893,0.00011871807553447053,0.003328578172420982,101.516667
11703,0.26779732083689956,-394.3514110061976,-0.35255085653195506,-2.0176391808360292,0.01387788239573507,0.16983455016441662,-0.6210202433308116,5.752824754393308e-06,0.0007242260653008364,0.00012098511935004247,0.003447587085213895,101.525
11704,0.2646228524912854,-394.36722170534347,-0.37740413115684196,-2.0630434220956775,0.016369554542552435,0.1676309858862619,-0.6215580446996711,5.838330976359457e-06,0.0007282863133051676,0.0001235791949482641,0.0035779635268386196,101.533333
11705,0.26123781030099297,-394.3832280711322,-0.40157177440472164,-2.113193342897408,0.01881241907794112,0.16525605350016215,-0.6221246196269583,5.927347430430804e-06,0.0007330402063673693,0.0001265331531325886,0.003720519252505306,101.541667
11706,0.2576426673373869,-394.3998589828837,-0.4249711167991367,-2.168640530290198,0.021268009971186812,0.16270152631382506,-0.6227185542145162,6.020099121954008e-06,0.0007385008479784902,0.00012988351699285927,0.00387614961646433,101.55
11707,0.2538425891028029,-394.41708176447236,-0.4475430474800526,-2.2297594029851444,0.02371963392730225,0.15996916680155007,-0.6233375949797771,6.1168564699652485e-06,0.0007446851972209883,0.0001336717403292051,0.004045813804351224,101.558333
11708,0.24984638075052093,-394.43495875582965,-0.46921397861221004,-2.297007356543349,0.026165898995934186,0.15706120299615547,-0.6239788753789146,6.217939016079371e-06,0.000751612928103462,0.00013794418637530823,0.004230554890469201,101.566667
11709,0.2456629600395411,-394.45356952263614,-0.4899056712266609,-2.3709057008439856,0.028607165279557062,0.15397925253902137,-0.6246395220910957,6.323719029992239e-06,0.0007593055457486214,0.00014275281423328844,0.004431494446316187,101.575
11710,0.2412968645425853,-394.47317846361307,-0.5095254345802044,-2.4521603336387177,0.031069905722141765,0.15071620650516274,-0.6253173584117991,6.434625116231673e-06,0.0007677864399877907,0.00014815578243785346,0.0046498357900914035,101.583333
11711,0.23676060480629724,-394.49360921625004,-0.5280037747526798,-2.5412673654306013,0.03351274855911109,0.1472825765717374,-0.6260089863559501,6.551145861140689e-06,0.0007770820121566144,0.00015421837364185608,0.004886862944239175,101.591667
11712,0.23206409130774197,-394.5149321548499,-0.5452496250861595,-2.638938078206887,0.03593170364786192,0.1436807308047413,-0.6267114750380575,6.673832941823314e-06,0.0007872195355124996,0.0001610126457617962,0.00514398160032284,101.6
11713,0.22721819527877235,-394.53697683387486,-0.5611907709519397,-2.745799482396826,0.038288093765405054,0.13992282611545706,-0.6274218176662931,6.803303322764619e-06,0.0007982276937680561,0.00016861825141102589,0.005422736249699248,101.608333
11714,0.2222312629705753,-394.5600818240827,-0.5757007474632074,-2.8629013270619517,0.040614659944908045,0.13600111963399056,-0.6281374511457349,6.940240238905467e-06,0.000810136107254088,0.00017712187095221343,0.00572489776879101,101.616667
11715,0.2171175155507976,-394.58434094214886,-0.5886596512495351,-2.991208017776176,0.04290755121879354,0.13191955064100774,-0.6288550603144426,7.085392642851436e-06,0.0008229754615740176,0.00018661843538304772,0.006052504990243898,101.625
11716,0.21189088600200096,-394.6100829559396,-0.5999103426227974,-3.131951992666423,0.04519147039744667,0.12767125364081303,-0.6295715167263366,7.239572305699932e-06,0.0008367752533991919,0.0001972098890782739,0.006408034004016115,101.633333
11717,0.2065679736302959,-394.6369516061184,-0.6093652476129947,-3.285934514923605,0.04740173699189613,0.12328140268513668,-0.6302834947530646,7.403647217130666e-06,0.0008515628948279529,0.0002090046664140788,0.006794607042611399,101.641667
11718,0.2011623120755984,-394.66531062469795,-0.6168440105373894,-3.45460141642723,0.04956517126326089,0.11874180692424584,-0.630988264361556,7.578529111193701e-06,0.0008673619857879737,0.00022211230148856025,0.007216533653027862,101.65
11719,0.19568904736521164,-394.695310276554,-0.6221755110248062,-3.6393264971975263,0.05167842257862026,0.11405420732770251,-0.6316830622287058,7.765153600915747e-06,0.0008841915032901549,0.00023664203347525698,0.007679837330313078,101.658333
11720,0.19016921089405692,-394.727281468507,-0.6251349074345667,-3.8416710230192472,0.05375717144075018,0.10921393353705582,-0.6323646067863486,7.964451104362764e-06,0.0009020635283102095,0.0002526955784532487,0.008193286079725253,101.666667
11721,0.1846225449578459,-394.7613897941028,-0.6255053489658826,-4.06311102613184,0.05579400723533693,0.10422326769934794,-0.6330300560816154,8.177304204054162e-06,0.0009209792787701017,0.00027035899683152173,0.008769781803156391,101.675
11722,0.17907191766919708,-394.797468988768,-0.6231022889154629,-4.3047828974004645,0.0577472744610466,0.09910538929885447,-0.6336764843200694,8.404487438239092e-06,0.0009409272471475041,0.00028968882830307085,0.009428549370678701,101.683333
11723,0.17354388761517345,-394.8357179560867,-0.617661459537451,-4.568020182178978,0.0596158258375287,0.09386620106527374,-0.6343008767795321,8.646583476875873e-06,0.0009618803113142309,0.00031069244420904395,0.010198287245350001,101.691667
11724,0.16806247258598797,-394.8763313195458,-0.608907260364196,-4.854011173338856,0.06139523442743828,0.08851005320892522,-0.6349008649754332,8.903870513721026e-06,0.0009837930358457822,0.000333308027601365,0.01112102652817536,101.7
11725,0.1626612903286292,-394.91979516126617,-0.5964683900730621,-5.163773102366526,0.06310699940242778,0.08302747896772747,-0.6354734117480334,9.176176865333123e-06,0.0010066024253733074,0.0003573777520076348,0.01225714087333714,101.708333
11726,0.15736534835851113,-394.9660894905335,-0.580074760273085,-5.497474848547627,0.0647224855297469,0.07743474282906293,-0.6360168025656623,9.46269782740506e-06,0.0010302270678006463,0.0003826199104961415,0.013690432211304926,101.716667
11727,0.15221824871532286,-395.0155040271171,-0.5593447479136661,-5.854475624471326,0.06624648692131042,0.07173729572157297,-0.6365278281812511,9.761774554810285e-06,0.0010545764798603695,0.0004085956550837069,0.01553341709750769,101.725
11728,0.1472544371943796,-395.0682698127741,-0.5339319284366976,-6.233165950484337,0.06767393365674054,0.0659377361651193,-0.6370046831294431,1.0070637971906145e-05,0.0010795565305543578,0.0004346877169722643,0.01792818100460878,101.733333
11729,0.142519558294518,-395.12466079399303,-0.503466842001381,-6.630236879302434,0.06900643376233134,0.06003831846708109,-0.6374449192605196,1.0385136915002717e-05,0.0011050906138505487,0.00046009470147875483,0.021040673581609354,101.741667
11730,0.1380527510494878,-395.18466364192125,-0.46769979570124487,-7.040456089340888,0.07022551514174676,0.05405485538643472,-0.6378471308301292,1.0699483940553479e-05,0.001131139944095613,0.00048385374545555955,0.02504072275610258,101.75
11731,0.1339055163677293,-395.2485417375597,-0.4263492618892572,-7.45620488933956,0.07133729160232997,0.04798493953367275,-0.6382091734539656,1.1006074461989837e-05,0.0011577331865079462,0.0005049056175665327,0.030064067180577626,101.758333
11732,0.13013051298940387,-395.3162111380653,-0.37931468018689307,-7.866899627525048,0.07233270861756512,0.041844720026898825,-0.6385291781476528,1.1295454370961758e-05,0.0011849847597651638,0.0005222082804699747,0.03614883398988896,101.766667
11733,0.12677388684132684,-395.3876177679804,-0.3266432350027653,-8.25970050249191,0.07320633719705423,0.035639075265193824,-0.638806074786733,1.1556525352588437e-05,0.0012131008971744757,0.0005348887865981776,0.0431567175257991,101.775
11734,0.1238758494408366,-395.4624836795697,-0.26862530009190344,-8.619778001660693,0.07394615899295924,0.029380011630559966,-0.6390393518108068,1.17770836959453e-05,0.0012423557916753096,0.0005424067957900857,0.05069939244277033,101.783333
11735,0.12149237620388888,-395.54054077829807,-0.20572052481785982,-8.929920170584808,0.07455673091577783,0.023074011768335997,-0.6392271869469157,1.194474436912763e-05,0.0012730218755971914,0.0005446659135715287,0.05811077747079369,101.791667
11736,0.11966321569460382,-395.6212636170268,-0.13871863180354163,-9.173432063923164,0.0750331837286055,0.016732457873981255,-0.63936887543033,1.2048185766721481e-05,0.0013052448896483486,0.0005420116187197857,0.0645012093149712,101.8
11737,0.11842231539839164,-395.7040463081748,-0.06865722837066708,-9.335429986201518,0.07537374890021609,0.010362729405152041,-0.6394637788741461,1.207856317223279e-05,0.0013389046605714557,0.0005351078558646623,0.0689286606364316,101.808333
11738,0.11779822770224119,-395.788141386806,0.0031982407278494437,-9.404586129351289,0.07557926708238788,0.003974059457328416,-0.6395111366619965,1.203083085507845e-05,0.0013734886009367057,0.0005247057443718195,0.07064508893661735,101.816667
11739,0.11779905811619387,-395.87266589839527,0.07540995932625597,-9.3758331900183,0.0756454801791509,-0.0024208417988094274,-0.6395110738129958,1.1904634829967455e-05,0.0014080374371048681,0.0005114105653882613,0.06933024766453726,101.825
11740,0.11841609930026321,-395.95673201993964,0.146513614566057,-9.250954725610848,0.07556700460562212,-0.008809719694576395,-0.639464251799768,1.1704532534516532e-05,0.0014412102187824545,0.0004955569576864305,0.06520361621883596,101.833333
11741,0.11964323129769547,-396.03954931885835,0.21515045302815772,-9.036930104217202,0.07534842703763041,-0.015185649609847252,-0.6393704116276275,1.1439459419310148e-05,0.001471460223722324,0.00047724023063630826,0.05895156983567923,101.841667
11742,0.12146417227814636,-396.1203054530668,0.2801037290120049,-8.745960042726221,0.07499677415603816,-0.021535696094442152,-0.639229387885066,1.1121538528986681e-05,0.001497267686265703,0.00045648155548002397,0.05150962726380738,101.85
11743,0.12383445669067812,-396.1983663425792,0.3404198902500883,-8.394868038066825,0.07450805548140213,-0.02784888540685656,-0.6390426448414661,1.07645377652863e-05,0.0015173729995428327,0.0004334233514738233,0.04380488433709432,101.858333
11744,0.12670709278849718,-396.27330885833425,0.3954492504744967,-8.001256064467281,0.0738801080326886,-0.034118832629373576,-0.6388115117725158,1.0382364498431626e-05,0.0015309480878719225,0.00040844005106008643,0.03655800014203447,101.866667
11745,0.1300440207768789,-396.3447104428986,0.4447797835352709,-7.581480537389348,0.07312396596133772,-0.04033187051139829,-0.6385364034251587,9.98785136375352e-06,0.0015376516998311563,0.00038213755197045486,0.030203012317275197,101.875
11746,0.13379459176979747,-396.4123957874135,0.48826888562153836,-7.150579582481281,0.07224225782558522,-0.04648066200329473,-0.6382187061815073,9.591950234485788e-06,0.0015375856770717881,0.00035526879249584597,0.024909382640171743,101.883333
11747,0.13790933504822542,-396.47624447099815,0.5259586998440657,-6.720922864675886,0.07124206548698625,-0.05255390720833578,-0.6378598338336453,9.20336801343736e-06,0.001531203758058141,0.0003286108113824269,0.02065487873831521,101.891667
11748,0.1423508434368142,-396.53623446328174,0.5580259819040644,-6.301668883812185,0.0701373411927899,-0.05854552127597035,-0.6374603422840758,8.828553724057025e-06,0.0015191896279288563,0.00030285636462743914,0.01731042413288479,101.9
11749,0.14705795930071933,-396.5924832481045,0.5847816046382743,-5.900160873942143,0.0689260922060751,-0.06444458336250454,-0.6370232351841123,8.471908323904599e-06,0.0015023362387119826,0.0002785476095749007,0.01470785588538065,101.908333
11750,0.15198622509969062,-396.6451069889921,0.6065735101597921,-5.520811676829905,0.06761737434111181,-0.070241767448647,-0.6365504673385325,8.136131156032678e-06,0.001481472137077228,0.0002560505195431017,0.012681306751139291,101.916667
11751,0.15708491025751362,-396.69432852027273,0.6237942351691222,-5.166272809248296,0.0662117243764824,-0.07592876084932966,-0.6360450797757798,7.822584578721226e-06,0.001457389894425447,0.00023556478734492524,0.011088919820674097,101.925
11752,0.16233514613017877,-396.7403051807614,0.6367951630429287,-4.837163661122525,0.0647279232371908,-0.0815056110641473,-0.6355073909833467,7.531641694034893e-06,0.0014308162052022858,0.00021715244522940965,0.009818693710520798,101.933333
11753,0.16767967587572008,-396.7833890632327,0.6459786414666037,-4.533812310045585,0.06315223761902936,-0.08696491778105908,-0.6349420529741618,7.262970182733859e-06,0.0014023775800891462,0.0002007727900816176,0.008787079395868307,101.941667
11754,0.17309767008752422,-396.8236379450876,0.6516594492676582,-4.255328474707256,0.061508656977243684,-0.09229695157178966,-0.6343504319565098,7.0157806439084776e-06,0.0013726252268629858,0.00018631661133229415,0.00793330035069708,101.95
11755,0.1785714889328361,-396.86112063292785,0.654130324538078,-4.0004442973455445,0.05982182088518511,-0.09749526357741549,-0.6337338053173045,6.788997991059233e-06,0.0013420179991468187,0.00017363299877398296,0.007214327855074751,101.958333
11756,0.18405061340178142,-396.8963178269661,0.6537253490645921,-3.767835376823861,0.05806375792093991,-0.1025601569872679,-0.6330975650646948,6.581393301820308e-06,0.0013109325296776337,0.00016255109582344232,0.006599853764497828,101.966667
11757,0.18953036386781655,-396.92918549298105,0.650667297692193,-3.555782053440945,0.05627030300321945,-0.10748476720564648,-0.6324422428132659,6.39168443920148e-06,0.0012796954282397225,0.00015289664289680013,0.006068239929534982,101.975
11758,0.1949791764083835,-396.95997527004613,0.645202684118249,-3.362711769590308,0.05443748586217959,-0.1122652124393241,-0.6317717901940213,6.218589978421659e-06,0.0012485658055093902,0.00014449994212819517,0.005604056479869456,101.983333
11759,0.20037610026324212,-396.9889034458707,0.6375429900955817,-3.1870026153931335,0.052565080788654364,-0.11690083765585794,-0.6310892322905225,6.060875062459774e-06,0.0012177625763339856,0.00013720295665964788,0.005195935811799652,101.991667
11760,0.2057002399905317,-397.0163125557825,0.62788552670246,-3.0270836935093683,0.05063433352382215,-0.12139689003015919,-0.6303978680449387,5.917373890570761e-06,0.0011874661283154773,0.00013086198929138578,0.004835309365398151,102.0
11761,0.21093714921366347,-397.0421769583784,0.6163835096266425,-2.881563374280945,0.04866887366606645,-0.12574284026710347,-0.6297003982320785,5.787002666732283e-06,0.0011578253179411369,0.0001253488547894661,0.004515519562936943,102.008333
11762,0.21607073569438906,-397.06661020355307,0.6031845839588288,-2.7491313345273993,0.04667457910312235,-0.12993493692131955,-0.6289999272724911,5.668764195423028e-06,0.0011289598238809807,0.00012055038962011199,0.004231273174994567,102.016667
11763,0.22108682656353026,-397.08972693574464,0.5884216912328214,-2.628584469350457,0.044655867950696676,-0.13397064543988882,-0.6282994765985322,5.561748408374843e-06,0.001100966039444787,0.00011636782300457136,0.0039782404996160925,102.025
11764,0.22597210213791222,-397.1116723717083,0.5722167125404429,-2.5188268369384037,0.04261128872050716,-0.13784918673226912,-0.6276020972454041,5.465129117326913e-06,0.001073920049469242,0.00011271555718843303,0.003752806348421364,102.033333
11765,0.2307135362394248,-397.1325593812858,0.5546793643465657,-2.418876664707426,0.04054174348205029,-0.14156824502306753,-0.6269109280531999,5.378158938198502e-06,0.0010478805673296715,0.00010951981187184137,0.0035519018706473503,102.041667
11766,0.23530045405545894,-397.1524602433304,0.5359078022098909,-2.3278521464850863,0.03845267975489306,-0.14512513794847498,-0.6262288706464305,5.300163220593203e-06,0.0010228916234969565,0.00010671723337550027,0.0033728913615756473,102.05
11767,0.23972329949174181,-397.17151518761216,0.51599491395875,-2.2449578323633066,0.03633841228427185,-0.14852038335816894,-0.6255587328107577,5.230533445720855e-06,0.0009989838897582113,0.00010425355686363476,0.003213494955730325,102.058333
11768,0.24397123479596147,-397.1897509627603,0.4950228806880945,-2.169494534700693,0.034208198700031764,-0.15174924152542033,-0.6249035761732836,5.168720704835575e-06,0.0009761764141126617,0.00010208241368095436,0.0030717287370049876,102.066667
11769,0.24803557056264203,-397.2072916752532,0.47307142878363556,-2.1008309720760963,0.0320560028850611,-0.15481169802443578,-0.6242661800144422,5.114229508853728e-06,0.0009544791795195862,0.00010016426111775113,0.0029458609002918986,102.075
11770,0.2519091054413554,-397.2242626630717,0.45021511521886937,-2.0384074358990776,0.029874034756308752,-0.15770809596096538,-0.6236491090282626,5.066611808866394e-06,0.0009338938231521748,9.846543007589955e-05,0.0028343769466180257,102.083333
11771,0.2555831730198396,-397.2406193859305,0.42651853761985997,-1.9817288605709855,0.02767995564615876,-0.16043251458958613,-0.6230551668944645,5.025461538661356e-06,0.0009144146449036756,9.695730025402574e-05,0.0027359523828649444,102.091667
11772,0.25905024450883135,-397.25650636648965,0.40204918993168515,-1.9303563398828951,0.025461041987670508,-0.16298532160923584,-0.6224869741262351,4.990409750805694e-06,0.0008960306969166515,9.561560923084067e-05,0.0026494303113788727,102.1
11773,0.2623048296904129,-397.2719282913292,0.3768667917437681,-1.8838970322507613,0.023226232003410258,-0.16536395838778992,-0.6219467952238722,4.961120161875395e-06,0.0008787265206020697,9.441984491712076e-05,0.002573800063100461,102.108333
11774,0.26534014340686246,-397.28679877466595,0.35102539587414583,-1.8419963615380572,0.020999363508286486,-0.16756343306439872,-0.621437072685497,4.937285193962853e-06,0.0008624825510210708,9.335273264822172e-05,0.0025081828516678463,102.116667
11775,0.26815197982310923,-397.30151386119076,0.3245928374245265,-1.8043747842282347,0.018723144411091658,-0.16959044895147854,-0.6209597701653444,4.9186225551649186e-06,0.0008472767077541725,9.239981517173709e-05,0.0024518173862296258,102.125
11776,0.2707342159022679,-397.315784318074,0.2976124377111188,-1.7707368457300903,0.016454328111494443,-0.17143592153769005,-0.6205171170636007,4.9048722115791515e-06,0.0008330843357847653,9.154906990846078e-05,0.002404043762820548,102.133333
11777,0.2730859242069284,-397.3299673507412,0.2701479246779473,-1.7408795322144492,0.014140038692992494,-0.1731059984910928,-0.6201103815194215,4.895793843515208e-06,0.0008198798423843737,9.07906339988546e-05,0.0023642985855359777,102.141667
11778,0.2752004854857269,-397.34396157426204,0.24224530785169407,-1.7145858976641335,0.01180467776720986,-0.17459480690254914,-0.6197417330319736,4.891164588128919e-06,0.000807635601102987,9.011652452357043e-05,0.002332101036734344,102.15
11779,0.2770737209844231,-397.35775809609345,0.21395299682462857,-1.6916738069926116,0.00945713929322484,-0.1758999896562368,-0.6194128419974229,4.890777295168507e-06,0.0007963246974214664,8.952045570773009e-05,0.0023070478481278605,102.158333
11780,0.2787037262948759,-397.37144251857774,0.1853222367251993,-1.6719992964486678,0.007089633278504787,-0.17702153474959414,-0.6191248872488285,4.894438956937925e-06,0.0007859205437711996,8.899765242820619e-05,0.0022888064892693434,102.166667
11781,0.28008740627130607,-397.385023093249,0.15640036860335965,-1.6554314504240455,0.004707648975359309,-0.17795769042370566,-0.6188791571350464,4.901969480563865e-06,0.0007763966499370695,8.854470756001698e-05,0.0022771090598672746,102.175
11782,0.2812217802553584,-397.398529417559,0.127234639093894,-1.6418644570512426,0.0023128219415990492,-0.17870690712835086,-0.6186768177936567,4.91320077139436e-06,0.0007677275057332462,8.815947183324475e-05,0.0022717482404911323,102.183333
11783,0.2821059687081988,-397.4119997737029,0.09787299525954293,-1.631214741898589,-9.485016426488707e-05,-0.17926880462733844,-0.6185185521606701,4.927976048651165e-06,0.0007598889074997393,8.784096384509839e-05,0.0022725735372122924,102.191667
11784,0.28273896236394663,-397.42547207174294,0.06836274556193245,-1.623418773604741,-0.00251541238208632,-0.17964270217233896,-0.6184049522220602,4.946149395613183e-06,0.0007528576568306756,8.758930524431061e-05,0.0022794883863510662,102.2
11785,0.2831175090432484,-397.43895749787004,0.03874844967773815,-1.6184266236278464,-0.004944101993470963,-0.17982644126519107,-0.6183368981011687,4.967585550492345e-06,0.0007466119519060867,8.740567745259137e-05,0.0022924480050648525,102.208333
11786,0.28324320534303177,-397.452501252525,0.009078520237765043,-1.6162137543286188,-0.007382287338507493,-0.1798206446079716,-0.6183142811567798,4.992159904984013e-06,0.0007411322978301893,8.729228862294103e-05,0.002311458531722141,102.216667
11787,0.28311477828949705,-397.46614275670186,-0.020601037238979155,-1.6167727760114188,-0.009830209121941293,-0.17962391990266768,-0.6183373893461555,5.019758678980612e-06,0.0007364003002262732,8.725237353024794e-05,0.0023365755652364852,102.225
11788,0.2827337783275095,-397.47986529255866,-0.05024448498338865,-1.6201007703361565,-0.012278000723630708,-0.17923706795378055,-0.6184058835793548,5.050279324255851e-06,0.0007323997653711048,8.729020039819106e-05,0.0023679044487489313,102.233333
11789,0.2820991318675232,-397.4937363633844,-0.07980517929188272,-1.626232906663512,-0.01473069659090974,-0.1786583436355734,-0.6185197777786414,5.0836310828421615e-06,0.0007291160910734539,8.741109446196858e-05,0.0024056010037009847,102.241667
11790,0.2812108589077059,-397.507749425929,-0.10923839922307699,-1.6352038870960866,-0.017179896883524965,-0.17788744704231194,-0.6186787696404655,5.1197357490129124e-06,0.0007265371917315573,8.762148983768412e-05,0.0024498722806991784,102.25
11791,0.2800725730464017,-397.5219374409191,-0.13849512086808088,-1.6470775107237319,-0.0196243038523726,-0.17692574679382028,-0.6188817976768737,5.15852860510397e-06,0.0007246533161237847,8.792897990904113e-05,0.0025009791037508785,102.258333
11792,0.2786840024122793,-397.5363590829185,-0.16752839750243317,-1.6619441702921702,-0.022066667650536106,-0.1757715053741216,-0.6191283814794117,5.199959536631582e-06,0.0007234562356190913,8.834242268608596e-05,0.0025592368328002037,102.266667
11793,0.2770498870093151,-397.55102270231083,-0.19628875508798518,-1.6799008730385205,-0.024500885778367294,-0.17442691733875668,-0.6194170402723629,5.243994365715491e-06,0.0007229404924781822,8.887204475158555e-05,0.0026250190000313618,102.275
11794,0.2751705741610003,-397.5659815502632,-0.2247284938334956,-1.7010790728935223,-0.026928077286480973,-0.1728903935292316,-0.6197469670397434,5.290616367151214e-06,0.0007231021938514288,8.952958294145826e-05,0.0026987595050781644,102.283333
11795,0.27304982460590804,-397.58122987250823,-0.2527988840703825,-1.7256149865355983,-0.02933901759567524,-0.17116388022119797,-0.6201166509860415,5.33982800219433e-06,0.0007239403777539663,9.03284432149662e-05,0.0027809574659438613,102.291667
11796,0.2706914487634463,-397.59682257209244,-0.2804480235885785,-1.7536893645924154,-0.031734639322780006,-0.16924772543628647,-0.6205244820131568,5.391652860200965e-06,0.0007254562303361256,9.128388776308598e-05,0.0028721811065506473,102.3
11797,0.26809900238845596,-397.61279512659803,-0.30762435519999676,-1.7855035810573656,-0.034111996993930756,-0.1671425241955686,-0.6209688083491955,5.4461378424056315e-06,0.0007276532553212576,9.241329531225936e-05,0.00297307107710183,102.308333
11798,0.26527530720252035,-397.62919887572565,-0.3342753399113671,-1.8212945428600555,-0.03647014107460444,-0.16484780634093846,-0.6214480205379843,5.503355615762139e-06,0.000730537519029283,9.373642846305473e-05,0.0030843457235552965,102.316667
11799,0.2622266277295398,-397.6460220229322,-0.36034705001592854,-1.8613076148052166,-0.03879761012786525,-0.162367486192144,-0.6219598520419225,5.563407341684534e-06,0.000734118001632555,9.527575982769741e-05,0.0032068062642683385,102.325
11800,0.2589591854603531,-397.6633348917597,-0.3857802613695551,-1.9058551254096756,-0.041096032557617575,-0.1597025287922615,-0.6225019928332601,5.626425679223701e-06,0.0007384058706621595,9.705683438079498e-05,0.0033413410071321398,102.333333
11801,0.255477583343716,-397.6811705680676,-0.41051776915580257,-1.955273464403227,-0.04336002135250972,-0.15685427393263715,-0.6230723537225634,5.6925781162731564e-06,0.0007434147046664084,9.910877189526782e-05,0.003488927238184389,102.341667
11802,0.2517889130714945,-397.69957417951696,-0.4344971135779828,-2.0099479545700003,-0.04558585926320774,-0.15382513708644122,-0.6236683969158392,5.762070663255506e-06,0.0007491611174248837,0.00010146473610849957,0.0036506375967353295,102.35
11803,0.24789803476978298,-397.7186056098061,-0.45765517746316425,-2.070318954947637,-0.04777093770171622,-0.15061555602764323,-0.6242879179269631,5.835151892041934e-06,0.0007556642725020009,0.00010416256066990777,0.003827640151651235,102.358333
11804,0.24381550994480422,-397.73830781091846,-0.479920542720207,-2.1368732617321142,-0.049910262964012256,-0.1472302014578791,-0.6249277927133147,5.91211736288565e-06,0.0007629466509477279,0.0001072454094872181,0.0040212019485175434,102.366667
11805,0.2395464081673745,-397.7587499168804,-0.5012234698946144,-2.210169540618567,-0.05200085311867558,-0.14366930228795163,-0.6255857699236957,5.993314416348389e-06,0.0007710326912000451,0.00011076260724800224,0.004232682118925101,102.375
11806,0.2351020091453155,-397.7799754867142,-0.5214845357212264,-2.2908197492951228,-0.05403629176432281,-0.13993817685337642,-0.6262586514430871,6.079147330302826e-06,0.0007799504063956467,0.00011477044625325588,0.004463535812551426,102.383333
11807,0.23049074637008538,-397.8020556202295,-0.5406216188403669,-2.3795228145334475,-0.056012632613551355,-0.13603921949851808,-0.6269437202986672,6.170082764760395e-06,0.0007897297817816067,0.00011933319790475772,0.004715302544054318,102.391667
11808,0.22572395890287456,-397.82507501406894,-0.5585424272602107,-2.477066209698874,-0.05792727148779324,-0.13197588391039974,-0.6276378812341143,6.266655410671287e-06,0.0008004035743406689,0.0001245241200113493,0.0049896044469955195,102.4
11809,0.22081177749673683,-397.8491099058053,-0.5751506808354867,-2.5843214648218726,-0.059774916857244655,-0.12775155454166096,-0.628338294474321,6.3694737009158904e-06,0.0008120064193095404,0.00013042660489616213,0.005288136806125175,102.408333
11810,0.21576717588765698,-397.87424885501224,-0.5903378951313293,-2.7022623779399777,-0.061551361559875735,-0.12337076322782686,-0.629041808902007,6.479225295083858e-06,0.0008245749338043382,0.0001371351719522243,0.005612676183275399,102.416667
11811,0.21060193211950426,-397.90058095409603,-0.6039888536877048,-2.831967133818663,-0.0632508171590623,-0.11883759930160807,-0.6297455611569973,6.596681896164637e-06,0.0008381464886893286,0.0001447564846781357,0.005965095272155671,102.425
11812,0.20533162576788966,-397.92822999113486,-0.6159695073397287,-2.97464311919754,-0.06487127376935943,-0.11415638544610775,-0.6304463103051842,6.7227028004384726e-06,0.0008527588561498396,0.0001534099506861268,0.00634742556933299,102.433333
11813,0.1999721720877504,-397.95728138153436,-0.6261375922011312,-3.131578530963426,-0.0664048676510737,-0.10933435831941354,-0.6311409543985603,6.858236251261051e-06,0.0008684480857628619,0.00016322807645915448,0.0067619665079070475,102.441667
11814,0.1945349818818704,-397.98802485911153,-0.6343228630286465,-3.3043488478926872,-0.0678625407123757,-0.10436303069124576,-0.6318271488856737,7.00431722324251e-06,0.000885246959361424,0.000174355614244213,0.007211532551715176,102.45
11815,0.1890421946775649,-398.0204663027243,-0.6403521966685195,-3.494388528476281,-0.06922558828115612,-0.09925884122424707,-0.632501393707514,7.162060231337517e-06,0.0009031842520876843,0.0001869480782547853,0.007699871739624707,102.458333
11816,0.18351743086901098,-398.0547315200311,-0.6440207533569827,-3.7032867396565496,-0.07048833561064377,-0.09403150723082716,-0.6331603137174189,7.332643846140475e-06,0.000922279034733105,0.000201166802657539,0.008232441623262296,102.466667
11817,0.17797822484064704,-398.09100476546706,-0.6451091761727247,-3.9327583320273645,-0.07164689107401506,-0.08868385017241599,-0.6338015544269553,7.517283064977909e-06,0.0009425369541987302,0.00021717219714721743,0.008817635124555962,102.475
11818,0.1724525681402911,-398.12943562077925,-0.6433622091309076,-4.184428341707015,-0.07269629879529464,-0.08322665188723753,-0.6344218511630143,7.717185967796303e-06,0.0009639481866127799,0.0002351122321939436,0.009468811046893089,102.483333
11819,0.1669628717110193,-398.17024676225685,-0.6385041810863538,-4.459936446283174,-0.07363399317173591,-0.07766277982995683,-0.6350189291309893,7.933487810906239e-06,0.0009864799001619636,0.0002551054937094755,0.010207307870238928,102.491667
11820,0.161540728140651,-398.21360039417556,-0.6302273961720513,-4.76058147143355,-0.07445451745556042,-0.07200381363005758,-0.6355898743129784,8.167155659086388e-06,0.0010100736712971051,0.00027721706876439176,0.01106693019985589,102.5
11821,0.1562174822046424,-398.25973061742127,-0.6181931889291711,-5.087337547577219,-0.07515660357630527,-0.06625546243150725,-0.6361322278527172,8.418854574237744e-06,0.001034639127406983,0.00030142591519289843,0.012100011942636553,102.508333
11822,0.151028977780927,-398.308814294635,-0.6020454243974016,-5.440434205028739,-0.07573583133502185,-0.06042882271329625,-0.6366435061425493,8.688766672865849e-06,0.0010600527719881855,0.00032758457415873706,0.013385020768368876,102.516667
11823,0.14601176076667166,-398.3611259703655,-0.5813990090052382,-5.8192612356096785,-0.076193385816067,-0.054526500844773736,-0.6371216063982675,8.976356191928222e-06,0.001086159557712601,0.00035537206921286337,0.015034762088891188,102.525
11824,0.14121032690261306,-398.4167633186682,-0.5558845834965876,-6.221543755937454,-0.07652387708257077,-0.04856535500346872,-0.6375641263478041,9.280079189309984e-06,0.0011127824286771976,0.00038424831621689296,0.017202617072602778,102.533333
11825,0.1366688096407317,-398.47583245007417,-0.525155215900241,-6.643243522088051,-0.07672458763781509,-0.04255813171464475,-0.6379691652053148,9.597045486268469e-06,0.0011397390300783975,0.0004134180218673091,0.02008193438745666,102.541667
11826,0.13243733105372482,-398.5386400770582,-0.4888502096667648,-7.078126349590678,-0.07680558344420531,-0.03649946533246684,-0.6383347116194131,9.922660120083662e-06,0.0011668723267187625,0.0004418270114589775,0.023890840766101058,102.55
11827,0.12856015339952034,-398.6051131674007,-0.4467826087268945,-7.517137686740285,-0.07675882396097554,-0.030405417412252098,-0.6386596168634077,1.025029874319466e-05,0.0011940884550752009,0.0004682120792437295,0.028831707124167372,102.558333
11828,0.12509049119023324,-398.6751792462221,-0.3988617653908843,-7.948085472181106,-0.07658639571046856,-0.024287033715280446,-0.638942232648142,1.0571105339812156e-05,0.0012214017932478166,0.000491219741179238,0.035021131945837426,102.566667
11829,0.12208150846003601,-398.74864479957563,-0.3451880755177715,-8.355840317500094,-0.07629177971804223,-0.01815495716799116,-0.6391810968369467,1.0874023138227463e-05,0.0012489626314242087,0.0005095990892291661,0.04239003135693849,102.575
11830,0.1195799212898868,-398.8251735318718,-0.2861150764772734,-8.723255246985065,-0.07587698325783263,-0.012018810115167212,-0.6393752765716753,1.1146178273298787e-05,0.0012770550140813405,0.0005224399936568877,0.05058078740511782,102.583333
11831,0.11762860634149083,-398.9042994823648,-0.22226664609929717,-9.032261144630501,-0.07534560780996112,-0.005886443054853624,-0.6395239650301696,1.1373712997415709e-05,0.0013060416264798333,0.0005293872066547217,0.058892267241442905,102.591667
11832,0.11626626473552594,-398.98533473324966,-0.1545695081229644,-9.26549292740597,-0.07470352833581487,0.00022917077561769895,-0.6396263307673753,1.1543067667996773e-05,0.001336242431512637,0.0005307324573236199,0.06633120475624489,102.6
11833,0.11551872793499031,-399.0675129264886,-0.08420913538463086,-9.408966280919282,-0.07395618388574009,0.006319778730108207,-0.6396819959463148,1.1642561838152199e-05,0.0013677652467146916,0.0005273167010831336,0.07180332529987118,102.608333
11834,0.11540131687339364,-399.14997438822354,-0.012566259927219638,-9.453817843950132,-0.07311027898627027,0.012377392896254166,-0.6396907064571452,1.1663986489046143e-05,0.0014003403618188233,0.0005202549253607531,0.07440626027985696,102.616667
11835,0.11591743213649203,-399.2318265780779,0.05888429592414407,-9.397699873809334,-0.07217343525380461,0.018395047726154735,-0.6396523509992107,1.1603835368011187e-05,0.0014332221469009606,0.0005105846489016889,0.07370938599818358,102.625
11836,0.11704310322117585,-399.3116516185637,0.12854633750164698,-9.246428130697906,-0.0711580701787519,0.024324491530655613,-0.639568104924105,1.146384476720718e-05,0.0014652132331134434,0.0004989980538553544,0.06988807258529112,102.633333
11837,0.11878062493128942,-399.3895763401882,0.1953564804038341,-9.008680724663227,-0.07006881903384254,0.030230210274970807,-0.6394364766432501,1.1250716012671683e-05,0.001494827392321639,0.0004857631051453344,0.06365087238353014,102.641667
11838,0.12106783298461299,-399.4640180465801,0.25799394219662425,-8.702007012390084,-0.06892234155377515,0.036035254526379,-0.6392602630712814,1.097505608570403e-05,0.001520509083642425,0.0004708497240540947,0.055986365805210735,102.65
11839,0.12389194033604237,-399.5353252603008,0.3158561920547417,-8.34135710611037,-0.06771573115840279,0.04180234133313932,-0.639038071392269,1.0649915790059828e-05,0.0015409112282531996,0.00045414148178824393,0.047892287673220006,102.658333
11840,0.12719364585388446,-399.60257754591026,0.36828110073247017,-7.945458150030402,-0.0664699478020979,0.04748466320909829,-0.6387718414857569,1.02892090396211e-05,0.0015550464931396088,0.0004356379944106673,0.04015775795056972,102.666667
11841,0.13090661310865928,-399.66547814407386,0.41500602779053863,-7.531400635288856,-0.06519261309119609,0.053065889269798286,-0.6384641315456548,9.906364936849724e-06,0.001562398697102775,0.0004155455485051211,0.033278463716314204,102.675
11842,0.1350050689036321,-399.7243426880618,0.4560536677519213,-7.111144378360751,-0.06388597358968467,0.05857724162167855,-0.638114254517554,9.513392806480118e-06,0.0015629138420258431,0.0003942629387144506,0.027469783000616,102.683333
11843,0.13942615827653748,-399.77893539927334,0.49150293901342545,-6.696400359623909,-0.06256614740337167,0.06399255346071886,-0.6377248175950789,9.12032603867013e-06,0.0015568966336716274,0.0003723193715954332,0.02274351033520247,102.691667
11844,0.1441198698512814,-399.82940002412363,0.5216066430218038,-6.295178818862722,-0.06123981096010794,0.06930950857778767,-0.6372977249686962,8.735059059751883e-06,0.0015449288540307817,0.00035027464097273537,0.018990207746126066,102.7
11845,0.14903778794701258,-399.8759906509534,0.5466989401252091,-5.912934256996222,-0.05990824961194131,0.0745283949298428,-0.6368351691400332,8.363439799260342e-06,0.0015277525938578874,0.00032864299178745693,0.016049135834022614,102.708333
11846,0.15414121005313222,-399.91881620034985,0.5671137094349804,-5.552927104045663,-0.05858771056911518,0.07964183176113711,-0.6363388810060252,8.009513651764932e-06,0.001506179192578792,0.0003078452328715018,0.01375361410501359,102.716667
11847,0.15938534455851353,-399.9583122067422,0.5832520238279782,-5.216889480625312,-0.05726628919124388,0.0846559977279457,-0.6358116441580407,7.67583071333428e-06,0.0014810171556404051,0.00028818941816182906,0.011955233769194782,102.725
11848,0.16473534004091928,-399.99459770614106,0.595453146254567,-4.905345840348396,-0.05595915221409359,0.08956128199633165,-0.6352557459217929,7.3637659184156695e-06,0.0014530339838719946,0.00026987362048051854,0.0105323114995493,102.733333
11849,0.170159800321222,-400.02796772865184,0.6040626007799681,-4.617874597865478,-0.054666528284381094,0.09435874493267354,-0.6346735464914728,7.073807907042502e-06,0.0014229264539012707,0.00025299965755251825,0.009390658894842169,102.741667
11850,0.17561919744874346,-400.05884450757577,0.609429038048723,-4.353645828796716,-0.05337023270669445,0.0990503003281184,-0.6340687414955439,6.805805828317154e-06,0.001391309338195342,0.00023759360032288103,0.008459812887934534,102.75
11851,0.18109371516302042,-400.08747440485587,0.61183202936772,-4.111236208858049,-0.05207058533534919,0.10363769680270919,-0.6334432844543101,6.559172019006938e-06,0.001358720694940059,0.00022362614340081535,0.007688095390569807,102.758333
11852,0.18657061438146041,-400.1137133717616,0.6114820565935383,-3.88922358541865,-0.05080855337067044,0.1081063734039974,-0.6327985584764043,6.333033504017476e-06,0.0013256141475932362,0.00021103011271559428,0.007038213825242596,102.766667
11853,0.19201741154185478,-400.1380202024207,0.6086518004723461,-3.686164059507322,-0.04955517978989706,0.11246177011296467,-0.6321385505528434,6.1263477643908635e-06,0.0012923638936595467,0.00019971437440751333,0.006483393684804108,102.775
11854,0.19741483331887505,-400.1605954206004,0.6035516860453933,-3.500539749043552,-0.048308184221708426,0.11670257176992438,-0.631466025812543,5.937991537777172e-06,0.0012592866134306547,0.00018957633517747944,0.006004150316905189,102.783333
11855,0.20273618347706848,-400.1819383440594,0.5964033391179243,-3.330876429631883,-0.04702458527514916,0.12083675656530232,-0.630784970745561,5.766818865028937e-06,0.0012266418141783596,0.00018050927437467893,0.005586238648836393,102.791667
11856,0.20798205494402527,-400.2016436522338,0.5873140865603262,-3.1758149901818293,-0.045772931383234045,0.12484496774438228,-0.6300960922410882,5.61170296378734e-06,0.001194644509654454,0.00017240820768082548,0.005219029872779311,102.8
11857,0.21312798934192578,-400.22012587690506,0.5764639511428523,-3.034099942578709,-0.04451694620435227,0.12873228478540413,-0.6294034898461944,5.4715595996476735e-06,0.0011634574965256684,0.00016517215820696375,0.004894573251988166,102.808333
11858,0.21816052898189559,-400.23759822253174,0.5639932311211565,-2.9045363638480732,-0.04324321510485722,0.1324999477087645,-0.6287100292508223,5.345365797277205e-06,0.0011332132383789228,0.00015870747991996386,0.0046066724557654905,102.816667
11859,0.22306104362498425,-400.2544541388197,0.5500439719485053,-2.7860491794195688,-0.041909677814892174,0.13615304106498335,-0.6280194590856314,5.232166998913687e-06,0.0011040131497838238,0.0001529285031661279,0.004350427720463891,102.825
11860,0.22783154070562883,-400.27015255544904,0.5346785286574977,-2.6777049385549594,-0.04060308805143385,0.13966945198303246,-0.6273327236000422,5.131080573704284e-06,0.0010759353892793547,0.00014775797367357735,0.004121865939391184,102.833333
11861,0.23245482780148619,-400.2851592065645,0.5180238436661373,-2.5786128236143244,-0.03926996139339698,0.14305838787285435,-0.6266535569733735,5.041293995107318e-06,0.0010490291614812966,0.0001431263586655105,0.00391777110900262,102.841667
11862,0.23691899360424207,-400.29951626345746,0.5001705929991105,-2.488013269257649,-0.037913433201504546,0.14631403224264047,-0.6259850543166143,4.962063370648943e-06,0.0010233288771364672,0.00013897216148451652,0.003735431161988338,102.85
11863,0.24121681035078107,-400.31333419371686,0.4812049794584409,-2.405186252005921,-0.036526587519155176,0.14943599941366992,-0.6253296755787647,4.892708909049129e-06,0.000998854545445213,0.00013524111288826552,0.003572551576289634,102.858333
11864,0.24533311890715065,-400.3269801884772,0.46122181226673603,-2.3295220990454877,-0.0350607577123283,0.1524277802585943,-0.6246911458873698,4.832609793177217e-06,0.0009756125109259319,0.00013188556413267586,0.0034271731172535787,102.866667
11865,0.2492723334464791,-400.3399597784292,0.4402658510362562,-2.260427311990786,-0.03359959536663064,0.1552739373388631,-0.6240701757418676,4.781199334335949e-06,0.0009536015377695331,0.00012886391457146208,0.0032975973085192316,102.875
11866,0.25302130451621835,-400.35261533664834,0.41842078778330866,-2.197419086517078,-0.03209749356107351,0.1579783896836386,-0.6234702013537305,4.737959019667748e-06,0.0009328066456603117,0.0001261398256630424,0.0031823764933749813,102.883333
11867,0.25656724298145034,-400.36521658178793,0.3957615513688432,-2.1400828951316995,-0.03051693444706265,0.16054120069973063,-0.6228946558334263,4.7024141469827026e-06,0.0009132090538889495,0.0001236818359511875,0.0030802425942274714,102.891667
11868,0.25990984228551733,-400.3775537337944,0.3723395048562696,-2.087992347528126,-0.028897434130471,0.1629546646025167,-0.6223449431472521,4.674129122447737e-06,0.0008947871424071763,0.00012146277883206776,0.0029900858124266958,102.9
11869,0.26304878037417534,-400.38940569835324,0.34820436243382646,-2.04075766084297,-0.027282263811896967,0.16521229491089678,-0.6218223929447805,4.652702837388075e-06,0.0008775128504268601,0.00011945926399077292,0.002910948031010378,102.908333
11870,0.2659677767661918,-400.40139475990156,0.32343494727239025,-1.9981423310175852,-0.02557374098675828,0.16732105525424223,-0.6213309592451909,4.637764817926932e-06,0.0008613535127879265,0.0001176512911258207,0.002842001828671225,102.916667
11871,0.268673226210422,-400.4129062551355,0.2980636855800416,-1.9597774065494755,-0.023880717317221505,0.16926823514339787,-0.6208707503078675,4.62897219332647e-06,0.0008462788426836125,0.00011602189087666201,0.002782517456357661,102.925
11872,0.2711552612751348,-400.4243649246606,0.2721578403670872,-1.9254688410200622,-0.022137315611817844,0.17105851258620514,-0.6204445480502653,4.626006246019953e-06,0.0008322533946913129,0.00011455678758314974,0.0027318764168227983,102.933333
11873,0.27340946455602766,-400.4357122608206,0.24576591631843855,-1.8949964253056029,-0.020358573880425473,0.17268724643121686,-0.6200541557521887,4.62857016378456e-06,0.0008192435144334601,0.0001132441231859601,0.002689541261848826,102.941667
11874,0.2754261535199819,-400.4473200393122,0.21894937808679013,-1.8682396192040611,-0.018484675725987724,0.17415504442979868,-0.6197022268307255,4.6363868058944326e-06,0.0008072158641113314,0.00011207422090510851,0.002655055586953447,102.95
11875,0.2772139336058227,-400.4585929800178,0.19174056079416307,-1.8449062976941455,-0.016624784136073375,0.1754550230358939,-0.6193881368898689,4.6491970293829085e-06,0.0007961395920794179,0.0001110393742986493,0.0026280309133228834,102.958333
11876,0.2787581842032353,-400.4701924931415,0.164206235304059,-1.8249974875594186,-0.01466767557234661,0.1765890528172921,-0.619115238380058,4.666757975500487e-06,0.0007859808734633529,0.00011013368012736271,0.0026081542768771906,102.966667
11877,0.28006747704432694,-400.4815029179187,0.13637721222302543,-1.8082507772857523,-0.012727429507960934,0.1775520287087954,-0.6188827048120759,4.688842273024901e-06,0.0007767110263299883,0.00010935290441556401,0.002595165922298931,102.975
11878,0.281133737186229,-400.4928459976348,0.10830855908248961,-1.794641726521624,-0.010752373806115023,0.1783435643452312,-0.6186925506179721,4.715236936778895e-06,0.0007682993458886791,0.0001086943480077553,0.002588871681425296,102.983333
11879,0.2819530639630346,-400.5045530313429,0.08005889586000854,-1.7841606983060583,-0.008688388424887521,0.1789634736960818,-0.6185459559848486,4.745742994814611e-06,0.0007607188441687836,0.00010815677421662318,0.0025891280562125303,102.991667
11880,0.28252413895898865,-400.51634116228297,0.051663624950249246,-1.776694290492527,-0.006591156368901876,0.17940642571075535,-0.6184435331923296,4.7801751960904e-06,0.0007539449415852081,0.00010774035761482647,0.0025958393491545668,103.0
11881,0.2828543454943913,-400.5279698153682,0.023165749901390482,-1.772110051130989,-0.0045096263270006974,0.17967508023899603,-0.6183842183363845,4.818361950901378e-06,0.0007479549185787837,0.00010744660385080988,0.0026089636476103674,103.008333
11882,0.2829330381335041,-400.5399966695241,-0.005374172690237413,-1.7705451595738502,-0.0023490621200585133,0.17976497871086786,-0.6183700728627133,4.8601453828431315e-06,0.0007427256920144005,0.00010727829388614895,0.0026285098048402216,103.016667
11883,0.28276750785837035,-400.55187568527504,-0.03392656524379512,-1.7718316666955067,-0.0002133940216885916,0.17967783798169532,-0.6183998234776715,4.905381879457015e-06,0.0007382392798723261,0.00010723958908434529,0.0026545284352290826,103.025
11884,0.28235021939072585,-400.5641350818159,-0.06242946680021844,-1.7761369660378896,0.001986451511751359,0.1794089010905447,-0.6184747471771784,4.953942545879374e-06,0.0007344776939983613,0.00010733587589019169,0.0026871243993869826,103.033333
11885,0.2816838289976387,-400.576606798171,-0.09084127413642648,-1.78343648584317,0.0042140725672343855,0.17895810328431255,-0.6185941735397121,5.005714085183532e-06,0.000731427311219062,0.00010757398420866057,0.002726444242187345,103.041667
11886,0.2807720932419198,-400.5893148956494,-0.11911102580034082,-1.7937689842040483,0.006467444208008915,0.17832640344228967,-0.6187571241422227,5.060599739464908e-06,0.0007290760258619412,0.00010796210867587777,0.0027726851364368965,103.05
11887,0.2796190746273082,-400.6019442179837,-0.1472048031040549,-1.8070901414792215,0.008684144790971692,0.1775178002093287,-0.6189624616356717,5.11852041104324e-06,0.0007274131692407806,0.00010850991767908402,0.002826092402097055,103.058333
11888,0.27822249093797197,-400.61484629145747,-0.17506286607381294,-1.8235966326322233,0.010920322228221408,0.1765280286412999,-0.6192100728690129,5.179415942904542e-06,0.000726429702148614,0.0001092285162625168,0.00288696805541051,103.066667
11889,0.27658441379406096,-400.6280128610235,-0.20263759765819633,-1.8433851542532056,0.013167608165854288,0.1753572460581891,-0.619498961279257,5.2432466550617965e-06,0.0007261200056267398,0.00011013079111552296,0.0029556622579947635,103.075
11890,0.2747035674560387,-400.6417468960986,-0.22986755646413812,-1.866694098643412,0.015471428564194775,0.17399895679928648,-0.6198286138981832,5.309995064496375e-06,0.0007264807575970423,0.00011123143569700802,0.003032580827997953,103.083333
11891,0.2725881028128524,-400.6558007708207,-0.2567097287810968,-1.8935656346647602,0.017780664659560644,0.17245964786945672,-0.6201967675641396,5.379667846275097e-06,0.0007275118881746845,0.00011254729096895363,0.003118181518135886,103.091667
11892,0.27024176269928907,-400.66992227289984,-0.28312868898157045,-1.9240685042740864,0.020044479169451346,0.17074563068006068,-0.6206018539567005,5.4522978982926694e-06,0.0007292142269059929,0.00011409726505935949,0.0032129852597698053,103.1
11893,0.26766173139287375,-400.6847517022048,-0.30904242888962125,-1.9586626597342582,0.022363920905703123,0.16884174511242256,-0.6210433421469996,5.527946523084318e-06,0.0007315909452196405,0.00011590247920120975,0.003317584648991474,103.108333
11894,0.26486295595363574,-400.6997011316281,-0.3344208272776401,-1.9972992179702038,0.024631350919598408,0.16676839878362368,-0.6215175865532865,5.606706014406195e-06,0.0007346492654472032,0.00011798718607240151,0.0034326230983199864,103.116667
11895,0.26184364895997686,-400.71509978008856,-0.35919782952165846,-2.0403822036930936,0.026893472632947828,0.16451662616065707,-0.6220237403206211,5.688702276490125e-06,0.0007383960069549274,0.00012037816468328282,0.003558825373332545,103.125
11896,0.25860812197834493,-400.73100086930805,-0.38331454614745875,-2.088223394771802,0.02914957645064008,0.16208655747340364,-0.622559846725734,5.77409764026213e-06,0.0007428421974246724,0.0001231057658618272,0.003696983032917335,103.133333
11897,0.25515985571751076,-400.74771299969433,-0.406692302480129,-2.1412996406563534,0.03143877203914687,0.15946962594666317,-0.6231240283355328,5.863094051038978e-06,0.0007480014983663856,0.00012620410298511364,0.0038479619111169857,103.141667
11898,0.251509925013418,-400.7649437434574,-0.42928383244873675,-2.1998252914258,0.0337032280736808,0.15667971477451173,-0.6237131328355939,5.955936479843587e-06,0.0007538904935139325,0.00012971183145049628,0.004012691728329536,103.15
11899,0.24766284353938328,-400.78280950576436,-0.4510198477143696,-2.2642731621278593,0.03595020093894888,0.15371503245820062,-0.6243250631880988,6.052916343037642e-06,0.0007605268877397119,0.00013367190997112837,0.004192191160865467,103.158333
11900,0.24362871662716762,-400.80107046527667,-0.47185009363529773,-2.334961277536838,0.03813247263751503,0.15059017066542382,-0.6249568206728427,6.154374939957461e-06,0.0007679313685658887,0.00013813256826172772,0.004387559467939292,103.166667
11901,0.23941275579536253,-400.82009211890494,-0.49167864167664344,-2.4126020942299395,0.04029427909897542,0.14729489074694993,-0.625606185157834,6.260706863295825e-06,0.0007761262306451968,0.00014314725315536407,0.004600000916857897,103.175
11902,0.23502471520965101,-400.8399015556859,-0.5104262008921098,-2.4977797329360056,0.042426927179150836,0.14383340914134435,-0.626270244336192,6.372363413329628e-06,0.0007851366376798438,0.00014877617255670968,0.004830797962625215,103.183333
11903,0.23047176920238896,-400.8608580159693,-0.5279809974654679,-2.591359917779139,0.04456731584802283,0.14019392999826027,-0.6269465120931335,6.489855923791352e-06,0.0007949893814999611,0.00015508628983764135,0.005081340931160789,103.191667
11904,0.22576588783587473,-400.88247962707334,-0.5443004873717137,-2.6937491742151995,0.04663295142050004,0.13640438802082883,-0.6276318375022706,6.613758657455812e-06,0.0008057133920408249,0.00016215254667549672,0.005353121243475345,103.2
11905,0.2209180030896053,-400.9051114113381,-0.5592587683719692,-2.8059460820820714,0.04865805814042349,0.13245650667025896,-0.628323308412727,6.744710428715452e-06,0.0008173383728504603,0.00017005605639402972,0.00564786065140979,103.208333
11906,0.2159396642796424,-400.92885876798755,-0.5727444216286901,-2.9288895816438423,0.05064088034674681,0.12835243215768416,-0.6290180180828794,6.883414654784186e-06,0.0008298945588191467,0.0001788861576705433,0.005967502209055514,103.216667
11907,0.21084234536177662,-400.9538095120291,-0.5846401722847799,-3.06360151550303,0.05257578330827742,0.12409517731444403,-0.6297131780841321,7.030637791395303e-06,0.0008434120164312208,0.00018873944542015594,0.006314360301363885,103.225
11908,0.20564012841008358,-400.9800936005834,-0.5948101337217183,-3.211219290492225,0.05446144713130262,0.11968719262968339,-0.6304057735877658,7.187204508054479e-06,0.0008579198701444088,0.00019971864688273232,0.0066913368241152465,103.233333
11909,0.20034724890565742,-401.00781035524506,-0.603111405755427,-3.372954318509597,0.056291064129932844,0.11513271648971662,-0.6310929300577042,7.353988434134718e-06,0.0008734444593171825,0.00021193082424765978,0.0071022480122615965,103.241667
11910,0.19498193238986422,-401.03710642651544,-0.6093757409729357,-3.550121329072798,0.0580627920855278,0.11043579332459914,-0.6317714463348271,7.53189669239439e-06,0.0008900079157201947,0.00022548390536708687,0.007552371897116593,103.25
11911,0.189561770032335,-401.06812069170735,-0.6134235487688775,-3.744110008398779,0.059771750970040435,0.10560056786126665,-0.6324384322045534,7.72184580936489e-06,0.0009076252402980511,0.0002404817752325306,0.008049255675306581,103.258333
11912,0.1841068057495794,-401.1012986183716,-0.615008086092424,-3.956616995494689,0.061442848740654546,0.10061386008280375,-0.6330909414719745,7.924726081466307e-06,0.0009263024511090455,0.00025701653780975115,0.008603979606790161,103.266667
11913,0.1786383542027519,-401.1364010243646,-0.6139668431968065,-4.188744825635762,0.06302817159934072,0.09550456582175841,-0.6337261555025495,8.141351183435489e-06,0.0009460333856103763,0.0002751594325742335,0.009232871523181942,103.275
11914,0.17317886820893727,-401.17364506681974,-0.6100520044970755,-4.441940392529128,0.06452772077610766,0.09027537851209991,-0.6343414238105043,8.372387253512339e-06,0.000966797289951446,0.00029494189145858843,0.009960379392287331,103.283333
11915,0.1677519144582488,-401.21319115790646,-0.6030050217775081,-4.717473282208597,0.06593435845978757,0.08493305442935564,-0.6349342873997249,8.618256251891752e-06,0.000988556449514288,0.0003163386141762872,0.01082252106607116,103.291667
11916,0.1623891942026135,-401.25546204771615,-0.5924831364906771,-5.016506673024199,0.06726381326139796,0.07947074428821083,-0.6355017646740359,8.879009472741597e-06,0.0010112549969650754,0.0003392430035724583,0.011871542945923031,103.3
11917,0.15711666009673714,-401.30048306772255,-0.5782134605715239,-5.339496905224734,0.06849369214134252,0.07390434751390014,-0.6360418808784464,9.154165310603603e-06,0.0010348172229953279,0.00036344082641196466,0.01318103433632308,103.308333
11918,0.15197021275075803,-401.34855246445363,-0.5598380177781361,-5.686365861180759,0.0696269503457181,0.0682357351272152,-0.636552028441669,9.442509148705695e-06,0.001059154026742157,0.0003885776055204513,0.014851669554541211,103.316667
11919,0.14699110652067418,-401.3999822669709,-0.5369765526609066,-6.055959644282597,0.07066709898588955,0.062466281982949845,-0.6370295420246577,9.741856693998389e-06,0.0010841686615207357,0.00041413386646826195,0.017014326479220902,103.325
11920,0.14221157052459976,-401.4547919677163,-0.5093426773580133,-6.445794661001418,0.07159392031190447,0.056612019562638595,-0.6374730602083606,1.0048790685828102e-05,0.0011097702078141536,0.0004394097706416023,0.019827758212336177,103.333333
11921,0.13767915870591374,-401.513228708687,-0.476589228572016,-6.851538071315677,0.0724101368097958,0.05067684532826325,-0.6378801941671821,1.0358399350239248e-05,0.0011358988384073067,0.000463531944951648,0.023466858474818282,103.341667
11922,0.1334363702982953,-401.5754417065304,-0.43845278624244993,-7.266827591335616,0.07311060552505902,0.044665505033888164,-0.6382494376776426,1.066405712855284e-05,0.0011625473965360073,0.0004854970921444792,0.028091933382002877,103.35
11923,0.12953390295182288,-401.641485592895,-0.394752035452275,-7.682485204048463,0.07369184029050278,0.03858741362413242,-0.6385789198371641,1.095731418506036e-05,0.0011897899994081933,0.0005042619402075023,0.03379673640679705,103.358333
11924,0.1260191935626866,-401.71134527049924,-0.3454483663175355,-8.086786087149902,0.07414898949488043,0.03244936619786189,-0.6388673404285472,1.1227980651529004e-05,0.0012177954446896146,0.000518875533435524,0.04053365512010201,103.366667
11925,0.12294902418069269,-401.7849205517449,-0.29066022592870494,-8.46491114005592,0.07448350370758809,0.02625868878724329,-0.6391128238539863,1.1464497190112586e-05,0.001246819386213428,0.0005286391602790326,0.04803202035292399,103.375
11926,0.12036637712265835,-401.86186581624304,-0.2307960105500743,-8.800629966678809,0.07468707909223014,0.020027909375491443,-0.6393146609758907,1.1654656413666804e-05,0.0012771506934401758,0.0005332429656361976,0.05573860164248844,103.383333
11927,0.11830637714437968,-401.9416961491236,-0.16652938413414312,-9.077385356757306,0.07475099867973976,0.013769549821505921,-0.6394725954801306,1.1786688365222596e-05,0.0013090168037461982,0.0005328311017587187,0.06283358575070667,103.391667
11928,0.1168126331797355,-402.02390303624543,-0.09874311495861972,-9.278717359935627,0.07467871118922405,0.007489592082861705,-0.6395854194566578,1.1850620365469754e-05,0.001342446267555821,0.0005279334727241072,0.06835363049078275,103.4
11929,0.11590871532839894,-402.1078106320395,-0.02859653651892125,-9.391883556625874,0.07446558593965526,0.0011952028515319043,-0.6396530002093381,1.1839660181318802e-05,0.0013771189180866949,0.0005192698202669421,0.07141268866755819,103.408333
11930,0.11562483420094402,-402.19256339649115,0.04256525023571599,-9.407770274794998,0.07411831718544942,-0.005100232608867793,-0.6396741165319514,1.1751307242824301e-05,0.0014122757304413874,0.0005075118540109613,0.07146330943981129,103.416667
11931,0.11595094841903693,-402.27727180799513,0.11328337940252796,-9.32565484452043,0.07362719441300569,-0.011384761075064262,-0.6396498543219823,1.1587881459534001e-05,0.0014467173924563187,0.0004931015080548359,0.06847882181775981,103.425
11932,0.11688687546249267,-402.3610627580344,0.18215292984863235,-9.14975751393461,0.0729979266386378,-0.01764756449149712,-0.6395798455626777,1.1356329395679748e-05,0.0014789449852929948,0.0004762180458538633,0.06296677446724679,103.433333
11933,0.1184107555503447,-402.4432039266094,0.24791300727289076,-8.890860898250377,0.0722291216332305,-0.023883412704554508,-0.6394646583367027,1.10673149059087e-05,0.0015073714132738788,0.0004568904196376968,0.05580230560991884,103.441667
11934,0.12050901193743184,-402.5229659873382,0.30949210568177776,-8.562841762496506,0.07133266692132578,-0.030083852971957915,-0.6393036251236598,1.0733821142998887e-05,0.0015305766458039336,0.00043518877250818495,0.04796583623743513,103.45
11935,0.12311739384648648,-402.59967643354327,0.36608125529150526,-8.184696927125412,0.07029948754280893,-0.0362257012196055,-0.6390995175231838,1.036959691865352e-05,0.0015475021501508007,0.00041138402696438075,0.04030620060538283,103.458333
11936,0.12621740493754854,-402.6729839733933,0.41717643291816203,-7.77227315287179,0.06914705263916164,-0.04231115098532783,-0.6388512849557508,9.987822448948314e-06,0.001557582507656263,0.0003859863516495596,0.03339850032214598,103.466667
11937,0.12973638284591915,-402.742563120463,0.4625334045129858,-7.343073239476061,0.06786910428493514,-0.048319644616543485,-0.638562063783695,9.600113103876247e-06,0.0015607184247604477,0.00035969912782983976,0.027528920334433174,103.475
11938,0.1336361033729299,-402.80832861599714,0.5021280718270655,-6.91008091193695,0.06647572117437116,-0.0542494791894214,-0.6382323128595291,9.215997708051149e-06,0.001557231395410889,0.0003332962848199405,0.022747879549436124,103.483333
11939,0.1378784306079232,-402.8701808826369,0.536074099953684,-6.483797977156501,0.06498260635179279,-0.06009256216658127,-0.637862569461466,8.842761660201655e-06,0.0015477234514818805,0.0003075095639336168,0.018960975287979638,103.491667
11940,0.14239085603452645,-402.9283419743685,0.5646754166419956,-6.073027116547924,0.06337507893861881,-0.0658413645376233,-0.6374566861845186,8.4855667508774e-06,0.001532956516474684,0.0002829437543542698,0.016006923413496334,103.5
11941,0.14714243666987978,-402.9828199779882,0.5882284043896464,-5.682713343984701,0.06167381561005242,-0.0714871293067936,-0.637015261581362,8.147759971738204e-06,0.001513771696714518,0.0002600336128266882,0.013710634595308106,103.508333
11942,0.15210331377394354,-403.03363491616324,0.6070647843263478,-5.315993572692304,0.059902526869095724,-0.07702104668729426,-0.636539046970326,7.83121592166041e-06,0.0014909876092553634,0.00023904243956260782,0.01191552511954421,103.516667
11943,0.15720646933507096,-403.0812406160093,0.6216214093739787,-4.975007951976779,0.05803862657922118,-0.08243949986832273,-0.6360328288400361,7.536685275138074e-06,0.0014653557924382678,0.00022008407770178018,0.010494413331930687,103.525
11944,0.16242873090940804,-403.12579303445017,0.6322449226417839,-4.659836238302331,0.056097845434777326,-0.08773986584476942,-0.6354976477966836,7.264121878392438e-06,0.0014375629399803907,0.00020315690579806838,0.009349641616766834,103.533333
11945,0.16774327925048912,-403.1674275551271,0.6392687136039376,-4.369966257824634,0.05409582829712964,-0.09291622953037412,-0.6349352158501734,7.012927995731327e-06,0.0014081954487347409,0.0001881771808022496,0.008409943858052653,103.541667
11946,0.17310786600915537,-403.2063076445304,0.6430252597339217,-4.104564744268388,0.05204059486084978,-0.09795536444413075,-0.6343493010472594,6.782155520308579e-06,0.001377747616641974,0.00017500956443736228,0.007624439665725442,103.55
11947,0.17851126798808686,-403.2424842147652,0.643783717053319,-3.862099324035706,0.04996052025708157,-0.1028552074190796,-0.6337406925536815,6.570659963405984e-06,0.0013466415505787028,0.00016349153985055422,0.006957106466585616,103.558333
11948,0.18391683608187054,-403.276326162957,0.6418380569830716,-3.6410548650192336,0.04784272233984542,-0.10761553443156552,-0.6331133258304718,6.377200635028115e-06,0.0013152190831625871,0.00015345021077673885,0.00638261811335057,103.566667
11949,0.18929914670010947,-403.30808333608826,0.6374355212578005,-3.4397675318477674,0.04568568430855096,-0.11223492538662085,-0.6324702779172466,6.200519787220144e-06,0.0012837703498164517,0.00014471529385362943,0.0058828334289823085,103.575
11950,0.19463686135143057,-403.33805714402064,0.6307986484450296,-3.256549396734406,0.04347945638065537,-0.11671561141589483,-0.6318144629562199,6.03938875938361e-06,0.0012525368328601934,0.00013712581494412367,0.005444573472323063,103.583333
11951,0.19991619399825097,-403.36602919726533,0.6220920554932049,-3.0899140530915865,0.04127406304910285,-0.12104140781909004,-0.6311481141448427,5.8926374002587434e-06,0.0012217180914809184,0.00013053407270791713,0.005058027012877077,103.591667
11952,0.20511389980962014,-403.3925845281337,0.6115163361363178,-2.9382811134641558,0.03902102625854813,-0.125224973883271,-0.6304748830061859,5.759170421973997e-06,0.0011914755150415769,0.0001248068643995424,0.0047157210246162136,103.6
11953,0.21021687531263822,-403.41761991121604,0.5992089715215335,-2.8003282284789277,0.0367535497610317,-0.12925550380991319,-0.629797351527306,5.637976749507438e-06,0.0011619441768001865,0.00011982668538607499,0.0044117268312974115,103.608333
11954,0.21520954260377484,-403.44133811273724,0.5853116769345813,-2.6747827604598196,0.0344654019073419,-0.13313318132705793,-0.6291185935712774,5.528130334959095e-06,0.0011332322996536735,0.0001154904297273356,0.004141264017731146,103.616667
11955,0.22007812421109782,-403.4637786961343,0.5699446070972667,-2.560515304411353,0.03216990484730395,-0.13685306545677087,-0.6284416029936276,5.428788757399664e-06,0.001105427055047499,0.00011170858980288513,0.0039003680934060203,103.625
11956,0.22481165831446304,-403.4851118820033,0.5532217916421474,-2.4564772941804205,0.02986175400870378,-0.14041628814212784,-0.6277691091061351,5.339188865076708e-06,0.001078597164556873,0.00010840385354041021,0.0036856975991212196,103.633333
11957,0.2293989315523757,-403.5052466565315,0.5352371443434065,-2.3617616963692205,0.027570551182648284,-0.14381579771091665,-0.6271039736058589,5.258641052034242e-06,0.0010527945058689348,0.00010550975548984384,0.0034943960256767137,103.641667
11958,0.2338270586819805,-403.5246482969908,0.5160994216727984,-2.2755022365702318,0.025244853309630392,-0.14705905007728548,-0.6264493960789983,5.186523155663465e-06,0.0010280570094049338,0.00010296930855064179,0.003324001978518558,103.65
11959,0.23808726041660747,-403.5432360336218,0.49588698933415126,-2.1969712160466104,0.02290951660826973,-0.1501397812956986,-0.6258080478846971,5.1222741551240925e-06,0.0010044115740973601,0.00010073386754177129,0.0031723673326205697,103.658333
11960,0.2421698880624039,-403.5610573052248,0.4746779101767509,-2.125508326946878,0.020570491252316744,-0.1530551075767582,-0.6251827745630116,5.0653877165533215e-06,0.0009818741284837959,9.876188888569127e-05,0.0030376236952951914,103.666667
11961,0.24606792172470457,-403.5782260422798,0.4525471052594734,-2.060520699710783,0.01822278600782663,-0.1558050153607644,-0.6245760481595055,5.015406376964673e-06,0.0009604518733903892,9.701798449773726e-05,0.0029181383560749454,103.675
11962,0.2497733100720949,-403.5948330096178,0.4295643774279624,-2.00148576990402,0.015863472021213854,-0.15838784135630263,-0.6239905084549948,4.971915971821978e-06,0.0009401437686327015,9.547205326397919e-05,0.002812483699658181,103.683333
11963,0.2532786590577372,-403.61087203536295,0.4057924435872634,-1.9479383981170397,0.013504118339297566,-0.16080054568313776,-0.6234286935744002,4.934540681427486e-06,0.0009209425502004047,9.409855204840846e-05,0.0027194108981786515,103.691667
11964,0.2565765191779031,-403.62645240188436,0.38129466241810156,-1.8994680876175927,0.01113730574778184,-0.16304174105629868,-0.6228931399285205,4.902938495243556e-06,0.0009028357905591913,9.287586134968396e-05,0.0026378299129405573,103.7
11965,0.2596615684506617,-403.6416253379315,0.3561297719392457,-1.8557099681719995,0.008764114300829084,-0.16511012792739355,-0.6223860125615949,4.876797183185366e-06,0.0008858070941475974,9.178574692966444e-05,0.002566789803872395,103.708333
11966,0.26252919381122475,-403.65642083560675,0.33035358156330014,-1.8163407639206341,0.006388555909015495,-0.16700450479356563,-0.621909313652765,4.855830696749068e-06,0.0008698363610796343,9.081289841617653e-05,0.0025054646997510377,103.716667
11967,0.2651731910058764,-403.67090181472935,0.3040206557128894,-1.7810790778556123,0.004008623878116751,-0.1687227807625481,-0.6214652579689045,4.839776060372285e-06,0.0008549005976255771,8.994454905851056e-05,0.0024531405079989523,103.725
11968,0.26759076571752255,-403.6851179343553,0.277184098750076,-1.7496767633396566,0.001624041776038033,-0.17026459264006863,-0.6210554272022918,4.828390710493176e-06,0.0008409754198780944,8.917015895688479e-05,0.0024092024019776487,103.733333
11969,0.26977453210757385,-403.699106364418,0.24989387968522916,-1.721917718609408,-0.0007638077359246022,-0.1716264710668606,-0.6206821116343524,4.821450145765637e-06,0.0008280346126737192,8.848113978606394e-05,0.0023731258966910615,103.741667
11970,0.27172392867875406,-403.71292097837704,0.22220129637385358,-1.6976152933053288,-0.0031567055136610452,-0.17280896999202833,-0.6203463611375457,4.818746041035484e-06,0.0008160524684047155,8.787063986373475e-05,0.002344467407984457,103.75
11971,0.27343415411565286,-403.72658334340946,0.19415402233836132,-1.6766064930348796,-0.005551175601232455,-0.17380985352797398,-0.6200498624643251,4.820084554134774e-06,0.0008050019943086144,8.733334825288302e-05,0.002322858177626026,103.758333
11972,0.27490391662537705,-403.7401344872988,0.1658007843073437,-1.6587549908243848,-0.007947339070018997,-0.17462886843709033,-0.6197936033762269,4.825285066447518e-06,0.0007948570130427858,8.686535221353515e-05,0.0023079976765332066,103.766667
11973,0.27613049380163474,-403.7536348797688,0.13718949703415556,-1.6439510628235119,-0.010348904942298513,-0.17526443714568246,-0.6195787197075949,4.834179118933759e-06,0.0007855914615236054,8.646401215923575e-05,0.0022996487652432646,103.775
11974,0.2771109996380506,-403.7670555704348,0.10836437164362091,-1.6320910228135304,-0.012744010407577153,-0.17571559303509562,-0.6194062747817916,4.846609659124391e-06,0.0007771803383999129,8.612786885722614e-05,0.0022976332246302774,103.783333
11975,0.2778431913774064,-403.7804532571126,0.07937207771659359,-1.6231059561590344,-0.015135838058152707,-0.1759808966763735,-0.6192771133242831,4.862430500417376e-06,0.000769600107063778,8.585656526067521e-05,0.002301829397958302,103.791667
11976,0.27832804072325884,-403.79386138012995,0.0502598952445596,-1.6169424255792193,-0.017523716479563946,-0.17606090021668594,-0.6191914013062795,4.881505999464499e-06,0.0007628287777401354,8.565079370037416e-05,0.002312169087563615,103.8
11977,0.2785632427542643,-403.80734438913123,0.021073771633128832,-1.6135722761839133,-0.019912258573178358,-0.17595333850313508,-0.6191497696875257,4.903710949569899e-06,0.0007568452484650744,8.551226589297671e-05,0.002328635845085337,103.808333
11978,0.27854862660227026,-403.820863386892,-0.008142842925080062,-1.6129631845772916,-0.022287940221179383,-0.17565909663302362,-0.6191523577979553,4.928930703876908e-06,0.000751630596746976,8.544369836290601e-05,0.0023512638604258635,103.816667
11979,0.27828395988981697,-403.8344986675233,-0.03734272240301785,-1.6151271684276516,-0.02465811308714057,-0.1751765991780319,-0.6191991999634697,4.957061450144938e-06,0.0007471676458872752,8.544880420531324e-05,0.0023801385547412407,103.825
11980,0.27776903011838905,-403.8482308572743,-0.06648229573218455,-1.6200706783123786,-0.02701249311931234,-0.17450636875774542,-0.619290210769123,4.988010684652967e-06,0.0007434411932161233,8.553232497465421e-05,0.0024153956526518617,103.833333
11981,0.2770063969257222,-403.8621274017457,-0.09551293207513527,-1.6278399687238847,-0.029356107748802703,-0.1736484167677966,-0.6194246999982148,5.021697869245301e-06,0.0007404381968822899,8.570005237974852e-05,0.002457223281006949,103.841667
11982,0.2759970860187417,-403.87621888026354,-0.12438849951725292,-1.6384905278754713,-0.031687169892749945,-0.17260251536670024,-0.6196021365596442,5.058055264198174e-06,0.0007381471766273268,8.595890637591095e-05,0.0025058617646217442,103.85
11983,0.27474087264842223,-403.89047160585517,-0.15306635779034694,-1.6520781666124724,-0.03399245615466695,-0.17136975791446482,-0.6198220967930321,5.097028965646098e-06,0.0007365588685536714,8.631700347537184e-05,0.0025616063957773234,103.858333
11984,0.2732403636350883,-403.904984326855,-0.1814961921086384,-1.6687169994114723,-0.03628161317928793,-0.16994866102358183,-0.6200835506908728,5.138580095956364e-06,0.0007356667160000682,8.678372756888907e-05,0.0026248116217971688,103.866667
11985,0.2714982623281664,-403.9197518670666,-0.20963141708667554,-1.6885118703168627,-0.038546119583959336,-0.16834110628748136,-0.6203853490169848,5.182686200138174e-06,0.000735466204864053,8.736989604002966e-05,0.0026958913702452695,103.875
11986,0.2695177022293793,-403.93482368298646,-0.23742251435919692,-1.711606680792794,-0.040786503490561614,-0.16654727611941494,-0.6207261704054516,5.229342858978746e-06,0.0007359550344158613,8.808788044561612e-05,0.00277532418482601,103.883333
11987,0.2673015249596372,-403.9502186456736,-0.2648210287648923,-1.7381594245216192,-0.0429977043372567,-0.16456829190268352,-0.6211046509228207,5.278565501047424e-06,0.000737133172634024,8.895180608916052e-05,0.0028636562093711,103.891667
11988,0.2648519256951008,-403.9659543125135,-0.29177861722606646,-1.768352919371179,-0.04517400570243372,-0.16240504969413924,-0.621519445969827,5.330391449601878e-06,0.0007390031101104373,8.99777518760527e-05,0.0029615064248394453,103.9
11989,0.2621758629558697,-403.98211604573953,-0.31823834745930135,-1.8024242790323952,-0.04732101505272994,-0.16005822649585116,-0.6219683258345091,5.384882199185453e-06,0.0007415701879658753,9.118399143601029e-05,0.003069572242706854,103.908333
11990,0.2592755023066052,-403.9986977441903,-0.3441513694540312,-1.8406064373131141,-0.049428156360811805,-0.157529734751505,-0.6224497993444063,5.442125984094157e-06,0.0007448414875881611,9.259136640402994e-05,0.003188629588731697,103.916667
11991,0.25615629962952885,-404.0157275843097,-0.3694627915779292,-1.88317941493228,-0.05149059274633949,-0.15482209049524978,-0.6229617579188239,5.502240626451869e-06,0.0007488273459018816,9.422354786375338e-05,0.0033195434731517364,103.925
11992,0.2528246636175106,-404.03327809309036,-0.39411295313183464,-1.9304792572927525,-0.053509980655027836,-0.15193613472210413,-0.6235018890203984,5.5653766589164345e-06,0.0007535406200956447,9.610748253011056e-05,0.0034632699010807917,103.933333
11993,0.2492874829257624,-404.05137308965817,-0.4180424965650187,-1.982863103252284,-0.05547986506035984,-0.14887550859314505,-0.6240677689081665,5.631720815615732e-06,0.0007589966345294316,9.827391570620453e-05,0.0036208575526800787,103.941667
11994,0.24554883320546786,-404.0700736608698,-0.4411910423275908,-2.040749869861167,-0.05739817095053612,-0.14564032888367107,-0.624657391895901,5.701499873977247e-06,0.0007652132663281369,0.00010075791195354027,0.003793451895274582,103.95
11995,0.2416166684790057,-404.0894087580586,-0.4634932387166161,-2.104595927509555,-0.0592581469060217,-0.14223491559657592,-0.6252681132814142,5.774984857638253e-06,0.0007722118781665334,0.00010359948012033538,0.003982299312579486,103.958333
11996,0.23749849659093822,-404.1094725689243,-0.48487725330899356,-2.1749464194137387,-0.061061512904753326,-0.1386596544209871,-0.6258973594397368,5.852495609113419e-06,0.0007800164185544505,0.00010684430121545345,0.004188744895336138,103.966667
11997,0.23320464981855166,-404.13027892182436,-0.5052695392063886,-2.2523686336940076,-0.06279844258737345,-0.1349214938975502,-0.6265421444476451,5.934405751364955e-06,0.0007886536921552054,0.00011054461513111921,0.004414227955710703,103.975
11998,0.22874336872856266,-404.15191713222544,-0.5245900973275691,-2.3375381957794095,-0.06446827308393273,-0.13102183093114142,-0.6271998359861288,6.021147963141107e-06,0.0007981527128068623,0.00011476006564458217,0.004660278383778417,103.983333
11999,0.22412300454775932,-404.174455411358,-0.5427552863796116,-2.431198163044421,-0.06606627112795689,-0.12696361653336224,-0.627867820940058,6.113219509954051e-06,0.0008085453234723976,0.00011955875382728203,0.004928510369428333,103.991667
12000,0.21935394224876426,-404.19796608550354,-0.5596728640006188,-2.534179357503584,-0.06758770474681504,-0.12275097817852848,-0.6285432460851614,6.211187951398297e-06,0.0008198661062680081,0.00012501823821493016,0.0052206200342195825,104.0
12001,0.21444897199256452,-404.2225521848225,-0.5752380824405481,-2.647423444415781,-0.06903114645884498,-0.11838758885288356,-0.6292230068109225,6.3156967377499e-06,0.0008321516304563328,0.0001312266241891997,0.0055383824042292765,104.008333
12002,0.20942160101524424,-404.24828462819596,-0.5893399590817605,-2.7719492643157393,-0.07039024411234165,-0.1138799841768175,-0.6299040207949881,6.427470399122965e-06,0.0008454394213219088,0.00013828368557618326,0.005883654791497989,104.016667
12003,0.20428110086880372,-404.2754199864517,-0.6018471257570807,-2.9090204398743986,-0.0716765806663824,-0.10921963554940653,-0.6305838974081327,6.547318775761768e-06,0.0008597671800722255,0.0001463016126165882,0.006258416728875316,104.025
12004,0.1990483964467603,-404.30378197941997,-0.6126411519430757,-3.0596835292522955,-0.07285610792061292,-0.10443542741428692,-0.6312588547620186,6.676139828373498e-06,0.000875173044021628,0.00015540584813052703,0.006664846283415333,104.033333
12005,0.19373544649050106,-404.3337573721871,-0.6215505818518862,-3.2255220536970404,-0.0739518566986177,-0.09951161384234866,-0.6319264785379058,6.814919120779068e-06,0.0008916909908575124,0.0001657338084811979,0.007105535510238769,104.041667
12006,0.18836003881248808,-404.36535088820403,-0.6284185797827818,-3.407931041213883,-0.07494599421082138,-0.09446348537558295,-0.6325837972620296,6.9647251478778525e-06,0.0009093515493020344,0.0001774350887651658,0.0075837695563909,104.05
12007,0.1829417672311293,-404.3987240319873,-0.6330534103831557,-3.6085117034104437,-0.07583637611466894,-0.08929632889142015,-0.6332278597632213,7.1266983195353395e-06,0.0009281777367737753,0.00019066717992838276,0.008104183368991727,104.058333
12008,0.17750103618486163,-404.4340074437847,-0.6352479502380324,-3.8289009984799853,-0.07661662312346294,-0.08401857713917049,-0.633855886170245,7.302029749469016e-06,0.0009481814192718082,0.0002055904485965403,0.008673751617802247,104.066667
12009,0.17206171250102884,-404.47136725134015,-0.6347651821461536,-4.07076789589086,-0.07728352514505012,-0.07863803395039666,-0.6344649943326824,7.4919264067535456e-06,0.0009693593361033356,0.00022235868909551332,0.009303462687383654,104.075
12010,0.16664821655065037,-404.51106369131253,-0.6313326377324493,-4.33581639294625,-0.07783949267109047,-0.07315569957659968,-0.6350525723718986,7.69755695329738e-06,0.0009916877111649186,0.00024110515410519055,0.01001088713049972,104.083333
12011,0.1612892919980213,-404.55317129902136,-0.6246742624803685,-4.625377922573998,-0.07827305936718813,-0.06758899550883224,-0.6356158970159634,7.919971954327937e-06,0.0010151174810059942,0.0002619224913868388,0.010823998184873429,104.091667
12012,0.15600975333174186,-404.59778908403644,-0.6145022918239065,-4.940544968623765,-0.07857353387146704,-0.06195190874470108,-0.6361530267583718,8.159989765870982e-06,0.00103956886246905,0.0002848332290201031,0.011786669601079328,104.1
12013,0.1508474486157333,-404.64498496341184,-0.6004911699177883,-5.281715456590171,-0.07873585972322347,-0.05626580939952843,-0.6366610839074907,8.418039805525986e-06,0.0010649301747812003,0.00030975290812443974,0.012965928925391805,104.108333
12014,0.14584328258700605,-404.69574388522835,-0.5821288918335765,-5.6493715561769795,-0.07880544562876902,-0.050479400854565565,-0.6371373827555681,8.693954210804047e-06,0.0010910544660541963,0.0003364461912017129,0.014460221196342502,104.116667
12015,0.14101601359101767,-404.7494867408728,-0.5592316776716513,-6.0416779935771245,-0.07872709215636704,-0.04465535486922433,-0.6375817256776629,8.986705431389654e-06,0.0011177644273345532,0.000364487535645561,0.016406096968907036,104.125
12016,0.13642243879694774,-404.80671577359044,-0.531337610938047,-6.455695593902587,-0.07852556564940712,-0.03878190413417743,-0.637990761788263,9.294095922295022e-06,0.0011448758737584606,0.0003932076741909434,0.01898396678298341,104.133333
12017,0.13212468399611416,-404.8677923477577,-0.49802096426702375,-6.885876883968339,-0.07821762838633294,-0.03285434603827081,-0.6383612670204977,9.612408097134635e-06,0.0011722100269037437,0.0004216810796236522,0.022408613906751855,104.141667
12018,0.12814776821465906,-404.93233826463194,-0.4591729217294281,-7.324584214833243,-0.07777411200949505,-0.0269104643937634,-0.638693609709105,9.936051992386524e-06,0.0011996290103696821,0.0004487449868580884,0.026899407799072208,104.15
12019,0.12455637736855332,-405.00071291692205,-0.4145191536639545,-7.760864361060683,-0.07721655091149836,-0.020933621404966903,-0.6389850549396329,1.0257300093422961e-05,0.001227094089461016,0.0004730856656852104,0.032626876165787265,104.158333
12020,0.12139418523010768,-405.07258430171515,-0.3641362228269159,-8.180949142539674,-0.07653692121929703,-0.014947322216926125,-0.639234847239115,1.0566197062011105e-05,0.001254690657638303,0.0004933971978007978,0.03961746166069429,104.166667
12021,0.11871088646642732,-405.1476737687294,-0.30825704492580663,-8.568427743460141,-0.07573892890237585,-0.008961898347315915,-0.63944179696258,1.085076504633312e-05,0.0012826531931988381,0.0005086057150729086,0.04764911368341015,104.175
12022,0.11655156354145832,-405.2255743806138,-0.2473733692275712,-8.905392842967997,-0.07482682532953278,-0.002985521830068289,-0.6396049918086207,1.1097624706667503e-05,0.0013113323857964106,0.0005181000452852902,0.05616475337516927,104.183333
12023,0.11495462376692905,-405.30573683272536,-0.18225983173403948,-9.174057368852084,-0.07380492832364612,0.0029748054724654345,-0.6397237652014676,1.129306919250102e-05,0.0013411017668312644,0.0005218873278068106,0.06426949606835322,104.191667
12024,0.11395269664635588,-405.38737511426524,-0.11398689273997473,-9.358565406661002,-0.0726802934700458,0.008905556297945873,-0.6397974512954332,1.1424521793430681e-05,0.0013722036226256125,0.0005205845201238109,0.07086201690060769,104.2
12025,0.11356603754070647,-405.4696742230687,-0.04383675966276167,-9.447559224760083,-0.07145995507046074,0.0148000155969441,-0.6398257161412457,1.1482147110219474e-05,0.0014045687993418528,0.0005152142221635569,0.07489753291764874,104.208333
12026,0.11380297575096324,-405.55171955494603,0.026757554878029357,-9.435743610479708,-0.07015209333575383,0.020649418091955262,-0.6398084072666406,1.146027048673187e-05,0.0014376767139683932,0.0005068733314761013,0.07569600601483972,104.216667
12027,0.11465773279461287,-405.63261393837934,0.09633835673584953,-9.324857018850098,-0.06876448973741126,0.026446916971675827,-0.6397456668159988,1.1358247665123051e-05,0.0014705186244731196,0.0004964134569206215,0.07315929137827938,104.225
12028,0.11611188221712958,-405.7115389543105,0.16354334625535147,-9.123238715325659,-0.06730445114632791,0.03218752169140025,-0.6396378561180204,1.118054803937942e-05,0.0015016978567227138,0.00048427540212590635,0.06778873918271365,104.233333
12029,0.11813750407447597,-405.78767287009526,0.22717377434997385,-8.844355283797903,-0.06578412580355969,0.03785969223958106,-0.6394854221730044,1.093603950185361e-05,0.0015296428903715806,0.0004705294817286177,0.06050071484446387,104.241667
12030,0.12069615837312829,-405.8604057354322,0.28630425593470854,-8.504968591216507,-0.06421385485334183,0.043456960173777454,-0.6392891256179232,1.0636684378102894e-05,0.0015528647318457738,0.00045506331336745185,0.052341332212006424,104.25
12031,0.12374454636709614,-405.929294688466,0.3402940095586644,-8.122744225906048,-0.0626048578267017,0.048974537296476654,-0.6390497939512183,1.0295990709192923e-05,0.0015701813247832829,0.00043779731646822746,0.044227197692478654,104.258333
12032,0.12721747892425697,-405.99391521019504,0.3887601512572975,-7.715658721635369,-0.060967367018845926,0.054392231325544466,-0.6387698944112957,9.927556174570295e-06,0.0015808509822379775,0.0004188286557799165,0.03679881410959753,104.266667
12033,0.13107977309264784,-406.05430237580765,0.4316087147805787,-7.297399436983349,-0.059311691235691424,0.05972258721337141,-0.6384495661642376,9.543954469355989e-06,0.001584614177046911,0.00039846130681253417,0.03039387503746796,104.275
12034,0.1352941810774927,-406.11064368903345,0.46891871696271975,-6.879298718251745,-0.05763951581962089,0.06498008588443437,-0.6380891687926785,9.156010420657696e-06,0.0015816216123715132,0.0003771652287418029,0.025105815108193347,104.283333
12035,0.13979687635851526,-406.16285508003443,0.5008611719530882,-6.471484836332498,-0.05596105552471962,0.07014486039935314,-0.637691595914604,8.772465875996197e-06,0.001572337855261709,0.00035549102047257843,0.020868331569420872,104.291667
12036,0.14454166106055225,-406.21097612649953,0.5277035626826607,-6.080517658793802,-0.05429253884199564,0.0752079544651851,-0.6372586574439402,8.399979054520641e-06,0.0015574482712000625,0.00033397633617252346,0.017533430442966045,104.3
12037,0.1494844356473402,-406.2553753444498,0.5498108214375482,-5.710496371121866,-0.0526288084518084,0.08017583793122793,-0.636792396475467,8.043309088288976e-06,0.0015377459932230503,0.0003130848432766156,0.01492989529277369,104.308333
12038,0.15458368575353032,-406.2962125762634,0.5675310739432371,-5.363870554244295,-0.05098061706673171,0.08504158972342556,-0.6362950709983599,7.705600267008053e-06,0.0015140525400422226,0.0002931756256860339,0.01289622755449345,104.316667
12039,0.15980350555650596,-406.33380967984266,0.5812313712192295,-5.041531606981543,-0.04934680982211232,0.08980742950681253,-0.6357688500089944,7.388697385812681e-06,0.0014871632057656952,0.0002744955035810952,0.011295886793332847,104.325
12040,0.16510960617289697,-406.3683759172146,0.591250788208511,-4.7435077183025625,-0.0477343771099546,0.0944687824140581,-0.6352161766415667,7.093445981705058e-06,0.0014578117074226758,0.00025718931663690453,0.0100207929147121,104.333333
12041,0.17047088288027884,-406.4002408775213,0.5979220152914858,-4.469066053455221,-0.04613801522810463,0.09902719011359915,-0.634639592087522,6.819956586066602e-06,0.001426654447330358,0.00024131731337268596,0.008988999146511387,104.341667
12042,0.17586020262755864,-406.4295603003748,0.6015312740368183,-4.217119636578721,-0.04456750593297231,0.10347700750921432,-0.6340416066851233,6.567822744563993e-06,0.0013942647610547595,0.0002268756781622757,0.008140033561344993,104.35
12043,0.18125224654515254,-406.4567141477082,0.6023639912095274,-3.9862239679166542,-0.043007627383380986,0.10782284551956746,-0.633424889506969,6.336293189680688e-06,0.0013611339237725995,0.00021381499278765517,0.00743003373467948,104.358333
12044,0.18662339341755224,-406.4817949270066,0.6006514190396576,-3.7749708061190943,-0.04147035225077295,0.11205662399716741,-0.6327922530961914,6.124403398407241e-06,0.001327677262057186,0.0002020567687201898,0.0068273601910241385,104.366667
12045,0.19195567433218588,-406.50514734838805,0.5966214443577147,-3.5817473636781343,-0.03993884132445336,0.11618374940329462,-0.6321461365888845,5.931072894356508e-06,0.00129424222552202,0.00019150535582581718,0.006309210871235286,104.375
12046,0.1972272031295399,-406.5268515608776,0.5904624072693281,-3.4051682886675505,-0.038422088046901066,0.12019566374272737,-0.6314897134899043,5.755174163213145e-06,0.0012611141291414513,0.00018205771139116913,0.005859009596026901,104.383333
12047,0.20242292594707267,-406.54712686953945,0.5823505877020599,-3.243781308685662,-0.036912324561303354,0.12409314323512541,-0.6308255581169074,5.595581619812047e-06,0.0012285277945846252,0.000173609519939114,0.005464550504532723,104.391667
12048,0.20752728561673264,-406.56617441738643,0.5724448042101814,-3.0962596961153253,-0.03540074285639154,0.12787528117933486,-0.6301564984545678,5.451202828594067e-06,0.0011966714176459064,0.00016605970426081867,0.005116686759295195,104.4
12049,0.21251826675801927,-406.5844263317518,0.560909503475881,-2.96138374433072,-0.03384425419621781,0.1315443670888327,-0.6294864244930944,5.320998616728987e-06,0.001165694408987995,0.00015931308410898043,0.004808415457000666,104.408333
12050,0.21740091657431726,-406.60135101148796,0.5478134699316207,-2.838058557073389,-0.03232813868285946,0.13508587290606117,-0.6288157210713718,5.20399501045416e-06,0.0011357171044661567,0.00015328203638767903,0.004534227791098698,104.416667
12051,0.22215313664451852,-406.61736951598726,0.5332979868777694,-2.7252922738281,-0.030808727090233683,0.13850180143395552,-0.6281485381743945,5.099286260972603e-06,0.0011068219221896621,0.0001478862916473978,0.004289792052299652,104.425
12052,0.2267648187017326,-406.6326631106267,0.5174704994602849,-2.6221512463422485,-0.029272394639972856,0.1417922705289506,-0.6274875230682173,5.006038022803493e-06,0.00107907351887246,0.00014305400026867448,0.004071538195891552,104.433333
12053,0.23122471092706834,-406.64728010247717,0.5004233811748672,-2.527833945399436,-0.027722184449345672,0.1449522679059852,-0.6268355710984085,4.9234846262050805e-06,0.00105251605187206,0.00013872115662990242,0.00387650261913549,104.441667
12054,0.23552417694775676,-406.66130572892763,0.48224338256466137,-2.4415982450397844,-0.02615531926186584,0.14797938978869146,-0.626195266788305,4.850925653372595e-06,0.0010271774908347819,0.00013483109103829336,0.003702191656932003,104.45
12055,0.23965495115939087,-406.674870960094,0.4630135418704644,-2.3627766026432915,-0.024561014078820168,0.1508723564101313,-0.6255691818933173,4.787721294431617e-06,0.0010030714790413362,0.0001313339127305382,0.0035464834062298653,104.458333
12056,0.24360244514337634,-406.68830487749125,0.4428219848763027,-2.2908033730480377,-0.022895881135261337,0.15362995422461587,-0.624960901551435,4.73328733652976e-06,0.0009802000099102947,0.0001281859132972087,0.0034075547513161782,104.466667
12057,0.2473724668531883,-406.7010617547373,0.42170893606885657,-2.2251117297648597,-0.02125163003241556,0.1562430457578346,-0.624370876602425,4.6870903026916144e-06,0.0009585584797385771,0.00012534898761619356,0.0032838199943341835,104.475
12058,0.25094691789654333,-406.71376157720283,0.39976669056901326,-2.1652739707926005,-0.01953826852580759,0.15871438847935398,-0.6238032635604259,4.64864169884943e-06,0.0009381289921639096,0.00012278990310743697,0.003173925961329019,104.483333
12059,0.25432863736616484,-406.72593499863007,0.37703583161738835,-2.1108305692761493,-0.017836908294518856,0.16103626251818576,-0.6232589185343977,4.617494075901338e-06,0.0009188927178532588,0.00012047995866963385,0.003076676684896008,104.491667
12060,0.2575033919111801,-406.7381328947769,0.3535967007269965,-2.0614552124059977,-0.016065075845735292,0.16321021152553483,-0.6227414012797455,4.593236001530772e-06,0.0009008225191783463,0.0001183943679778895,0.0029910448580667223,104.5
12061,0.2604672700635077,-406.7501405191969,0.3294963098879454,-2.016807401384431,-0.01426287167356351,0.16522951518187087,-0.6222525937916108,4.57548855127481e-06,0.0008838913532158437,0.00011651189502445743,0.0029161239470924887,104.508333
12062,0.26322300402394916,-406.7617145416236,0.3047808743288775,-1.9765378825526836,-0.01247723188072953,0.16709289514992404,-0.6217932097980896,4.563901518551853e-06,0.0008680690647447538,0.00011481442745095415,0.002851131181534037,104.516667
12063,0.26575524382632665,-406.7734466725181,0.2795224583618418,-1.9404754208272768,-0.010614847184947294,0.16879866452944606,-0.6213669194190465,4.55815013852316e-06,0.0008533212144920156,0.0001132866457326843,0.0027953947171027588,104.525
12064,0.26806945046156494,-406.78481259286383,0.25375518047434503,-1.9083018553509763,-0.00876955829582549,0.1703440225910946,-0.6209738492809346,4.5579327633093936e-06,0.0008396166519612799,0.0001119157357733327,0.0027483254837332117,104.533333
12065,0.27015803043168685,-406.7961705207585,0.22754069810024827,-1.8798643024939758,-0.006886229726665487,0.17172817656762962,-0.620616246877979,4.562968181484306e-06,0.0008269205715356731,0.00011069113442916753,0.0027094286846709994,104.541667
12066,0.272011010668232,-406.8077707376824,0.2009339756200298,-1.855049705557064,-0.004926463432020978,0.1729457301238601,-0.6202967169556662,4.572993903193611e-06,0.0008152000302221632,0.00010960430856895643,0.0026782808454808476,104.55
12067,0.2736318231093908,-406.8193256308036,0.17397563511046676,-1.8336418883105523,-0.002944819065238527,0.17399612127901565,-0.6200154760137292,4.5877646579188515e-06,0.0008044249601377271,0.000108648578771387,0.002654525425802257,104.558333
12068,0.27501677436418337,-406.83089586778925,0.14671446812814198,-1.8155240987963717,-0.0009360859763594539,0.17487705818317392,-0.6197738708111562,4.607050961339802e-06,0.0007945640611749967,0.00010781896185635637,0.002637875198465111,104.566667
12069,0.2761646325133676,-406.84249953643575,0.11919847537857754,-1.8005854542320265,0.0010975931584356977,0.17558743015807085,-0.6195727256228628,4.630638248675735e-06,0.0007855877850817554,0.00010711204839273593,0.0026281025192120685,104.575
12070,0.2770763107962423,-406.85387117024703,0.09146505184248475,-1.7886764144180645,0.003104147417493156,0.17612828641451667,-0.6194123857895453,4.658326178724483e-06,0.0007774678584782429,0.00010652590112931398,0.0026250361624147282,104.583333
12071,0.27774235020753835,-406.8656117492374,0.06357778517687818,-1.7798715746917642,0.005183844985863321,0.17649204017434458,-0.6192949218121041,4.689928182405009e-06,0.0007701770164239795,0.00010605996138000479,0.0026285619665438113,104.591667
12072,0.27817019062561327,-406.8771293253268,0.0355653452737606,-1.773964454524584,0.007227044763245962,0.17668535192807633,-0.6192193221420355,4.725271420090981e-06,0.0007636923214097797,0.00010571504459099107,0.0026386101038134925,104.6
12073,0.2783496395796116,-406.88908561835484,0.007492396521833735,-1.7711002071427686,0.009344847987405947,0.17669727697173396,-0.6191875796581087,4.764196674867762e-06,0.0007579902161875339,0.00010549321569730709,0.002655167714751125,104.608333
12074,0.2782862361600086,-406.9011798324547,-0.020602241841472045,-1.771172653566141,0.011478579821674979,0.17653216229993915,-0.6191987972816044,4.806558778614524e-06,0.0007530520230729712,0.00010539789731786791,0.002678263049666557,104.616667
12075,0.2779824050697299,-406.9131209241714,-0.048684063087607504,-1.7740987098978505,0.01357124960090902,0.17619492871149772,-0.6192525179251354,4.852226981696797e-06,0.0007488593450546101,0.00010543376711618118,0.0027079757654731394,104.625
12076,0.2774354079918053,-406.92525291110366,-0.07669588554465909,-1.7799911796419559,0.01567768209068796,0.17567990519898555,-0.6193490888582455,4.90108558140985e-06,0.0007453953729949973,0.00010560674505835859,0.0027444382379288416,104.633333
12077,0.2766443360543113,-406.93761350015944,-0.10459170373320431,-1.7889016873633352,0.01779835201717908,0.17498521474893336,-0.6194884227818485,4.953034796197993e-06,0.0007426464639861477,0.00010592415282942704,0.002787827283016548,104.641667
12078,0.27561091593120585,-406.9501833063314,-0.13232551958045263,-1.800875056613974,0.01992362527802649,0.17411154085898475,-0.6196698582079743,5.007991815788281e-06,0.0007406016651626461,0.00010639472724001923,0.002838369544815604,104.65
12079,0.2743383773382892,-406.96300975794514,-0.1598465874485778,-1.815989637635733,0.02205545002928207,0.173059308976466,-0.6198923659608933,5.065891996648466e-06,0.0007392520752262001,0.00010702868230476544,0.0028963431967914013,104.658333
12080,0.272823592109073,-406.97636786344043,-0.18709872319689852,-1.83444403166431,0.02423398776482935,0.17181925988450825,-0.6201559226886042,5.126690232390707e-06,0.000738590588903657,0.00010783783504180211,0.0029620777384202998,104.666667
12081,0.2710746513573579,-406.9897402173793,-0.21405451720893562,-1.856159733116393,0.026363513543771224,0.17040771581225037,-0.6204584500361637,5.190362605112957e-06,0.0007386137503253298,0.0001088358429628736,0.0030359535125837555,104.675
12082,0.2690891958854482,-407.0037053188545,-0.24064009372388714,-1.8814848889104605,0.028535244121708412,0.1688079470421732,-0.6207995888644913,5.2569080619745876e-06,0.000739318835292285,0.00011003799048941238,0.0031184179875452015,104.683333
12083,0.2668717191976739,-407.01799586939575,-0.2668184088909421,-1.910480143978406,0.030695711287452264,0.1670285919981728,-0.6211777003721763,5.326350400308646e-06,0.0007407068037001193,0.00011146190520012885,0.0032099667211864997,104.691667
12084,0.2644271084607344,-407.0326743259103,-0.29253367199013935,-1.9433457306182527,0.032847574275682086,0.16507021604486286,-0.6215910016362093,5.398740446113981e-06,0.0007427805750180542,0.00011312733466119908,0.0033111644278406615,104.7
12085,0.2617644413250577,-407.0474583069754,-0.31774618376379044,-1.9801572017911317,0.03493718828845395,0.16294768473492924,-0.6220369423032874,5.4741583421237565e-06,0.0007455450721463175,0.00011505657060192597,0.0034226390865346773,104.708333
12086,0.25888205278824666,-407.0626752718273,-0.3423913453274468,-2.021301260328129,0.03700995001671355,0.16064934296608074,-0.6225147105734345,5.55271596548772e-06,0.0007490063465530249,0.0001172744515369181,0.0035450946824316593,104.716667
12087,0.2557827906171491,-407.0786234988176,-0.36639637247057977,-2.067188078931663,0.03910396016099702,0.15816498626637798,-0.623022656165154,5.634559657063694e-06,0.000753174586478803,0.00011980914378368913,0.003679302063123115,104.725
12088,0.2524759443877058,-407.09507534801065,-0.3897138821512845,-2.1180151339674747,0.04117311907025586,0.15550780559548605,-0.6235580240369801,5.719873329579296e-06,0.0007580628989027519,0.00012269259255825516,0.0038260957387970342,104.733333
12089,0.24896823886603603,-407.1118619126987,-0.4122970710691702,-2.174041504261516,0.04318213522608213,0.1526891176924406,-0.6241184576758009,5.808881597272329e-06,0.0007636857817286495,0.00012596041725303886,0.0039863933956307196,104.741667
12090,0.24526442734831325,-407.1292459529876,-0.4340683605092306,-2.2357837276153725,0.045161869312002244,0.1497012657124384,-0.6247018883278165,5.901852874899261e-06,0.000770060024470673,0.00012965230476598533,0.004161203866000256,104.75
12091,0.2413694285947765,-407.14754122468764,-0.45494040737324726,-2.3038510463995086,0.04714735517792503,0.14653261770321,-0.6253061902178576,5.999102754121388e-06,0.0007772052837399955,0.00013381303732008058,0.004351610201874504,104.758333
12092,0.2372926988876771,-407.1662637981796,-0.4748820934674033,-2.3784694579390933,0.04905589878054553,0.1432114216684019,-0.6259285264106024,6.100997709901006e-06,0.0007851440625908561,0.0001384932140164949,0.00455876485170281,104.766667
12093,0.233042039660603,-407.1857573317177,-0.49379428785610596,-2.4603701346987914,0.050926543883593654,0.13972697160699596,-0.6265663358413139,6.20795842013244e-06,0.0007939006595005211,0.00014374842593836525,0.004783950696026054,104.775
12094,0.2286241843463491,-407.2063604884411,-0.511571530283977,-2.550375817912494,0.052792557799470397,0.1360661541737224,-0.6272172352585366,6.320462822936208e-06,0.0008035014941843063,0.00014964115862926258,0.005028536726832894,104.783333
12095,0.22405400982762205,-407.2276157158771,-0.5281663532786202,-2.6488690319933497,0.054578523938280846,0.13226223368438841,-0.627877694253853,6.439049328771356e-06,0.0008139752831527987,0.00015624143654189594,0.005293989752640365,104.791667
12096,0.21933811587505203,-407.2498524254909,-0.543465835316501,-2.7568175324691846,0.05631516739196049,0.12830321362221747,-0.62854546372703,6.564318767684373e-06,0.000825350754177142,0.00016362537732669767,0.005581979174414448,104.8
12097,0.21448949003834739,-407.2731745236143,-0.5573607295448928,-2.875115799654142,0.05800158663593611,0.12419228945297461,-0.6292174535596916,6.69693510780216e-06,0.0008376585386216898,0.00017187703736358206,0.005894378713326062,104.808333
12098,0.20951856907109626,-407.29766147687843,-0.569741323028765,-3.004744427196626,0.05963170209614844,0.11993271310310932,-0.6298910359013243,6.83762487574223e-06,0.000850928859406045,0.00018108779880724235,0.0062333783112902335,104.816667
12099,0.20443953479508367,-407.3234266470951,-0.5804793269068947,-3.146785495068065,0.061203180288309164,0.11552811096427591,-0.6305631918972299,6.987173778234796e-06,0.0008651915674824928,0.0001913555056981713,0.00660167185033783,104.825
12100,0.1992652101315339,-407.3505753713954,-0.5894401203458132,-3.302419856316699,0.06271072803594466,0.11098202413747187,-0.6312312314703317,7.146419565837366e-06,0.0008804740530399919,0.00020278311056965873,0.007002727063352613,104.833333
12101,0.19400995996208642,-407.37926334092606,-0.5964687787368159,-3.47295820348239,0.0641533330362685,0.10629596392771885,-0.6318924201072638,7.316239615572766e-06,0.0008968003672639124,0.00021547594438816217,0.007441249084839772,104.841667
12102,0.18869613638445534,-407.4095929417066,-0.6013895287942647,-3.6596956955367337,0.06552490471195586,0.10147934172461844,-0.6325432338912711,7.497531275997072e-06,0.0009141891160519738,0.00022953769873051532,0.007923876933604669,104.85
12103,0.18333901870915925,-407.4420562029474,-0.6039689234251476,-3.864376442008887,0.06685361241052798,0.096512103396901,-0.6331812703180416,7.691181874885295e-06,0.0009326490905896132,0.0002450639510826336,0.00846023570460065,104.858333
12104,0.17795642596673392,-407.4762439153161,-0.6040856073543216,-4.08799333983133,0.06807710359786974,0.09143555158207049,-0.633804039548982,7.898026048934583e-06,0.0009521789916095163,0.0002621348809228939,0.009064432693295073,104.866667
12105,0.17257628229554964,-407.5126035359862,-0.6014552515538465,-4.332167047094933,0.06922043803754845,0.08623984478839955,-0.6344081752348111,8.118785097480966e-06,0.0009727646392766461,0.00028079738549715324,0.00975769861984936,104.875
12106,0.16721559185258744,-407.55119958282614,-0.5958585681743814,-4.59821416192561,0.07026600603332847,0.08093537922211311,-0.6349918625165971,8.353982893030552e-06,0.0009943733198247385,0.00030105295642206845,0.010571224515259119,104.883333
12107,0.16190494900988653,-407.59235590003203,-0.5869851989866451,-4.887347787041334,0.07122188180945184,0.075521353370356,-0.6355521075510885,8.603835372599004e-06,0.001016955988929886,0.0003228335199348837,0.011550679719405836,104.891667
12108,0.1566749553232968,-407.6363335193941,-0.5745166834097986,-5.200357899998541,0.07208755095608231,0.07000059267261216,-0.6360863264515575,8.868106677043586e-06,0.0010404428593120364,0.0003459771283205828,0.01276114291419219,104.9
12109,0.15155649988540154,-407.68331608246575,-0.55813501218769,-5.537404384432446,0.07285493427134045,0.06438095095702659,-0.6365923062543151,9.145928005411692e-06,0.0010647462518249432,0.00037019865931513647,0.014292646175058663,104.908333
12110,0.14657944381931196,-407.7333593829735,-0.537545830391376,-5.897776817318752,0.07350712913340754,0.05867858532807242,-0.6370683152272295,9.435579711845883e-06,0.0010897676237577457,0.00039506128185395726,0.016264771222704262,104.916667
12111,0.14178388748926987,-407.7868317828528,-0.5123687874046653,-6.279737849472129,0.07405128482467076,0.05288971521653333,-0.6375120374676305,9.734243927062516e-06,0.0011154108857142767,0.0004199553060310817,0.018827812110871946,104.925
12112,0.13721469220540405,-407.8438559161279,-0.4822799171521238,-6.679623249994262,0.0744814436502917,0.047027658545383065,-0.6379211758199498,1.0037744216837579e-05,0.001141598265987987,0.0004440966797653296,0.022154668586157236,104.933333
12113,0.13291625514195146,-407.90470886028817,-0.44696085251387685,-7.091960055235979,0.07479957062295041,0.04109037222338525,-0.6382939120978407,1.034030484341821e-05,0.0011682946052051055,0.0004665512600797465,0.02641856332008534,104.941667
12114,0.12893280376345942,-407.96939195534975,-0.4062228187568429,-7.508727949840516,0.07499557180933222,0.03509166732309655,-0.6386288059346185,1.0634387305453996e-05,0.0011955358515689423,0.0004863043618163336,0.031749151478901304,104.95
12115,0.12531170127388708,-408.03791921594996,-0.3599675499506893,-7.919258814043126,0.07506512937099133,0.029039525767316283,-0.6389244438677595,1.0910683973215985e-05,0.0012234520359608238,0.000502373823479257,0.038166176493793995,104.958333
12116,0.12210594497510507,-408.1101443708822,-0.30826258818648655,-8.309865327201276,0.07500597466345772,0.022947591064058533,-0.6391791802813523,1.1158356951006102e-05,0.0012522698354659315,0.0005139588563964723,0.04549656014605436,104.966667
12117,0.11935193418054822,-408.1858172873742,-0.25141424214539854,-8.66551323407046,0.07480848105814857,0.016825089172059073,-0.639392774601125,1.1365598264310005e-05,0.0012822789668858275,0.0005205884092623371,0.05330041039091819,104.975
12118,0.11710171319572263,-408.26466376285526,-0.18990311572607677,-8.968881837820955,0.0744768860418407,0.010676351498551047,-0.639563696311939,1.1520561216419913e-05,0.001313758371421182,0.0005222219249012142,0.0608526644042536,104.983333
12119,0.11539302668868195,-408.3461854678475,-0.1245182490434202,-9.203301187696201,0.07400803516582705,0.004509661050246701,-0.6396913211574045,1.161259559596641e-05,0.0013468421437246194,0.0005192294085445278,0.06721408603825513,104.991667
12120,0.11425855175735597,-408.4296628135155,-0.056323167140805784,-9.354076066177171,0.07340076536055952,-0.001660450422574028,-0.6397750254776113,1.163361531311155e-05,0.0013813738147029314,0.000512256067541287,0.07142213594988903,105.0
12121,0.11372037974397785,-408.51435615913846,0.01343010149013911,-9.410771643083892,0.07265487216849459,-0.00782674753228888,-0.6398144451708211,1.157933562561352e-05,0.0014167812262301626,0.0005019951930195954,0.07275240178184543,105.008333
12122,0.11379273585965803,-408.59932347818307,0.08332924568046161,-9.368516071391932,0.07177398926525198,-0.013973223218282984,-0.6398091560565882,1.1450061681508702e-05,0.0014520350034987627,0.000488975591856453,0.07094915288132378,105.016667
12123,0.11446674909976355,-408.68378993184916,0.15197893797334658,-9.229867264265476,0.07075405221090668,-0.020096515667830366,-0.6397597258578793,1.1250792633659333e-05,0.0014857253324573848,0.00047346578788287684,0.06631713835294113,105.025
12124,0.11573179804280984,-408.7668704795936,0.21804562068579536,-9.002947956477747,0.06959973894902838,-0.02618367628195008,-0.6396661661449582,1.0990601119759414e-05,0.0015162582515851786,0.0004555332579616918,0.059619700751781114,105.033333
12125,0.11757345952856416,-408.84788228737614,0.2804003201807409,-8.700440464863338,0.06831791399911548,-0.03223265352284178,-0.639528131789123,1.0681427086175341e-05,0.0015421012186577323,0.0004352119347388138,0.05184075113935276,105.041667
12126,0.11993434994125166,-408.9260525930993,0.3381226603643022,-8.340577771624142,0.06690305925931189,-0.038218029899730506,-0.6393480081523116,1.0336574072411999e-05,0.0015620132772942367,0.00041268259833826754,0.04391928757969308,105.05
12127,0.12278539323059091,-409.00094453089275,0.3906120656855124,-7.9400670441504575,0.0653663946997977,-0.0441365804575346,-0.6391257383218625,9.969301148346392e-06,0.0015752163706239722,0.00038835473578520684,0.03655912458638793,105.058333
12128,0.12609234410465262,-409.0722187630226,0.437511449809555,-7.515168160007869,0.06371992046272651,-0.04998372703712951,-0.6388614180271819,9.5916939772596e-06,0.0015814200846410243,0.000362854585305683,0.03016598738488564,105.066667
12129,0.12978127979838905,-409.1397184900835,0.4787347941251339,-7.08196920426655,0.061955033098970075,-0.055743655409398,-0.6385583226544806,9.21394355950794e-06,0.0015807750587027187,0.0003369328309166589,0.024879386623662184,105.075
12130,0.13382877806653876,-409.2033377258612,0.5143309870320187,-6.6513389561986855,0.06009278132835881,-0.061416629622674426,-0.6382157690891171,8.844076874833212e-06,0.0015737898267031555,0.00031133731305792015,0.0206515205103167,105.083333
12131,0.13817375941304633,-409.263056321865,0.5445145161597285,-6.233100440150768,0.05813718596544325,-0.06698734282528677,-0.6378364023675875,8.487967460389677e-06,0.0015611733535694586,0.0002867201880038685,0.017338452172726896,105.091667
12132,0.14275908703787488,-409.3191569422082,0.5696241662431755,-5.833848594028083,0.05607922013773478,-0.0724538713661603,-0.6374229916380483,8.14957856562134e-06,0.0015437472139273433,0.00026357704361443387,0.014763185134686668,105.1
12133,0.14756779169251785,-409.371463151252,0.589937504193365,-5.457129976002959,0.05396068337031485,-0.07780456423606279,-0.6369750443386657,7.831299557174503e-06,0.0015223549678302203,0.0002422320679207521,0.012756676054741378,105.108333
12134,0.15253116148469936,-409.4205272851111,0.6058991217371711,-5.105700068968219,0.05175140805994128,-0.08303953955349433,-0.6364972421861363,7.534280936175596e-06,0.0014977791577344783,0.0002228515700453394,0.011177544964511711,105.116667
12135,0.15763319504018378,-409.46638270104773,0.6178325063742848,-4.779991277269916,0.049479353539594026,-0.08815523999134005,-0.6359897482753737,7.25877594892122e-06,0.001470745344056509,0.0002054752779555387,0.009914693456317186,105.125
12136,0.1628262854011391,-409.50917278020233,0.626098005886263,-4.480150970230892,0.047154270362146956,-0.0931365147501377,-0.6354561960377844,7.004399624675962e-06,0.001441874734389639,0.00019004880240409614,0.00888601120035836,105.133333
12137,0.1680869194822032,-409.54915685247414,0.6310228706934847,-4.2051448671138365,0.044782550022157926,-0.09798607895927257,-0.6348982313880708,6.770356166716932e-06,0.001411707332611735,0.00017645623266097183,0.008032184532920301,105.141667
12138,0.17339579184449996,-409.58639160558425,0.6328890075812592,-3.9536736539142514,0.04238925871977645,-0.1026994570977872,-0.6343173377206457,6.555598459535303e-06,0.0013806936845592588,0.00016454631453176305,0.007311253369522243,105.15
12139,0.17871251855334774,-409.62139214798566,0.632010359463457,-3.724247805842137,0.03994576776630323,-0.10727891894546943,-0.6337176673120705,6.358947635895383e-06,0.001349204682072288,0.00015415171282416463,0.006693688388204497,105.158333
12140,0.1840185489773422,-409.65415146671967,0.6286143577153506,-3.515259719886685,0.03747957007302038,-0.11171608248914694,-0.6331013437171175,6.17918196840062e-06,0.0013175572471654903,0.00014510392672748078,0.006158428366179768,105.166667
12141,0.1892924444742399,-409.68478493296675,0.6229192054578184,-3.3250776782446776,0.035004335529131216,-0.1160065920986644,-0.6324710900585244,6.015089234153587e-06,0.0012860113270524662,0.00013724060927751088,0.0056903646085227156,105.175
12142,0.1945114713989213,-409.71370871183694,0.6151406565870925,-3.1520251269710675,0.032496146949088735,-0.12015518656529528,-0.6318300754561486,5.8655037392025e-06,0.0012547820829520457,0.0001304111014630728,0.005278377196297848,105.183333
12143,0.19966016409921328,-409.7408737674868,0.6054410311917134,-2.994626859396231,0.02998383042178961,-0.12415407789698903,-0.6311808358392909,5.729327829353744e-06,0.0012240489728652614,0.0001244792629250799,0.004914025984497536,105.191667
12144,0.20472138392649317,-409.7665140419028,0.5939836591868625,-2.8514387569919224,0.027460713837503002,-0.12800384292276232,-0.6305263182996723,5.605542110842698e-06,0.0011939584664026727,0.00011932368778405295,0.004590755386359155,105.2
12145,0.20967977244900826,-409.7907274868246,0.5809081258581797,-2.721162854148443,0.024934835301354596,-0.13170140465593747,-0.6298694362136865,5.493210008704e-06,0.001164630809580155,0.00011483773404977479,0.004303305341114193,105.208333
12146,0.2145221634832205,-409.81367034422743,0.5663425610831009,-2.6025977643255542,0.022405160079976314,-0.13524627143601395,-0.6292129747076476,5.391477206304062e-06,0.0011361636546915535,0.00011092849753328197,0.004047356877914876,105.216667
12147,0.21923445817804435,-409.8352490937063,0.5503933631785751,-2.4947007864644974,0.01990286696410455,-0.13863164941781278,-0.628559984681101,5.299568246710783e-06,0.0011086346894712863,0.00010751559811557132,0.0038192909716752346,105.225
12148,0.22380649435057257,-409.85594160224457,0.5331796712876818,-2.3964400331516083,0.017379443288289817,-0.14186479256983162,-0.6279130897314594,5.216781751819976e-06,0.0010821053710020768,0.00010452979243169988,0.0036160319838797936,105.233333
12149,0.22822742481168168,-409.8757067903133,0.5147901047432211,-2.3069681083534372,0.014855132222177589,-0.14494066404003017,-0.6272750924676483,5.142484316569123e-06,0.0010566214791837426,0.00010191174145529101,0.0034349263305949993,105.241667
12150,0.2324873392425168,-409.8945612219367,0.49530873342106735,-2.2255137299013645,0.012342048022175839,-0.1478565225375906,-0.6266487335578915,5.076104449640935e-06,0.0010322160398713476,9.961064052868545e-05,0.0032736776979573595,105.25
12151,0.2365760541589299,-409.9125074744841,0.4748132718585032,-2.151386030574818,0.009853929551733838,-0.15060967180502036,-0.6260368515568182,5.017126467420316e-06,0.0010089109299785117,9.758310096429253e-05,0.003130287358838859,105.258333
12152,0.24048504028956108,-409.92990837296543,0.45338843343438057,-2.083953692610112,0.007349025904778006,-0.15320152992120536,-0.6254420802312977,4.965084653206416e-06,0.0009867188339611442,9.579214421923038e-05,0.003003009702212772,105.266667
12153,0.24420823797332067,-409.9466903434353,0.431098385493537,-2.022672176448661,0.004849582667385886,-0.15562972917578383,-0.6248666910794849,4.919557675419019e-06,0.0009656440641224951,9.420631323717232e-05,0.0028903138760507743,105.275
12154,0.24773677784346684,-409.9629117924147,0.4080084492991578,-1.9670556802926016,0.00235741743871561,-0.15789156512540284,-0.624313389990372,4.880163472126477e-06,0.0009456831352730725,9.27988717439362e-05,0.00279086427224434,105.283333
12155,0.2510644942383491,-409.9786267099902,0.384180314996462,-1.9166709785724583,-0.00012565549556978114,-0.15998577339020506,-0.6237844573243505,4.846554782708814e-06,0.0009268274143869827,9.154717190401584e-05,0.002703492684851797,105.291667
12156,0.25418619111038987,-409.99391299873037,0.3596736303488586,-1.8711357159231512,-0.0026024162577466202,-0.16191139294945073,-0.6232819915084905,4.818414961616793e-06,0.0009090631817480541,9.043207707400988e-05,0.0026271802962449606,105.3
12157,0.25709440575421066,-410.00884454474766,0.33454522559801025,-1.8301145683969944,-0.005075791095748684,-0.1636655671884734,-0.6228084225005533,4.795454332906526e-06,0.0008923724628814534,8.943748534622638e-05,0.0025610407469858682,105.308333
12158,0.25978370285482555,-410.02326750101105,0.30884280891881993,-1.7932940940060809,-0.007511754622099991,-0.16524793463837276,-0.6223658139038885,4.777407046272981e-06,0.0008767349731509025,8.854993631234146e-05,0.0025043047552341484,105.316667
12159,0.2622501859906004,-410.03747374869243,0.2826265667025018,-1.7604313636714954,-0.009949925522192838,-0.16665637211977802,-0.621955919089108,4.76402823867508e-06,0.0008621282032231182,8.775826882361184e-05,0.002456310717664193,105.325
12160,0.2644914688980653,-410.05152796014323,0.2559484357022169,-1.7313015193162717,-0.012393683459076594,-0.16788985664531964,-0.6215801680571302,4.755091627433235e-06,0.0008485276722555011,8.705332359200956e-05,0.0024164900857924936,105.333333
12161,0.26650372558300983,-410.0654086962699,0.22885596103075112,-1.7057006538181598,-0.014832207116291815,-0.16894730093138202,-0.6212401530938423,4.7503874951329345e-06,0.0008359072632344486,8.642771816092025e-05,0.002384360537025558,105.341667
12162,0.2682827050793526,-410.0791035521941,0.20139560539005358,-1.6834514123935351,-0.017256146893312934,-0.16982758414595578,-0.6209374604044636,4.749721014489323e-06,0.0008242405056055565,8.587565914210678e-05,0.002359518367021616,105.35
12163,0.2698241961540473,-410.0926735667782,0.1736150824830659,-1.664410844909308,-0.019668699434751788,-0.170528452730977,-0.6206735871194491,4.752910842116172e-06,0.0008135012856613484,8.539277890864476e-05,0.0023416317435835175,105.358333
12164,0.2711293478592739,-410.10614715993603,0.14556252109841664,-1.648454960225515,-0.022068109097932918,-0.17105124348688058,-0.6204490175175021,4.75978799353567e-06,0.0008036642816147589,8.49760012202411e-05,0.0023304346780661385,105.366667
12165,0.27219194451787887,-410.1195734849649,0.11728255112570782,-1.6354853067468609,-0.024455756549978547,-0.17139212136751883,-0.6202654023728149,4.770194954954845e-06,0.0007947036837287516,8.462343788408982e-05,0.002325723085439317,105.375
12166,0.27301185364442315,-410.1329440647906,0.08882036887972679,-1.6254138861208096,-0.02682366871516147,-0.17155222237369877,-0.6201232445823204,4.783985123464292e-06,0.0007865960639399671,8.433431004399457e-05,0.0023273506217023846,105.383333
12167,0.27358820774422377,-410.14633773512827,0.06022307840750378,-1.618188393389582,-0.02917884102313349,-0.17152989904301594,-0.6200230654151824,4.8010223686122194e-06,0.000779318669062264,8.410888373744091e-05,0.002335226662814024,105.391667
12168,0.27391871097952497,-410.15973710297834,0.03153336166529032,-1.6137566235967258,-0.031511612171562994,-0.17132506406879552,-0.6199655259739627,4.821180864674251e-06,0.0007728500424732185,8.394843612400601e-05,0.0023493133568858134,105.4
12169,0.2740042687373805,-410.1732059388952,0.002798211088120436,-1.6121014968376344,-0.03382653015172214,-0.17093714559938308,-0.6199506196369433,4.8443451146119215e-06,0.0007671707505512356,8.385522478282963e-05,0.002369625423028284,105.408333
12170,0.27384380351199406,-410.18676918609464,-0.025938224605219648,-1.613215678753223,-0.03612117664312651,-0.17036531998372342,-0.6199785730335845,4.870410144957716e-06,0.000762262640473511,8.383249284357477e-05,0.0023962284230767596,105.416667
12171,0.2734373895535928,-410.20044016226456,-0.05463162849413551,-1.6171069071829596,-0.03839116002760979,-0.1696098384419765,-0.6200492998233457,4.89928191282385e-06,0.0007581097028340483,8.388447590652084e-05,0.002429239437327253,105.425
12172,0.27278608619550115,-410.2142424569517,-0.08323677271761358,-1.6238031937374233,-0.04063384371959055,-0.16867116972907578,-0.6201624302735512,4.930877869049069e-06,0.0007546979130044843,8.401642980356e-05,0.002468827776284095,105.433333
12173,0.27189204832802333,-410.22820791075645,-0.11170737085343939,-1.633353045577211,-0.04284798725025688,-0.16755004106862084,-0.6203172949406661,4.965127701473839e-06,0.0007520151445023664,8.423468094459432e-05,0.002515215965371606,105.441667
12174,0.2707550558138159,-410.2423637154469,-0.13999913632684174,-1.6458219612095457,-0.045030993000926785,-0.166245854568285,-0.620513527801136,5.0019742626844794e-06,0.0007500510666732467,8.454669914429888e-05,0.00256868114495078,105.45
12175,0.2693760242504557,-410.25672160528717,-0.16806734500928305,-1.6612906875827274,-0.04717760547351599,-0.16475938730065387,-0.6207504575222627,5.041374682601168e-06,0.0007487980056553205,8.496117512717309e-05,0.002629558330729316,105.458333
12176,0.26776050745627844,-410.27134304751263,-0.19586121176005983,-1.6798763468669042,-0.049291306504171635,-0.1630918339082186,-0.6210265159327466,5.0833016529900305e-06,0.0007482507427227069,8.548812516839856e-05,0.002698243525111057,105.466667
12177,0.2659076938686592,-410.2862506462345,-0.22333666767630783,-1.7017046139643175,-0.05136768729455723,-0.16124228982664343,-0.6213411280041499,5.127744920582446e-06,0.0007484054002913879,8.613906443290606e-05,0.002775194418840508,105.475
12178,0.2638228643771765,-410.3014729862219,-0.2504435142049639,-1.7269280730226575,-0.05340406004945443,-0.15921321230231453,-0.6216925864722953,5.174712997280111e-06,0.0007492614286335171,8.692712946185355e-05,0.002860937803742905,105.483333
12179,0.26150751564572033,-410.3170431628249,-0.2771342992888361,-1.7557246331289955,-0.05539736532677813,-0.15700459642446649,-0.622079738693073,5.2242350681771345e-06,0.0007508200344781632,8.786730590472822e-05,0.0029560710227859487,105.491667
12180,0.25896638240578923,-410.3330193753503,-0.3033565677660125,-1.7883099208209081,-0.05734861098281107,-0.15461693316381156,-0.6225008060021767,5.276363145212884e-06,0.0007530854312487615,8.897664085256787e-05,0.003061268747167977,105.5
12181,0.2562035557645927,-410.3493907401274,-0.32906086065954876,-1.8249035400386524,-0.05924746292775128,-0.15205428716024608,-0.6229540469158333,5.331174481191735e-06,0.0007560640961523854,9.027455233056958e-05,0.0031772854261010518,105.508333
12182,0.25322406226057664,-410.36620460569134,-0.35419306242723864,-1.8657791702048767,-0.06109246263428221,-0.14931812970052272,-0.6234375027442741,5.388774242072461e-06,0.00075976515765617,9.178310899125246e-05,0.003304962545716673,105.516667
12183,0.250031556519635,-410.3835168626487,-0.3786986042669549,-1.9112502890290055,-0.06288242715897253,-0.1464086211314735,-0.6239493799091215,5.44929846525642e-06,0.0007642003227220653,9.352744603407689e-05,0.0034452315109887235,105.525
12184,0.24663421533993982,-410.4013524087228,-0.40251817429964304,-1.9616587137035681,-0.06461204031224745,-0.14333052663220014,-0.62448711520577,5.512917364087493e-06,0.0007693844387084092,9.55361985959899e-05,0.0035991192361542724,105.533333
12185,0.24303780842017325,-410.4197757000407,-0.4255910356650738,-2.0174063650096015,-0.06628056275929925,-0.14008485274842375,-0.625048505083216,5.579838960320184e-06,0.0007753344467659546,9.784203632979448e-05,0.0037677485474801064,105.541667
12186,0.23924828521849584,-410.43881644464557,-0.4478559233164328,-2.078928709994363,-0.06788159382935288,-0.13667511750021732,-0.6256312924970174,5.650313081121004e-06,0.0007820702593225397,0.00010048226404219206,0.003952341464113869,105.55
12187,0.23527337615534985,-410.4585573812491,-0.46924363515079626,-2.1467417118460763,-0.06941578811909016,-0.13310248411172426,-0.626232935702917,5.724635724111911e-06,0.0007896148787531187,0.0001034994571419692,0.004154221973461094,105.558333
12188,0.23112142910076422,-410.4790228075653,-0.4896846582535103,-2.2213925741992626,-0.0708751999225085,-0.1293726427139155,-0.6268508100251303,5.803153800461968e-06,0.0007979940453003505,0.00010694230751650412,0.0043748104004511885,105.566667
12189,0.22679972421882452,-410.50030433421995,-0.5091026322932679,-2.3035306544589225,-0.0722596403581364,-0.12548628677639534,-0.6274824689841024,5.886270216423857e-06,0.0008072362015374651,0.00011086641350729399,0.00461562275453944,105.575
12190,0.2223216241921027,-410.52243349924373,-0.5274132346362862,-2.3938453065072682,-0.07356214292563183,-0.12145197284081145,-0.6281246230623855,5.974449253697017e-06,0.0008173728444915453,0.0001153352844971753,0.004878264350459318,105.583333
12191,0.21769451684056756,-410.5455125765012,-0.5445295348240322,-2.4931471041822184,-0.07478180728736826,-0.11727021366659746,-0.6287749127958474,6.068222120893734e-06,0.0008284368114376317,0.00012042137851745943,0.005164416940784163,105.591667
12192,0.2129286723902927,-410.56961450307034,-0.5603566886880483,-2.602320251250888,-0.07591374917526826,-0.11294556866901599,-0.6294306267414917,6.168192544653224e-06,0.0008404638472136256,0.00012620713549703732,0.005475842459783682,105.6
12193,0.20803324259727823,-410.59499073076876,-0.5747785865338954,-2.722469078894674,-0.07697098926886922,-0.10846876288631112,-0.6300892849151498,6.275042129161049e-06,0.0008534914683531446,0.00013278598092749977,0.005814387199050478,105.608333
12194,0.2030293184996574,-410.6214128370522,-0.5876953494097563,-2.854463320887272,-0.07791684244551964,-0.1038738800907932,-0.6307469344944957,6.389535236634854e-06,0.0008675587231727187,0.00014026362670316176,0.0061819894416943535,105.616667
12195,0.19792265768194622,-410.64930975166175,-0.5989614176104426,-2.9997514800833716,-0.07877895804784633,-0.09913703325745207,-0.6314018031980956,6.512522016354309e-06,0.0008827020260126929,0.000148757728067471,0.006580774734464466,105.625
12196,0.1927335243835149,-410.67850858292366,-0.6084541447061554,-3.1594401277770454,-0.07952615793071482,-0.09428901549831602,-0.6320503812491037,6.644939502256737e-06,0.0008989583715849411,0.0001583992883108126,0.007013154977332087,105.633333
12197,0.18747510420164204,-410.7094135826148,-0.6159914686721136,-3.335193552749234,-0.08018030144424186,-0.08931220451900915,-0.6326902575986652,6.78780897784873e-06,0.0009163594868939858,0.00016933035083016798,0.007482153339248825,105.641667
12198,0.18216945623109262,-410.7419981454918,-0.6214059657813549,-3.5284123933309828,-0.08072357789231098,-0.08422789044955416,-0.6333181499994154,6.942227797913603e-06,0.0009349316163420065,0.00018170348947658,0.007991817228947241,105.65
12199,0.1768336056793395,-410.7764266451707,-0.6245027802232901,-3.7407367906902462,-0.0811530077777489,-0.07904038487903696,-0.633931636347957,7.109353086627229e-06,0.0009546900309227404,0.00019567603805780635,0.008548115028238353,105.658333
12200,0.17148910335542963,-410.8128976598879,-0.6250558412343618,-3.9738649362480807,-0.08146822095869351,-0.07375383069433897,-0.6345280246827057,7.290373177657193e-06,0.000975636991773907,0.0002114029911437058,0.009160324840077097,105.666667
12201,0.16615971975984584,-410.85155842740625,-0.6228214395180458,-4.22941545575095,-0.08166405487119634,-0.06837793760985135,-0.6351046783532756,7.486462850377289e-06,0.0009977561051042834,0.00022902544569892183,0.009843215083851132,105.675
12202,0.16087353794294942,-410.89257977216806,-0.6175238416483745,-4.50887633315278,-0.08173803781647468,-0.06292255325970728,-0.6356588378534448,7.698715731867225e-06,0.0010210070186786053,0.00024865272717301584,0.010620408991667937,105.683333
12203,0.15565752379463224,-410.9362061041574,-0.6088579244240591,-4.813570108142535,-0.08169033653252093,-0.05739108128801109,-0.636188231093437,7.928046260192253e-06,0.0010453195266887543,0.0002703378782138995,0.01152917913105,105.691667
12204,0.15054416041764623,-410.98262487910836,-0.5964957354770639,-5.144274462767062,-0.08151858717547011,-0.05179344373360377,-0.6366904049906276,8.175053548609605e-06,0.0010705904878655608,0.00029404528353258705,0.012626946754640577,105.7
12205,0.1455682961404222,-411.03196405394516,-0.5801004271463601,-5.500980605249947,-0.08121821956810538,-0.04614439799300901,-0.6371630937366428,8.43983840789757e-06,0.0010966812023556372,0.00031960981990676677,0.01399923134285765,105.708333
12206,0.14076581778543817,-411.08441050649384,-0.5593172925147486,-5.8827328112030495,-0.08078847279119074,-0.040452774995351735,-0.6376043509381366,8.721766739511864e-06,0.0011234207217198952,0.00034669077082325053,0.01576792773418648,105.716667
12207,0.136179190845834,-411.1403531542034,-0.5337402965582279,-6.2872748607100215,-0.08023900818879584,-0.034710842625105945,-0.6380120466301036,9.019179802825997e-06,0.0011506171412546235,0.00037472865064357646,0.018096925299069342,105.725
12208,0.13185033254867967,-411.1998167045761,-0.5030566400813292,-6.710135230779532,-0.07956370869719875,-0.028936754097999964,-0.6383845182933396,9.32906234629974e-06,0.0011780769986829095,0.0004029172557879943,0.021189042301874194,105.733333
12209,0.12781403384976783,-411.26270057721587,-0.4670514252157051,-7.144794501682481,-0.07875215868220886,-0.023152611461912605,-0.6387210398612104,9.646698196974423e-06,0.001205639141441991,0.00043020383104135036,0.02526732802361933,105.741667
12210,0.12414118240449662,-411.32940681932035,-0.42538816882609454,-7.581280406576417,-0.07782997656282357,-0.01734144471419232,-0.6390182170481957,9.9653738744401e-06,0.0012332203554362969,0.0004553469628146794,0.03053155708962167,105.75
12211,0.120870816048841,-411.3996527314594,-0.3780847206140693,-8.007153637538597,-0.07678810280451445,-0.011525669913994719,-0.6392755735023176,1.0276201661862759e-05,0.001260846053950654,0.0004770412683837559,0.03707518580788992,105.758333
12212,0.11805134761541802,-411.4732327012141,-0.3252808747009327,-8.407116832630257,-0.0756300232210018,-0.00571370908206345,-0.6394919591301491,1.056818833253843e-05,0.0012886921596825605,0.0004941184335125801,0.04478547361552233,105.766667
12213,0.11572876933496361,-411.5497633749257,-0.26736410926702675,-8.76384621466984,-0.07436002574835088,8.371118107437985e-05,-0.6396663913628281,1.0828674773419408e-05,0.0013170728368971563,0.0005057762818026706,0.05324224752699382,105.775
12214,0.11394257954143656,-411.62877162395836,-0.20498125637990428,-9.059557473124013,-0.07298243382859786,0.005860925225451174,-0.6397981920761858,1.10442080173866e-05,0.0013463736078390795,0.0005117700592660549,0.061675765067108625,105.783333
12215,0.11271537280761183,-411.7093606604796,-0.13914000596505105,-9.278395363581538,-0.07149865170541256,0.011591462801774602,-0.6398875631471699,1.1201831941869834e-05,0.0013769195863919453,0.0005124757147106344,0.06904143390523686,105.791667
12216,0.1120835834936811,-411.7909443811301,-0.07093391532294041,-9.406507076574567,-0.06992373553319238,0.017282559696675595,-0.6399331973068869,1.129064673312753e-05,0.0014088038195331166,0.0005087647466894288,0.07423976130831196,105.8
12217,0.11207366561798898,-411.8728886968309,-0.0016378457201097622,-9.434995785592328,-0.06826846327761588,0.022945987277528515,-0.639933911638985,1.130330621412288e-05,0.0014417120262819238,0.0005017086391185932,0.07640978707800603,105.808333
12218,0.11267229853431823,-411.9540102048837,0.067223760984649,-9.363683203162113,-0.06653661379245665,0.02855356596728474,-0.6398906825166197,1.123708704049489e-05,0.0014748357246088886,0.0004922586256045727,0.07519844138083241,105.816667
12219,0.1138526580833668,-412.0333231260262,0.1342330013743697,-9.19942733978136,-0.0647334166003189,0.03408738049155698,-0.6398047733039145,1.1094304841622908e-05,0.0015069271244647965,0.0004810194366668636,0.07087541554834721,105.825
12220,0.11561981887345134,-412.1103849749735,0.198255824999269,-8.951345392055135,-0.06287385434900691,0.039571948029205245,-0.6396744891305841,1.0881959456990214e-05,0.0015364703204364682,0.00046819251372377417,0.06421929072941382,105.833333
12221,0.11792667911115612,-412.18426183760243,0.2582003889172821,-8.6360874276518,-0.060968852340302915,0.04498064803321408,-0.6395014097113614,1.0610639685600961e-05,0.0015619067579504553,0.00045371891014768333,0.056257305351793734,105.841667
12222,0.12073199660882233,-412.25448724058583,0.3133349339448439,-8.271058001091465,-0.05902750605595815,0.05031136522234157,-0.6392863464319241,1.0293067534071496e-05,0.0015819048522001129,0.0004374937665706659,0.047985618024603154,105.85
12223,0.12398688212462208,-412.32077862051733,0.3632073401779088,-7.873671208829184,-0.05705551602234093,0.055562434013948316,-0.6390305131164474,9.942624588633684e-06,0.0015955272908982669,0.00041953675424206234,0.04016965781741714,105.858333
12224,0.12764561304734787,-412.38283327841566,0.4075758925654028,-7.459459791946626,-0.055070274442190675,0.060725297543393064,-0.6387348556225253,9.572105451156446e-06,0.0016023064046761476,0.00040006914358214104,0.03327126295729836,105.866667
12225,0.13165433573727417,-412.4407323771848,0.4464588661355429,-7.041709295971095,-0.0530710451916977,0.06580283338646871,-0.6384010995891012,9.192849307481356e-06,0.0016022209059662084,0.0003794965229748819,0.02747796473705844,105.875
12226,0.1359666815814,-412.49443073786034,0.4799789956973312,-6.63063960534021,-0.05107306040851462,0.07078838028804611,-0.6380306108586823,8.814277742987205e-06,0.0015956179369792933,0.0003583334902802164,0.02277972276340986,105.883333
12227,0.14053448798390214,-412.5440864232225,0.5083913073196064,-6.233812613498185,-0.04908180815835154,0.0756805717925384,-0.6376252346300775,8.44376525929821e-06,0.0015830996447798867,0.0003371160107905883,0.019055135683425824,105.891667
12228,0.14531399747881574,-412.5898705801291,0.5320060439881444,-5.856293280363359,-0.04710557043499877,0.08047685821549766,-0.6371868275488407,8.086746735729792e-06,0.001565418291705779,0.0003163304847017416,0.016137889599601954,105.9
12229,0.15026372452834372,-412.6321011163964,0.5511820256461836,-5.501094133383673,-0.045142340447293525,0.08517952787562594,-0.6367174646621735,7.74695934758178e-06,0.0015433857841818603,0.00029637104081042966,0.013859801413071854,105.908333
12230,0.155337309406048,-412.6710090169419,0.5662798370616702,-5.169962586668424,-0.04319485827682492,0.08978093257670772,-0.6362201671120633,7.42674111697401e-06,0.0015178089373342177,0.0002775240499713814,0.012072644343866167,105.916667
12231,0.1605181922053152,-412.7067479042954,0.5776080052190515,-4.862826687799794,-0.04128074977509801,0.09428522790449279,-0.6356954523771612,7.127335553359002e-06,0.001489452722377282,0.00025997081291436207,0.010655860459684441,105.925
12232,0.16576570820045372,-412.7395911242069,0.5855062105179962,-4.579525620730245,-0.03939872033385182,0.09868665392567688,-0.6351465955580717,6.849156447868622e-06,0.001458998397181235,0.00024380299411490896,0.009516748054752838,105.933333
12233,0.17105178153788358,-412.7699504711838,0.590294258902492,-4.319003373514633,-0.037534075865271584,0.10299017806976062,-0.6345760230627211,6.592025701326124e-06,0.0014270532243847017,0.00022904142017072087,0.008585909918415858,105.941667
12234,0.1763489444495954,-412.79794765281576,0.5922364357670312,-4.080090942725971,-0.035697959361775375,0.10718828841678722,-0.6339864661013551,6.355358038211102e-06,0.0013941419413307193,0.00021565557863621732,0.007812582498501483,105.95
12235,0.18163611047298883,-412.82385058851435,0.5915838366126458,-3.8612904679338067,-0.0338857669889325,0.11128200758027953,-0.6333802825005483,6.138306252692759e-06,0.0013607124317965436,0.00020357965483586615,0.007160078546015212,105.958333
12236,0.18689233143519096,-412.84787415068547,0.5885603134518085,-3.6611091969140346,-0.03209542335129892,0.11526949693638358,-0.632760096365071,5.9398690332898575e-06,0.0013271397738910883,0.00019272653633290308,0.006601948904513864,105.966667
12237,0.19209803487539917,-412.8701842525136,0.5833642619974594,-3.4780850294823,-0.030328115822031966,0.11914738882386514,-0.632128640233252,5.758970244901232e-06,0.0012937356587813954,0.00018299806398531704,0.006119031879001408,105.975
12238,0.19723573847982498,-412.8909966838499,0.5761780770295679,-3.3107764591917213,-0.028577066806182362,0.12291446623349969,-0.6314886364134267,5.594514664481954e-06,0.0012607566692726649,0.00017429241453810238,0.005697297700643481,105.983333
12239,0.20228937546631173,-412.9105365259401,0.5671664895508658,-3.157820746097928,-0.02683151739892299,0.1265697041067329,-0.6308428428320365,5.445425670454108e-06,0.0012284114292891168,0.00016650925796378416,0.005326306442998395,105.991667
12240,0.20723847942752222,-412.9292101573029,0.5564945384452719,-3.0179534759782345,-0.02505348250322292,0.13011287140791308,-0.6301947924129877,5.3106696138174194e-06,0.001196867399199388,0.00015955300195348183,0.004998135774022387,106.0
12241,0.21208346139321874,-412.94653119821027,0.544238912874752,-2.890078329042057,-0.02332117150587096,0.13353349721025914,-0.6295454239039401,5.189270965145561e-06,0.0011662598790187872,0.0001533348410142424,0.004706620293135957,106.008333
12242,0.21680533904641242,-412.9629429773855,0.530542913209263,-2.7731299385154373,-0.021589664084381063,0.1368330469588061,-0.6288983354570855,5.080318285541171e-06,0.0011366864495836696,0.00014777290130197566,0.004446944521586159,106.016667
12243,0.2213940379382055,-412.9785704624026,0.5155124598781599,-2.666152203870572,-0.01985371666533368,0.1400095045455476,-0.628256063438693,4.982968688103884e-06,0.0011082233499031028,0.00014279350449002275,0.0042151804483733365,106.025
12244,0.22583137895951086,-412.99380269057576,0.49926332624247516,-2.5683040520060705,-0.018067976168726598,0.14306009187623678,-0.6276223952549248,4.89644661021836e-06,0.001080924723882212,0.0001383307158113171,0.004008094189317292,106.033333
12245,0.23012073621701576,-413.0080865601782,0.4818440237555774,-2.47882767112511,-0.016321741381080408,0.1459776685520739,-0.6269981130102308,4.820041695536644e-06,0.0010548303794186377,0.00013432609795479785,0.0038229607592727907,106.041667
12246,0.23424846813903602,-413.02185272608045,0.46335707744261895,-2.3970182883295172,-0.014562730309464235,0.14876303277843925,-0.6263864618911354,4.753103740966212e-06,0.0010299584869850082,0.00013072779205498285,0.0036575091562518437,106.05
12247,0.23820413699412982,-413.0351501282357,0.4438779328587683,-2.3222792637564114,-0.012791829639440656,0.15141133167597146,-0.6257902926784535,4.69503896264673e-06,0.0010063173511963446,0.00012749038771468868,0.0035097776389955058,106.058333
12248,0.24198278479363022,-413.04806316961555,0.4234780401857452,-2.2540416764278945,-0.011004181978536028,0.15392141855968114,-0.6252116582114883,4.645304912466533e-06,0.000983906044186142,0.0001245741735914324,0.003378073827387965,106.066667
12249,0.2455752938924742,-413.06060370810746,0.40222239427963347,-2.1918307791142646,-0.009205112119793349,0.1562885041923894,-0.6246532494465771,4.603405372043135e-06,0.0009627140509212945,0.00012194454739364504,0.0032609330348643164,106.075
12250,0.24897653682505855,-413.0728777534878,0.38017650091714994,-2.135197776156374,-0.0073850098224118735,0.1585110995353764,-0.6241171409519282,4.56888580687331e-06,0.0009427251567285608,0.0001195714862360363,0.0031570815367120393,106.083333
12251,0.25218051904590444,-413.0849594606247,0.3574015452795772,-2.083754038690247,-0.005538328163608788,0.1605864069228391,-0.6236055207491067,4.54132883906873e-06,0.0009239173024106093,0.00011742904239265414,0.003065410108242265,106.091667
12252,0.2551802694464621,-413.09677728554334,0.3339502150812463,-2.037160505246869,-0.0036825664200268024,0.16251009793096188,-0.6231207101766328,4.520350248378088e-06,0.0009062644999784101,0.00011549489728292173,0.0029849523238413183,106.1
12253,0.2579718125497528,-413.1084711686779,0.30988210128432736,-1.995104999995395,-0.0018010459068735953,0.16428077741600672,-0.6226645124633601,4.505595379926704e-06,0.0008897384595694001,0.00011374996523421155,0.0029148688478108646,106.108333
12254,0.26054937023970554,-413.120035807082,0.2852487055946394,-1.9573202767269902,9.984559633722838e-05,0.1658950258699958,-0.622238975875387,4.496735865278949e-06,0.0008743084274136217,0.0001121780350157657,0.002854430491180152,106.116667
12255,0.2629053122182353,-413.13186458519175,0.2601145916757405,-1.9236109036633202,0.002080344896278979,0.16734762291361302,-0.6218464102543938,4.4934668660069695e-06,0.0008599428747577456,0.00011076547153028292,0.0028030077430389383,106.125
12256,0.26504478084455313,-413.14327427429396,0.2345066462929161,-1.893663956079739,0.0040212579190657275,0.16864265360302197,-0.6214869246786127,4.495504718189686e-06,0.0008466108061159799,0.0001095009399989337,0.0027600549369444626,106.133333
12257,0.2669587554830699,-413.15463651247336,0.20848463223531966,-1.867352707757717,0.005978969379806848,0.16977454203022246,-0.6211629170190246,4.502584665203895e-06,0.0008342780295372262,0.00010837519935399439,0.002725118544833719,106.141667
12258,0.2686401211683313,-413.1662966557096,0.18210714142269177,-1.8445777923324669,0.008007027881389904,0.17073630197661518,-0.6208764090927089,4.514459389620423e-06,0.0008229129514852845,0.00010738089682371626,0.002697812844357898,106.15
12259,0.2700956180741247,-413.17765427880045,0.15540362113792677,-1.8250779277007945,0.00999820082011049,0.17153632262743612,-0.6206269722432445,4.530897661466017e-06,0.0008124860570630697,0.000106512408082395,0.002677815489699119,106.158333
12260,0.2713182052802147,-413.1890443857343,0.1284297183768741,-1.8088031168446612,0.012004093846002649,0.17216812223035777,-0.6204164344169237,4.55168308210867e-06,0.0008029658133622687,0.00010576570219149026,0.002664875278727492,106.166667
12261,0.27230512563337356,-413.20048337035206,0.10123118368604926,-1.7956626023373647,0.01402225960065545,0.1726297542980016,-0.6202458035671854,4.576613466308502e-06,0.0007943238194428081,0.00010513823772664122,0.0026587953573001893,106.175
12262,0.2730560599086108,-413.2119782847912,0.0738545478221562,-1.7855736612098803,0.016048691552594054,0.1729208903315858,-0.6201155681503097,4.60550030135082e-06,0.0007865335369604115,0.00010462887631366282,0.0026594343355837795,106.183333
12263,0.27356763512886234,-413.223580879584,0.04634522857963509,-1.778496129178474,0.01808687440489444,0.1730385430874606,-0.6200266447955529,4.638168451168724e-06,0.0007795697878093615,0.00010423781621200913,0.00266670368345384,106.191667
12264,0.2738389026710433,-413.2352681236944,0.018747168962508456,-1.7743837271109661,0.020127375046314053,0.17298240414005808,-0.6199794265196795,4.674456148873458e-06,0.000773409960185986,0.00010396655424222552,0.00268056563881166,106.2
12265,0.27386739074320193,-413.24737644376233,-0.008882014975585217,-1.7732963752047295,0.022222628302230724,0.17274353854166882,-0.6199744650866227,4.714215151277282e-06,0.0007680334070088776,0.00010381785167400263,0.0027010328076082675,106.208333
12266,0.27365900339408683,-413.2593466000786,-0.03651564127831353,-1.775072884854871,0.0242707364174867,0.17233722484876973,-0.62001074584331,4.75731114536183e-06,0.0007634220364541748,0.00010379578113690203,0.0027281621675085774,106.216667
12267,0.2732111462531343,-413.2714874014452,-0.06409864985816534,-1.779807199930249,0.026319146546184086,0.17175537519075404,-0.6200886277736143,4.803624227805216e-06,0.0007595581157319812,0.00010390560483341746,0.0027620670591272313,106.225
12268,0.27252430601562905,-413.283849017361,-0.09158373119888907,-1.7875407037186315,0.02837053925125016,0.170996714912183,-0.6202078269965923,4.853049685981618e-06,0.0007564269961588685,0.0001041539338103308,0.0028029061107919095,106.233333
12269,0.27159508959041023,-413.2966740602118,-0.11891802292403163,-1.7984060805459197,0.0304595621502754,0.17005145630579913,-0.6203686242532664,4.90549893351156e-06,0.0007540162872865333,0.00010454874696551058,0.0028508871623428955,106.241667
12270,0.27043267143968414,-413.30944953369095,-0.1460719186621722,-1.8122885633150412,0.03249328082283115,0.16894019163368093,-0.6205690219694695,4.960900684213517e-06,0.000752317036039964,0.00010509952752519943,0.0029062660349916066,106.25
12271,0.269031515531511,-413.3227834164352,-0.17297717544856658,-1.829482911324571,0.03456732110908247,0.16764016166126713,-0.6208094628672519,5.01920213501856e-06,0.0007513203388385326,0.00010581711170337557,0.0029693587023366524,106.258333
12272,0.2673962037304014,-413.3363576035659,-0.19959952957770755,-1.8499858805356189,0.03662109486878572,0.16616386079347056,-0.6210885439716463,5.080370510467866e-06,0.0007510216453138898,0.00010671418538575308,0.0030405260980475393,106.266667
12273,0.26552922977361515,-413.35024268507635,-0.22588779161779826,-1.8739449633034826,0.03865935593465318,0.16451027797938617,-0.6214051297775574,5.144394714615879e-06,0.000751417991795125,0.00010780508663513936,0.0031201921135560295,106.275
12274,0.2634380027891501,-413.3641984748825,-0.2518023832352746,-1.90140284950534,0.04063639341194933,0.16269362913416988,-0.6217571706427056,5.211287130502609e-06,0.000752508748359785,0.00010910611422088464,0.003208838897114473,106.283333
12275,0.26112133808838894,-413.37851533566266,-0.2772839802039967,-1.9326485483672138,0.042592275607487635,0.16070242562385223,-0.622143987460448,5.281085553277613e-06,0.0007542944731260176,0.00011063554170384351,0.003307016029561172,106.291667
12276,0.25858036644251453,-413.3935210675923,-0.30226490508139886,-1.9680196548381008,0.044570816658475634,0.1585228724659619,-0.6225644174569704,5.3538554027856e-06,0.0007567794189668677,0.00011241414122009948,0.0034153343026604335,106.3
12277,0.2558218799106548,-413.4089464770222,-0.3267054504960539,-2.007632058538689,0.04652024543177298,0.15617005346764337,-0.6230162869788246,5.429692258491953e-06,0.0007599708997662838,0.00011446555469657491,0.003534463430695117,106.308333
12278,0.2528557470025462,-413.4245185002206,-0.35056449082616586,-2.051604981360236,0.04839110061775995,0.1536634392772896,-0.6234968816974762,5.508724475043508e-06,0.0007638779349630368,0.00011681615650625515,0.0036651517533069175,106.316667
12279,0.24968105928657425,-413.44060464306733,-0.3737717792719073,-2.10040547511845,0.05023147526014319,0.1509862048069498,-0.6240051903046828,5.5911157742020855e-06,0.0007685106498324816,0.00011949529501925987,0.0038082309811204042,106.325
12280,0.24630276734634501,-413.457509775612,-0.3962485255445922,-2.1545115697452593,0.052077128847644004,0.14812590502017886,-0.6245391913954951,5.677068215573193e-06,0.0007738833383714179,0.00012253624395221321,0.003964603212782073,106.333333
12281,0.24273101791593743,-413.4746986497105,-0.4179686574253932,-2.214025408370418,0.053839158595813515,0.14511658506256064,-0.6250960201580839,5.766825561935003e-06,0.0007800128609116946,0.00012597670657924702,0.004135235814817965,106.341667
12282,0.23896688496475907,-413.4928467030654,-0.4388263147643091,-2.279721442472133,0.055604991118480565,0.14192385245544045,-0.6256742105464473,5.860676439776485e-06,0.0007869174932124847,0.0001298582108003569,0.004321207365765608,106.35
12283,0.23502323872436665,-413.51136600560886,-0.45879443859568614,-2.3517423302505094,0.057280687582272914,0.13858838059433637,-0.6262704657496962,5.958957758271229e-06,0.0007946193620768989,0.00013422819085050184,0.004523651653329516,106.358333
12284,0.2309051564352103,-413.5306333148733,-0.4777783378854866,-2.4308176974521145,0.058908747582054194,0.13509387157862104,-0.6268826987532938,6.062058054249011e-06,0.0008031414007938814,0.00013913866236652794,0.004743832670731005,106.366667
12285,0.22661925986007805,-413.5509928122598,-0.49567554850337153,-2.5177434425504033,0.06052239434601783,0.1314249632718952,-0.6275085907679719,6.1704205174942175e-06,0.0008125094380469736,0.00014464818447619353,0.004983101311693314,106.375
12286,0.22217994009433034,-413.5719483770309,-0.5124446266649882,-2.6128555933456847,0.062044377725580156,0.12762131445115518,-0.6281447348871158,6.284546312497033e-06,0.0008227516405963191,0.0001508224877880042,0.005242902105014197,106.383333
12287,0.2175933405848813,-413.5941216029072,-0.5279478288899025,-2.7172763632622026,0.06354117914565063,0.12365050649868263,-0.6287889816714345,6.404996738480339e-06,0.0008338963472105165,0.0001577330730210982,0.0055248756042981404,106.391667
12288,0.21287145717033287,-413.6174666804541,-0.5420936535149955,-2.8317839227152652,0.06499118010466176,0.11952382504984169,-0.6294384119435819,6.532394613185227e-06,0.000845973936179793,0.00016545991955737023,0.0058308078904908,106.4
12289,0.20802601274440813,-413.6418085712646,-0.5548012696898352,-2.957141911284154,0.0663585642644629,0.1152620271156279,-0.6300902464964487,6.667424631158865e-06,0.0008590147837355652,0.0001740899570380731,0.006162774678498443,106.408333
12290,0.20307069924926258,-413.66731630548304,-0.5659436072960949,-3.094424174108289,0.06764954486237984,0.11086539300272842,-0.6307415606968225,6.810830774547005e-06,0.0008730487682515983,0.00018371596434359,0.006523323812386706,106.416667
12291,0.1980165395992911,-413.69409434401837,-0.5753960259753045,-3.2447719310685614,0.06886003532022304,0.10633713667574665,-0.6313899124750896,6.963410531325649e-06,0.0008881037187562767,0.0001944364035598484,0.006915666455903554,106.425
12292,0.19287895118627485,-413.7222355379149,-0.5830175864704665,-3.409388789358506,0.06998479755549492,0.101684020981902,-0.6320324364018579,7.126004843860664e-06,0.000904205038476072,0.00020635300570692757,0.007344088625404152,106.433333
12293,0.18767648650086532,-413.7521097460957,-0.5886123907228809,-3.5897681826405976,0.0710455842292739,0.0968951812404224,-0.6326660742365652,7.299481575117173e-06,0.0009213728582227105,0.00021956725542128874,0.00781455396151579,106.441667
12294,0.182422368151394,-413.78373065091006,-0.5920273027429922,-3.787235577043343,0.07202313076363089,0.09198206447806342,-0.633288623871737,7.484710429006515e-06,0.0009396190860937745,0.00023417638442512298,0.008335538625716395,106.45
12295,0.17713649475226215,-413.8171626774495,-0.5930773676998013,-4.003154430742964,0.07290573243185403,0.0869568076644065,-0.6338972948793758,7.682526341162415e-06,0.0009589469820449015,0.0002502637255775445,0.00891955347940984,106.458333
12296,0.1718432683162597,-413.85278672188144,-0.5915043491652677,-4.239125465318333,0.07370956097827451,0.08181100546628262,-0.6344890642721795,7.893676882382552e-06,0.0009793466963196836,0.0002678878186543109,0.0095851615564126,106.466667
12297,0.16656139318682914,-413.89069419145085,-0.5870880951697778,-4.496500827696776,0.07442007089738759,0.07655468194929554,-0.6350618445437185,8.11874971425986e-06,0.0010007913547959491,0.0002870693007121057,0.01035967399251287,106.475
12298,0.16132156702914605,-413.9310360077468,-0.5795573915359454,-4.776383051111621,0.07503216578949588,0.07119945026415335,-0.6356125589185758,8.35807551865686e-06,0.0010232371692108443,0.0003077697152777141,0.01128317141558956,106.483333
12299,0.15614391861915555,-413.9739646679009,-0.5686500666439588,-5.079752316924356,0.07553529995711017,0.06575214687882568,-0.6361395965644764,8.61159974492735e-06,0.0010466189050031267,0.000329868006942881,0.012413207454413433,106.491667
12300,0.1510627775924073,-414.01977788700583,-0.5540304079372884,-5.407061117829628,0.0759336567727291,0.060214689239809945,-0.6366402309349249,8.878720499030098e-06,0.0010708551348109037,0.0003531333461209773,0.01383052419682065,106.5
12301,0.14611410995601368,-414.0688155909109,-0.5353382018065121,-5.758033121534266,0.07623147997802691,0.05458531233366753,-0.6371120135531865,9.158090193401394e-06,0.001095848719281242,0.00037719797429928043,0.0156438890050046,106.508333
12302,0.1413317129325623,-414.1211553149973,-0.5122693847204149,-6.131173497711983,0.07641514330425311,0.04888003449084427,-0.6375531199656734,9.447383216848995e-06,0.0011214967545129816,0.0004015339405468912,0.017992361259445054,106.516667
12303,0.13675417388261338,-414.17700444657436,-0.4844950540620718,-6.523656886318098,0.07648123988374139,0.04310494283398778,-0.6379616732415234,9.743044495229903e-06,0.0011477085900531174,0.0004254409497896962,0.021041627158209977,106.525
12304,0.13242101947871693,-414.23645594089356,-0.45173890190883614,-6.930797318048249,0.07642190215649612,0.03727238576811023,-0.6383360986235512,1.0040045702463414e-05,0.0011744278882217562,0.00044806080716922107,0.024967608311840764,106.533333
12305,0.1283813821038909,-414.2996972262481,-0.4137339165241113,-7.345497361611948,0.07623958708375338,0.031386173415865075,-0.6386743662897455,1.033169534848666e-05,0.0012016605553803249,0.00046842669958121027,0.02992193861338976,106.541667
12306,0.12468012179644211,-414.36678212095245,-0.3703392587187805,-7.75819700041973,0.07593020632206088,0.025453371117883882,-0.6389751500196424,1.060956664829036e-05,0.0012294974803340182,0.000485556077087311,0.03597266827851171,106.55
12307,0.12136479124255571,-414.43763761333634,-0.3215588369725364,-8.156530482922156,0.07549007050592067,0.019484399191631446,-0.6392371391894813,1.0863629626561152e-05,0.0012581290457144097,0.0004985850598358356,0.04302631428118981,106.558333
12308,0.11848231281371538,-414.51214495673946,-0.26756757298908884,-8.525722182321307,0.0749172573546668,0.013484516872508212,-0.639459212953547,1.1082674377713903e-05,0.001287827838201448,0.0005069167311354074,0.050747431449586926,106.566667
12309,0.11608170329081913,-414.5899229505571,-0.20879511360584713,-8.848912772283445,0.07421091786866664,0.0074689651609898275,-0.6396401073295154,1.1255078325881093e-05,0.0013188880822163943,0.0005103400897678244,0.05851226682435833,106.575
12310,0.11419849353274433,-414.6705814596104,-0.14591298056855445,-9.109500609575763,0.07336695529790266,0.0014417592237792206,-0.639779433771246,1.1369899586452583e-05,0.001351514041883707,0.0005090623901601092,0.06544403826449353,106.583333
12311,0.1128792597742177,-414.7534819152286,-0.07985114651866283,-9.290996269392517,0.07239198430815726,-0.004585028009140425,-0.6398756838652981,1.1418184953292026e-05,0.00138567853207558,0.0005036241345965628,0.0705617320709233,106.591667
12312,0.11213157271324004,-414.8378502746509,-0.011815954430600854,-9.382588349445696,0.07127487737526207,-0.010598697286023076,-0.6399297400082142,1.1394242168594395e-05,0.0014209756681578395,0.0004947024461857324,0.0730211111767237,106.6
12313,0.11197810697603032,-414.9228669049594,0.05688111395172971,-9.376861236760131,0.07002190816499337,-0.01659002925791923,-0.6399407909972256,1.1296610894816553e-05,0.001456554918922192,0.0004828952435749767,0.07237461573854637,106.608333
12314,0.11242202829449703,-415.00765520039926,0.12484814765482406,-9.273356274621541,0.068635292199178,-0.02254902505019474,-0.6399087831949326,1.112844138807178e-05,0.0014911398417332773,0.0004685665136486541,0.0687197537190947,106.616667
12315,0.11344997367513461,-415.09141506508814,0.1907544204823476,-9.078449891024517,0.0671137012029588,-0.02846899425887241,-0.6398341817633131,1.0897139942064854e-05,0.0015231835858062915,0.00045185249929201716,0.06267083595770484,106.625
12316,0.11504537372738904,-415.1732801289114,0.253390166517187,-8.803546015076945,0.06546483131895292,-0.034335878215091396,-0.6397170593344994,1.0613388920647505e-05,0.0015511063814262213,0.0004327916063210099,0.05516004832803046,106.633333
12317,0.11718983703277858,-415.2525902248552,0.31178411685315877,-8.463437994825373,0.0636991605676574,-0.04014588504283904,-0.6395570635471889,1.028976936504392e-05,0.0015735391456960315,0.0004115008962033482,0.047170110232728726,106.641667
12318,0.11981450160212531,-415.32885792682816,0.36525215302491015,-8.077456325556424,0.061802702860805664,-0.045883123659587716,-0.6393572378243152,9.939302642717862e-06,0.0015895077052383297,0.00038830502009467037,0.039509612670978585,106.65
12319,0.12290679906308537,-415.4015619694142,0.41332271500927714,-7.660978507115363,0.05980382903752079,-0.05154174217367757,-0.6391161580825141,9.574258756656701e-06,0.001598543325288645,0.00036374509205414356,0.03269552686871891,106.658333
12320,0.12639129334287116,-415.4706007168262,0.45585089500729264,-7.2310580239131745,0.05768808936101395,-0.05711090723782456,-0.6388371790185261,9.205294397435894e-06,0.0016006304842594214,0.00033851948819410354,0.026961978216096638,106.666667
12321,0.130235959689982,-415.5357330736378,0.49281725241393826,-6.799936074828643,0.05547750618234729,-0.06258198624542774,-0.6385203630123042,8.841041576976832e-06,0.00159615640739989,0.0003133641450596532,0.022321421508554734,106.675
12322,0.1344036549970793,-415.5969028871373,0.5243660411232104,-6.377499249194199,0.05318780955191052,-0.06795134287191788,-0.6381662672007765,8.488017441286492e-06,0.001585761454207356,0.00028895135179166147,0.01865880003701157,106.683333
12323,0.138835381384474,-415.65430599495375,0.5507927292173117,-5.971625953461749,0.05081379931150818,-0.07321359657467362,-0.6377775785900056,8.150776090724783e-06,0.0015702242955458084,0.00026581979760383415,0.01580469845472164,106.691667
12324,0.1434753215180408,-415.70821085477615,0.5724552475048595,-5.587432486761409,0.04834868411835297,-0.078362679366333,-0.6373572058920751,7.832211432208071e-06,0.0015503790089130764,0.0002443440291436566,0.013584091595805776,106.7
12325,0.14829541373142466,-415.7586074353856,0.5896731659323056,-5.22749318983526,0.04581860922884474,-0.08339028467428976,-0.6369059806174499,7.5339001012126055e-06,0.001527043945081631,0.00022473881837530507,0.011843260223558732,106.708333
12326,0.15327148702631171,-415.80552950138224,0.6027767911287524,-4.8929797939829065,0.043250445639316834,-0.08829270524155115,-0.6364246301245177,7.256418899206249e-06,0.0015009629720543207,0.00020708325333225345,0.010459589607513744,106.716667
12327,0.1583541839523656,-415.8493644444357,0.6121542253457727,-4.584311769468408,0.0406336514913154,-0.09306650113207754,-0.6359166969104644,6.999626850589422e-06,0.0014727859535858202,0.0001913534567011577,0.009340484521139256,106.725
12328,0.1635019327640137,-415.8904757274534,0.6181616572979353,-4.300897653039257,0.037959263486854716,-0.0977079857303062,-0.6353855180251292,6.762905573216464e-06,0.00144308289612652,0.00017745586335180053,0.008418154471466871,106.733333
12329,0.16870418385518315,-415.9288653114091,0.6210683678519647,-4.041416971362089,0.035258639644032495,-0.10221628215110974,-0.6348316096963486,6.545337633841945e-06,0.0014123435218573943,0.00016525433486823515,0.007644202312879245,106.741667
12330,0.17391981676298116,-415.96483430984233,0.621176639931744,-3.8045678996816457,0.032526005932986664,-0.10658355909198965,-0.6342590295339371,6.345831899427533e-06,0.001380967430377127,0.00015459021993332646,0.0069846331176314025,106.75
12331,0.17914144914951216,-415.99844284883267,0.6187140773381612,-3.5886295605522265,0.029785479727029326,-0.11081317903195383,-0.6336685073650599,6.16322516688809e-06,0.0013492968428058265,0.00014529901429440007,0.006415296324861375,106.758333
12332,0.18433842191934746,-416.0300099796762,0.6139246049057137,-3.392002473414294,0.02702683454454863,-0.11490220736668974,-0.6330636189458085,5.996340274521978e-06,0.001317606268375012,0.00013721938857055532,0.005919003515143499,106.766667
12333,0.1894908100823398,-416.0596165677984,0.6070049773609834,-3.2130983323099302,0.024265832976863067,-0.11884621245963921,-0.6324470411109039,5.844032889510674e-06,0.0012861286616095372,0.0001302003238446578,0.0054831562157856865,106.775
12334,0.19458017190621288,-416.0874183554885,0.5981364928613494,-3.0503633303215056,0.021508469335747647,-0.12264363784211059,-0.6318215226784274,5.705215760026656e-06,0.0012550571928512983,0.0001241038093151349,0.005098331182265982,106.783333
12335,0.19958807400748918,-416.1135925787997,0.5874837826697069,-2.902337584101842,0.018755943240086143,-0.12629274885735745,-0.6311900417902893,5.578873199793144e-06,0.0012245518163393053,0.0001188062655353387,0.0047572680737475274,106.791667
12336,0.20450146113085707,-416.1383486947767,0.5751934619733945,-2.767645423412622,0.01600331246018061,-0.1297947588757452,-0.630555094527583,5.464067748082205e-06,0.001194745302786404,0.00011419862416642408,0.004454205841737347,106.8
12337,0.2093056366342165,-416.161741265261,0.5613919829373908,-2.6450775034918417,0.013263098074491721,-0.13314643781277935,-0.6299195416902338,5.3599409605559e-06,0.0011657450813472988,0.00011018555836730709,0.004184459348965276,106.808333
12338,0.2139867304315796,-416.1839054124314,0.5461975869428274,-2.5335153975934195,0.010536073905820032,-0.13634615170405057,-0.6292862867869815,5.265711657890095e-06,0.0011376384247681758,0.00010668435668565844,0.003944134107757162,106.816667
12339,0.21853437951128613,-416.20499399685497,0.5297171932924453,-2.4319407608569494,0.007818785898204858,-0.1393938689066882,-0.6286578787976042,5.180671804652226e-06,0.001110495251823402,0.00010362368518145687,0.003729933480351363,106.825
12340,0.22293801257111642,-416.2250572014788,0.5120448675758427,-2.3394565334555044,0.00512021864412923,-0.14228790016663215,-0.6280369809996915,5.104181046533533e-06,0.0010843690984465035,0.00010094224553366437,0.0035390342593561467,106.833333
12341,0.2271850476211493,-416.2440963913129,0.4932662652137285,-2.2552645277842545,0.0024555418105676368,-0.14502521175408548,-0.6274266259460937,5.035661044058272e-06,0.0010592998206430736,9.858751756759017e-05,0.0033689976051306217,106.841667
12342,0.231267604772034,-416.2624592564478,0.47347186269366154,-2.178617603092313,-0.00021146893209962242,-0.1476061363718488,-0.6268292402738292,4.974589739648153e-06,0.0010353166694447662,9.651462848962146e-05,0.0032177019497541225,106.85
12343,0.23517667366891432,-416.2800935808369,0.45273198280783883,-2.108883317604832,-0.0028609313661619173,-0.1500281970410315,-0.6262474493683272,4.920495373647762e-06,0.0010124377490293485,9.468530637131003e-05,0.0030832929497168317,106.858333
12344,0.23890390013415283,-416.2970757492222,0.4311168983394454,-2.0454891511855573,-0.005492289197764581,-0.1522895839935893,-0.6256838099570962,4.8729511546079175e-06,0.0009906724388468772,9.306694666396264e-05,0.0029641516925484317,106.866667
12345,0.24244362857409496,-416.3134470983376,0.40869136909879594,-1.9879249406231267,-0.008100622675523875,-0.15439001438398947,-0.6251404770503829,4.831570231952092e-06,0.000970022608489488,9.163183118462711e-05,0.0028588618642235056,106.875
12346,0.2457884820780871,-416.3293310962466,0.3855195307901459,-1.935740916493016,-0.010694482944747417,-0.1563271342201654,-0.6246198586476858,4.796001045333879e-06,0.0009504829049184669,9.035643616861529e-05,0.0027661865559478437,106.883333
12347,0.24893174785651856,-416.34475654557156,0.36165937187168046,-1.8885378852386152,-0.013268665129570135,-0.1580992687835293,-0.6241242475755872,4.7659232700693e-06,0.0009320428926484855,8.922086576649683e-05,0.002685044654337063,106.891667
12348,0.2518674248743289,-416.3597610272304,0.33716664603929425,-1.845961927286132,-0.015819822582161705,-0.15970501113916052,-0.6236557987435934,4.741044119710605e-06,0.0009146879325102887,8.820835473692902e-05,0.002614494506785013,106.9
12349,0.25459080439539117,-416.3744556349501,0.31209735420782636,-1.807705272672648,-0.018357005899080143,-0.16114225452650596,-0.6232164205286442,4.721095085149051e-06,0.0008983999509665343,8.730484849270926e-05,0.002553718652826037,106.908333
12350,0.2570977574100402,-416.3888112089652,0.28650134642212344,-1.7734886498246478,-0.02086736384591102,-0.16241126278987622,-0.6228078736826632,4.705829083826848e-06,0.0008831579208619122,8.649864736244022e-05,0.002502010233223099,106.916667
12351,0.2593830025570401,-416.4029171151892,0.2604302823202044,-1.7430763715483948,-0.0233573806218578,-0.16350930263920999,-0.6224320472123241,4.695018008921732e-06,0.0008689386016867942,8.578011700645386e-05,0.0024587629601742146,106.925
12352,0.2614439581073942,-416.41679366382067,0.233932982905594,-1.716257279552293,-0.025822960905403817,-0.16443637710813883,-0.6220903192058432,4.688450651871258e-06,0.0008557177724593461,8.514144235310834e-05,0.002423459784420118,106.933333
12353,0.2632751688837206,-416.43049049057186,0.20705708141966647,-1.6928520687974897,-0.028264804626858563,-0.16518985582420967,-0.6217844683072925,4.685930905866133e-06,0.0008434699542914767,8.457642063006902e-05,0.0023956657776304864,106.941667
12354,0.26487648130952385,-416.44404852506835,0.17985078346167072,-1.6727063819145997,-0.030682962811529033,-0.1657702999606396,-0.6215153064246012,4.687276337511968e-06,0.0008321700909261999,8.408029638038944e-05,0.0023750202140442054,106.95
12355,0.26624344254790566,-416.4574943973966,0.1523592738559121,-1.655688214313244,-0.03307486237717747,-0.16617585689416325,-0.6212842753041649,4.6923169581617704e-06,0.0008217922416771025,8.364961971330195e-05,0.002361231413309944,106.958333
12356,0.2673735296523329,-416.47087100485663,0.124628303995805,-1.6416903217085603,-0.03544093763090052,-0.16640517116953302,-0.6210924018404034,4.700894346207851e-06,0.0008123116447703706,8.328214098088415e-05,0.002354071392023518,106.966667
12357,0.26826620960160547,-416.4842224747534,0.09670400630820179,-1.6306272543129936,-0.03778217450100122,-0.16645778276695714,-0.6209402761315169,4.712860945215912e-06,0.0008037044246794225,8.297672083121683e-05,0.0023533720120572856,106.975
12358,0.26891987577094034,-416.4975544764517,0.06863017617687937,-1.6224265503413824,-0.040093069038680595,-0.166333843826727,-0.6208285680354003,4.728079601538986e-06,0.0007959473512726793,8.273326712610645e-05,0.0023590218340056443,106.983333
12359,0.26933241566781546,-416.5109094199564,0.04045102798290106,-1.6170413677149185,-0.042374138325295525,-0.16603173391444237,-0.620757930606249,4.7464233256298476e-06,0.0007890185856199599,8.255268842698257e-05,0.0023709641234737765,106.991667
12360,0.2695028343721033,-416.52430784934154,0.01221036070762061,-1.6144391747382998,-0.044622363719976396,-0.16555124239776112,-0.6207287197098261,4.767775240999282e-06,0.0007828981168834945,8.243686566333104e-05,0.00238919505374433,107.0
12361,0.26943343379424944,-416.53780510988906,-0.016045042272169893,-1.6146137133680079,-0.04684094784335327,-0.16489246173272604,-0.620740617605178,4.792028717268293e-06,0.0007775676509406579,8.238863947166217e-05,0.002413763072171821,107.008333
12362,0.26912254042651623,-416.5513917127818,-0.04427349513389576,-1.617561150614376,-0.04902162993117571,-0.16405593931793722,-0.620793879842094,4.819087689377119e-06,0.0007730098820866403,8.24118280734943e-05,0.002444767781000187,107.016667
12363,0.2685694952568156,-416.5651177039996,-0.07243070246612845,-1.623309438411334,-0.05116596285319629,-0.16304003592030586,-0.6208884792041247,4.848867168705306e-06,0.0007692099825619547,8.251123607125007e-05,0.0024823617408940776,107.025
12364,0.2677777225551587,-416.57898637464154,-0.10047110499881119,-1.631894054279719,-0.05326841230970266,-0.16184776355723896,-0.6210235827708346,4.881293905307142e-06,0.0007661554262821702,8.269270033058712e-05,0.0025267508763507944,107.033333
12365,0.2667470212266215,-416.5930626513015,-0.1283496662014539,-1.6433841289890057,-0.05533259509957856,-0.16047671931601792,-0.621198872466068,4.916307229211761e-06,0.0007638349898111534,8.296315338461915e-05,0.002578195663177641,107.041667
12366,0.26547755709500165,-416.6073388568812,-0.1560236316756338,-1.6578485148044115,-0.05735015894946647,-0.15892855330015307,-0.6214138611991137,4.9538600877561834e-06,0.0007622400440477104,8.333070452276869e-05,0.0026370135126954097,107.05
12367,0.2639744459092499,-416.6218651429802,-0.18344383889066684,-1.67539379392754,-0.05932282530038345,-0.15720464976873413,-0.6216671240828727,4.993920247460878e-06,0.0007613645730522803,8.380472002356251e-05,0.002703582764122102,107.058333
12368,0.26223747137993025,-416.6366556102392,-0.21056679419467345,-1.696135421520923,-0.06124514908703393,-0.1553053078646049,-0.6219580417828741,5.036471682518885e-06,0.0007612039272472793,8.439598307196813e-05,0.0027783431800477024,107.066667
12369,0.26027168489421687,-416.65175724981736,-0.23734265086743556,-1.7202235789805767,-0.063117660106192,-0.153231946395132,-0.6222850185105525,5.081516176520306e-06,0.0007617565661534242,8.511681007574179e-05,0.0028618026735785207,107.075
12370,0.25807694320347924,-416.667177098445,-0.2637274307367469,-1.7478179233394067,-0.06493314211743957,-0.15098548916521543,-0.6226472370389972,5.129075123939632e-06,0.000763022698793855,8.598126919003778e-05,0.002954538490771118,107.083333
12371,0.25566011414576134,-416.6829732443576,-0.28966776484281836,-1.7791244513787843,-0.06669345037552162,-0.14856771712490874,-0.6230426388147933,5.179191559274291e-06,0.0007650059455501688,8.700534699668507e-05,0.003057205734398101,107.091667
12372,0.25302506931951135,-416.69916444324156,-0.31511410810304025,-1.8143627400902773,-0.06839333695735428,-0.14598126230716785,-0.6234695944398922,5.231932427010866e-06,0.0007677115092969515,8.82072707244649e-05,0.0031705369592250304,107.1
12373,0.2501748853291113,-416.7157875226057,-0.3400158880034248,-1.8537900648339565,-0.07002960328000526,-0.14322725266631142,-0.623926535286091,5.287391125724626e-06,0.0007711472670654954,8.96077744576649e-05,0.0032953497805792236,107.108333
12374,0.24711549441483913,-416.73287660746075,-0.3643185725586144,-1.8976983034883728,-0.07159891143758064,-0.14030873913853145,-0.6244113758399258,5.345690320036459e-06,0.0007753241599361028,9.123044864107967e-05,0.00343255236968996,107.116667
12375,0.24385169837240506,-416.7504728283294,-0.38796700323933636,-1.9464198348678259,-0.07309809390396285,-0.13722779315812325,-0.6249221664563986,5.4069850615578356e-06,0.0007802555713551655,9.31021715017812e-05,0.0035831459608893874,107.125
12376,0.2403889434096692,-416.7686673240618,-0.4109007101989204,-2.000352545953511,-0.07453026307576818,-0.1339832948692949,-0.6254568164612361,5.4714662375753025e-06,0.0007859578477532108,9.525357787716592e-05,0.0037482298058624988,107.133333
12377,0.23673521964922653,-416.78745704823683,-0.43305950657264736,-2.0599000253718787,-0.07588573351535277,-0.13058260481391415,-0.6260128205115691,5.539364396596122e-06,0.0007924502891430402,9.77196610915136e-05,0.003929001592941279,107.141667
12378,0.23289694730212762,-416.8069117405272,-0.45437844777587033,-2.1255501794458764,-0.07716360558254838,-0.1270271044998943,-0.6265879071382354,5.610953908371315e-06,0.0007997546339393428,0.00010054034945852567,0.004126759830487911,107.15
12379,0.22888325017783068,-416.82707580827395,-0.47478795494667214,-2.1978369973628986,-0.07835972695271327,-0.1233217792490388,-0.6271794038636375,5.686557470457389e-06,0.0008078956691727338,0.00010376127042566736,0.004342902522043756,107.158333
12380,0.2246985108511623,-416.84801988454427,-0.4942189226277109,-2.2773721704289467,-0.07947085730098098,-0.11946736868235516,-0.6277853481373721,5.766550986220967e-06,0.0008169005983421412,0.00010743457037334204,0.004578922013325996,107.166667
12381,0.22035513763666414,-416.86981617152577,-0.5125880102998401,-2.36484081609786,-0.08049561561224694,-0.11546902762187895,-0.6284026354203675,5.851368757075168e-06,0.000826800461971918,0.00011161974413636164,0.004836408136661657,107.175
12382,0.21586111302348698,-416.89252878163865,-0.5298131247409451,-2.46100130383627,-0.08142919388004456,-0.11133058408989567,-0.6290288547485313,5.941508901087547e-06,0.0008376278313689633,0.00011638475103043964,0.005117028570518511,107.183333
12383,0.2112272032783137,-416.9163931930911,-0.5457889867749723,-2.5668061273416796,-0.08228523510328206,-0.10704366754015858,-0.6296612629021653,6.0375388540221685e-06,0.0008494180107006545,0.00012180691923710681,0.005422534272204961,107.191667
12384,0.2064678587854838,-416.94117525053395,-0.56043616847284,-2.682999198011165,-0.08302680736825507,-0.10264069974487872,-0.6302967148019386,6.140100896010805e-06,0.0008622079302292222,0.0001279743871986161,0.005754736865427041,107.2
12385,0.20158990164768525,-416.96727797913934,-0.5736261147281815,-2.810843700930329,-0.0836810625824572,-0.09809844311676562,-0.6309331881420867,6.249916784512934e-06,0.0008760347288159383,0.00013498605295656058,0.0061155698753866655,107.208333
12386,0.1966102252678568,-416.99467716157005,-0.5852416471075451,-2.9514199597371906,-0.0842323407692882,-0.0934343830185697,-0.6315674481118115,6.367791543584241e-06,0.0008909371632777844,0.00014295352352999266,0.006507088788446811,107.216667
12387,0.191543853777753,-417.02345300926186,-0.5951496620211699,-3.105980330973084,-0.08467464467534154,-0.08865707906614917,-0.6321966779069337,6.494615563444968e-06,0.0009069515948393497,0.0001520006031664813,0.006931606342845072,107.225
12388,0.18640618965034322,-417.0537212629534,-0.603201287917299,-3.2759069462808146,-0.08500441316442314,-0.0837729077717205,-0.6328181905903487,6.631363145797339e-06,0.0009241110413130481,0.0001622629380784145,0.007391911897340132,107.233333
12389,0.18121267689666018,-417.0856445264022,-0.6092288139540095,-3.4627224206255636,-0.08522050716040855,-0.07878495198725752,-0.6334294824017022,6.779086441076121e-06,0.0009424430001557836,0.00017388636793899803,0.007891678835875784,107.241667
12390,0.1759843182242874,-417.11936663236264,-0.6130410475180674,-3.667998988967471,-0.08532092803366328,-0.07370095909240051,-0.6340276181242698,6.9389024337359035e-06,0.0009619667322425683,0.00018702349382186692,0.008436174769085654,107.25
12391,0.17074253970398764,-417.1550127269012,-0.6144311610080877,-3.8933309513299994,-0.0853012638581039,-0.06853096847131278,-0.6346098907365013,7.111969556313495e-06,0.000982688133183046,0.00020182753761242695,0.009033430512263844,107.258333
12392,0.16550756575120817,-417.19277998742473,-0.6131671296270716,-4.1403837795873875,-0.08516026306632134,-0.06327895336644108,-0.6351740047666645,7.299449583484129e-06,0.001004595546032643,0.0002184421347240559,0.009696151521773418,107.266667
12393,0.16030514059260972,-417.23285089529963,-0.6089878101193649,-4.4106973336107975,-0.08489650243350756,-0.057952794793853804,-0.6357173665443937,7.502449745051159e-06,0.001027655561807275,0.00023698641511798324,0.01044464059089947,107.275
12394,0.1551621663049857,-417.2754596867219,-0.6016015764246627,-4.705652720868644,-0.08451047855799476,-0.05255662658803294,-0.6362376071025548,7.721938064305395e-06,0.001051806550255949,0.0002575334774632255,0.01131105550582308,107.283333
12395,0.15010843899471707,-417.32076805323646,-0.5907021945535101,-5.026167043960961,-0.08399855317432513,-0.04710172328683588,-0.6367324268513663,7.958624077940515e-06,0.001076954286786803,0.0002800815207612988,0.012345285948498019,107.291667
12396,0.1451772850405088,-417.3689158228892,-0.5759649002990843,-5.372496954540367,-0.08335775504077744,-0.041601747578393876,-0.6371995699535472,8.212796648380834e-06,0.001102969096401648,0.00030451636868798233,0.013622465123218899,107.3
12397,0.14040733738145222,-417.41993958757604,-0.5570643007849743,-5.743803755191303,-0.08258484875625259,-0.0360790206343568,-0.6376366988356086,8.484111457219783e-06,0.001129686827058171,0.00033056822535756567,0.015251246114410385,107.308333
12398,0.13583169856532806,-417.4745429084018,-0.5335653329380158,-6.13884827731595,-0.0816965926926726,-0.03049739316431353,-0.6380423876425365,8.771324727538375e-06,0.0011569159598891052,0.0003577669133957736,0.017380640459431676,107.316667
12399,0.13149423970413784,-417.5325640564713,-0.5051797859658835,-6.553588666795272,-0.08068236040934222,-0.024892475926179342,-0.6384146254880457,9.071983732808224e-06,0.0011844573206551026,0.0003854128970646565,0.020200299608688715,107.325
12400,0.12743950090921785,-417.59413811667946,-0.47160451218081917,-6.982171050206877,-0.07954472763970417,-0.019270843825661865,-0.6387517385956553,9.382092806409246e-06,0.0012121301979222086,0.0004125596688066953,0.02392863011579201,107.333333
12401,0.1237142143378969,-417.65930962507053,-0.43261749371875813,-7.416076208596916,-0.07828611573817548,-0.013640988024768248,-0.6390522046001696,9.695797269081745e-06,0.0012398124937518782,0.0004380519352995014,0.028777147914421996,107.341667
12402,0.12036772797085418,-417.7280217868589,-0.3881166564845337,-7.843817087901818,-0.0769104371372755,-0.008012188034657705,-0.6393145565199111,1.0005163594666058e-05,0.0012674853301699875,0.00046062453325946493,0.03488434857578427,107.35
12403,0.11744429074914918,-417.80016141890474,-0.3381685509176355,-8.251382133985315,-0.07541950631985504,-0.002388693579461465,-0.6395378838547822,1.0300155732289931e-05,0.0012952691307892951,0.00047907121326092267,0.04221973702511366,107.358333
12404,0.11499311589031423,-417.87536233535025,-0.28306796654701516,-8.62205424721027,-0.07381945566116742,0.0032160878729657586,-0.6397209215124063,1.0568926045757251e-05,0.0013234332963497663,0.0004924636435655614,0.050479647219042426,107.366667
12405,0.11305461735180862,-417.9531641229516,-0.22336508471374916,-8.938297364935803,-0.07211506746525825,0.008793729627427381,-0.6398629541079254,1.0798509064661451e-05,0.001352349882412257,0.0005003555074997442,0.05901863554999243,107.375
12406,0.11166542092407546,-418.03299822094857,-0.15986400307333584,-9.183035284290037,-0.07031304658347565,0.014339214905204699,-0.6399632607205294,1.09759371424707e-05,0.0013823867144079618,0.00050289809987726,0.06687873518133904,107.383333
12407,0.1108515822569168,-418.11409859275136,-0.09364161839517329,-9.341953459916281,-0.068420060659462,0.019843170782392953,-0.6400214500691804,1.1089675649202786e-05,0.001413742759698149,0.0005007859275673349,0.07295393089465194,107.391667
12408,0.11063004104593617,-418.1956474479309,-0.025957488175598453,-9.405355729769296,-0.0664437762244438,0.025300164960854812,-0.6400372168319508,1.1131131894730019e-05,0.0014462735564482632,0.0004950292147128395,0.07627057755988399,107.4
12409,0.11100580630601994,-418.2767265147343,0.04180649532866986,-9.369730626204513,-0.06439352097438467,0.03070185374875439,-0.640010455624681,1.1095900949435675e-05,0.0014793687842634953,0.00048663193135067183,0.07627944408245027,107.408333
12410,0.11197006992551377,-418.3564718650895,0.10827838348843888,-9.23842805242893,-0.0622772487164253,0.03604304085044086,-0.6399413693257892,1.0984426910925383e-05,0.0015119440213725041,0.0004763178010472831,0.07302823885214946,107.416667
12411,0.11350519345260501,-418.434067460557,0.17219204980517996,-9.020720375443359,-0.06010536268224078,0.041318647380849984,-0.6398301551438892,1.0801906446853646e-05,0.001542566739419137,0.0004644192249961199,0.06712822611365235,107.425
12412,0.11557962235961006,-418.50876749194146,0.23246563168737414,-8.730827835481552,-0.05788858981701192,0.046520447574481275,-0.6396774748281103,1.0557470655882237e-05,0.0015696798143735662,0.0004509533957961828,0.059540658853711084,107.433333
12413,0.11815694626284823,-418.58000823528306,0.28827903910667996,-8.385324642558405,-0.05563856246973573,0.051644412744144816,-0.6394839463775567,1.0262884256416927e-05,0.001591855917177738,0.00043581147513545846,0.05129250879122736,107.441667
12414,0.12116631225387887,-418.6471150346883,0.3390415670371843,-8.00333573141204,-0.05336950623368832,0.05665969308777776,-0.6392526008234704,9.931086048198142e-06,0.0016080007062744754,0.00041895036273605627,0.04324277536581499,107.45
12415,0.12461122696293442,-418.7105549967899,0.3845828590132851,-7.597230879181121,-0.05107503682975071,0.06162436223867213,-0.6389806658010213,9.574897913615956e-06,0.0016174816149268313,0.0004004956203692643,0.03596291958096679,107.458333
12416,0.12842130494208734,-418.76976487594015,0.42472392459002645,-7.182753148167338,-0.04877846794909789,0.06650137336201994,-0.6386710742483208,9.20599298541754e-06,0.001620092916130162,0.00038077996366783925,0.02973783550895647,107.466667
12417,0.13254466156545053,-418.8248325779319,0.4595678356890096,-6.771289807048024,-0.046482238012474066,0.07129072194948038,-0.6383255808670631,8.834305784617684e-06,0.0016160437794267147,0.0003602735423931672,0.02462391814565939,107.475
12418,0.1369353900526482,-418.875860348672,0.48932015956270924,-6.371234668589891,-0.044194110562395084,0.07599084757233864,-0.6379457534562295,8.467803071424343e-06,0.001605843443798962,0.0003394996292610146,0.02053493791550079,107.483333
12419,0.1415502941912732,-418.9229278981719,0.514249453223291,-5.988511027356283,-0.04192804630214857,0.08059697503225323,-0.6375332769549643,8.112509119775226e-06,0.00159018901434032,0.00031895776027922367,0.017317273244934095,107.491667
12420,0.14634757434665613,-418.9663679663914,0.5347010250275052,-5.626812388056053,-0.03968033079894716,0.08511274821739814,-0.6370901067467364,7.772697271471184e-06,0.0015698690826866203,0.0002990710862474317,0.014801453603615927,107.5
12421,0.15128884311232046,-419.00633915642163,0.5510051140047476,-5.2882599235097985,-0.03746214455157905,0.08953341442534736,-0.6366183064465989,7.451164049547901e-06,0.0015456906176693666,0.0002801620297799292,0.01283096213120025,107.508333
12422,0.15633820600623868,-419.04323073201465,0.5635202083431713,-4.973563888761449,-0.03526448682002516,0.09386219542378361,-0.6361201277396807,7.149523827065124e-06,0.0015184284886971754,0.0002624483353643023,0.011274909156672099,107.516667
12423,0.1614643306277968,-419.07716598030106,0.5725534068529398,-4.682659942588274,-0.03310174465905768,0.09809302903464777,-0.6355977854204138,6.868486445014911e-06,0.0014887956393578236,0.0002460543989724362,0.010030215971323303,107.525
12424,0.16663781235291794,-419.10846560434345,0.5784174379074455,-4.414764746771442,-0.030968715266878995,0.10222656278005525,-0.6350536837251591,6.608098044422058e-06,0.0014574275018377244,0.0002310276520512083,0.0090189955898535,107.533333
12425,0.17182549366710081,-419.13762652122057,0.5814251202271998,-4.168724037749728,-0.028837396295540503,0.10626410915346746,-0.6344910214941689,6.367939468331663e-06,0.001424878345499717,0.00021735794383935118,0.008183803686811467,107.541667
12426,0.17702244069185596,-419.16426278782035,0.5817451574084315,-3.9431742896973505,-0.026775207302070215,0.11019717462900021,-0.6339102331195773,6.147283846061055e-06,0.0013916276245570702,0.00020499515087608398,0.007482822317859702,107.55
12427,0.1821954030872223,-419.1889824494584,0.5796587675525958,-3.736684772616191,-0.024738182474149946,0.11402846291873954,-0.633315122706118,5.945210547802471e-06,0.001358069141646949,0.00019386178872226784,0.006886089592004363,107.558333
12428,0.18732595536597502,-419.21194453597474,0.5753655624174594,-3.5477876310109564,-0.022729069677053796,0.11775524032448764,-0.6327081518707799,5.760698156754798e-06,0.0013245392532761162,0.00018386664002007506,0.00637178357018655,107.566667
12429,0.1923863060286685,-419.23367553332866,0.569085203659296,-3.375036077981464,-0.02070304715597844,0.12137593853078216,-0.6320931719772246,5.592685155999385e-06,0.0012913156831890124,0.00017491199879220325,0.0059240065648741005,107.575
12430,0.1973804860777316,-419.25367366959165,0.5609104358478428,-3.2170779446946303,-0.018739999791718382,0.12488596740605362,-0.6314703636979812,5.440114836786512e-06,0.0012586316323980676,0.0001669000372709084,0.005530945761000832,107.583333
12431,0.20228469652907646,-419.27251216997894,0.5510283114815083,-3.072608867487278,-0.01678573882400667,0.1282859911073045,-0.6308434481975294,5.301960555893134e-06,0.0012266644983578048,0.0001597352044693124,0.005183837447883187,107.591667
12432,0.20708382571562273,-419.2902379373275,0.5395654543200697,-2.9405038352954835,-0.014848603518962167,0.13157027151155684,-0.6302152769521792,5.1772469191283685e-06,0.0011955605390686224,0.00015332821796482947,0.004875883083677267,107.6
12433,0.211766382376839,-419.30703348869326,0.5266438670596251,-2.819665125436087,-0.012918324358255235,0.1347371854597574,-0.6295883738016117,5.0650590340760494e-06,0.0011654352490994093,0.00014759665537752853,0.004601748736249345,107.608333
12434,0.21632208090568555,-419.322967612898,0.5123678990576894,-2.709121467560556,-0.010997960209747337,0.13778362572845712,-0.6289652057374441,4.964546916015965e-06,0.001136376505083363,0.0001424656173990074,0.0043571561473053425,107.616667
12435,0.22073872680201614,-419.33814834425306,0.4968371408109863,-2.6080051160148274,-0.009084000431126862,0.14070549131621457,-0.6283485961833845,4.874926302408642e-06,0.0011084487067303853,0.00013786772722634125,0.004138611081458188,107.625
12436,0.2250071411088927,-419.35271252335707,0.48014365358729155,-2.5155105940798435,-0.007167581904590315,0.1435002867957039,-0.6277410342929572,4.7954771454447495e-06,0.001081697819851425,0.00013374293041521924,0.0039432045744244686,107.633333
12437,0.22912015383858286,-419.3667284552552,0.46236874114107035,-2.4309167611238007,-0.005248256434385607,0.14616567133429595,-0.6271447719656073,4.725540190031284e-06,0.0010561531960098715,0.00013003805063756062,0.0037684826710700056,107.641667
12438,0.23306655456214798,-419.3802391183354,0.4435886044753896,-2.3536103887661333,-0.0033284021667726927,0.1486964361307439,-0.6265626898380017,4.664512722099403e-06,0.0010318297500471255,0.00012670623556926307,0.0036123553176606164,107.65
12439,0.23683629288381144,-419.393647448063,0.4238905092671371,-2.283006734657694,-0.0013555732586272176,0.15108851668875176,-0.6259975520894099,4.611844164637364e-06,0.001008732593024525,0.0001237064116128925,0.003473023229746567,107.658333
12440,0.24042593886059216,-419.4067092131594,0.403326817088077,-2.2186003517007706,0.0006271555341905373,0.15333944647821832,-0.6254511439798393,4.567031296332567e-06,0.0009868584407792423,0.00012100274863802476,0.003348920688457632,107.666667
12441,0.24383454015791425,-419.4191103846144,0.38194539524308424,-2.1599147117666684,0.002563788649940151,0.15545060728854676,-0.6249248341659823,4.529613408389832e-06,0.0009661947366848819,0.00011856401764096826,0.0032386984094019437,107.675
12442,0.24704639815608884,-419.43157917461,0.3598351372151616,-2.1065820827725688,0.004559916141829604,0.15741208008569976,-0.6244222584788861,4.499167854961756e-06,0.000946720787828859,0.0001163631393053313,0.003141191525321555,107.683333
12443,0.2500654432365933,-419.4435145009202,0.33702816486557435,-2.0581907571483153,0.006515354391296644,0.1592293084289202,-0.6239439799937201,4.4753064270586594e-06,0.0009284154903461798,0.00011437680828112927,0.0030553669997583637,107.691667
12444,0.2528757549943435,-419.45557514989144,0.3136027605457717,-2.014488834260772,0.00852802290019832,0.1608895386668577,-0.6234936582267533,4.457671138678547e-06,0.0009112503705249024,0.00011258499826535847,0.002980340687697614,107.7
12445,0.2554784640211531,-419.4675770179808,0.2896048233060724,-1.9751573270880516,0.010563639381531023,0.16239440514368386,-0.6230722104034541,4.445931435379076e-06,0.0008951988574554238,0.00011097065512285567,0.002915330422757097,107.708333
12446,0.257874519548217,-419.4790373455144,0.2650679475591448,-1.9398862389316962,0.01253793699660109,0.16375077219564121,-0.6226804938467243,4.439780937302965e-06,0.0008802302324627191,0.00010951934531619376,0.002859664564556965,107.716667
12447,0.26005070479947906,-419.49073439198725,0.240067426730365,-1.9085541883678332,0.014571649240571244,0.16494233908411698,-0.6223216246378315,4.4389349222805655e-06,0.000866311100484865,0.00010821901040199272,0.002812773055377753,107.725
12448,0.2620049106436645,-419.5024103518425,0.21464223302929436,-1.880940216229809,0.016617599862174197,0.16597074081408691,-0.6219968498669779,4.443128459575427e-06,0.0008534112860210384,0.00010705971356688985,0.002774157168894151,107.733333
12449,0.26374266068761065,-419.51372451191787,0.18883085080643638,-1.856791418072071,0.01861413172305845,0.16684606748847564,-0.6217060531632516,4.452114463671716e-06,0.0008415001031417983,0.00010603344988388083,0.002743399547813561,107.741667
12450,0.26524890790755085,-419.5253397513504,0.16269777396740234,-1.8361008748984493,0.020665398688201966,0.16754782089413825,-0.6214524774161605,4.465662085625487e-06,0.0008305445032958329,0.00010513396910618111,0.0027201586543810206,107.75
12451,0.26653194255792595,-419.536700913377,0.1362742684252081,-1.8186170352014241,0.022674132687684458,0.1680922804974533,-0.6212353673287015,4.483555866126421e-06,0.0008205167144030578,0.00010435664238343592,0.0027041485512793897,107.758333
12452,0.26758324485158935,-419.5481144264864,0.10961265550635584,-1.8043097048735703,0.024685812921684626,0.16846865891813378,-0.621056707780152,4.505594558782764e-06,0.0008113865035149,0.00010369833295437124,0.0026951517441175373,107.766667
12453,0.2683975473890802,-419.55986846627235,0.0827667467674714,-1.7931614517097039,0.026743438552816846,0.16866630257422105,-0.6209178524944448,4.5315907053634885e-06,0.0008031273843316659,0.00010315731819967462,0.0026930040026640974,107.775
12454,0.26897885515787573,-419.5717051243888,0.055775478039598106,-1.7850384801053818,0.028798699189232987,0.16869371002934425,-0.6208184757218036,4.561370272022244e-06,0.0007957155100181755,0.00010273322849484007,0.0026975919553461126,107.783333
12455,0.26932838729054137,-419.5833418279304,0.028673193677500656,-1.7798246906328017,0.030798744818553506,0.16856062588382034,-0.6207586208787248,4.594772412233839e-06,0.0007891270000439555,0.00010242697118108659,0.0027088574781373017,107.791667
12456,0.2694439713373361,-419.59511837000446,0.0015161205294799156,-1.7775639855371663,0.032795350980147304,0.1682566665023574,-0.6207388112625176,4.631649523399826e-06,0.0007833393142233288,0.00010224067798200945,0.0027267971003117424,107.8
12457,0.26932219439569394,-419.6070483692895,-0.025653758075049996,-1.7782602024397907,0.03478492551982268,0.16777943498021963,-0.6207596820270294,4.67186753993495e-06,0.0007783324853349239,0.0001021777476338163,0.002751452507984987,107.808333
12458,0.2689607851250201,-419.61943232458884,-0.052780797775799665,-1.7820021018111907,0.03681171426442308,0.16711669888904568,-0.6208215680220386,4.7153064331823996e-06,0.000774089602185444,0.00010224282995405659,0.002782915431107278,107.816667
12459,0.26836708708486967,-419.6316905028929,-0.07983939400268056,-1.788636490741002,0.03877374198794912,0.16629392833742251,-0.6209230540142314,4.761860886457027e-06,0.0007705964654437509,0.00010244190511497004,0.0028213226369430107,107.825
12460,0.2675355144488717,-419.6444090587827,-0.1067649006851746,-1.7983835713578935,0.04076191999185045,0.16528596583495025,-0.6210648340170176,4.811441025839811e-06,0.0007678390088608558,0.00010278214431160774,0.002866869238618736,107.833333
12461,0.2664692013453686,-419.65739664828294,-0.13351839958672804,-1.811243115359931,0.04273815704081865,0.16410167651035254,-0.6212460079350579,4.863973500556011e-06,0.0007658072686824662,0.0001032722276065294,0.0029197930477965865,107.841667
12462,0.26517531674351313,-419.6703193428935,-0.1600653649740669,-1.827166751062246,0.044642505948957266,0.1627603710783745,-0.6214648992059223,4.919402656762171e-06,0.0007644928992826039,0.00010392224866125123,0.002980387243357843,107.85
12463,0.2636482740112176,-419.6837865779509,-0.18633796567918515,-1.8464675252842209,0.046566942165882454,0.16123249185834157,-0.6217218961420526,4.977691786518013e-06,0.0007638882928647233,0.00010474372726360282,0.003049004826593171,107.858333
12464,0.2618907919562075,-419.6975840633084,-0.21229920320443849,-1.869195567836902,0.048469322439796785,0.15952893590860967,-0.622015880879334,5.0388247394761596e-06,0.0007639903312389748,0.00010575009261582971,0.0031260453522071745,107.866667
12465,0.2599112140106722,-419.71139820420814,-0.2379128791553224,-1.8953572181031064,0.050294088481488315,0.1576707697853125,-0.6223447161301551,5.102807668156241e-06,0.0007647980588943093,0.00010695652865629216,0.003211972399679401,107.875
12466,0.25771077471890164,-419.725574641615,-0.2631150035043916,-1.925240079327918,0.052089425551412105,0.1556429460298859,-0.6227073773232994,5.169670786172139e-06,0.0007663113205447609,0.00010838004611274462,0.0033073179784625546,107.883333
12467,0.25529165338558807,-419.7401586302122,-0.28785535828417746,-1.9590543844046444,0.05385467155695693,0.15344489594362187,-0.623102600649639,5.239470419173465e-06,0.0007685329384623646,0.00011004004343441631,0.0034126713785784437,107.891667
12468,0.25265391618089683,-419.7554400782764,-0.3120697085885006,-1.99714945697519,0.055625024442607224,0.15106116627304472,-0.6235293845329078,5.3122913209673275e-06,0.0007714685620886807,0.00011195840668220992,0.0035286899118124127,107.9
12469,0.249806560813145,-419.77110988192123,-0.33571869422160394,-2.0396332587608557,0.057345446753409135,0.14851418640782127,-0.6239852152481459,5.388249231518445e-06,0.0007751273108557993,0.00011415999442611867,0.0036560942193349434,107.908333
12470,0.2467526066260383,-419.7873702868183,-0.3587377913559767,-2.086879699863607,0.05903714856434853,0.14579514288242748,-0.6244684972657016,5.4674935032642256e-06,0.0007795194642856748,0.00011667248941136328,0.003795687101234752,107.916667
12471,0.24349851165789774,-419.8041015763326,-0.381077886795982,-2.1391488060937744,0.06067368564416073,0.14291575750246832,-0.6249770418214171,5.55020989977539e-06,0.0007846582912214101,0.00011952716287415131,0.003948342292240479,107.925
12472,0.24005041512613068,-419.8213701935805,-0.4026765402184455,-2.196825022655135,0.062255842907737155,0.13987712550425258,-0.6255086829617273,5.636623600592e-06,0.0007905592445443054,0.0001227589559744991,0.004115019662259214,107.933333
12473,0.2364149308707599,-419.83903030168665,-0.4234851181941454,-2.260230426292316,0.06375461861676718,0.13669412081913943,-0.626061162039711,5.727002284234511e-06,0.0007972401684999767,0.00012640708869495002,0.004296761319575407,107.941667
12474,0.23259696967834217,-419.8576151578997,-0.4434017774517913,-2.330094716924941,0.06523299443544102,0.1333376329891903,-0.6266324638429019,5.821659261407123e-06,0.0008047213164357416,0.00013051520490266089,0.004494711215998356,107.95
12475,0.22860664595167013,-419.8766744436906,-0.4623923022491571,-2.4066702721835824,0.06662031841222045,0.12984442527197845,-0.6272197948697442,5.920956852508978e-06,0.0008130257625174232,0.00013513288661563,0.004710075858411428,107.958333
12476,0.22445168586947237,-419.8965187447697,-0.4803616691076945,-2.4906852881792108,0.06794766780224717,0.12620118664695423,-0.6278207448031135,6.025309536994658e-06,0.0008221781202768187,0.00014031461445318557,0.00494419895096747,107.966667
12477,0.22013959004577763,-419.91721991578413,-0.4972299740941099,-2.5828115060481984,0.06921232245015338,0.1224098891302731,-0.628432960736601,6.135186693511729e-06,0.000832205077645741,0.00014612146806151693,0.005198524310013223,107.975
12478,0.2156800234983785,-419.939226485679,-0.5128718816833827,-2.684027785353135,0.07045573570529287,0.11844741631615686,-0.6290538224589792,6.2511151874494114e-06,0.0008431353639645452,0.00015262113199524194,0.005474641674894271,107.983333
12479,0.2110838968954167,-419.9621032765911,-0.5272398801627494,-2.7948317476157176,0.07161148609264634,0.11435315204931798,-0.629680605030827,6.373681351640664e-06,0.000854998750250411,0.00015988916725233538,0.005774276983172456,107.991667
12480,0.20636256429881278,-419.9860416148574,-0.540220668488119,-2.91619348031568,0.0726895708212182,0.11012389100285967,-0.6303106120003196,6.503531349949608e-06,0.0008678255081814881,0.00016800683216376138,0.006099476830563783,108.0
12481,0.20152696258216793,-420.0111189958404,-0.5517055557199637,-3.049103289500628,0.07368485936105972,0.1057644892782535,-0.630941302329029,6.641369297542317e-06,0.0008816455723734879,0.00017706222644684074,0.00645266697010626,108.008333
12482,0.1965891736635331,-420.03736744426,-0.5615816056488258,-3.1946058414419083,0.07458700154794698,0.10128428032859157,-0.6315700962160937,6.787952969942306e-06,0.0008964878685032692,0.00018714905027922534,0.006836882392750682,108.016667
12483,0.1915651607580466,-420.0652250403662,-0.5696695236505267,-3.3541291335062957,0.07542631029083857,0.0966646150672208,-0.632194065604713,6.9440853619953856e-06,0.0009123788874488033,0.00019836464555244426,0.0072561210618327715,108.025
12484,0.18647026687643195,-420.0946323458407,-0.575839085441109,-3.528816467659695,0.07617966979322631,0.09192381992582964,-0.632810541881564,7.110600983589126e-06,0.000929339915721042,0.00021080876294784674,0.007715765246776899,108.033333
12485,0.18131987928427287,-420.1257410770771,-0.5799226420918355,-3.7200529616800977,0.07684422677629983,0.08706511772494983,-0.6334170370006583,7.288344417539345e-06,0.000947385590487622,0.00022457702777551675,0.008223509052016876,108.041667
12486,0.17613315466517343,-420.1587197246483,-0.5817287138482514,-3.9292687996998135,0.0774180993664154,0.08209273643744894,-0.6340108304995298,7.4781381877668555e-06,0.0009665217275372979,0.00023975492962461888,0.008790553983112967,108.05
12487,0.17092912004131494,-420.1936013946834,-0.5810718126318103,-4.157797847284812,0.07788685145142771,0.07702183590595632,-0.6345894640164295,7.68073703086698e-06,0.0009867417550466972,0.00025640830740543635,0.009433393854827336,108.058333
12488,0.1657338776861605,-420.23082872932855,-0.5776723385351834,-4.407226860061754,0.07826960587978124,0.07183931701768302,-0.635149977565816,7.896764012059408e-06,0.0010080244431201174,0.000274569341239469,0.010176458362123766,108.066667
12489,0.16056688162647767,-420.27042680686816,-0.5713124853984344,-4.6787274408118025,0.07854739255235853,0.0665618812067515,-0.6356904402061149,8.126624051839758e-06,0.0010303293299054911,0.00029422171211865457,0.011055359397423031,108.075
12490,0.1554563500982945,-420.31264989881345,-0.5617025974343332,-4.973341166844431,0.07872101475091046,0.061192405162701406,-0.6362083024159546,8.370390265181199e-06,0.0010535979880256657,0.0003152764107601212,0.012121652838397537,108.083333
12491,0.15043122484382368,-420.35765670227363,-0.5485534112297704,-5.291601675129179,0.07878358151217539,0.055741402277204026,-0.636701308332475,8.627657755803404e-06,0.001077751809734288,0.0003375477825226502,0.013447936027971251,108.091667
12492,0.14552288983354664,-420.405698921891,-0.5315426706110523,-5.6334765980486035,0.07873371662953148,0.05021257137365763,-0.6371673345501525,8.897362302604318e-06,0.0011026958182872304,0.00036072581775108186,0.015133206319889996,108.1
12493,0.1407631445976244,-420.4568858591293,-0.5103714871260868,-5.997920504600856,0.07856169380884394,0.04462013689275214,-0.6376045924595882,9.177565885216231e-06,0.0011283265025345264,0.00038435218768706497,0.017306305656361782,108.108333
12494,0.13618922515727958,-420.5115456925713,-0.48469025405314675,-6.382770905574517,0.07827046275695067,0.03896145689502042,-0.6380111693477085,9.465218634120731e-06,0.0011545466389316554,0.00040780431072263274,0.020124734041031777,108.116667
12495,0.13184679865739396,-420.56978990242374,-0.45419552002098446,-6.783757947037536,0.07785709844596163,0.03325070995346002,-0.6383848174770189,9.755917963730502e-06,0.0011812848617968913,0.0004303008454492011,0.02376278464820339,108.125
12496,0.12777434522475917,-420.63180861502445,-0.418629784134434,-7.1949064895331745,0.07731803451158754,0.027490114284752124,-0.6387242971986241,1.0043700105586133e-05,0.0012085199361559532,0.00045093456228141094,0.02838317960564454,108.133333
12497,0.1240259565463658,-420.69771928171923,-0.37778564154238076,-7.607152303948348,0.07665641045322656,0.021686136343596767,-0.6390274007450021,1.0320926310047514e-05,0.0012363112021343274,0.0004687503211614243,0.03408726126962558,108.141667
12498,0.12063741976251285,-420.7673641880232,-0.33167249679222355,-8.009464279657456,0.0758596800471248,0.01585603126066794,-0.6392936789080654,1.0578335779835915e-05,0.0012648116431954546,0.0004828587349780077,0.040840740741781886,108.15
12499,0.11765957749934358,-420.8406852797891,-0.2803822223427694,-8.387753012629004,0.0749300924143839,0.010004312623802756,-0.6395216240720067,1.0805357411473258e-05,0.0012942702331531666,0.0004925826365165185,0.0483951358357557,108.158333
12500,0.11514673274566577,-420.9174340169634,-0.22422790105009954,-8.72543373008768,0.07387184490300952,0.004139786930560975,-0.6397095632947778,1.0990742798391971e-05,0.0013249815729691522,0.0004975814900759067,0.056223985059168514,108.166667
12501,0.11312596496039261,-420.9971392589043,-0.16383641532087012,-9.006527815549275,0.07267444053326072,-0.00172442853908452,-0.6398577691295083,1.1123516126969778e-05,0.0013571908542698882,0.0004979166415147438,0.06352552676272832,108.175
12502,0.11163743958236227,-421.07930622959486,-0.10001783555414856,-9.21474131176723,0.07134052987848544,-0.00758265719980376,-0.6399652684188786,1.1194195035212032e-05,0.0013909678346932645,0.0004940147518826494,0.06933758575692779,108.183333
12503,0.1107170439333415,-421.1631860655153,-0.033850388063907215,-9.336120124783305,0.06987594407731285,-0.013421900152390996,-0.6400310287100177,1.1196074502354763e-05,0.001426052386849764,0.0004865007869113564,0.07274831474084222,108.191667
12504,0.11036814331239622,-421.24804610173334,0.03340874696382889,-9.363120888034475,0.0682719393350856,-0.019235602811389623,-0.6400558151910729,1.1126274427124124e-05,0.0014617483247131764,0.0004759887463040265,0.07315761554473932,108.2
12505,0.11060531548857976,-421.3329570598895,0.1004050318876648,-9.292532973318657,0.06653671471539,-0.02500978425956143,-0.640038974564966,1.0986321869180568e-05,0.0014969231426077716,0.0004629111709881503,0.070474332666266,108.208333
12506,0.11143042100551877,-421.41704039828323,0.165796946835963,-9.127765174566761,0.06467817527739222,-0.030736124275001123,-0.6399801067090591,1.078205895551687e-05,0.001530108422658228,0.0004474646632795308,0.06515047928665152,108.216667
12507,0.1128121943612136,-421.499551360625,0.22836962267521213,-8.87978708638377,0.06268959234378949,-0.03640622286555305,-0.6398805471526957,1.0522865216479556e-05,0.0015597122637131342,0.0004297069956202962,0.058034890462191895,108.225
12508,0.11474172320427908,-421.579714329203,0.2870835835357185,-8.561684691463984,0.060587461718363864,-0.04201278702208309,-0.639739476572427,1.0220441178016239e-05,0.0015842799173743482,0.0004097163343567552,0.05011470175153941,108.233333
12509,0.11717229255615852,-421.6569729731455,0.3411650568757602,-8.19113896910413,0.058369524760465266,-0.047545600545307175,-0.6395583844529157,9.887396525932061e-06,0.0016026893305559607,0.00038773759517149534,0.04227189340870195,108.241667
12510,0.12004910084469426,-421.73090243658766,0.39011593293118985,-7.786165813187563,0.05603483584064857,-0.05299099193140186,-0.639339162434492,9.535978199831018e-06,0.0016142909879432112,0.0003642329585452637,0.03512630382773261,108.25
12511,0.1233411936672527,-421.80119839476055,0.43366670026693427,-7.361933883989124,0.05359806774733872,-0.05834560440652455,-0.639081802476169,9.177142200501972e-06,0.0016189261378401088,0.0003398357394555827,0.02900172460657552,108.258333
12512,0.1270010740672707,-421.8676776317033,0.4717602741893406,-6.932352706530803,0.051067834598075776,-0.0636006398381978,-0.638787560584609,8.819990037713554e-06,0.0016168440337866782,0.0003152577009140868,0.023979698774560694,108.266667
12513,0.13098226006677538,-421.9303197144186,0.5045114096439643,-6.508474374067877,0.04845080354921689,-0.06875105206946774,-0.6384577708437549,8.471577201354057e-06,0.0016086004066844517,0.000291180932637365,0.019982322212736433,108.275
12514,0.13523708402510698,-421.98919895260644,0.5321532547313117,-6.098616082944413,0.045752252258912454,-0.07379111661502623,-0.6380941272241459,8.13699570642685e-06,0.001594935162594645,0.0002681769712381736,0.01685353379054791,108.283333
12515,0.1397382538778642,-422.04415633144686,0.554933771641778,-5.708200825053817,0.043006556712314785,-0.07871257628775051,-0.6376968551670108,7.819620972247045e-06,0.00157666773956125,0.00024666510689229924,0.014417665898753653,108.291667
12516,0.1444168423798372,-422.09573373914975,0.5732725045780172,-5.341338684961973,0.040184583472091404,-0.0835126665300342,-0.6372702303232263,7.5214197939752e-06,0.0015546060688853124,0.00022690627433625028,0.012513630689578134,108.3
12517,0.14924829921386698,-422.14397515366994,0.587490845540341,-4.999514372378123,0.037309868737853885,-0.08818792161904164,-0.6368150256167625,7.243289737940218e-06,0.001529525345513312,0.00020902206110130656,0.011007472920249398,108.308333
12518,0.1542053820086791,-422.18900064377135,0.5979200399483438,-4.683192856899559,0.03440015889455335,-0.09273643648825859,-0.6363325349936845,6.985338877897054e-06,0.0015021117434699317,0.00019302282263282912,0.00979636424069112,108.316667
12519,0.15924768729254915,-422.231057230346,0.6049052549264784,-4.392179746885524,0.03145876135657581,-0.09715209030899181,-0.635825707531949,6.747128603683332e-06,0.0014729576057302938,0.00017883972500450638,0.008804456611993921,108.325
12520,0.1643461484327656,-422.2703557452492,0.6087562097270897,-4.125493171978922,0.02849387278758258,-0.10143268357907168,-0.6352967988204513,6.527869420132096e-06,0.0014425737892573183,0.0001663536148309772,0.00797710992008295,108.333333
12521,0.1694773881550134,-422.3069450170463,0.609741734927646,-3.8818255882464663,0.025530172375671182,-0.10557430073543624,-0.6347478160645315,6.3265628890111995e-06,0.001411390685590234,0.00015541749349889705,0.007275607068276973,108.341667
12522,0.17461118313149707,-422.3411684857799,0.6081366634798611,-3.6596213049257638,0.022559631363589964,-0.10957634829558746,-0.6341818348099724,6.1421050182978255e-06,0.0013797662869816615,0.00014587298806004414,0.0066726138754302595,108.35
12523,0.17972682319800642,-422.37341354333444,0.6041832375577586,-3.457146340904837,0.01956639138194531,-0.11344228184860512,-0.6336012292390777,5.973360425062553e-06,0.0013480024993625455,0.0001375625461480309,0.006148604452984484,108.358333
12524,0.18480362310609072,-422.4036891375314,0.5980761592371937,-3.2728504217928824,0.016573735882986735,-0.11716606532533605,-0.6330086390335128,5.8192088837732185e-06,0.0013163496186799487,0.00013033637773264995,0.0056894290195798275,108.366667
12525,0.18982543764560153,-422.4320981232496,0.5899946035211773,-3.105167685193841,0.0135944054372926,-0.1207469661803664,-0.6324064159818779,5.678576256288522e-06,0.0012850160825988556,0.0001240560976732194,0.005284612488978227,108.375
12526,0.1947733059197489,-422.45886588056356,0.5801089720549713,-2.952606532434595,0.010624397114915052,-0.12418373860490321,-0.6317974627426527,5.550452126833058e-06,0.0012541736397866108,0.00011859677115744556,0.0049261804387166685,108.383333
12527,0.19963331187011618,-422.48415028044326,0.5685661238108143,-2.813780838078879,0.007665646099414902,-0.12747616962404448,-0.631184265269549,5.433899414914952e-06,0.0012239656687952677,0.00011384756690942897,0.004607865893721963,108.391667
12528,0.204391093606876,-422.5079986629913,0.5554942166018807,-2.6874506889124694,0.004732327212938486,-0.13062232884538053,-0.6305695242890819,5.328056976817995e-06,0.001194509436880234,0.00010971118787057597,0.00432462003589509,108.4
12529,0.20903337175159598,-422.530609435026,0.541015889783451,-2.5724522014772475,0.0018176952289786492,-0.13362152208908454,-0.6299559488524978,5.232139034403852e-06,0.001165900825179927,0.00010610292805717605,0.004072278760024818,108.408333
12530,0.21354569716595112,-422.55190372829895,0.5252318606874739,-2.4677833361026438,-0.0010497314706526533,-0.13647104379055927,-0.6293465380428773,5.14543192646376e-06,0.001138217215074419,0.00010294956312451674,0.0038473363729089817,108.416667
12531,0.21791955960169207,-422.5723047854308,0.5082518736641918,-2.3724537617428965,-0.003910756944549333,-0.13917150613944115,-0.6287435968143137,5.067289616146227e-06,0.001111521026113098,0.00010018803119037734,0.003646803934421204,108.425
12532,0.2221451467160962,-422.5917957403002,0.4901601760049825,-2.2856451363589465,-0.0067487419629959754,-0.14172140610535314,-0.6281496718214844,4.997127931747823e-06,0.0010858589346655688,9.776425949605016e-05,0.003468100548421618,108.433333
12533,0.22621114567275338,-422.6104311838958,0.4710380042778803,-2.206616904868543,-0.009557384639571901,-0.14411832073566888,-0.6275675889521241,4.934419111007484e-06,0.001061265054921352,9.563194136253861e-05,0.0033089896462023885,108.441667
12534,0.23010984548862848,-422.62827699744776,0.45096043498032695,-2.1347004317153506,-0.012332981960586308,-0.14636177960015723,-0.6269997126827371,4.878686365148359e-06,0.0010377635760275689,9.375153467976578e-05,0.0031675202572086533,108.45
12535,0.233833903879255,-422.6454612840596,0.42999976585746646,-2.0692988620151778,-0.015082068435606453,-0.1484502533986945,-0.6264483746914562,4.829498398451207e-06,0.001015368675126014,9.208931324152155e-05,0.0030419886028123138,108.458333
12536,0.2373742183104112,-422.66202763858746,0.4082213753282193,-2.009887417000268,-0.017799745985113222,-0.15038155623215152,-0.6259161838969031,4.786464454822261e-06,0.0009940860431251386,9.0616568954566e-05,0.0029309037984558894,108.466667
12537,0.24072520445884568,-422.6780708555305,0.3856884336513723,-1.9559965750701667,-0.020489764719594343,-0.1521544775861364,-0.6254052263678531,4.749229819451401e-06,0.0009739151564877756,8.930892358895429e-05,0.0028329609380052957,108.475
12538,0.2438801178811687,-422.6936287586507,0.3624592347517992,-1.9072118730489032,-0.02314799845144512,-0.1537676550593513,-0.6249177474686091,4.717471573407516e-06,0.0009548489907288703,8.814571317374385e-05,0.0027470202447193184,108.483333
12539,0.24683190137527422,-422.70875172775817,0.33858979588022925,-1.863166429732803,-0.025772721021043367,-0.1552190558147606,-0.6244560226622414,4.690894940953214e-06,0.000936875837492195,8.710949012102171e-05,0.0026720877644082455,108.491667
12540,0.2495782487198283,-422.72352832419523,0.3141354655291276,-1.823536926995044,-0.02836920447764433,-0.156508180023491,-0.6240215465022343,4.6692300089124626e-06,0.0009199804994744784,8.618559244547685e-05,0.002607298837771522,108.5
12541,0.25211267121682857,-422.73797438407337,0.2891468830885703,-1.7880373642889116,-0.03093152166050311,-0.15763347618850626,-0.623616421230626,4.652228760245846e-06,0.000904143404353419,8.536176611004447e-05,0.00255190554749682,108.508333
12542,0.2544322605128203,-422.7521682087695,0.26367557912419914,-1.756420310304459,-0.03346431558441549,-0.15859351995321025,-0.6232421260532036,4.6396626651945815e-06,0.0008893433342063408,8.46278791702873e-05,0.0025052635681788987,108.516667
12543,0.2565312646851199,-422.76614155993263,0.23776956212339703,-1.7284674876697483,-0.035964928940172974,-0.15938619839228466,-0.6229005348563955,4.631320471500692e-06,0.0008755568197458969,8.397565523420046e-05,0.0024668223427213275,108.525
12544,0.2584075600130853,-422.77990287863855,0.21147587931596354,-1.703985971827938,-0.038427670776233956,-0.16001235060133795,-0.622592864117272,4.627006426462335e-06,0.0008627600025197382,8.339846885297687e-05,0.0024361158817178944,108.533333
12545,0.2600570237168199,-422.79351540519036,0.1848415427828014,-1.6828162182552684,-0.04085553724270817,-0.16046942252547172,-0.6223205783090829,4.626538706291982e-06,0.0008509279204220639,8.289116286059757e-05,0.0024127562325774654,108.541667
12546,0.2614769746591612,-422.8070169553009,0.15791240549875044,-1.6648204139153457,-0.04324785768435048,-0.16075636291099482,-0.6220848232076899,4.629748200653955e-06,0.0008400358707606712,8.244990732430779e-05,0.0023964262107940503,108.55
12547,0.2626654181500796,-422.82040633894434,0.13073259968606038,-1.6498776303759792,-0.04559792111888101,-0.16087408798189803,-0.6218865411645671,4.6364775170240634e-06,0.0008300593953079905,8.20720814407021e-05,0.002386874594141221,108.558333
12548,0.2636211861335981,-422.83372953745925,0.1033474221518096,-1.6378954919262827,-0.047906835669240956,-0.16082188673248898,-0.6217264418697044,4.646580230118187e-06,0.0008209745360743574,8.175618086730385e-05,0.002383912206744526,108.566667
12549,0.2643407561556181,-422.84704195108253,0.07580075326946425,-1.6288038764463797,-0.05017685954736032,-0.16059687668143602,-0.6216055329886729,4.6599203562334726e-06,0.0008127580050892962,8.150174888198448e-05,0.0023874080399042446,108.575
12550,0.26482514023035714,-422.86037569437246,0.04813773055116598,-1.6225486933638529,-0.0524073046602186,-0.16019972848543101,-0.6215239609922093,4.676372058473983e-06,0.0008053883273560454,8.130932482962344e-05,0.0023972866361963436,108.583333
12551,0.2650726290172524,-422.8737503681739,0.020401129649504086,-1.6190916335637295,-0.05459494813115276,-0.15963002911256186,-0.6214822267129443,4.695819512401867e-06,0.000798844666901807,8.11804141511258e-05,0.002413526313491208,108.591667
12552,0.26508305585024905,-422.88718925544214,-0.007365541274355422,-1.6184132704926513,-0.05673738277705721,-0.15888804384097016,-0.6214804675900922,4.7181569932537e-06,0.0007931080617627977,8.111747069204094e-05,0.0024361583332365095,108.6
12553,0.2648560247423573,-422.90072650903363,-0.035118792923235054,-1.6205143693382396,-0.058833780896172846,-0.15797321324542926,-0.6215187549852179,4.743289117400861e-06,0.0007881611728164715,8.11238983511457e-05,0.0024652663453114277,108.608333
12554,0.2643913457649362,-422.91438446852334,-0.06281555421261356,-1.6254108823022428,-0.06088132822462143,-0.15688569359502247,-0.6215970203393955,4.77113126959239e-06,0.0007839885985824899,8.120406890319735e-05,0.002500986565292528,108.616667
12555,0.2636911248397275,-422.9281959424096,-0.09041084598173199,-1.6331397963972778,-0.06287920571870884,-0.15562629822472565,-0.6217147042374446,4.80161019881956e-06,0.0007805770162375304,8.13633537973239e-05,0.0025435088227448678,108.625
12556,0.2627552755695706,-422.94219177120766,-0.1178613859702733,-1.643755532725128,-0.06482557408794183,-0.15419461194443523,-0.6218715134716124,4.83466478357665e-06,0.00077791469932439,8.160818423000194e-05,0.0025930773259941623,108.633333
12557,0.2615858589082534,-422.95638030404075,-0.14512301543037623,-1.6573258183887605,-0.06671540022364467,-0.1525929130339887,-0.6220666933221876,4.870246980672785e-06,0.0007759923932766569,8.194611554079777e-05,0.002649993349773188,108.641667
12558,0.2601851447439727,-422.9708091385402,-0.17214979470257816,-1.6739490826390346,-0.06854951150035134,-0.15082104103375354,-0.6222993578098551,4.908322934908133e-06,0.0007748028415562097,8.238591870083701e-05,0.002714617598362812,108.65
12559,0.25855451759314696,-422.98550668477316,-0.1988969615743014,-1.6937390972340505,-0.07032522779852003,-0.14887955351492327,-0.6225686737672266,4.948874281728562e-06,0.0007743409231592969,8.293770555561935e-05,0.0027873726356568143,108.658333
12560,0.25669687704956917,-423.0004760240772,-0.2253191778202505,-1.7168240592597632,-0.07203621425577014,-0.14677173247468284,-0.6228734663301022,4.991899646609358e-06,0.0007746040893604325,8.361305915331766e-05,0.0028687472671129733,108.666667
12561,0.25461591451235255,-423.0157629768236,-0.25136823118604573,-1.7433695074867006,-0.07368242983234997,-0.1444983795193741,-0.6232123478608843,5.0374163305959715e-06,0.0007755920880122029,8.44251971338088e-05,0.0029593005982268715,108.675
12562,0.2523150652661776,-423.03141733882114,-0.276995280664665,-1.7735685203594351,-0.07526383841843483,-0.1420598183718662,-0.6235838959648302,5.08546221901668e-06,0.0007773069248255598,8.538919196806637e-05,0.003059665285351408,108.683333
12563,0.24979770303502796,-423.0474592115432,-0.30215207082735557,-1.8076318306804042,-0.07677565195359251,-0.13945860775266936,-0.6239866253909518,5.136097939878776e-06,0.0007797531306637668,8.65222125717298e-05,0.0031705522331239343,108.691667
12564,0.24706667360926995,-423.0639405309984,-0.32678843081238235,-1.8458124599486214,-0.07821694385166186,-0.13669474431172293,-0.6244190654104491,5.189409263274221e-06,0.0007829379609490863,8.78437886963339e-05,0.0032927563933844565,108.7
12565,0.24412936943975685,-423.0808796527178,-0.3508501606468754,-1.8883855634733824,-0.07958302073973345,-0.1337734245266166,-0.6248789693823603,5.2455097707011685e-06,0.0007868717107486759,8.937614719189709e-05,0.003427161638183961,108.708333
12566,0.24098964852120092,-423.0983301966753,-0.37428357848770794,-1.9356757312847905,-0.08087243876007849,-0.13069534111254852,-0.6253646049597562,5.304543815232114e-06,0.0007915666156953364,9.114461545279278e-05,0.003574742502058185,108.716667
12567,0.23765263073463325,-423.1163325088866,-0.39703264141962746,-1.988043987321375,-0.08208170859515122,-0.12746310374502628,-0.6258739992792363,5.366689796413941e-06,0.0007970380819782503,9.317805788411714e-05,0.0037365703451153207,108.725
12568,0.2341262756040358,-423.13491125062956,-0.41903724260243297,-2.045889660893985,-0.08320578730318569,-0.1240823681915553,-0.6264047218366353,5.432163773518784e-06,0.0008033044924957482,9.550938807861182e-05,0.003913816195753806,108.733333
12569,0.2304162122123949,-423.1541491720913,-0.44023418495285105,-2.109688448966335,-0.08424551917283973,-0.12055301499465983,-0.6269546839692611,5.5012234056582285e-06,0.0008103865860769962,9.817617585614512e-05,0.00410775014052829,108.741667
12570,0.22653039969965452,-423.1740704134769,-0.4605582512380977,-2.179944369479193,-0.08519454689109332,-0.11688129544544482,-0.6275214455546647,5.574172268380301e-06,0.0008183082974725041,0.00010122134704729342,0.004319741768426237,108.75
12571,0.2224779137431518,-423.1947461272387,-0.47993681432501917,-2.2572456056890227,-0.08605197130198039,-0.1130704056796929,-0.6281024233916574,5.651364507392762e-06,0.0008270962210392632,0.00010469390569269017,0.004551258452089131,108.758333
12572,0.21826495623474068,-423.21626916174523,-0.498295150796631,-2.3422619341141218,-0.0868171935357728,-0.10912054054306185,-0.6286954709667967,5.7332097879098e-06,0.0008367793835163017,0.00010864984924226348,0.00480385696727872,108.766667
12573,0.21389965841398614,-423.23883915328025,-0.515543153624419,-2.4358062590666947,-0.08750016219046726,-0.10502390289518107,-0.6292981917289335,5.820178544933549e-06,0.0008473900938939908,0.00011315306251474079,0.005079182245428932,108.775
12574,0.2093977734484974,-423.2621815245121,-0.5316109831671629,-2.53848542276257,-0.0880629777074567,-0.10081830513442795,-0.6299072106136883,5.91280748983612e-06,0.0008589632541298952,0.00011827652492685356,0.005378949156347355,108.783333
12575,0.20476665010770792,-423.28659258767374,-0.5463917136474178,-2.6513377686198494,-0.08852447398945945,-0.0964881650318056,-0.6305203915732501,6.01170462120727e-06,0.0008715340123587168,0.0001241025434907208,0.005704971394192167,108.791667
12576,0.20001681386263806,-423.3122985713579,-0.5597693740201375,-2.775472410026412,-0.08889354284684958,-0.0920258416579932,-0.6311352431795212,6.117553902689903e-06,0.000885139782559452,0.00013072452861113748,0.006059142885790221,108.8
12577,0.19516434104407454,-423.339222183581,-0.5716372193039803,-2.9118885697415444,-0.08915135127679384,-0.08745375090958687,-0.6317486768433834,6.231119639424207e-06,0.0008998186047252418,0.0001382477763421318,0.006443470110426163,108.808333
12578,0.19022078733265194,-423.36750356976137,-0.5818673274696163,-3.0618403877816887,-0.08929714373943667,-0.08277365643011174,-0.632358327688636,6.353248775184509e-06,0.0009156065505840742,0.0001467892041900279,0.006860189819193032,108.816667
12579,0.18520433558261296,-423.39724272746855,-0.590313700511207,-3.22664500750717,-0.08932822831252836,-0.07799446402930679,-0.6329611709128183,6.484870408350819e-06,0.0009325376774887903,0.00015647743391928332,0.007311947988532193,108.825
12580,0.18012782837018612,-423.42859064674707,-0.5968209291175739,-3.407771003820373,-0.08924222961201475,-0.07311893914176222,-0.6335550156605658,6.626991287619242e-06,0.0009506400631870984,0.00016745156196992076,0.007802131927930151,108.833333
12581,0.1750113337657771,-423.46169107714337,-0.601207273206131,-3.6067477779828683,-0.08903793565575373,-0.06815425072405021,-0.6341370173695944,6.78068518405257e-06,0.0009699349447296673,0.00017985817030634877,0.008335503132605927,108.841667
12582,0.16987412185615772,-423.4966758654933,-0.6032775536458012,-3.825149740994017,-0.0887116129472531,-0.06310894752909056,-0.6347046739595252,6.947073170930475e-06,0.0009904312145316548,0.0001938462711428881,0.008919200320841265,108.85
12583,0.16473692852208915,-423.53372784260387,-0.602810094772725,-4.064603455938541,-0.08826223325702014,-0.057988285569865794,-0.6352555781676782,7.127290948156655e-06,0.0010121217924760639,0.0002095585266552261,0.009564418349765711,108.858333
12584,0.1596248971251038,-423.57298970640164,-0.599561018344057,-4.326609115675855,-0.08768720027252783,-0.05280319488095334,-0.6357871422062022,7.322438460636339e-06,0.0010349786748453309,0.00022711831869130425,0.01028897460111402,108.866667
12585,0.15456320105706114,-423.6146679880504,-0.5932585397797496,-4.612560607678434,-0.0869863452757648,-0.04755929401882312,-0.6362971019610231,7.533505363019326e-06,0.0010589468010920662,0.00024661061704597836,0.011121121209792521,108.875
12586,0.14958079129432159,-423.6589695192989,-0.5836036562076194,-4.923506976530745,-0.08615986399241583,-0.042263545584384374,-0.6367831524368756,7.761265241277287e-06,0.0010839397825155297,0.0002680562667851981,0.01210487957023088,108.883333
12587,0.1447080909231072,-423.706090048463,-0.5702794710344745,-5.2599570107668665,-0.08520691116751328,-0.036924043064637216,-0.6372432110341014,8.006130776721303e-06,0.0011098359779107398,0.00029137856502214806,0.013306950137922867,108.891667
12588,0.13998077424034958,-423.75624652392383,-0.55294226226115,-5.621580630222758,-0.08412934497173051,-0.03154764460642214,-0.6376750834950464,8.267962559388328e-06,0.0011364787580645274,0.0003163632018325558,0.014824726606494495,108.9
12589,0.13543248504615263,-423.8096261948346,-0.531255713628357,-6.0069536891210324,-0.08292570260054759,-0.026141762373685682,-0.6380771495549761,8.545827185678302e-06,0.0011636812238853215,0.0003426158489795663,0.016793521599372252,108.908333
12590,0.13110440312450053,-423.8663231103539,-0.504894708033768,-6.412908248592079,-0.08159634345279031,-0.020720721149280006,-0.6384474928497943,8.837708758274928e-06,0.001191242100945294,0.0003695249890489699,0.019389690952833227,108.916667
12591,0.127039029674959,-423.9264054845674,-0.4735692464527692,-6.8342846940821085,-0.08014313427072414,-0.015297023899436046,-0.6387844642483761,9.140188780593882e-06,0.0012189691430755443,0.000396243025292124,0.022822879461305737,108.925
12592,0.12328676878453496,-423.99016993647194,-0.4369782859982529,-7.263517060312834,-0.07857621049169723,-0.009860598187965627,-0.6390861134652669,9.448130152393669e-06,0.0012467160833795274,0.00042170588771057375,0.02730890563913512,108.933333
12593,0.1198779342677472,-424.05725943816225,-0.39510022622893565,-7.690600757035138,-0.0768851251457316,-0.00444496574864855,-0.639352353938592,9.754427101932951e-06,0.0012744241774863085,0.0004447100401706412,0.03301270453733763,108.941667
12594,0.11687967245613969,-424.12797538808,-0.34780177735669177,-8.101874399765224,-0.07508990398747763,0.0009737568868807561,-0.6395803864978011,1.0049922159493014e-05,0.0013021712870327391,0.0004640557898558007,0.039966871214956394,108.95
12595,0.11432920419705547,-424.2018212137167,-0.29537218206921884,-8.481821445801337,-0.07318808608716483,0.006369685530538499,-0.6397698366109017,1.0323578782100107e-05,0.001330176431159589,0.0004787399218241305,0.04796058157985622,108.958333
12596,0.11226836008016734,-424.2783801916898,-0.23826821531084025,-8.813356066029419,-0.07118545980957793,0.011734291750854952,-0.6399198773165317,1.0563019321474585e-05,0.0013587867685804663,0.00048817150262727105,0.056462277368347503,108.966667
12597,0.11073327779476111,-424.357187647859,-0.17718139050464193,-9.079495544648728,-0.06908698357875478,0.01706641034036947,-0.640029873532543,1.075548665213415e-05,0.001388387213296922,0.0004923142823657334,0.06461173507415152,108.975
12598,0.10975236678433863,-424.4375196768579,-0.11308493489042708,-9.265147167709305,-0.06689920462710623,0.02235630789213887,-0.640099370874314,1.0889152394162263e-05,0.001419253121898937,0.0004916893797202816,0.07133837533105074,108.983333
12599,0.10934734395201891,-424.5185403240683,-0.04715943234887242,-9.359000956221813,-0.0646319717118784,0.027595455873060046,-0.6401278870068019,1.09545835691181e-05,0.0014513745975853743,0.00048720403956031664,0.07560756856557815,108.991667
12600,0.10952486644081043,-424.59943043862353,0.019292933944277946,-9.355722896939183,-0.062291432095767985,0.0327805316495546,-0.6401154012428001,1.0946059719130785e-05,0.0014843104159603258,0.0004798590217501272,0.07671639755243961,109.0
12601,0.11026435962791441,-424.67906136273206,0.08485589893355952,-9.257761545682182,-0.059886471449855996,0.03788479413600742,-0.6400631731216521,1.086242093449394e-05,0.0015171397989420896,0.0004704585045239653,0.07451233773896239,109.008333
12602,0.11158618207117249,-424.75701735743434,0.1483870103048721,-9.0695380817978,-0.057431784771036776,0.04294010153915893,-0.6399689449135951,1.0707245124353894e-05,0.0015485500469095434,0.0004594393656918971,0.06943164870072588,109.016667
12603,0.11344598484131599,-424.8323442934103,0.20870015158653857,-8.805028281079846,-0.05493424009287282,0.04792274693923781,-0.6398344725530318,1.0488241339534537e-05,0.0015770044668237096,0.00044689501833440663,0.06233482091805208,109.025
12604,0.1158109257026199,-424.90439462169985,0.2649031348146796,-8.479858428739762,-0.05240740298915786,0.05282710396703372,-0.6396602800505815,1.0216111787287914e-05,0.0016010197825674696,0.00043273999067489066,0.05424290564463671,109.033333
12605,0.1186188368383435,-424.9727276373494,0.3163844819057872,-8.112356728751699,-0.04985282505708707,0.057640454352870574,-0.6394488146300861,9.903180136965425e-06,0.001619379026416966,0.0004168960781326929,0.046080010279877445,109.041667
12606,0.12186564341747588,-425.0372563116553,0.36279965142265774,-7.715993069112861,-0.04728600956996398,0.06238949656671876,-0.6391980105515823,9.562069159345932e-06,0.00163128916213705,0.00039942371339461843,0.038513535927155416,109.05
12607,0.1254822517327174,-425.0976883814834,0.40396930965478767,-7.306908193317826,-0.04471390688291081,0.06705435819284275,-0.6389107075754893,9.204590612350561e-06,0.001636389493692301,0.0003805843533636249,0.031921985428346046,109.058333
12608,0.1294233458712736,-425.1539742722328,0.439917424808769,-6.897011137350474,-0.04214746490780027,0.07163327801631242,-0.6385881124468913,8.841043541544555e-06,0.0016347559156494932,0.0003607957445377328,0.02643146795824795,109.066667
12609,0.13364348741132953,-425.206144298006,0.47079875316396574,-6.49558436809407,-0.03959801249718311,0.07612380476655393,-0.6382316792749609,8.47987424343645e-06,0.001626794878847151,0.0003405565395189083,0.021998831150452078,109.075
12610,0.13809705921186197,-425.25443783967205,0.49688224185389845,-6.109312854813461,-0.03706507392262119,0.08052788702275739,-0.6378432036031745,8.127617402341898e-06,0.0016131371933746663,0.0003203670124208902,0.018490123971536793,109.083333
12611,0.14274345382309322,-425.2990268278584,0.5184666178187348,-5.742608545210511,-0.03455631675208342,0.08484384168616838,-0.6374244238938936,7.789033185828559e-06,0.0015945386054492866,0.0003006694570701706,0.01573943888680271,109.091667
12612,0.14754298837160806,-425.3401056146313,0.5358768004280625,-5.398141583214987,-0.0320791719335144,0.08906874117005964,-0.63697739265255,7.467349228755177e-06,0.001571796854216157,0.0002818145875757383,0.013585396696079008,109.1
12613,0.15246181665253003,-425.37802665317474,0.5494568202361628,-5.076994721762198,-0.02962816083328105,0.09320574000498565,-0.6365040257467036,7.164542754438511e-06,0.001545695098437832,0.00026405134713825245,0.011888563608275836,109.108333
12614,0.1574665639803399,-425.4128967022209,0.5595110507383477,-4.779480492743775,-0.027218994129348733,0.09724846287905031,-0.6360065844802619,6.881615963642558e-06,0.001516963212906634,0.00024753363141031084,0.010536822773695966,109.116667
12615,0.16251825134927753,-425.4454123510863,0.5664055781711506,-4.5050002968964025,-0.02480769703317981,0.10120119937580853,-0.6354883225432296,6.618843661889133e-06,0.001486260210907119,0.0002323341847610621,0.009444167389489068,109.125
12616,0.16761155405160083,-425.47510045143525,0.5703151299971896,-4.252531132246408,-0.022469407769256364,0.10505680444860836,-0.6349493729657081,6.375982683955647e-06,0.001454171817639863,0.00021846401215998583,0.008546358848032367,109.133333
12617,0.17271122463477043,-425.5025405419666,0.5715475012013549,-4.020874822084023,-0.020168384160224467,0.10881616190385576,-0.634393247020237,6.152430848566437e-06,0.0014211899081853362,0.00020588703040664327,0.007796833678142107,109.141667
12618,0.17779613121819032,-425.52797131840504,0.5703351550319775,-3.8086125505491197,-0.017901686531115287,0.11247812633599516,-0.6338223042709097,5.947361298667663e-06,0.0013877399951161174,0.00019453783491335088,0.007161668352033217,109.15
12619,0.18283793685718472,-425.5519371443647,0.5669234769325779,-3.614269657092454,-0.015627488943205273,0.11604038413280819,-0.6332400204627313,5.759816230739822e-06,0.001354179443508763,0.00018433281642355536,0.006616332690416114,109.158333
12620,0.18783497859980647,-425.5739442546386,0.5614245597927616,-3.436488577029925,-0.013423257599784527,0.11949925790561543,-0.6326470233798758,5.58877788373231e-06,0.001320810813681412,0.00017517974546682347,0.006142915315029409,109.166667
12621,0.19275605618155645,-425.5948128501976,0.554071034515507,-3.2738389035639455,-0.01120949488432266,0.12285230532916531,-0.6320476018273845,5.433214106824885e-06,0.0012878738025587373,0.00016698259586631973,0.005728389068435994,109.175
12622,0.19760043280958975,-425.6140854582473,0.5449544712563543,-3.125091026437224,-0.009059177656494376,0.1260980628045433,-0.6314425726328006,5.292115365581111e-06,0.001255572168449384,0.00015964813368682894,0.005362897428644906,109.183333
12623,0.20234659881964395,-425.6321950970877,0.5342377375665209,-2.9890411993491615,-0.0069347366532236,0.129232627998261,-0.6308354381011054,5.164512746140519e-06,0.0012240620757268637,0.00015308694436710798,0.0050390192395051965,109.191667
12624,0.20698237198192804,-425.64933771951354,0.522045941171023,-2.8645698669161352,-0.004825009361342345,0.13225357900490203,-0.6302287067414949,5.049492889040678e-06,0.0011934714269757343,0.0001472163006346006,0.004750927625827185,109.2
12625,0.21149655557552283,-425.6656465561459,0.508489049583182,-2.7506742317320416,-0.0027248789251136307,0.13515771020014153,-0.6296248733049689,4.946203622917943e-06,0.001163899399647134,0.0001419605798942933,0.004493983408441393,109.208333
12626,0.2158737892753488,-425.6814109863936,0.4936789920978227,-2.6464536508693817,-0.0006060472903388619,0.13793855516177939,-0.6290271062383263,4.85385619795478e-06,0.0011354207757208934,0.00013725145573150076,0.004264420283311713,109.216667
12627,0.2201066264011249,-425.69660048489106,0.4776976484331466,-2.5511016497164474,0.0015178904406225181,0.1405930185380848,-0.6284375958064253,4.771724954781634e-06,0.0011080921862324279,0.00013302785489439,0.004059111366132635,109.225
12628,0.2241907327767753,-425.7111116376394,0.4606171252015737,-2.463880431442043,0.0036227423047288207,0.14312079542707656,-0.6278581259572217,4.6991443657546965e-06,0.0010819513538706663,0.00012923540943472465,0.003875443509372062,109.233333
12629,0.2281164123340951,-425.72505938794944,0.4425179006754785,-2.384134748317257,0.005715224044976607,0.1455181092235086,-0.6272912631131816,4.635505281728761e-06,0.0010570190737634706,0.00012582601715521046,0.003711208318622619,109.241667
12630,0.23187552790810914,-425.73854234590016,0.4234740120576081,-2.311273126706823,0.0078009063785124105,0.1477815756026554,-0.6267393911731338,4.580250934369225e-06,0.0010333049042529378,0.00012275743099904099,0.0035645074843045567,109.25
12631,0.235460572379956,-425.7516526731455,0.4035546891629524,-2.2447674208116393,0.009885428871250651,0.14990767125707988,-0.6262048235763684,4.532872339566672e-06,0.0010108086870461918,0.00011999269207289697,0.0034336996338513674,109.258333
12632,0.2388658904094031,-425.7644450692152,0.38282364378095657,-2.1841407260929873,0.0119696995926308,0.1518939143783928,-0.6256896017535146,4.492903771540116e-06,0.0009895223062580485,0.00011749959128765996,0.0033173591156278695,109.266667
12633,0.24208395458136853,-425.776950601666,0.3613406733864294,-2.128982119743592,0.014051425681810415,0.15373671598700983,-0.6251960430695623,4.459918379938951e-06,0.0009694306967946368,0.00011525016229543985,0.003214245629836674,109.275
12634,0.24510884046130516,-425.7892323230657,0.3391642161585027,-2.0789176365166044,0.016133645290839393,0.15543288514763448,-0.6247262091350992,4.433524215832947e-06,0.0009505142911289909,0.00011322023163433108,0.0031232776488911533,109.283333
12635,0.24793640620280089,-425.8013129564926,0.3163490000208795,-2.033607629830751,0.018213664680823114,0.1569807037739571,-0.624281854403544,4.413360493259189e-06,0.000932749623596499,0.00011138900235478825,0.0030435123171563315,109.291667
12636,0.2505617929190729,-425.81319648213423,0.2929470193393768,-1.9927555580422962,0.02028597821640665,0.15837834008735321,-0.6238648035872663,4.399094220982191e-06,0.000916109836737816,0.00010973868566458162,0.00297413006688089,109.3
12637,0.2529795232939448,-425.82499587419085,0.26901252795783787,-1.9561091640498365,0.02236249600159979,0.1596212438122465,-0.623476936199255,4.390417275484223e-06,0.0009005660985602982,0.00010825418399418931,0.0029144204466234453,109.308333
12638,0.255185943226143,-425.83662378056357,0.24459120961832526,-1.9234285136429654,0.024423633252923644,0.16071007673094162,-0.6231197878834066,4.387043848001828e-06,0.0008860887136578255,0.00010692280808724217,0.0028637687751408574,109.316667
12639,0.25717775168983675,-425.84821179158706,0.2197358371262411,-1.8945172052311543,0.026484894040997655,0.16164075565356054,-0.622794772919124,4.388708205478403e-06,0.0008726471941647422,0.00010573403593668316,0.0028216499514633203,109.325
12640,0.2589507067894108,-425.85982629465343,0.19449519774315446,-1.869209792257422,0.02855158205720101,0.1624095072490954,-0.6225033909892677,4.395162820263657e-06,0.0008602108204583465,0.00010467929901049093,0.002787617069029963,109.333333
12641,0.2605038174193703,-425.8713665978527,0.1689124636996906,-1.847331680290105,0.030602234092014756,0.16301922919677664,-0.6222465322174695,4.406176852046303e-06,0.0008487495818293076,0.00010375181119936024,0.0027612954377034737,109.341667
12642,0.2618323883553584,-425.8829520258921,0.1430361067356498,-1.8287767697579718,0.03265068476858578,0.1634642980125017,-0.6220256174269855,4.421534859337303e-06,0.0008382335420653222,0.00010294642062743889,0.0027423793552605867,109.35
12643,0.2629339268843355,-425.8946084286789,0.11691172779151851,-1.8134403361993265,0.034695840165266,0.1637428157254475,-0.6218416210334659,4.44103589425458e-06,0.0008286345933152932,0.00010225948850864829,0.002730624143076148,109.358333
12644,0.26380885108324115,-425.9062380356639,0.09058140991952365,-1.8012050137697275,0.036716662656412546,0.16385908988354952,-0.6216949396785454,4.464492788320815e-06,0.0008199259893126602,0.00010168878999651355,0.0027258437123325644,109.366667
12645,0.2644537515055174,-425.9179640691015,0.06409240963185962,-1.7920284880774386,0.03872774964368295,0.16380743482030571,-0.621586517213113,4.491731658027808e-06,0.0008120817506696881,0.00010123343152558668,0.002727908997511135,109.375
12646,0.2648686437305719,-425.92977784606774,0.03748905820864594,-1.7858503903331642,0.040722479421321595,0.16358873379259936,-0.6215166277115313,4.5225917181649024e-06,0.0008050782487012264,0.00010089380408796551,0.0027367428043336213,109.383333
12647,0.2650511547323059,-425.9417858602531,0.01081804671080639,-1.7826642127520786,0.04271259224712449,0.16319769015391036,-0.6214858494511031,4.556925237973904e-06,0.0007988933026794808,0.00010067153949628015,0.002752319588542169,109.391667
12648,0.26500209495244154,-425.9538548536163,-0.015881418643813483,-1.7824172503140665,0.04467099016128468,0.16264091775234146,-0.6214941248207312,4.594597754832616e-06,0.0007935071709299124,0.00010056950463453184,0.0027746629939644713,109.4
12649,0.2647207977920367,-425.9660907398529,-0.04256193095064524,-1.7851342351341455,0.046609288638569356,0.16191415869649664,-0.6215415449527185,4.635488423233785e-06,0.0007889017402810084,0.00010059177063656444,0.0028038485229301747,109.408333
12650,0.2642076521468127,-425.9785221886444,-0.06917836737971915,-1.7908379932179803,0.04852642427739181,0.16101684578736566,-0.621627922631809,4.679490579578627e-06,0.0007850611759556836,0.00010074365711624349,0.002840000120849992,109.416667
12651,0.2634642142927188,-425.9911243417044,-0.09568706098927053,-1.7995516134080982,0.050412743290298996,0.15995172646874992,-0.6217527749754018,4.726512477352682e-06,0.000781971755614176,0.0001010317599029314,0.0028832915841321715,109.425
12652,0.2624894968077042,-426.0039756530908,-0.12204222814231963,-1.8113561137892589,0.05227450294846049,0.15871497456323766,-0.6219159475900922,4.776478182580271e-06,0.0007796216951823424,0.00010146399135702185,0.0029339481706835784,109.433333
12653,0.2612857628536793,-426.01702285543536,-0.14820086506248065,-1.8263022851145554,0.05409729383136848,0.15731140336761792,-0.6221166432805293,4.8293286739500455e-06,0.0007780020491816353,0.00010204967740000276,0.0029922470917095444,109.441667
12654,0.259856119910361,-426.0303655288838,-0.17411168197627772,-1.8445038471979192,0.05589088739433767,0.15573833102778992,-0.6223538331455444,4.885023075523069e-06,0.0007771058613258335,0.00010279961052998771,0.0030585208930938744,109.45
12655,0.2582012156062691,-426.04402853442946,-0.19972930588955187,-1.8660850771270916,0.05765227146549898,0.1539954125917666,-0.6226268073023841,4.943540062352556e-06,0.0007769280826101138,0.00010372621880620153,0.0031331557111359152,109.458333
12656,0.2563230157798269,-426.05800336234597,-0.2250083558882268,-1.8911771477286987,0.05937325033215351,0.1520851041179628,-0.6229345478671285,5.00487947661268e-06,0.0007774664582000188,0.00010484368285370794,0.0032165967309302217,109.466667
12657,0.25422508604982746,-426.0723291222331,-0.2498987444669947,-1.9199460202143892,0.061053028960114976,0.15000817055362334,-0.6232756926898003,5.069064099513519e-06,0.0007787212480487608,0.00010616808096987676,0.003309351551479368,109.475
12658,0.25191043734706026,-426.0869876901705,-0.2743538040793065,-1.9525654245859327,0.06268175537275557,0.14776862212687525,-0.623648895240034,5.13614159201318e-06,0.0007806948993569864,0.00010771760639984402,0.003411991079355363,109.483333
12659,0.24938451701730496,-426.1020584441795,-0.2983176862219746,-1.98926551296034,0.06426438392661943,0.14536597521062958,-0.6240523494752622,5.206186620316699e-06,0.0007833923764563079,0.00010951275212344219,0.003525155372677144,109.491667
12660,0.24664986914373405,-426.11754686259053,-0.32174155131149174,-2.030290358520657,0.06579370903292411,0.14280272200689054,-0.6244846540269134,5.279303154337701e-06,0.0007868206018702896,0.00011157664059302549,0.0036495517382184204,109.5
12661,0.24371116980607188,-426.13359641651846,-0.34456378786852987,-2.075969798793286,0.06728217815864619,0.14007357183053235,-0.6249440100143892,5.355626978799879e-06,0.0007909894675552446,0.000113935255816902,0.0037859636874576635,109.508333
12662,0.24057454195263603,-426.1500825133201,-0.3667372910004705,-2.1265492084341675,0.06870411543074094,0.13719196771510647,-0.6254283501675765,5.435328401874556e-06,0.0007959113130920737,0.00011661790960806172,0.003935246383118857,109.516667
12663,0.23724546700248256,-426.1670782377666,-0.3882016631700232,-2.1824020269946702,0.07006154485895973,0.1341581995548395,-0.6259356756889479,5.518615082931762e-06,0.0008016007026159635,0.00011965735149552149,0.004098341735282794,109.525
12664,0.23372954413517646,-426.18466522651016,-0.40889349102276445,-2.2439527864735935,0.07135669118841721,0.13097199354744046,-0.6264639432599853,5.60573496936643e-06,0.0008080747233702972,0.00012309035005570636,0.004276274810209197,109.533333
12665,0.23003397501093792,-426.2029358102602,-0.4287436571158022,-2.311677814439519,0.07259250322549002,0.12763318201966276,-0.6270108547696706,5.696979405382621e-06,0.0008153530505788999,0.0001269581526150916,0.0044701577390940566,109.541667
12666,0.22616377658641104,-426.2219478051513,-0.4476857474349476,-2.386101227246995,0.0737656458773674,0.12414296991444133,-0.6275744299962491,5.7926862955151286e-06,0.0008234575534868233,0.00013130699158669603,0.004681192108873683,109.55
12667,0.2221293041796658,-426.24174309642575,-0.4656439262161633,-2.467777926186394,0.07487165935427405,0.12050690151654544,-0.62815191951344,5.893243241201176e-06,0.0008324129696840947,0.00013618849227980118,0.004910684255799093,109.558333
12668,0.21793722726156856,-426.2623626872936,-0.4825444650404532,-2.5573410631277227,0.07590419452755995,0.11672895392868698,-0.6287411369107614,5.999090432567737e-06,0.0008422453148203146,0.0001416601456292372,0.005160052219495394,109.566667
12669,0.21359743868699282,-426.28390584035884,-0.4982992612594174,-2.6555177069889724,0.07686395633170003,0.1128107668968344,-0.6293394757721675,6.110723125827154e-06,0.0008529828872843114,0.00014778565103412957,0.00543085891712532,109.575
12670,0.20912030634361436,-426.3064417823748,-0.5128170256547427,-2.763092662912181,0.07774712370243558,0.10875679156327475,-0.6299443290647679,6.228693468007225e-06,0.0008646550760825681,0.00015463535668379377,0.005724841508250277,109.583333
12671,0.2045152306450523,-426.3300569892651,-0.5260004990359888,-2.8809504998857567,0.07855036805568145,0.10457005368994549,-0.6305532937235353,6.35361120394919e-06,0.0008772918802828269,0.00016228629586197263,0.006043982486569913,109.591667
12672,0.19979358430168043,-426.354823936983,-0.5377439860001151,-3.010046826377744,0.07926845576760308,0.10025615004317133,-0.6311637893405647,6.4861427298380145e-06,0.0008909236630757162,0.0001708219738017973,0.006390626580217405,109.6
12673,0.194967975444226,-426.3808192677176,-0.5479318705503696,-3.151424907369009,0.0798961389423885,0.09582149549635849,-0.6317731876701795,6.627007684713594e-06,0.0009055797944341105,0.00018033161632170766,0.00676766756554379,109.608333
12674,0.19005537126998723,-426.4083100813414,-0.5564089494718204,-3.3063366636596743,0.0804465020299939,0.09125982810951053,-0.6323784600700445,6.776971948439921e-06,0.000921287251656435,0.00019090872471136933,0.007178848372364506,109.616667
12675,0.18506952717887662,-426.4373051315442,-0.5630454748616688,-3.475946466354497,0.08090475155794595,0.08658440647735692,-0.632977151567346,6.936835776463825e-06,0.0009380678522119541,0.00020264941347536238,0.007629168519150218,109.625
12676,0.18002390861814901,-426.4679502192898,-0.5676847877040098,-3.6616113345103445,0.08126770961934311,0.0817980838838357,-0.6335670016045336,7.107415087027844e-06,0.0009559376497483502,0.00021564744936598235,0.008125678315203243,109.633333
12677,0.17493619826746737,-426.5004329682984,-0.5701429736346286,-3.8647618460639355,0.08153539039866096,0.07690288170329022,-0.6341454403953937,7.289513512534027e-06,0.0009749049598563878,0.00022998882409699847,0.00867855961360988,109.641667
12678,0.1698271355513932,-426.53487281073706,-0.5702249763647209,-4.08677294865277,0.08170188100993168,0.07190827176764078,-0.6347097886174674,7.483882280507679e-06,0.0009949666703589182,0.00024574357273328537,0.009302714197676273,109.65
12679,0.16471715907985793,-426.57145173214207,-0.5677122415082285,-4.329057038407103,0.08176447140063284,0.06681902339514822,-0.6352576658373308,7.69116371726976e-06,0.0010161048501284126,0.00026295379373523033,0.01002008542430298,109.658333
12680,0.15962841569930505,-426.61037502781795,-0.5623625378026894,-4.592945151568679,0.0817207851739953,0.061639222260626396,-0.6357867820469775,7.911814219932827e-06,0.0010382846193987827,0.00028161845849321136,0.010862834542453346,109.666667
12681,0.15458825707653587,-426.6518310576075,-0.5539087002254235,-4.879483158226277,0.08156800002298564,0.05637671050962278,-0.6362946177364417,8.146002220443225e-06,0.0010614521046451242,0.00030167395422381956,0.011877495236867949,109.675
12682,0.14962504566661533,-426.69603369603357,-0.5420623132951876,-5.189366688515558,0.08130375622481191,0.051037616045468394,-0.6367789048391378,8.393475954269958e-06,0.00108553281712021,0.00032297054783850455,0.013129952686896672,109.683333
12683,0.14476688278124106,-426.743202671668,-0.5265228367456878,-5.522766665806017,0.0809240958677622,0.04562732675148101,-0.6372377503236126,8.653397894108913e-06,0.0011104342205581793,0.0003452467668773646,0.014710707119115377,109.691667
12684,0.1400460086788433,-426.7935453423019,-0.5069763159875452,-5.878978221473746,0.08042516773554396,0.04015308050895228,-0.6376692208318913,8.924146887190355e-06,0.0011360529762583986,0.00036810473217195605,0.016739068539775272,109.7
12685,0.13550049693352334,-426.8472746367064,-0.4830971132409995,-6.256036873260125,0.07980554178561348,0.03462207143215716,-0.6380712345389434,9.203094069780025e-06,0.001162286359812952,0.0003909920389038438,0.019363404715180065,109.708333
12686,0.13116701287939117,-426.9045744550591,-0.45458635754833554,-6.650505349549728,0.07906105442483868,0.02904123185579993,-0.6384422207228547,9.486367897245527e-06,0.001189049742191624,0.00041319907819836873,0.022752784769802994,109.716667
12687,0.12708362443847349,-426.96552834672104,-0.42120011745186825,-7.056991193202703,0.07818529546856416,0.02342284561611426,-0.6387808251284137,9.768641335627272e-06,0.0012163027775020255,0.00043388327169028575,0.027074582682802537,109.725
12688,0.12329947380018681,-427.0301771639219,-0.3827408090686452,-7.46740683592273,0.07717906278195914,0.01778006208069365,-0.6390851072717194,1.0042992873737477e-05,0.0012440770523878778,0.0004521289747537347,0.03245208419180315,109.733333
12689,0.11986095674377428,-427.0987148551459,-0.3390765396356805,-7.871330973471811,0.07604488296226569,0.0121071952105589,-0.6393536613451031,1.030090423661597e-05,0.001272494638927502,0.00046704603371838506,0.03889827866993427,109.741667
12690,0.1168220290472072,-427.17094745812994,-0.2902798277580032,-8.255031513632389,0.07478418123973105,0.0064212324704336155,-0.6395847142371867,1.053247588401564e-05,0.0013017730679864576,0.0004779027749015156,0.046234802473271136,109.75
12691,0.11421078305051022,-427.24664277911603,-0.23665408360481646,-8.604122054843774,0.07338534401824007,0.0007308034183778411,-0.6397785319043523,1.0726930795734468e-05,0.0013321921591593117,0.0004842559402578297,0.05402108499333414,109.758333
12692,0.11207465221274693,-427.32545931447817,-0.17867356188850927,-8.901795914319028,0.07185148723016285,-0.004955414817187049,-0.6399338405826054,1.0873456509925198e-05,0.0013640261645179088,0.0004860443853969823,0.06154006537478521,109.766667
12693,0.11045224078559379,-427.406888170044,-0.11707763994071223,-9.131638206515385,0.07018371314948296,-0.010627854741726964,-0.6400498478932246,1.096232257835491e-05,0.001397411260854445,0.0004835704761114224,0.06786909801048428,109.775
12694,0.1093742014024988,-427.4902379819016,-0.05285880187227017,-9.279383536907927,0.06838396783387742,-0.016274231372621982,-0.6401259993255435,1.098610649953325e-05,0.0014322015671073063,0.0004773841558672031,0.07206455018270902,109.783333
12695,0.10886764711722725,-427.57475261813437,0.012810644835251985,-9.334407200218099,0.06645812103720491,-0.021887278596042285,-0.6401615248199969,1.094080298813019e-05,0.0014678476470165783,0.00046809046836057596,0.0734150991899118,109.791667
12696,0.10893982861034376,-427.65968162943517,0.07864333110186407,-9.292437281077822,0.06440445926934524,-0.027463955103717824,-0.6401564726473398,1.0826530999058027e-05,0.001503350963837798,0.0004561672527941821,0.0716652340097814,109.8
12697,0.10957019308568602,-427.74403436492474,0.14327859537848686,-9.156957152869769,0.06221807385573416,-0.03298154832326216,-0.6401122100318684,1.0647644734277671e-05,0.001537340434020187,0.0004418812438826684,0.0671045469741413,109.808333
12698,0.11077314853581607,-427.8270077521411,0.2054994870276313,-8.933965699610255,0.05991864602001024,-0.0384403712460535,-0.6400270356739584,1.0412222188398996e-05,0.001568262469834588,0.00042532505445572703,0.06047420011775033,109.816667
12699,0.11249657485689878,-427.90787578038737,0.26423820409184023,-8.638618099203226,0.05749479523901709,-0.04382356886217593,-0.6399033958408141,1.0130978692865255e-05,0.0015945993617093206,0.0004065638313003438,0.052738272830171976,109.825
12700,0.1147225448913026,-427.98601834495645,0.31866670843097944,-8.28586279571597,0.05496019295363116,-0.04912721198913138,-0.6397408904460263,9.815955454029495e-06,0.0016151278890127792,0.00038577889141555496,0.04482079351602747,109.833333
12701,0.11742692659465838,-428.0608532782214,0.36817577117634187,-7.892039739021598,0.05233326556942231,-0.05434483705556429,-0.639539194011004,9.479231940911103e-06,0.0016290469595936447,0.00036335118808726016,0.03742676732348368,109.841667
12702,0.12053720219617224,-428.13218885088116,0.41247779217195774,-7.4752369194264086,0.049600634062444686,-0.059463900297323374,-0.6393014424651594,9.131874203160738e-06,0.0016360291358638733,0.00033985414701456367,0.030972195121625353,109.85
12703,0.12402290078334449,-428.19981396658306,0.4514517259012011,-7.048971517635586,0.04677729565877733,-0.06448307732929517,-0.6390276441790258,8.783305314864606e-06,0.00163620565654969,0.0003159623971907455,0.02560581547802872,109.858333
12704,0.12785081644740331,-428.2634667621152,0.4851172705310786,-6.624737157962438,0.04388798594909771,-0.06939487104014018,-0.638718020129896,8.441011093951901e-06,0.0016300379925194783,0.0002923528949840204,0.021293283186332737,109.866667
12705,0.13194966617003018,-428.32339468812523,0.5137241050015655,-6.212522104884884,0.04091698854238746,-0.07419070614226139,-0.6383761053225088,8.110531782734832e-06,0.0016182010481358062,0.00026961782589195166,0.01789948144137409,109.875
12706,0.13628836303650863,-428.37961122271605,0.5375244536984932,-5.818224808847584,0.0378826618957717,-0.07886842577664076,-0.6380024984427609,7.79567394287212e-06,0.001601497178247213,0.00024821045381512606,0.015251711680780704,109.883333
12707,0.14082626666437567,-428.4322915705904,0.5568431919298297,-5.445950909065918,0.0347912391211433,-0.08342505700189058,-0.6375988881896256,7.498788899922144e-06,0.0015807419948146867,0.0002284310594163631,0.013183502092048148,109.891667
12708,0.14552609643940276,-428.48153747709426,0.5720121480976428,-5.098047698327651,0.0316579025307768,-0.08785476229422393,-0.6371670351058483,7.221085203170263e-06,0.0015567141574746454,0.00021043831420191765,0.011552940665811544,109.9
12709,0.15036237008885606,-428.527334080237,0.5833428529215947,-4.7753915712139205,0.028513175600912963,-0.09215473650472332,-0.6367079519158658,6.962920072325775e-06,0.001530121093102637,0.00019427455187326015,0.010248204661880162,109.908333
12710,0.15528885206740334,-428.5703098298897,0.5912219616336295,-4.477935204224944,0.0253249080830702,-0.09632714267156905,-0.6362249942365635,6.724045970389236e-06,0.0015015784409894398,0.0001798957617903163,0.009185621829447406,109.916667
12711,0.16027948190405428,-428.61043101035534,0.5959318294205445,-4.2049649894397145,0.02212404712908658,-0.10036491403144222,-0.6357200038114982,6.503817567799177e-06,0.0014716242282483275,0.0001672020075341342,0.008304162471951891,109.925
12712,0.16530921025007647,-428.6477927291815,0.5977481302994541,-3.95528694417445,0.018930642059007144,-0.1042660456811081,-0.6351950371226611,6.301341123843917e-06,0.0014407120813434043,0.0001560589939597142,0.007560442704160299,109.933333
12713,0.17035041204511384,-428.68275798895286,0.5969466790918383,-3.7273791536143284,0.015735471369202943,-0.10803145943210722,-0.6346527486663538,6.115587720925845e-06,0.0014092216392936655,0.00014631659521809995,0.006923762678864796,109.941667
12714,0.17538062663358,-428.7155126783629,0.5937605381408342,-3.5196494620770524,0.012545411019315134,-0.1116599238030867,-0.6340955659477878,5.945473797373115e-06,0.001377471990694973,0.0001378220656446359,0.0063722478758397195,109.95
12715,0.1803775438716907,-428.74638461214624,0.5884092675195256,-3.3304405494545777,0.009349117922171198,-0.1151506772320775,-0.633526185885849,5.789914541574124e-06,0.0013457293405505647,0.00013042780812725355,0.005890136922352873,109.958333
12716,0.18532697132752737,-428.77537634134234,0.5810655425300766,-3.158211414481217,0.00617020795781044,-0.11850322071247715,-0.6329466232554901,5.647859197656679e-06,0.0013142167007689335,0.0001239964144879932,0.005465815071614823,109.966667
12717,0.1902087421279706,-428.8026637063557,0.5719000083692817,-3.0014829330936363,0.0030110525847644827,-0.12171498196831709,-0.6323597942649296,5.518311538175836e-06,0.0012831172709732593,0.00011840268444404015,0.005090537923397021,109.975
12718,0.19500762654141493,-428.82835230519805,0.5610599722784557,-2.8588648462181276,-0.00011918132093782362,-0.12478537188170924,-0.631768240287652,5.400342663304985e-06,0.0012525852161445216,0.00011353487764996135,0.004757499252341017,109.983333
12719,0.199710896861368,-428.85262206715345,0.5486808196310595,-2.7290508648657394,-0.003222269697889569,-0.1277147716903309,-0.631174355266499,5.293095518294841e-06,0.0012227480869288474,0.00010929444398247776,0.004461265051111316,109.991667
12720,0.20430307655593008,-428.87560897348754,0.5348847587628358,-2.6108745452749127,-0.006296547981401896,-0.130500710064237,-0.6305810263814222,5.195785374072808e-06,0.0011937099986519715,0.00010559531714605364,0.0041973865032406965,110.0
12721,0.20877400131627177,-428.89741265560986,0.5197789085380581,-2.5032682348973743,-0.009337361811788234,-0.13314347506188404,-0.6299905883414778,5.107697937724006e-06,0.001165556992587871,0.00010236288530321089,0.003962140928462212,110.008333
12722,0.21311183961710395,-428.9181439608987,0.503462494834328,-2.4052750582612727,-0.012342933318117134,-0.13564159624121477,-0.6294056895534389,5.028185052238979e-06,0.0011383570639820883,9.953273502906773e-05,0.003752371280570718,110.016667
12723,0.2173065543593724,-428.937911227797,0.4860258966331048,-2.316032840555651,-0.015312660965721701,-0.13799399867174245,-0.6288288252145666,4.956660060766326e-06,0.0011121638150514911,9.704950509093983e-05,0.0035653642182253194,110.025
12724,0.2213465138710135,-428.95666105302433,0.46754724342059273,-2.234787419695505,-0.018224507896260195,-0.1402007679748256,-0.6282627831148431,4.892592467850758e-06,0.001087017724526383,9.486573949560498e-05,0.003398769994818759,110.033333
12725,0.2252263462995276,-428.9747642364145,0.44811239233764477,-2.1608217041799054,-0.02111722245063551,-0.14225796668290333,-0.627709523989573,4.835502742462343e-06,0.0010629489210670514,9.29408511922998e-05,0.003250543481508049,110.041667
12726,0.22893586464488538,-428.99216407569577,0.4277877648490008,-2.093538176317474,-0.023970929598429978,-0.14416499775328387,-0.6271717154280659,4.784956859293033e-06,0.001039975769164897,9.124018827160482e-05,0.003118896588166833,110.05
12727,0.23246771790774606,-429.0089328245962,0.40663964742776065,-2.032391843992988,-0.026784658058452277,-0.1459205640133516,-0.6266516446692829,4.740561677215478e-06,0.0010181090692912354,8.973422568827099e-05,0.0030022658700629883,110.058333
12728,0.23581549363143084,-429.025138881722,0.38473042370548793,-1.9768985416429796,-0.029557812094277547,-0.14752353575647034,-0.6261514631605589,4.701960324891525e-06,0.0009973520458130523,8.839784870114352e-05,0.0028992835652118373,110.066667
12729,0.2389726367770403,-429.04084054745357,0.3621190029304421,-1.9266295940063445,-0.032289027943450496,-0.14897251667165815,-0.6256733337988599,4.668828082605586e-06,0.0009777013232065493,8.720974380148792e-05,0.0028087541269292793,110.075
12730,0.24193336036983157,-429.05614199495386,0.3388630119726076,-1.881206953221137,-0.03498455379542348,-0.15026456720964487,-0.6252192843419285,4.640868704676895e-06,0.0009591482820751628,8.615188351697666e-05,0.0027296339345932344,110.083333
12731,0.24469213855096278,-429.0710118772822,0.31501352873815747,-1.8402920203507505,-0.03763093067277111,-0.1514010967562078,-0.6247912720530902,4.617811117593946e-06,0.0009416798731191811,8.520908276447627e-05,0.0026610139866351597,110.091667
12732,0.24724333161367493,-429.0855416607285,0.2906234158212964,-1.8035912056825618,-0.04023349416913199,-0.15237902070016135,-0.624391233661558,4.599406520327367e-06,0.0009252795849611946,8.436862872956746e-05,0.002602106736587708,110.1
12733,0.24958538670931843,-429.0997898586153,0.26574349520754403,-1.7708451799799345,-0.042793774698229634,-0.1531983420883411,-0.6240204111280823,4.585425855671047e-06,0.0009099284159380529,8.361996455454065e-05,0.0025522320227276563,110.108333
12734,0.25171229743812523,-429.11381303094373,0.24042214545153115,-1.7418294815852107,-0.04531268665255865,-0.15385601587124842,-0.623680687118459,4.575657573779744e-06,0.0008956041745220369,8.295441988430124e-05,0.0025108077321436893,110.116667
12735,0.2536206770249092,-429.12761758945067,0.21470558476866355,-1.7163435910761469,-0.04778411400698889,-0.15435255736747083,-0.6233734668388515,4.569905851538282e-06,0.0008822841012822666,8.236500483799666e-05,0.0024773390382190723,110.125
12736,0.25530721125876166,-429.1412661401697,0.18864066886228228,-1.69422037410227,-0.05021080741368556,-0.15468577696585847,-0.6231000705338866,4.5679889871638984e-06,0.0008699444855796997,8.184622114193091e-05,0.0024514116990867543,110.133333
12737,0.2567701401748698,-429.15479420540294,0.16227306325663643,-1.6753150165748445,-0.05259182840407126,-0.1548553552281049,-0.6228614863822407,4.569738117481665e-06,0.0008585612797633852,8.139391207709898e-05,0.0024326847653430316,110.141667
12738,0.25800562892069395,-429.168205573024,0.1356458144388338,-1.659501373269655,-0.05492103429734105,-0.1548612820892109,-0.622658956393784,4.574996181722442e-06,0.0008481101270895938,8.100514164856401e-05,0.002420885353983155,110.15
12739,0.25901264688161596,-429.1815854489037,0.10880503243857145,-1.64668755843403,-0.05720552415661084,-0.1547006356792958,-0.6224931758681289,4.583617145860146e-06,0.0008385676178829306,8.067809811622972e-05,0.002415804151052807,110.158333
12740,0.25978589784960404,-429.1949527892378,0.08179216964859866,-1.6367920172461483,-0.05944123376891814,-0.154371299284395,-0.6223654508094715,4.595465413970259e-06,0.0008299107159641085,8.041201925254505e-05,0.002417291126784505,110.166667
12741,0.2603316364471188,-429.20829061611914,0.05465300608559215,-1.629746566234439,-0.06162111853068206,-0.15388005927614856,-0.6222750820852436,4.610415494433035e-06,0.0008221185869149931,8.020713295836544e-05,0.0024252534170706315,110.175
12742,0.26064428953162255,-429.22164919514984,0.027428456578564995,-1.6255127699630216,-0.06374590758185815,-0.15322280650169162,-0.622223226431086,4.628351767031728e-06,0.0008151691069303812,8.006462734891694e-05,0.002439653136998352,110.183333
12743,0.26072442555403536,-429.23508300389494,0.0001629443851574013,-1.624072729098986,-0.06581822917456556,-0.15239843160571293,-0.6222099255303175,4.649168562539209e-06,0.0008090432573677732,7.998662724073482e-05,0.0024605059703424947,110.191667
12744,0.26057062809789233,-429.2485902638502,-0.02710246264949416,-1.6254142806527083,-0.06783152239355258,-0.15140820008476027,-0.6222354491612209,4.672770330136008e-06,0.0008037232567152029,7.997619491018721e-05,0.0024878800718525777,110.2
12745,0.2601852327798503,-429.2622194356717,-0.05432271505702414,-1.6295548042972317,-0.06978770344877479,-0.15025217650659492,-0.6222993432250888,4.699072011116478e-06,0.0007991934745385416,8.003733372576826e-05,0.0025218970563131837,110.208333
12746,0.25956679503270935,-429.27598772637424,-0.08145654944989957,-1.636521642833954,-0.07168281607191747,-0.14893030410304542,-0.6224016798465234,4.7279995631909895e-06,0.0007954394765568548,8.017503058892588e-05,0.002562731353807506,110.216667
12747,0.2587188054571518,-429.28992327450266,-0.10845878661634575,-1.646364021344257,-0.07351568223280397,-0.1474445488373709,-0.6225416148017654,4.759490676400351e-06,0.0007924494537918105,8.03952889826371e-05,0.0026106127431839627,110.225
12748,0.2576395907352752,-429.3040517631546,-0.13528819540018686,-1.6591479597829644,-0.07528314659049058,-0.14579414949273917,-0.6227190590379611,4.793495633171337e-06,0.0007902128847814854,8.070520838102284e-05,0.002665826740075889,110.233333
12749,0.2563327737374218,-429.3184065280659,-0.16189895089004344,-1.6749625963168153,-0.07698438285954691,-0.1439807327387578,-0.6229329547164326,4.829978360774012e-06,0.0007887223273679369,8.111304957628399e-05,0.0027287187834051743,110.241667
12750,0.25480009514544844,-429.33302412093497,-0.18824640227888864,-1.6939181242722048,-0.07861820050626961,-0.14200460846414542,-0.623182463167972,4.868917644001474e-06,0.0007879719542148373,8.162835924020812e-05,0.002799695288552499,110.25
12751,0.2530439711062117,-429.3479181252018,-0.21428592476726582,-1.71613966049226,-0.08018002235976869,-0.13986829952810684,-0.6234665472000105,4.9103085409385975e-06,0.0007879583451677897,8.22620951315465e-05,0.0028792277250531107,110.258333
12752,0.2510670806878385,-429.3631216113533,-0.23997147908238128,-1.741781496625565,-0.0816678395609475,-0.1375730485906854,-0.6237840435270144,4.954163982664707e-06,0.0007886804599202121,8.302677699066713e-05,0.0029678567698350256,110.266667
12753,0.248871956818317,-429.3786909300953,-0.2652555276292914,-1.7710312629537848,-0.08308235577697566,-0.1351181655071821,-0.6241337326122679,5.000516579609619e-06,0.0007901397370504083,8.393667939523663e-05,0.00306619627488145,110.275
12754,0.24646328844678228,-429.3946230024408,-0.29009044825507246,-1.804083819902666,-0.08441645507187974,-0.13250911065668491,-0.6245139793327862,5.049420664767587e-06,0.0007923403075607556,8.500806210972315e-05,0.003174937591151059,110.283333
12755,0.24384541146059707,-429.4109685288879,-0.3144257570483495,-1.841182241625008,-0.08566987447000506,-0.1297468667893673,-0.6249231439486265,5.1009545635101955e-06,0.0007952885565742017,8.625941827967934e-05,0.003294854478366602,110.291667
12756,0.24102310936680363,-429.42776743420814,-0.3382099048770459,-1.8825985859217924,-0.08684052976736283,-0.12683366459486323,-0.6253594619026417,5.155223120049952e-06,0.0007989934338105273,8.771180519092098e-05,0.0034268068596234407,110.3
12757,0.23799997170092463,-429.44508060240827,-0.36139011603799,-1.9286494225656565,-0.08792798552826055,-0.1237694595782121,-0.625821302699628,5.212360518343466e-06,0.0008034665213320756,8.938920300845214e-05,0.0035717453077108185,110.308333
12758,0.23478272422906496,-429.4629049493215,-0.3839121522052375,-1.979664845059229,-0.08892440732842558,-0.12056165093035444,-0.6263065150405476,5.27253340755667e-06,0.000808722561685929,9.131893351328902e-05,0.003730715803215161,110.316667
12759,0.2313771100177408,-429.4813322537436,-0.4057159648849295,-2.0360590947991635,-0.08983277532230138,-0.11720903060246776,-0.6268130728527627,5.335944320347106e-06,0.0008147787335085145,9.353212159566181e-05,0.003904862534443737,110.325
12760,0.22779007779592964,-429.50037368754283,-0.4267423641737301,-2.09825897500818,-0.0906461307016427,-0.11371842203899149,-0.6273387539071554,5.402835438363128e-06,0.0008216551252369468,9.60643164226506e-05,0.00409542730575656,110.333333
12761,0.22402967013907837,-429.52008374762715,-0.44692600812771627,-2.1667638555786355,-0.09136261744891606,-0.11009365498485267,-0.6278811766098418,5.473492700729324e-06,0.000829374559329367,9.895606308565601e-05,0.004303752243428063,110.341667
12762,0.22010249001200383,-429.5405453782829,-0.46619823677168093,-2.242147261422911,-0.09198214092597114,-0.10633558028710512,-0.6284381773823735,5.548250215988275e-06,0.0008379624154340551,0.00010225366829698207,0.004531275006950978,110.35
12763,0.2160154953873026,-429.5618096468371,-0.48448823532266716,-2.3250333538175143,-0.09250030980856531,-0.10244854139072704,-0.6290075529977617,5.627495026466892e-06,0.0008474471462244352,0.00010601000542550439,0.004779526107578238,110.358333
12764,0.21177746226032315,-429.58410577354607,-0.5017057443319056,-2.416222934128753,-0.09293036399511244,-0.09842168538687317,-0.6295868740446733,5.711672116870616e-06,0.0008578601924488786,0.000110285330688883,0.005050126949174436,110.366667
12765,0.20740166807395413,-429.60717404898713,-0.5177850905051302,-2.516306741680093,-0.09323789374419521,-0.09429207256420084,-0.6301731610420216,5.801289701694475e-06,0.0008692353369016799,0.00011514854041936035,0.005344766189533273,110.375
12766,0.20289568645247547,-429.6314308034161,-0.5326122663043684,-2.6263685361424356,-0.09345156702763892,-0.09003187915422928,-0.6307642808783935,5.896924149112525e-06,0.0008816072808752381,0.00012067732683479379,0.0056652342781287664,110.383333
12767,0.19827224300160484,-429.6568161320003,-0.546094800278656,-2.7472927644759566,-0.09355479852792369,-0.08566050585690406,-0.6313574978447147,5.999224770381536e-06,0.000895012884443637,0.00012696020080310718,0.006013381918609822,110.391667
12768,0.1935429825019225,-429.68340569869804,-0.5581239762479346,-2.8801435506329573,-0.09354305956978369,-0.08118491594236696,-0.6319503288279505,6.108918057578388e-06,0.0009094890639776761,0.00013409641580379027,0.006391188930084326,110.4
12769,0.1887203479032512,-429.7113108574334,-0.5685777073356195,-3.0261118278890597,-0.09341418451346169,-0.07660979193216826,-0.6325403090616398,6.226810123219404e-06,0.0009250722014726327,0.0001421965856626689,0.0068008374508492855,110.408333
12770,0.1838221177524894,-429.74062746435936,-0.577316505058997,-3.186466630930988,-0.09316625315076607,-0.07194412565940031,-0.6331244780712177,6.353786974832591e-06,0.0009417965831027212,0.0001513826292428002,0.007244871860295002,110.416667
12771,0.17886253147445924,-429.7714839332913,-0.5841912737483255,-3.362603239562978,-0.0927970228266101,-0.06719313472613332,-0.6337004875145619,6.490811040893702e-06,0.000959690934164272,0.00016178684831086285,0.007726487452909297,110.425
12772,0.17385829056207674,-429.8040221318531,-0.5890337009098492,-3.556009112443072,-0.09230499547153585,-0.06236255411950772,-0.6342658845710458,6.6389122135347525e-06,0.0009787771592193587,0.00017354942485034493,0.008250081980411376,110.433333
12773,0.16883052514934258,-429.83838837683857,-0.5916517686364889,-3.7682152129073887,-0.09168988049088213,-0.05746004469703467,-0.6348179437878096,6.79917088651139e-06,0.0009990665056983164,0.00018681398721668563,0.008822158737758566,110.441667
12774,0.16379794384995014,-429.8747567549209,-0.5918376176196221,-4.0008073133188065,-0.09095032960914781,-0.05249055521656205,-0.6353544615669622,6.972689362612359e-06,0.0010205543949297932,0.00020172027853706428,0.009452777942497461,110.45
12775,0.1587818291117192,-429.9133059624104,-0.5893598486046148,-4.255328265174238,-0.09008493548402917,-0.04746025995802077,-0.6358732112611408,7.16054742613365e-06,0.0010432168941626578,0.00021839257476023914,0.010157866978161526,110.458333
12776,0.15380882996571338,-429.9542239419225,-0.5839563028086676,-4.533152368811501,-0.08909420936971911,-0.042376683484463065,-0.6363717083824849,7.363736480761171e-06,0.0010670052148076508,0.00023692291124705143,0.010962644756985848,110.466667
12777,0.1489058836409653,-429.9976900616259,-0.5753471658380883,-4.835365605016294,-0.08797716227563389,-0.03724837136196971,-0.6368477764935728,7.5830651253030615e-06,0.0010918394943640992,0.00025734801692443,0.011906428256116916,110.475
12778,0.1440964113008663,-430.0438627680264,-0.5632483845717305,-5.1626563860792825,-0.08672898978285867,-0.03208488046888782,-0.6372998944394562,7.819028892745038e-06,0.001117605595537089,0.0002796188312708499,0.013049040046325459,110.483333
12779,0.1394259216687361,-430.09300604815235,-0.547296676389155,-5.514778420121586,-0.0853604926942168,-0.026891057585447405,-0.63772483877056,8.071637990456722e-06,0.001144156142691463,0.00030356335518262964,0.014478598515918388,110.491667
12780,0.1349220603129889,-430.14519992461805,-0.5271973267250217,-5.890553576959463,-0.08386549745835656,-0.02168201288209146,-0.6381214471630328,8.34019514226566e-06,0.0011713074658069957,0.0003288470873643007,0.016318430463577668,110.5
12781,0.13062165839918322,-430.2006618019946,-0.5026185301269356,-6.287463160261597,-0.08224686089697111,-0.01646102088568522,-0.6384880588859868,8.623027485755713e-06,0.0011988588638667935,0.0003549344040907969,0.01873187962733097,110.508333
12782,0.12655357868217207,-430.2593871715618,-0.4733153189963749,-6.701323062828121,-0.08049808631289061,-0.011245966241114451,-0.6388239969031112,8.917185573202568e-06,0.0012266120633462425,0.0003810668432796311,0.021917734089160538,110.516667
12783,0.12277566046269713,-430.3216974834114,-0.4389518548681518,-7.125249261871389,-0.07863521362224789,-0.006027044527057274,-0.6391265059351336,9.21813991854988e-06,0.0012544083376921432,0.0004062706219490649,0.0260908453354584,110.525
12784,0.11934599596716425,-430.3875935508974,-0.39933429125696357,-7.549163992887263,-0.0766690921891056,-0.0008127221191711372,-0.6393932299154061,9.519518607165226e-06,0.0012821600919770322,0.00042941229463630873,0.0314333896974127,110.533333
12785,0.1162946014934117,-430.4569231643729,-0.3544889658928083,-7.961359616140516,-0.07459317739956949,0.004385872853211074,-0.639624213644818,9.812960557931759e-06,0.0013098943951502075,0.00044931593299736626,0.03801668910203098,110.541667
12786,0.11365776038651965,-430.52951696781633,-0.30457493598453184,-8.347702060105712,-0.07240628767232604,0.009563682998180239,-0.6398190198400034,1.0088210124784753e-05,0.0013377910755901403,0.0004649486950669557,0.04570635373409065,110.55
12787,0.1114826990765271,-430.60496951103374,-0.2499577840914663,-8.69153748494899,-0.0701171894629922,0.01470878081329917,-0.6399763622078531,1.0333554211810368e-05,0.0013661686941565778,0.00047561947150870875,0.05407226615073579,110.558333
12788,0.10982886969357705,-430.6826436685642,-0.19124377640133947,-8.974384570365606,-0.06774845978830249,0.019808201694740107,-0.6400939728023795,1.05366365265223e-05,0.0013954116322701473,0.0004811324113126157,0.062354472934133535,110.566667
12789,0.10870812759483,-430.76204322180735,-0.12931180040633203,-9.181961097151223,-0.06529345130523101,0.024864030317616564,-0.6401726781806735,1.0685605258929852e-05,0.0014258347941887356,0.0004818314754586171,0.06953815858207327,110.575
12790,0.10814229233312012,-430.8424115905157,-0.06524557390405786,-9.302086595218626,-0.06275947944370519,0.029869980353645798,-0.64021210914011,1.0770499350479042e-05,0.0014575315020921929,0.00047850471720749666,0.07456861033610909,110.583333
12791,0.10814599764689818,-430.9228419288841,-0.0002971604219732568,-9.327404511133873,-0.0601587820055215,0.03481693119746122,-0.6402118515972689,1.0784606276980795e-05,0.0014902068301548823,0.00047211661246244623,0.07663357996344419,110.591667
12792,0.10870710687849068,-431.002672455295,0.06426812951347109,-9.257986542201312,-0.05748625159685808,0.03970761082171038,-0.6401727494951456,1.0725432866381878e-05,0.0015230941634105013,0.00046351753166546175,0.07541140387109355,110.6
12793,0.1098263765827889,-431.0809007963407,0.12716093057028316,-9.098203183220368,-0.05476324465408158,0.04453066823471798,-0.640094148776199,1.0595075243534245e-05,0.0015550010804575142,0.00045324158666401945,0.0711624228892141,110.608333
12794,0.11147845364475119,-431.1568214075295,0.18725671320179568,-8.859086397175016,-0.0519953774997387,0.049283464880944004,-0.6399766663590075,1.039986749835639e-05,0.0015844582905522495,0.0004414694461065929,0.06463017128383994,110.616667
12795,0.11363590622615714,-431.2297091251251,0.24360602460509376,-8.554951294113655,-0.049198499000913776,0.05395924348490523,-0.6398206158093016,1.0149425689328431e-05,0.0016099623008618597,0.00042815179020463153,0.05679826231159087,110.625
12796,0.11625897940303377,-431.299233859639,0.2955537504439204,-8.202235474538195,-0.046372881570244204,0.05856218334007159,-0.6396268749930041,9.855356806372054e-06,0.00163020631158009,0.00041319396420300586,0.04862753207479935,110.633333
12797,0.11930666748474848,-431.36488803599724,0.34262133965337377,-7.817284508594405,-0.043537978590404224,0.06308247889238833,-0.6393962448693712,9.529925517605763e-06,0.0016442540089591539,0.00039661123505695405,0.0408654881476103,110.641667
12798,0.12273299178347724,-431.4265722177943,0.38461191263104455,-7.415045052492611,-0.04069711465417203,0.06752233872646037,-0.6391298704549291,9.184922574244739e-06,0.0016516142874120926,0.0003785996422358585,0.03397493370445741,110.65
12799,0.12650136398088868,-431.48385403484133,0.4214229763670712,-7.007974065540782,-0.037887556532173974,0.07187159014167362,-0.6388282400352451,8.830866427301626e-06,0.0016522298234153965,0.0003595232899428777,0.028153478265750768,110.658333
12800,0.13055541403925652,-431.53709294981167,0.4532400622357681,-6.606520708108322,-0.03509312761394639,0.07613731046847917,-0.6384936139264806,8.476554753204006e-06,0.0016463968547930576,0.00033985014022411606,0.023406621231708013,110.666667
12801,0.13485190737571778,-431.5864500590659,0.4802875409218049,-6.218008903341089,-0.03231771387623466,0.08032025363120494,-0.6381275224455005,8.128933624318605e-06,0.001634676093306711,0.000320072527274758,0.01962434005566011,110.675
12802,0.13934319376794801,-431.63227941804087,0.5028782714946161,-5.847591474953923,-0.029550637041853386,0.08442074431067614,-0.6377322404085057,7.793177194730165e-06,0.0016177815338817515,0.00030064242331180233,0.01664872389732229,110.683333
12803,0.1439980782708063,-431.6745345722978,0.5212762513050995,-5.498282664436226,-0.02681935950355919,0.08843355035097038,-0.6373089845625443,7.472897719861754e-06,0.0015964980107475923,0.0002819310865629993,0.014316254693843443,110.691667
12804,0.1487791055517425,-431.71355098451596,0.5358191715232954,-5.171713681520312,-0.024119078096097677,0.09235946951425249,-0.6368598834428498,7.1704046400797e-06,0.0015716070238135068,0.00026421231475597145,0.012481307048422837,110.7
12805,0.15365705663737675,-431.7495452797473,0.5468145724425373,-4.868326592753713,-0.02145577141234163,0.09619855845402218,-0.6363866748294384,6.886976584050923e-06,0.0015438506995867896,0.0002476648263226699,0.01102396784104892,110.708333
12806,0.15860070165155427,-431.78273634436897,0.5545618321572856,-4.587912959362008,-0.018833966959026317,0.09994804608933303,-0.6358916436371145,6.623108601209557e-06,0.0015139035853494443,0.00023238409590620887,0.009850827377567107,110.716667
12807,0.16358377607963878,-431.8133717786329,0.5593414778258566,-4.329644965676878,-0.01625457739562457,0.10360718833828732,-0.6353769368763116,6.378726397403064e-06,0.001482365194738462,0.00021839889964352796,0.008891553272654529,110.725
12808,0.16857882049575856,-431.8417842267105,0.5614242295654938,-4.092382997306275,-0.013707140710494467,0.10717392423766399,-0.6348451598091004,6.153359434298743e-06,0.0014497561594279018,0.00020568859945739273,0.008094382376156983,110.733333
12809,0.17356812051430878,-431.8680394338524,0.5610234381310483,-3.874801290994386,-0.011207940319176532,0.11064678540929297,-0.6342981819526142,5.946277515881605e-06,0.0014165240039270715,0.00019419870587913848,0.007421645441442636,110.741667
12810,0.17852927162222867,-431.89243122963524,0.5583606348003289,-3.6754957690118832,-0.008746577709259183,0.11402348046862354,-0.6337386337885654,5.756592335089661e-06,0.0013830442696266716,0.00018385298258551705,0.006846131554290236,110.75
12811,0.18344663485996826,-431.91511967104816,0.5536196163219467,-3.493037562453957,-0.006325254109243116,0.1173029724677599,-0.6331686319509847,5.583334162281309e-06,0.001349632567795182,0.00017456373650735475,0.00634805195085657,110.758333
12812,0.18829894389001994,-431.93639520531843,0.5469831222107916,-3.3260780743472473,-0.0039284058331271726,0.12048029169097942,-0.6325911630885044,5.425504966550344e-06,0.0013165488401177487,0.00016623867579215474,0.005912917619883116,110.766667
12813,0.193075705416401,-431.95625606652754,0.538586796518616,-3.1733254641749125,-0.0015734055320102158,0.12355465242374515,-0.632008136763665,5.282116445640685e-06,0.001284009140958878,0.0001587860775436563,0.005529926986295747,110.775
12814,0.19776158047867326,-431.9749884921005,0.5285783022375001,-3.0335437503835925,0.0007589701715061617,0.1265225376322921,-0.6314221916525932,5.152213403045685e-06,0.001252186164681451,0.00015211760482220876,0.00519092915534585,110.783333
12815,0.202342738470361,-431.99266623644314,0.5170773610182403,-2.90565009409611,0.0030638174207969215,0.1293798493137983,-0.630835937697236,5.03488949080305e-06,0.0012212189798399642,0.00014615066027637936,0.004889605051444812,110.791667
12816,0.20681044595310974,-432.0093739555103,0.5041912451604598,-2.788607091931906,0.00533866607419061,0.1321253972780248,-0.6302514503868059,4.929295517412558e-06,0.001191217718427768,0.0001408092143987904,0.004620963740259193,110.8
12817,0.21114895284209284,-432.02537266234833,0.4900326689505861,-2.6814984603339567,0.007605746193034547,0.1347518342719855,-0.6296718260023888,4.83464274775061e-06,0.0011622655961336316,0.00013602423101236318,0.0043809859789603845,110.808333
12818,0.21535444947116084,-432.0405684265032,0.474680101090691,-2.5834767312039757,0.009841744586718116,0.13726080971311566,-0.6290986590801078,4.750203815243924e-06,0.0011344271287499932,0.00013173380426777356,0.004166352061880692,110.816667
12819,0.21941228328174123,-432.05518463492325,0.45822800888145204,-2.4938062594180876,0.012066520100999139,0.1396444693056412,-0.6285350697940395,4.675310223263305e-06,0.0011077452824657253,0.00012788265364325994,0.003974305805032916,110.825
12820,0.2233173855185878,-432.06927538400527,0.4407520186628243,-2.4117879400858087,0.014278582439235169,0.14190167752417993,-0.6279829206876169,4.6093498851150835e-06,0.0010822506373189304,0.00012442191467913226,0.003802500882602607,110.833333
12821,0.22706141104623337,-432.0828162998739,0.4223207475489752,-2.336828850386065,0.016465628576577553,0.14403029969505318,-0.6274445541411061,4.551762748488881e-06,0.0010579590366359996,0.00012130851948640827,0.0036489352259973834,110.841667
12822,0.23063623936648164,-432.0959910523701,0.40300797448123826,-2.2683775737150875,0.01864568964775197,0.1460248938214367,-0.6269223088373853,4.502036730415586e-06,0.0010348759504981953,0.00011850469550099079,0.00351188443415063,110.85
12823,0.2340357387927081,-432.1088737149737,0.38287822100612423,-2.2059442511546243,0.02082231288390534,0.14788213543289644,-0.6264182452499059,4.459703384272942e-06,0.0010129984131854162,0.00011597747912789307,0.0033898496535051574,110.858333
12824,0.23725390756496212,-432.12137591798404,0.3619862786558416,-2.149099842585425,0.022975382460999866,0.14960205095546095,-0.6259343981813833,4.424333616718483e-06,0.0009923159716495203,0.00011369819362479893,0.003281527205460008,110.866667
12825,0.24028217924235573,-432.13374163718635,0.34039778025725104,-2.09746805492992,0.02513427745616333,0.15117565849068273,-0.6254731817213789,4.395533711266127e-06,0.0009728123625602076,0.00011164199022565794,0.0031857837122279895,110.875
12826,0.24311994529457281,-432.14585156031876,0.31816190438242653,-2.05067883905535,0.027275292414372956,0.1526068557797084,-0.6250357739111753,4.372941728456532e-06,0.0009544679685023968,0.00010978745351536044,0.003101625944562239,110.883333
12827,0.24575853571803782,-432.1577862969696,0.29533280552658125,-2.0084477201048188,0.02940404684771223,0.15388984800874775,-0.6246245507381392,4.356223958833963e-06,0.0009372577115827189,0.00010811620465770157,0.0030281939206394277,110.891667
12828,0.2481945182414009,-432.1696596560608,0.2719649671080552,-1.9705009096510715,0.03153231670183231,0.15502046859369886,-0.6242410431847665,4.345072146283757e-06,0.0009211556767694792,0.00010661260070718529,0.002964738354074425,110.9
12829,0.25042376760855883,-432.18133886516154,0.24810196242589366,-1.9365908720809217,0.03363384509536125,0.1560015783276178,-0.623886836453049,4.339200761078813e-06,0.0009061337508123246,0.00010526343141667183,0.002910610419643809,110.908333
12830,0.25244377246821603,-432.1929595940365,0.22379662133754466,-1.90650755040106,0.03572421783552895,0.15682866345841184,-0.6235631990856163,4.3383447527512405e-06,0.000892162840380748,0.00010405768102687606,0.0028652547804686305,110.916667
12831,0.25424988943878274,-432.2045562389698,0.1990960050885203,-1.8800760182868304,0.0378032545126847,0.15749871502619073,-0.6232716754268142,4.342257589873257e-06,0.0008792129802040161,0.00010298630630196142,0.0028281971423764515,110.925
12832,0.25583991994016325,-432.2161039792632,0.17404508393241036,-1.8571288824964587,0.039861808082501934,0.15801239859763674,-0.623013347226057,4.350709691898597e-06,0.0008672548115684456,0.00010204206273699309,0.0027990381493970427,110.933333
12833,0.25720931121271073,-432.22767177158863,0.14869016833559326,-1.837545634732035,0.04190515687232656,0.15836533885175635,-0.6227896032801721,4.363487082482909e-06,0.0008562591890950298,0.00010121934867350011,0.0027774484608257288,110.941667
12834,0.2583580561798166,-432.23927637150445,0.12307750947770334,-1.8212010899225037,0.04393105579250923,0.15855774218336974,-0.6226010098021586,4.380390395494231e-06,0.0008461984885995526,0.00010051407899501217,0.002763162280173773,110.95
12835,0.2592828312455172,-432.25089719514443,0.09724918180900827,-1.8080022066367747,0.04593077128786282,0.15858950343361963,-0.6224485893032291,4.401234044021247e-06,0.0008370453879069875,9.992357871942095e-05,0.0027559740364111658,110.958333
12836,0.2599821301772062,-432.2626213658769,0.07125200493034876,-1.7978855910467804,0.04791287320310843,0.15845672483048923,-0.6223329780860223,4.425845728114574e-06,0.0008287744501924905,9.944650497204688e-05,0.0027557355885975544,110.966667
12837,0.2604540210472401,-432.2744879707958,0.04513028533181205,-1.7908035449093551,0.049878121048824685,0.15815707630758594,-0.6222547910064455,4.454066113394437e-06,0.0008213617492107273,9.908278581124137e-05,0.002762352082187467,110.975
12838,0.2606990334143019,-432.28641782722895,0.018925078542939122,-1.7866932828874573,0.05180890310223134,0.1576956358459718,-0.6222141405259755,4.485748748407605e-06,0.0008147852852981137,9.883358014567715e-05,0.002775780744533963,110.983333
12839,0.2607172543794665,-432.29847279177847,-0.007317776642912593,-1.785540696336801,0.0537097761448191,0.15707036576317732,-0.6222111159578356,4.520760142467153e-06,0.0008090244371941224,9.870124152144017e-05,0.00279603104323869,110.991667
12840,0.26050703499762956,-432.3107091442028,-0.03355427416779976,-1.7873586242267652,0.05558384208280799,0.15627817024390603,-0.6222459985251253,4.558980054853905e-06,0.0008040603694135319,9.868932252604303e-05,0.0028231618539763725,111.0
12841,0.26006827643312364,-432.3230623098173,-0.05974436030894207,-1.792143369459869,0.05741541639739227,0.15532353222324788,-0.622318714947259,4.600301991338476e-06,0.0007998767737047232,9.880258961356498e-05,0.0028572817630996665,111.008333
12842,0.2594042275330085,-432.33537921092244,-0.08584949810664892,-1.7998694933740045,0.05917605896749049,0.15421873304282405,-0.6224285413601647,4.6446338455230575e-06,0.000796459520381531,9.904702804454599e-05,0.002898551300165051,111.016667
12843,0.2585107654061219,-432.3482636933617,-0.11180388422406402,-1.8107658056129,0.06095219648207301,0.15292684410635438,-0.6225758771199552,4.691898663972172e-06,0.0007937958305097315,9.942985375429378e-05,0.0029471848183383557,111.025
12844,0.25739466981568837,-432.3611341223453,-0.1375846847247368,-1.8247122006679828,0.0626497358985672,0.1514875153955466,-0.6227592279100518,4.742035716153009e-06,0.0007918766199980504,9.995977267929833e-05,0.0030034391276923416,111.033333
12845,0.25605405939520953,-432.37426115756165,-0.16313913620845727,-1.8418824231986415,0.06430363940108832,0.14988469802080237,-0.6229784361717409,4.795001586070499e-06,0.0007906934021453002,0.00010064675849567583,0.0030676350748420136,111.041667
12846,0.2544898939191448,-432.38797955383467,-0.18840621390287202,-1.8624924728522727,0.06595718136473315,0.148098144864206,-0.6232327834687457,4.850771492870386e-06,0.0007902410613382968,0.00010150238297450346,0.0031401460721158904,111.05
12847,0.2527077328417506,-432.4017172729713,-0.21336609238287238,-1.8864681880632437,0.0675195458507816,0.14616954148999775,-0.6235207203812141,4.909340848620708e-06,0.0007905170266977845,0.00010254002195616516,0.003221395789602509,111.058333
12848,0.25070789142518357,-432.41608731304996,-0.2379429233066293,-1.9141764755674189,0.06907370992842493,0.1440595597633827,-0.6238414690556442,4.9707268653876345e-06,0.0007915201865835584,0.00010377460969187114,0.0033118827924882403,111.066667
12849,0.24849415636188363,-432.4309169326253,-0.26209706882431155,-1.9457314268643058,0.0705867263711639,0.1417827883078553,-0.6241936139338918,5.034970409876065e-06,0.0007932524837379199,0.00010522337388933684,0.003412153682688783,111.075
12850,0.24607075786830118,-432.44607895304097,-0.28578666843597667,-1.9812817830618161,0.07203342050687683,0.139352125276613,-0.6245756032595019,5.102138096484616e-06,0.0007957180913989387,0.00010690567681756274,0.0035228258835637415,111.083333
12851,0.24344262701558872,-432.4615798309318,-0.30896132095533374,-2.021050781592174,0.07340824006825934,0.13677205771390002,-0.6249857175926394,5.172324433213083e-06,0.0007989234547176962,0.00010884323590500778,0.0036445912630834404,111.091667
12852,0.24061311520931988,-432.477491641758,-0.33156758444937384,-2.065327500924657,0.07471386365262861,0.1340415373066879,-0.6254224312659055,5.24565414643208e-06,0.0008028772390767451,0.0001110604649939837,0.0037782154826110563,111.1
12853,0.23758682584497232,-432.4938880533941,-0.35354875576998657,-2.1144357948511354,0.07595268806691625,0.13116002649696396,-0.6258839743121127,5.322284726716744e-06,0.0008075909355647004,0.00011358482921587809,0.003924540837229724,111.108333
12854,0.23436835240629134,-432.5108751723363,-0.37484397931691704,-2.1687572603510947,0.07713032414340384,0.1281244732083069,-0.6263685377943462,5.402409161058471e-06,0.0008130786102283212,0.00011644720661274326,0.004084488586290774,111.116667
12855,0.23096583945157056,-432.52842806848935,-0.3953950113714664,-2.228643435184563,0.07823576142826537,0.1249438858664367,-0.6268737541916509,5.486258835021156e-06,0.0008193570210460612,0.00011968232012633216,0.004259060810970827,111.125
12856,0.22738386436775354,-432.546654976187,-0.4151368272159494,-2.2945713258422975,0.07927329738402028,0.12161532676009582,-0.6273977759722295,5.574106497240098e-06,0.0008264447146850166,0.00012332902789380617,0.004449347704861513,111.133333
12857,0.2236298333206316,-432.5655755767215,-0.4340044455121344,-2.3670171586746442,0.0802361933044781,0.11814449028036687,-0.6279383292779624,5.66626930044372e-06,0.0008343631607689026,0.00012743090308438827,0.004656530677037532,111.141667
12858,0.21971196804712503,-432.58526414456264,-0.451924637333779,-2.446540131326641,0.08112397816044654,0.11453347177739985,-0.6284930363067192,5.763111842381457e-06,0.0008431359553306094,0.00013203658655123017,0.0048818929142222635,111.15
12859,0.21563657945744233,-432.60564026390455,-0.4688371024741661,-2.533681240911447,0.08191729707974167,0.11079632448277608,-0.6290598092361781,5.8650490180191585e-06,0.0008527885685694828,0.00013720032020996258,0.0051268272835238585,111.158333
12860,0.21141346878742473,-432.6270204814634,-0.48463743504096873,-2.6292705804810548,0.08264183415499395,0.10691687157883294,-0.6296361032336805,5.972548489414566e-06,0.0008633488719314191,0.0001429820062452664,0.00539288024039349,111.166667
12861,0.20705236564941848,-432.6493878550488,-0.49924529321859085,-2.734019288705489,0.08328415202912359,0.10290635287927977,-0.630219442126213,6.086132687162977e-06,0.0008748457964722312,0.0001494483604339288,0.005681739946534519,111.175
12862,0.2025638820699206,-432.6728270932966,-0.5125645490637989,-2.8487757734949195,0.08384163764337849,0.09876861496321461,-0.6308073027252655,6.2063799061698735e-06,0.000887309109994793,0.00015667239817630576,0.005995330804866727,111.183333
12863,0.19795960816051156,-432.6974100599311,-0.5244924649492139,-2.9744602668778084,0.08430973794033138,0.09450953787909586,-0.6313971238565412,6.333923783535833e-06,0.0009007686361687775,0.0001647335175304266,0.006335902782272684,111.191667
12864,0.1932501624521652,-432.7232519890275,-0.5349160000019159,-3.1121190797945695,0.08468654274867292,0.0901314426936241,-0.6319865704200076,6.469450638077086e-06,0.0009152532495428806,0.00017371691130581982,0.006706196894406797,111.2
12865,0.18844680482467413,-432.750344204206,-0.543727172480582,-3.2627986872107564,0.08495819411445539,0.08564810034939929,-0.632573332377638,6.61369373994027e-06,0.0009307901945107386,0.0001837124690139292,0.007109709409765965,111.208333
12866,0.18356762920664677,-432.77903652634825,-0.5507536567019918,-3.4278635010867933,0.08514373453757018,0.08104656412276583,-0.6331544137008683,6.767423117327688e-06,0.0009474036554335939,0.00019481219270005957,0.007551145221018002,111.216667
12867,0.17862845952615916,-432.8093476781413,-0.5558547027612404,-3.6085169194193396,0.08523036674457116,0.07634148341961619,-0.6337272876954869,6.9314293243099254e-06,0.0009651108443430044,0.0002071082876406444,0.008036952487812103,111.225
12868,0.17364297293616682,-432.84142532493337,-0.5588662080321797,-3.806150216516856,0.08521407152518605,0.07153638064085932,-0.6342898556140611,7.106498903633971e-06,0.0009839208640354965,0.00022068673608376409,0.008576386141035975,111.233333
12869,0.16863210111630222,-432.8754398606213,-0.5595929059617851,-4.022153264954734,0.08509412413707323,0.0666365984497706,-0.6348394021013413,7.293378752802448e-06,0.001003833110350037,0.00023562025609807008,0.009182957325851861,111.241667
12870,0.16361042006535592,-432.9114483427144,-0.557854977549096,-4.257884623690184,0.08485775733335901,0.061655274682583736,-0.6353741423761026,7.492725944865016e-06,0.0010248324276080298,0.00025195814904579046,0.009876478272566283,111.25
12871,0.15860797292452775,-432.94986310009045,-0.5533703852375063,-4.5147728253836155,0.08452074427791058,0.0565819279502968,-0.6358909040803583,7.705039010911936e-06,0.0010468889802023253,0.00026971164602672485,0.01068610902315864,111.258333
12872,0.15364617955245563,-432.99071343582153,-0.5459184627871984,-4.793821458647953,0.08406854442262024,0.051435670105337006,-0.636387746861516,7.930565748645699e-06,0.0010699510836912317,0.00028883824345974496,0.011653888994302194,111.266667
12873,0.14874680070570073,-433.03417547881384,-0.5352422088906007,-5.095899091477706,0.08349513913334754,0.04622375904505839,-0.6368629668279099,8.169183220039036e-06,0.0010939479145861935,0.0003092177959840643,0.012839757176753477,111.275
12874,0.14394700556292667,-433.08060675468005,-0.5210041937017541,-5.421281768950503,0.08280945888203185,0.04094324910803038,-0.6373137034052719,8.420247339340365e-06,0.0011187913949373847,0.00033062902670847916,0.014326831423406646,111.283333
12875,0.13927383868941917,-433.1301429663784,-0.5029223234289107,-5.769492075797498,0.0820024481989238,0.03560604553612811,-0.6377384422211523,8.682409102891797e-06,0.0011443764627054344,0.0003527258392091899,0.016225476499640325,111.291667
12876,0.13476012616249905,-433.18289488775946,-0.4807088054444666,-6.138926374553227,0.08106776805090007,0.030226754442797172,-0.6381354660063178,8.953403171710586e-06,0.0011705959640399021,0.00037501663885533055,0.018675241014864688,111.3
12877,0.1304434042206018,-433.2391558005637,-0.45404134182340766,-6.526681244075672,0.08000731921855309,0.024804437239707,-0.6385030003380423,9.229822818524591e-06,0.001197356268884838,0.0003968567953904552,0.021839585427392928,111.308333
12878,0.12636538247132573,-433.29907428529975,-0.42264619811122905,-6.927814958711696,0.07881966892366397,0.019347972747862617,-0.6388392821495185,9.506905341146339e-06,0.0012245995280869887,0.00041746459357333327,0.025887676500747057,111.316667
12879,0.12257432347719854,-433.3627654910371,-0.38629619544009336,-7.334909486816308,0.07750671853969655,0.013865427918293847,-0.6391423715932554,9.778370695806947e-06,0.0012523301650223246,0.00043596746408423246,0.03095776047210319,111.325
12880,0.11910423788786986,-433.4301831065759,-0.3449181694800403,-7.738642974586788,0.07605967479353029,0.00836991764918702,-0.6394117476437607,1.0036372413343755e-05,0.0012806377348922857,0.00045148732245810886,0.03709737082425667,111.333333
12881,0.11600296477088408,-433.5013601888371,-0.2985022561392604,-8.126697341447073,0.07448044247883076,0.0028633954327372843,-0.6396459781244258,1.0271645683327823e-05,0.001309713253332974,0.00046326326313677403,0.04418933431939904,111.341667
12882,0.11331700180350734,-433.57606172874426,-0.24725594703745893,-8.484304397244125,0.07276922616786656,-0.0026409009923572986,-0.6398438700502479,1.0473920311405679e-05,0.0013398246123678716,0.00047077731234841316,0.05187500706233537,111.35
12883,0.11108786433094682,-433.6539504591017,-0.1916030763542371,-8.795346830372782,0.0709259225831374,-0.008132568354236498,-0.6400045996035454,1.06326339762744e-05,0.0013712544910906368,0.00047385361321754114,0.059517785975534726,111.358333
12884,0.10935248898560583,-433.7345789336452,-0.13219881609035797,-9.04355703613097,0.0689507498040692,-0.013603601489335627,-0.6401275254228458,1.0737933319716631e-05,0.0014041915707021678,0.000472681830469831,0.06624824633133858,111.366667
12885,0.10814449562465868,-433.8173055637786,-0.06994471792633061,-9.213983955834296,0.06684711634719422,-0.019042770511404246,-0.6402119559984136,1.0781847223684834e-05,0.001438589321332851,0.00046773389036400444,0.07111618587218486,111.375
12886,0.10748198143999153,-433.9014883183725,-0.005927409237574643,-9.29572324248551,0.06461249262751342,-0.024445967145239268,-0.6402578645848823,1.0759414885563038e-05,0.0014740319067500702,0.0004595937274534212,0.07332744171778169,111.383333
12887,0.10738068038489673,-433.98621257287857,0.058593001950803886,-9.282448289547606,0.06225353860240801,-0.029797976412173965,-0.6402648594208634,1.0669514782449479e-05,0.0015096664720973102,0.0004487705737273824,0.07248280483690087,111.391667
12888,0.10785566306068906,-434.07065376351994,0.12233713448578748,-9.173215533169877,0.05978079142886395,-0.03509628689884949,-0.6402320050560205,1.0515159346414653e-05,0.001544235372024718,0.00043558002249802186,0.06871309677487103,111.4
12889,0.10888277994070975,-434.1539572083212,0.18404648899213602,-8.97558651088777,0.057190615616012644,-0.04032770818081093,-0.6401604659101848,1.0303135006812632e-05,0.001576222102167831,0.00042015809814252016,0.06263883999212709,111.408333
12890,0.11042809565804397,-434.2353227318156,0.24262428348443585,-8.702212260663197,0.05448313608324296,-0.04547635677805258,-0.6400515616204137,1.004311630740214e-05,0.00160409332223828,0.0004025733191275008,0.05517333935927494,111.416667
12891,0.1124884214911725,-434.31408747681644,0.29718894062364265,-8.36639610611405,0.05167864244894387,-0.05054424061658483,-0.6399039852439794,9.746471162516721e-06,0.0016265335131760191,0.00038296228901421294,0.047264265194885476,111.425
12892,0.11501611259086389,-434.38976062882585,0.3471057734577098,-7.985795073234924,0.04877694028138421,-0.05552152385741147,-0.6397192221290035,9.424962210456916e-06,0.0016426003406204088,0.0003616399955999742,0.03968865508892072,111.433333
12893,0.11795395192285413,-434.46203401856656,0.39200863302126837,-7.57779582775985,0.04577538320594086,-0.06039633357293124,-0.639499343126556,9.089665169290844e-06,0.0016518284109626358,0.00033911045702679016,0.03294448276426165,111.441667
12894,0.1212835921262906,-434.53052826027215,0.4316894177495892,-7.155946906467849,0.04270125435317392,-0.06516827881301519,-0.639243467693816,8.75024684185673e-06,0.0016542155722879203,0.00031599999521298756,0.02725349933457283,111.45
12895,0.12495045013199059,-434.59518361345266,0.46617640589608994,-6.733315441902562,0.03955655201670263,-0.0698301140255184,-0.638953477996429,8.414561714325635e-06,0.0016501133844336264,0.0002929681777818417,0.022632140533939617,111.458333
12896,0.12889446093211718,-434.6562207928109,0.49567067719704233,-6.320061845323768,0.03632904350112762,-0.07437679139084429,-0.6386319802332922,8.088578261445083e-06,0.0016401364871742297,0.00027061448422667945,0.018970368077784808,111.466667
12897,0.13308710323107145,-434.71350894413206,0.5203748272390663,-5.922751043588916,0.03304604973301163,-0.07880341501520037,-0.6382793221270648,7.776525831651455e-06,0.0016250513029004985,0.0002494176736075865,0.0161040900575625,111.475
12898,0.13748754019635837,-434.7671500583638,0.5405873160798704,-5.546157796349214,0.02971891173413083,-0.08310575017611486,-0.637897118075481,7.481137095556632e-06,0.0016056615323444415,0.00022971195576275503,0.013865005296899671,111.483333
12899,0.14205728398994522,-434.81736141331567,0.5566433254080653,-5.1930672164826905,0.026352639311154936,-0.08728232457719698,-0.6374871346888007,7.203944571735533e-06,0.0015827518833801011,0.00021169101533071797,0.012104200271020112,111.491667
12900,0.14676057573647472,-434.8642977464764,0.5688737624912961,-4.864820128815335,0.022959150363693878,-0.09132946766351051,-0.6370512682876294,6.945569003062302e-06,0.0015570471284335739,0.00019542924392210295,0.010701351572942799,111.5
12901,0.15157242512339789,-434.9080660901446,0.5775878314598261,-4.561542367766132,0.01955743585624802,-0.09524823574970474,-0.6365907578384228,6.705973075867302e-06,0.0015291919679572496,0.00018090948637418256,0.009564754493851685,111.508333
12902,0.15645888345076553,-434.9488460919946,0.5830973191422121,-4.282789438100291,0.01615875911505205,-0.09903529797759458,-0.6361080230073748,6.484667134118449e-06,0.0014997400811480716,0.00016805096729969468,0.008627163382456065,111.516667
12903,0.1613878202611757,-434.98695195793005,0.5857031192822739,-4.027492155043624,0.012760601091109117,-0.10268918223343897,-0.6356057044961296,6.280874402907859e-06,0.0014691658593211617,0.00015673385787571853,0.007840222853570555,111.525
12904,0.1663348526144174,-435.02262301127814,0.5856684016538459,-3.7942271992880903,0.009366336659301496,-0.1062098765758691,-0.6350860150651433,6.093652358004705e-06,0.001437872425076934,0.00014681841746017144,0.007169514272209923,111.533333
12905,0.17127763167931903,-435.0562011071622,0.5832377696795047,-3.581384448421874,0.005965954176818314,-0.10959758769465226,-0.6345512499698296,5.921978430815657e-06,0.0014061974985453002,0.00013815830728819447,0.00659057617195656,111.541667
12906,0.17619578714184933,-435.0876451260377,0.5786068903610472,-3.3874727431720197,0.0025889308298572148,-0.11284963489987487,-0.6340037618312081,5.764810069965028e-06,0.001374423312525785,0.0001306098588718064,0.00608583555051664,111.55
12907,0.1810699831901878,-435.1171637232419,0.5719684044614387,-3.2109091543279087,-0.0007632047505753101,-0.11596572197215199,-0.6334460367876543,5.621124795254603e-06,0.0013427856431307698,0.00012403723314104945,0.005642470628234324,111.558333
12908,0.18588399117408994,-435.1449112213327,0.5634908414199978,-3.0501839727890117,-0.004084872066043387,-0.11894617106464038,-0.6328804270043951,5.489945492742844e-06,0.0013114817654937122,0.00011831590222910166,0.005250873683837939,111.566667
12909,0.19062095758288905,-435.1710909877401,0.553329308302636,-2.903875981595233,-0.007378307823799372,-0.12178958576833553,-0.6323095523934733,5.370354645968289e-06,0.0012806757795328664,0.00011333388954177846,0.004903652755062626,111.575
12910,0.1952684535063704,-435.1957823045163,0.5416153182624586,-2.770685776037301,-0.010632855525681828,-0.12449697405288969,-0.6317356713935379,5.261501679740829e-06,0.0012505049606879848,0.00010899201454895151,0.004594952482648677,111.583333
12911,0.1998101506546331,-435.2191534003545,0.5284745626778298,-2.649420404192964,-0.013850071653646491,-0.1270654636590979,-0.6311616719480734,5.162604778024884e-06,0.0012210819363385865,0.00010520324403105432,0.0043200262745621545,111.591667
12912,0.2042357262853237,-435.2413038239107,0.5140152931455019,-2.5389886485919844,-0.017024932160000755,-0.12949570526158674,-0.6305898244340387,5.072950288140648e-06,0.0011925009223401266,0.00010189190978768564,0.004074927585718487,111.6
12913,0.20853446114738822,-435.26234057513545,0.4983370153408316,-2.438408284770329,-0.02015474863901676,-0.13178731196236554,-0.6300225418102373,4.9918891537066656e-06,0.0011648373659865015,9.899251197345737e-05,0.003856328341688951,111.608333
12914,0.21269368352838094,-435.28240668075784,0.4815331773420173,-2.3467969701430746,-0.023242809803614616,-0.13393705420211555,-0.6294625882291119,4.918832805304135e-06,0.0011381510625414145,9.644861994425448e-05,0.0036613817191250265,111.616667
12915,0.21670547293746825,-435.3015357920088,0.46368428387699623,-2.2633664988100217,-0.026279572728696545,-0.1359462531518089,-0.6289121663532846,4.853248478798923e-06,0.001112489486100979,9.421180279575137e-05,0.003487625304279997,111.625
12916,0.2205611148836598,-435.3198710410649,0.44486921878368374,-2.187404855309539,-0.029271207806214512,-0.1378125215826013,-0.6283736292721158,4.794653939804298e-06,0.0010878872365819787,9.224054483228615e-05,0.00333292269855509,111.633333
12917,0.22425274035904771,-435.3374498436254,0.42515769878902265,-2.1182849577541485,-0.03221068842322836,-0.1395360414035947,-0.6278492473330808,4.742612625542264e-06,0.0010643683920075519,9.049935897582652e-05,0.0031954088321255753,111.641667
12918,0.22777184210869683,-435.3543825576806,0.4046176475790247,-2.0554454292053337,-0.03510181400769143,-0.1411139113469807,-0.6273414057383156,4.696728893610913e-06,0.001041947777477116,8.895795861270207e-05,0.003073453894994152,111.65
12919,0.2311126789016747,-435.3707467320802,0.38331167939154714,-1.998386900546605,-0.03794514770208678,-0.1425451584054796,-0.6268521007837683,4.656643638180511e-06,0.0010206327608465703,8.759055669494232e-05,0.0029656304327059083,111.658333
12920,0.2342670889869861,-435.38657404198943,0.36129786386027457,-1.946668998533511,-0.04073503602963292,-0.14382856771190075,-0.626383678447649,4.622030147722279e-06,0.0010004233284974277,8.637523355287246e-05,0.0028706906138234135,111.666667
12921,0.2372302914476379,-435.4019721466591,0.3386338119413132,-1.8998997186810094,-0.04347784492579188,-0.14496152704814957,-0.6259379724481312,4.592590521409228e-06,0.0009813145060202876,8.529342506592366e-05,0.0027875438341384167,111.675
12922,0.23999723458625205,-435.4169658927697,0.3153721782210686,-1.8577322330555441,-0.0461685903562302,-0.1459440866296569,-0.6255168243287736,4.568052295106546e-06,0.0009632959585061888,8.432945725702405e-05,0.0027152397663995783,111.683333
12923,0.2425619905138796,-435.43160189477123,0.291564168359058,-1.8198613763080838,-0.04880565836522061,-0.14677461776191708,-0.625122173633587,4.5481655615769606e-06,0.0009463532955345483,8.34701727284846e-05,0.0026529535087768796,111.691667
12924,0.24492071636148616,-435.4459259253435,0.2672594794430383,-1.786018048556484,-0.05138808732114561,-0.14745244186344153,-0.6247555958500753,4.532700442998706e-06,0.0009304694249175092,8.270461277437632e-05,0.0025999716599669725,111.7
12925,0.24706933763198688,-435.4600095877306,0.2425070523365365,-1.7559695509523345,-0.05391903985987969,-0.1479750132028819,-0.6244186458492377,4.521444845617615e-06,0.0009156245709798774,8.202374151107396e-05,0.0025556817214364763,111.708333
12926,0.24900424181243708,-435.47388606347715,0.21735348308747385,-1.7295108336421667,-0.0563963968750656,-0.14834163735114453,-0.6241127444007947,4.51420258203793e-06,0.0009017972291590622,8.142022262435741e-05,0.002519561881033318,111.716667
12927,0.25072236422538285,-435.48758458361755,0.19184428907209145,-1.7064640974171053,-0.05881776815017276,-0.14855197511338722,-0.623839156766986,4.510791772988507e-06,0.0008889647347389289,8.08882326380532e-05,0.0024911731434705273,111.725
12928,0.2522216134238325,-435.5011392051656,0.16602450383397024,-1.6866776330040598,-0.06118186872206859,-0.14860579466047008,-0.6235989171005718,4.511043519416178e-06,0.0008771037298803524,8.042330608190559e-05,0.002470152357725886,111.733333
12929,0.25349809442196986,-435.51458830985723,0.13993778719728878,-1.6700242950702264,-0.06348775484218727,-0.14850134609227297,-0.623393269028373,4.514800826366347e-06,0.0008661904255856553,8.002220966138683e-05,0.0024562063074287594,111.741667
12930,0.2545511243588029,-435.52798272742325,0.11362883209560537,-1.6564011349568137,-0.06573716881439458,-0.14823767963844459,-0.6232228555241518,4.521917785281316e-06,0.0008562017904461222,7.968284192426053e-05,0.0024491066065698954,111.75
12931,0.2553783844860094,-435.541337548376,0.0871398953233792,-1.6457206792280907,-0.06792619115125766,-0.14781499886931931,-0.6230884939885715,4.532258936234027e-06,0.0008471148452880827,7.940415352412782e-05,0.002448685856891895,111.758333
12932,0.2559780188649242,-435.5546706395158,0.06051301243345346,-1.6379152238042984,-0.07005143581963237,-0.14723357941918813,-0.6229908362945812,4.545698874398494e-06,0.0008389077097244337,7.91860887441985e-05,0.002454834807743466,111.766667
12933,0.25635005773171815,-435.56803917565713,0.03379207789666468,-1.6329435143089344,-0.07211577833746143,-0.1464919008167357,-0.622930132668088,4.562122024336759e-06,0.0008315597824108611,7.902954233981068e-05,0.0024675001443730193,111.775
12934,0.2564940064181569,-435.5814545700992,0.0070188983092018264,-1.630774046735278,-0.07411515591535787,-0.1455911960955165,-0.6229066221827467,4.58142260133951e-06,0.0008250514396541149,7.893633972181668e-05,0.0024866824130461455,111.783333
12935,0.25640778472206494,-435.59492578218754,-0.01976607993879431,-1.6313920035706513,-0.07604465338564446,-0.14453206388117543,-0.622920705931104,4.603504761575967e-06,0.0008193645563457117,7.890922742564556e-05,0.0025124356664915784,111.791667
12936,0.2560939820659555,-435.60852028796097,-0.046517616542250784,-1.6348141235001477,-0.07790904283738173,-0.14331320623728877,-0.6229719244381334,4.628282910668381e-06,0.0008144832672699416,7.895187475450185e-05,0.002544867731676591,111.8
12937,0.25555319815681216,-435.6222687845558,-0.07319311929326235,-1.6410669535491302,-0.07970698795441425,-0.14193479865077055,-0.6230600466080297,4.655682171707779e-06,0.0008103926874107393,7.906891386189733e-05,0.0025841391258604315,111.808333
12938,0.25478299955295136,-435.6361820951154,-0.09975288178055797,-1.6501896043280373,-0.08143319723441468,-0.14039695961726678,-0.6231852379464781,4.685639048892057e-06,0.0008070798596345119,7.926597680440763e-05,0.0026304648090806734,111.816667
12939,0.2537880527653422,-435.65027107126275,-0.12615198107900066,-1.6622407427199748,-0.08308444064807115,-0.1387037746082888,-0.6233464135676167,4.718102236029407e-06,0.0008045348718728183,7.954973732063388e-05,0.002684117225213608,111.825
12940,0.2525671888889858,-435.66458578635803,-0.15234843580099278,-1.677307505223424,-0.08466093214817795,-0.13685298052187744,-0.6235433432938566,4.753033571251237e-06,0.0008027488077989562,7.99280074238785e-05,0.002745426445452749,111.833333
12941,0.2511243544960538,-435.67913915067595,-0.17829735372240682,-1.695488253506459,-0.08615908077155968,-0.13484815641458522,-0.6237748794141902,4.790409198167256e-06,0.0008017157970596455,8.040982345735472e-05,0.002814784444976091,111.841667
12942,0.24946168829056933,-435.69397249836464,-0.20395397328606385,-1.7169104188760762,-0.0875783475457553,-0.1326895682789895,-0.6240400821959198,4.8302208879417575e-06,0.0008014315985018725,8.100557669007174e-05,0.0028926470288936847,111.85
12943,0.24758123705587864,-435.70911401937616,-0.22927369426881153,-1.7417204121301615,-0.08891602356633559,-0.13037862331819525,-0.624337943753864,4.872477560706102e-06,0.0008018943810539266,8.172716132787932e-05,0.0029795378281680645,111.858333
12944,0.24548671881787468,-435.72459192570767,-0.25420993274740866,-1.7700895342449687,-0.09016965895694257,-0.12791771437570637,-0.6246671142524505,4.917207006704404e-06,0.0008031049229305264,8.25881436719038e-05,0.0030760529065729935,111.866667
12945,0.24318086068489592,-435.7404480280603,-0.2787157403266812,-1.8022200823005146,-0.09133782732314387,-0.1253076279177838,-0.6250263293346175,4.964457817182318e-06,0.0008050662887615892,8.36039785262077e-05,0.003182864373893121,111.875
12946,0.24066973976993886,-435.7566893692799,-0.3027418303772576,-1.8383313007843916,-0.09241558348668634,-0.12255417350973372,-0.6254137407829807,5.014301551351625e-06,0.0008077843171858519,8.479225352266484e-05,0.0033007255192914523,111.883333
12947,0.23795470159327395,-435.7733872817079,-0.32623947934865116,-1.8786967339380114,-0.09340381276244501,-0.11965506963178757,-0.6258281750998833,5.066835141265876e-06,0.0008112668243263725,8.61729848548338e-05,0.003430473953043433,111.891667
12948,0.23504294307127943,-435.7905530145574,-0.34915578462606245,-1.923603318467682,-0.09429773201823366,-0.11661670274073688,-0.6262675107764222,5.122183575397138e-06,0.0008155252034326254,8.776894840172649e-05,0.003573038505670463,111.9
12949,0.23193827179028698,-435.8082486079428,-0.37143734453125843,-1.9733956055151651,-0.09509688671950561,-0.11343928221707952,-0.6267301046402122,5.1805028652348555e-06,0.0008205728582018327,8.960608479131608e-05,0.0037294401163388904,111.908333
12950,0.22864737203548188,-435.8265267304742,-0.393026340950694,-2.028458158187879,-0.0958001350008366,-0.11012552874337218,-0.6272138508744958,5.241983313325806e-06,0.0008264264198253665,9.171395276490183e-05,0.0039007969855944435,111.916667
12951,0.22517755246970075,-435.84541120745706,-0.4138638310033109,-2.089208613097499,-0.09640287154553241,-0.10668150577114846,-0.6277165406138157,5.306853117888002e-06,0.000833105060941597,9.412627541073148e-05,0.004088324008635589,111.925
12952,0.22153494840179583,-435.8649601848615,-0.43388784283309445,-2.1561313640522903,-0.09690329149439544,-0.10310978828617665,-0.6282361310312644,5.375382281200703e-06,0.0008406305009874732,9.688151674957367e-05,0.004293333907033848,111.933333
12953,0.21772764753750773,-435.8852184817776,-0.4530320597338707,-2.2297613629144495,-0.09729836276367371,-0.09941551939552414,-0.6287703044696265,5.447886838869408e-06,0.0008490274978492584,0.00010002356356463599,0.004517236570781136,111.941667
12954,0.21376112408860967,-435.90627505406127,-0.4712269505588532,-2.3107207039732947,-0.0975876039808572,-0.09559880168184055,-0.6293171230327931,5.524733392924978e-06,0.0008583233594232145,0.00010360248122152513,0.004761534305875418,111.95
12955,0.20964517065845714,-435.928342587644,-0.48838443618348665,-2.399775210004269,-0.09778258295159384,-0.09165004189465423,-0.629874073897333,5.606343917228405e-06,0.0008685487558544529,0.00010767533215669198,0.005027820311724678,111.958333
12956,0.2053911761193215,-435.951152448331,-0.5044439183330424,-2.4974856619959023,-0.09785031645023498,-0.08760786703161971,-0.6304384901643927,5.6932008635005925e-06,0.0008797363231371592,0.00011230734792593861,0.005317753921055312,111.966667
12957,0.2010057627720178,-435.9751503595072,-0.5192936587350575,-2.6049219779273938,-0.09781994144500837,-0.0834396237167547,-0.6310084000436933,5.785851919867674e-06,0.0008919201258533134,0.00011757202660755582,0.005633099913436275,111.975
12958,0.1965032054086238,-436.00021337320845,-0.5328470649177435,-2.722894001726222,-0.09767212625853113,-0.07917212828617955,-0.6315809073513656,5.884914736244006e-06,0.0009051366488620055,0.00012355315492335904,0.005975680710237797,111.983333
12959,0.19189394539213672,-436.02645764817316,-0.5449976125910881,-2.8524545161682124,-0.0974062193787397,-0.07480786325066978,-0.6321537191998556,5.991081116629346e-06,0.0009194219666398096,0.00013034464230956435,0.006347442494113111,111.991667
12960,0.18719173906807898,-436.05398305369397,-0.5556264375737597,-2.9947408350493907,-0.09702066019449583,-0.07035294621227581,-0.6327242425659672,6.1051196227140585e-06,0.0009348120632643232,0.0001380513242774879,0.006750512830837432,112.0
12961,0.18240971371273615,-436.08288666323506,-0.5646059972216433,-3.1509876507534034,-0.0965123910492878,-0.06581426547068596,-0.6332901021731695,6.227876314936434e-06,0.0009513405598925106,0.0001467889844312754,0.007187335989846889,112.008333
12962,0.1775642170251106,-436.1133166641358,-0.5717872003505481,-3.3225561993071007,-0.09588231758817611,-0.061195737788739546,-0.6338487008162216,6.360272193960983e-06,0.0009690372276301884,0.00015668346491187505,0.007660948680777582,112.016667
12963,0.17267010623017498,-436.14540164791134,-0.577012174976788,-3.510883670652157,-0.09512782112128691,-0.056503499388468395,-0.6343977970339855,6.503295716162097e-06,0.0009879246830770104,0.00016786885945411673,0.00817543569689157,112.025
12964,0.16774826263804596,-436.1792437033603,-0.5801015490484719,-3.7174210395477587,-0.09424705079621637,-0.05174899194022582,-0.6349346800462122,6.657988150909772e-06,0.0010080159881839016,0.00018048343568694792,0.008736754702673138,112.033333
12965,0.1628164226504969,-436.21502283741086,-0.5808570270531704,-3.9437245842069153,-0.09323971187437272,-0.04693594810653713,-0.6354572256107601,6.825418352989613e-06,0.0010293091125984422,0.00019466312462122586,0.009354032961579677,112.041667
12966,0.15789747915769273,-436.2529298500294,-0.5790516508474057,-4.191304499194754,-0.0921071252178861,-0.04206948071739593,-0.6359630091068704,7.0066432699165414e-06,0.0010517837904989913,0.00021053145185455705,0.010041630773812857,112.05
12967,0.1530155750752841,-436.29312368400576,-0.5744421088447822,-4.461510808368994,-0.09084847671819607,-0.03715854613268074,-0.6364497697409348,7.2026490147844774e-06,0.0010753951950499853,0.0002281847775255407,0.010822191647480673,112.058333
12968,0.14819530250318902,-436.3357974645623,-0.5667622377225943,-4.755488505762019,-0.08946343676899134,-0.03220944494261952,-0.6369155028839926,7.4142660316039536e-06,0.0011000690619671193,0.00024767121029407033,0.011731050661753784,112.066667
12969,0.1434632368829689,-436.3810857154875,-0.5557351933953447,-5.073914748320558,-0.08794985894625447,-0.027234330092697833,-0.6373583185710656,7.64205169183272e-06,0.001125698082731635,0.00026896321346474777,0.012822118673050385,112.075
12970,0.13884886972911015,-436.42914434730034,-0.5410638811590237,-5.416848450970675,-0.0863077708043065,-0.022243538531281096,-0.6377763764583938,7.886133423487974e-06,0.001152140252238895,0.0002919232930775818,0.014175112098448668,112.083333
12971,0.13437979416470217,-436.4803023003198,-0.5224200940724392,-5.78372563083569,-0.08453858667795172,-0.0172315902482726,-0.638168326020659,8.146007051488665e-06,0.001179221329500489,0.00031626607956345353,0.015903017949470678,112.091667
12972,0.13010710732325623,-436.5347334650238,-0.49944747504306075,-6.17204363076247,-0.08265265843604129,-0.012208268958566228,-0.6385311338521329,8.420291514106495e-06,0.001206745849193747,0.00034152282357448116,0.018157400264758986,112.1
12973,0.12607515910945194,-436.59249718219047,-0.4718486342874044,-6.57751356608247,-0.0806545769611689,-0.007187650572171517,-0.6388628096629724,8.706442795308172e-06,0.0012345084627338463,0.00036701320211090567,0.021125809928452505,112.108333
12974,0.1223143074927373,-436.6536962202266,-0.4393964151350943,-6.994304908752227,-0.07854087373519361,-0.0021747734079321747,-0.6391628229094184,9.000450482462851e-06,0.0012623278819544677,0.00039184430475645756,0.02501540729655566,112.116667
12975,0.1188574482200973,-436.7183667957979,-0.40193692098413697,-7.414312509462625,-0.0763087872815555,0.0028237932346504456,-0.6394306122257413,9.296572956048742e-06,0.001290092868064923,0.0004149560661366316,0.030015099333517353,112.125
12976,0.11577212719205467,-436.78639652786154,-0.3593624217290898,-7.825219725066624,-0.07397798333749099,0.007797683334082856,-0.6396631666681609,9.587182027163797e-06,0.0013178041662487469,0.00043522036676722493,0.03622968941311355,112.133333
12977,0.11308850707757087,-436.85766143760077,-0.3118000284419004,-8.213841494604553,-0.0715447050804617,0.012744372920687102,-0.6398604916775283,9.86278347555383e-06,0.0013455933628212426,0.0004515892750254733,0.043583874563283664,112.141667
12978,0.11085104429641099,-436.93179392549087,-0.2595615474407945,-8.564277881347065,-0.06901711167671655,0.017653480305645047,-0.6400214883930866,1.0112332044517572e-05,0.0013737390166583129,0.000463297525366879,0.05173345969285208,112.15
12979,0.10908128283725768,-437.0085941258874,-0.20315556197212803,-8.86131012937978,-0.06638652113694499,0.02253267325085674,-0.640146562221109,1.0323919133425924e-05,0.0014026095595898315,0.000470025108506549,0.06001428586807472,112.158333
12980,0.1078409388213068,-437.0870583624159,-0.143393600724824,-9.086991457865192,-0.06368646601759016,0.027353601795927645,-0.6402330256953168,1.0485829408164032e-05,0.0014325592085270623,0.0004719782986646931,0.06748991267325978,112.166667
12981,0.10713863749865053,-437.16666336063935,-0.08126418421977163,-9.229507329157238,-0.06091186143712561,0.03212164109119482,-0.6402815458732767,1.0587819429467274e-05,0.0014637509645015706,0.0004698034660680021,0.07311690828585612,112.175
12982,0.10697724566147626,-437.2467392725277,-0.01791249124021386,-9.28138374212817,-0.05805999859450582,0.03683571381204235,-0.6402926513924421,1.06224236274093e-05,0.0014960139806221692,0.00046440052952643384,0.07601312420780185,112.183333
12983,0.10737099888671546,-437.32640305816363,0.045421310741819584,-9.239080379575007,-0.055145951773866136,0.041490852803139494,-0.64026552758416,1.058603692838619e-05,0.0015287347357528054,0.00045663403327805775,0.07571587462107582,112.191667
12984,0.108322650551314,-437.40448858580436,0.10742035758183661,-9.105320650894454,-0.05219817882729196,0.046069322397676346,-0.6401995628996735,1.0479434917627773e-05,0.0015608489643999506,0.0004471040676537578,0.07232067445544607,112.2
12985,0.10980342734820595,-437.48044115286535,0.16698186577605167,-8.890133078293283,-0.0492130277032306,0.05057665278449339,-0.6400957684389095,1.030760403167727e-05,0.0015909683158609824,0.00043607836585235173,0.06643979893375437,112.208333
12986,0.11178612382202138,-437.5535723881702,0.22313914180727648,-8.606838313968911,-0.04620218922949125,0.05500897664776196,-0.6399545943850768,1.0078984130791407e-05,0.0016176046428460899,0.00042356894495962935,0.05899114710967471,112.216667
12987,0.11422526549002622,-437.62363864417796,0.27521893701311,-8.271659335914936,-0.043155351858337895,0.05937102374193237,-0.6397774689857545,9.804314837157904e-06,0.0016393986806748618,0.0004094917962259404,0.05094075241700921,112.225
12988,0.11709078639202244,-437.6900476282524,0.3226783665949166,-7.89999908968778,-0.040097315872725976,0.06365488791965161,-0.6395645183871127,9.495360561581375e-06,0.0016553145453112243,0.00039382451518942045,0.043090259449462404,112.233333
12989,0.12033994376599629,-437.7525056473459,0.36523123332581375,-7.506971264507188,-0.03704143106658869,0.06785717434742806,-0.6393167047325777,9.163749148369626e-06,0.001664730906032501,0.00037670254363678806,0.035978872265886724,112.241667
12990,0.12393469751072461,-437.81076379551735,0.402765385308009,-7.1054599846066795,-0.0340091981846228,0.07197624553987805,-0.6390346682245199,8.820096746792068e-06,0.001667460337049865,0.00035843061059475365,0.02987619572985333,112.25
12991,0.12781626487384515,-437.8652176995286,0.4354329981006115,-6.706590987007372,-0.03097716477884004,0.07601707125004503,-0.6387208567260272,8.473474141725265e-06,0.001663689492709223,0.0003394343127589078,0.02484044644502831,112.258333
12992,0.13194689017985842,-437.91580774407623,0.46338359159974485,-6.3181705327627,-0.02796403555754685,0.07997607928713954,-0.6383763405180313,8.1311975728649e-06,0.0016538990767858796,0.00032018507174612777,0.020793240980812665,112.266667
12993,0.13628806138845567,-437.9626444311686,0.4868590437622815,-5.945805449238974,-0.02497990696060798,0.08385281884330942,-0.6380025248353415,7.798841616381476e-06,0.0016387484303379846,0.00030113367848689246,0.01759182974442051,112.275
12994,0.1408070720511174,-438.005663238929,0.5061081132694032,-5.593195805211639,-0.02205399224752713,0.0876446209594675,-0.6376006230539751,7.480400581411181e-06,0.0016189872556908837,0.000282664588983867,0.015076385765727987,112.283333
12995,0.14545551072306143,-438.0456445021145,0.5215313797315374,-5.262482637492501,-0.019140739314116185,0.09135598614449378,-0.6371736251368822,7.178524521006769e-06,0.0015953833039144738,0.0002650727135536812,0.013097929785669274,112.291667
12996,0.1502083314855017,-438.0824775230087,0.5333806146395456,-4.954499965894453,-0.01627486546525882,0.09498269675792638,-0.636722803696145,6.894784762916474e-06,0.001568686313112525,0.00024856138134650625,0.011529813652062956,112.3
12997,0.15503256219081132,-438.1165599584409,0.5419748945184295,-4.6692159080078115,-0.013443938924585647,0.09852448675787444,-0.6362504999536657,6.629916404271302e-06,0.0015395837669270566,0.0002332487798745138,0.010271878944876736,112.308333
12998,0.1599056281929595,-438.14799795035105,0.5475717107132402,-4.405985507779067,-0.010662686541866482,0.10198087816779217,-0.6357583819973087,6.384037008558081e-06,0.0015086936907159028,0.00021918405440022123,0.009247624876948956,112.316667
12999,0.16479739515516717,-438.17712206970737,0.5504450393257984,-4.163863412337724,-0.007921583138512017,0.10534811887162397,-0.6352491912995953,6.1568243934279345e-06,0.0014765544626304625,0.00020636301123893924,0.008400316802711557,112.325
13000,0.16969130796890777,-438.20405668702796,0.5508132009769506,-3.9415534266978436,-0.00523101586613935,0.10862722624911653,-0.6347245661437971,5.94766145024354e-06,0.0014436334883543706,0.00019474400633040967,0.007688388044139481,112.333333
13001,0.17456300201590097,-438.2291432688062,0.5489047381521753,-3.7377200189365856,-0.002575752539382703,0.11181432239047771,-0.6341872243140934,5.755743644471309e-06,0.0014103244060310251,0.00018426052588724705,0.007081717035237861,112.341667
13002,0.17939506286168813,-438.2525055124314,0.5449028989147073,-3.551003594609701,3.795802624639268e-05,0.11490709329957834,-0.6336393857271108,5.580162255128436e-06,0.00137696090754147,0.0001748319452659332,0.006558374300878957,112.35
13003,0.18417356792413195,-438.2742606890657,0.5389717140096857,-3.380042068480375,0.0026044129080121914,0.11790486409324008,-0.633083069377597,5.419962665595546e-06,0.0013438204421390863,0.00016637077101719418,0.006102338154956061,112.358333
13004,0.18888024438138967,-438.2946912632349,0.5312767319773022,-3.2235386092108533,0.005139157633604661,0.12080276016179876,-0.6325209837405459,5.274185491929023e-06,0.001311130322336481,0.00015878814630775564,0.005701759753848114,112.366667
13005,0.19350337449309493,-438.3138277243493,0.5219459537260278,-3.080296062010318,0.007629904491489411,0.12359967324668517,-0.6319552341794183,5.141895097517707e-06,0.0012790780589054882,0.00015199777099233073,0.00534769373677079,112.375
13006,0.19802684694105926,-438.3319432211587,0.511115601856336,-2.9491808432943403,0.010095283609387315,0.12628945055017365,-0.6313886066477454,5.022196826607633e-06,0.0012478138557273203,0.00014591788820182043,0.005033285435837208,112.383333
13007,0.20244015869606255,-438.349117366865,0.498894233026,-2.8291599779107197,0.012532189286425119,0.12886965149272542,-0.6308233269559971,4.914247980036794e-06,0.0012174590921453557,0.0001404728736704292,0.004753140033724932,112.391667
13008,0.20673518498007332,-438.3653060498125,0.48537374250384213,-2.719304813478999,0.014922413883094815,0.13134078251317485,-0.6302614006019476,4.817262632214921e-06,0.0011881079239934001,0.00013559364208496288,0.004502942725996749,112.4
13009,0.21089742578007997,-438.3808720420903,0.47066448460349575,-2.6187424337390017,0.01730150444660318,0.13369306002283904,-0.6297057537625124,4.730513144135906e-06,0.0011598305848729198,0.00013121776303180946,0.004279180607022337,112.408333
13010,0.2149202426835246,-438.3958359683569,0.45484649000633687,-2.526697701416847,0.019662578422370725,0.13592521233149513,-0.6291583523552892,4.653329729691846e-06,0.0011326807001214032,0.0001272895430060995,0.00407891529503665,112.416667
13011,0.21879483085875398,-438.4101668323535,0.4379932604642188,-2.4424974961664176,0.021991795917752615,0.1380358268823002,-0.628621495086854,4.585097551282136e-06,0.001106694185284872,0.00012375945693387087,0.0038996776819565687,112.425
13012,0.22251261610960907,-438.424036229992,0.4201830538761894,-2.365509068007861,0.02430360573592149,0.14001924088623047,-0.6280974921187608,4.525253492075614e-06,0.001081893500986446,0.00012058373692545505,0.003739365829477241,112.433333
13013,0.22606765357095848,-438.4374734720236,0.40148224391221554,-2.2951690249538994,0.026594051896026333,0.1418738349675073,-0.6275883077554616,4.473282255308562e-06,0.0010582899822646,0.0001177239369581789,0.003596168033463258,112.441667
13014,0.22945177882004164,-438.4504946077829,0.3819535716474065,-2.2309894073101493,0.0288573826978617,0.14359692674843383,-0.6270962340568106,4.428712175786873e-06,0.0010358847982575251,0.00011514639529179588,0.003468518469058633,112.45
13015,0.23265937447238752,-438.4632823825296,0.3616631134372152,-2.1725114577356157,0.03111258874953829,0.14518224963453835,-0.6266231992899376,4.391111260808863e-06,0.0010146720237404106,0.00011282177074547745,0.003355055820262718,112.458333
13016,0.2356834608545211,-438.4758093343267,0.3406654170572624,-2.119348206676591,0.03334889474255161,0.14662823209720155,-0.6261713227603923,4.360083217377484e-06,0.000994639064711052,0.0001107245956629148,0.0032545916735894948,112.466667
13017,0.23852086608675685,-438.4880318124398,0.31901240320262025,-2.0711313116618744,0.035553550078280136,0.14793660600104291,-0.6257421340757896,4.3352638767939855e-06,0.0009757688290356133,0.00010883285530461055,0.0031660906046543833,112.475
13018,0.24116475674429677,-438.50017409986395,0.29676390927716195,-2.027557228578967,0.03775313794088321,0.14909727094388395,-0.6253376824154313,4.316317774704278e-06,0.0009580393688966251,0.00010712761515266453,0.003088652775701493,112.483333
13019,0.24361034436182766,-438.5121197890505,0.27396516755827904,-1.9883446341595081,0.03992442906716542,0.15011314998371378,-0.6249596745723903,4.30293526378435e-06,0.0009414266537290001,0.00010559270355503769,0.003021491673131786,112.491667
13020,0.24585595248681819,-438.5239313128815,0.2506674686669017,-1.9532327574337336,0.04207127199795553,0.15098265361651098,-0.6246092851178173,4.294829836061846e-06,0.0009259046534898304,0.00010421441706529325,0.0029639281952181067,112.5
13021,0.24789522804058942,-438.53566036145963,0.22691889665617654,-1.9220194579301448,0.044195401375134724,0.15170142047674331,-0.6242883614153232,4.291735754442633e-06,0.0009114449975693695,0.00010298126372875473,0.002915377448447845,112.508333
13022,0.24972614606839183,-438.54737195841597,0.2027683807468155,-1.894510721673001,0.04630145540415332,0.15226675525367567,-0.6239980153397722,4.293406174044968e-06,0.000898019669204258,0.00010188375510088778,0.0028753386074022967,112.516667
13023,0.25134411969230164,-438.55901825268774,0.17825859137275696,-1.870542863395837,0.04837650974852073,0.15267945696592355,-0.6237396968296487,4.299611409999486e-06,0.0008855998944791919,0.00010091421181209453,0.0028433881557927464,112.525
13024,0.2527476685089565,-438.57070445220137,0.15343841225666238,-1.8499773173022276,0.05043152349031982,0.15293496823327654,-0.6235142898169472,4.310137615445688e-06,0.0008741577460300921,0.00010006661336268565,0.0028191746657199473,112.533333
13025,0.25393372164079286,-438.5823727740103,0.12834910504108932,-1.8326882474492034,0.05245228244966903,0.15303558300648137,-0.6233228546072145,4.324785645360947e-06,0.0008636654399347153,9.933645942112952e-05,0.002802411601019214,112.541667
13026,0.2549005041383293,-438.59410588619096,0.10303719646030036,-1.8185841911744443,0.0544462508293132,0.15297729504110577,-0.6231661621498218,4.343370244999039e-06,0.0008540964180897453,9.872066760634497e-05,0.0027928750976207325,112.55
13027,0.25564571787208384,-438.6059511451068,0.07754706756600328,-1.8075940841916942,0.05641531392268145,0.15275723860643262,-0.6230449831949076,4.365719439389404e-06,0.000845425230668029,9.82174850918018e-05,0.0027903984506698234,112.558333
13028,0.2561689277149642,-438.61784230080036,0.05191952191258207,-1.799638628816657,0.058344297360549996,0.15238002154968738,-0.6229596974716908,4.391674173864718e-06,0.0008376280593678141,9.782642622301516e-05,0.0027948698251473165,112.566667
13029,0.2564701037161468,-438.6298669293057,0.02620112724315059,-1.7946838879851297,0.06024153554784215,0.15184184346914242,-0.6229105269962377,4.421088131185199e-06,0.0008306823829890535,9.754821866579456e-05,0.002806231671888026,112.575
13030,0.2565463030965557,-438.64200698308815,0.000431705010057087,-1.7927086082636465,0.062098457472652156,0.15114324056569703,-0.6228980776072576,4.453827757893992e-06,0.0008245671385272205,9.738478282740141e-05,0.0028244767943272956,112.583333
13031,0.25639864550238345,-438.6542831007151,-0.025344352634304363,-1.7936995483352907,0.06391318772535665,0.15028490189514004,-0.6229221984912333,4.489772521595805e-06,0.0008192639215856626,9.733921473796936e-05,0.002849649733316502,112.591667
13032,0.2560269414219787,-438.666678067267,-0.051085669841489253,-1.797659229266284,0.06567775187260244,0.1492692307505846,-0.6229828587819168,4.528815279710411e-06,0.0008147558066602414,9.74157896618033e-05,0.002881845034430004,112.6
13033,0.25543134471257123,-438.679338159743,-0.07674360813803346,-1.804648372518177,0.06740846739397287,0.14808807205638197,-0.6230798777959529,4.570862858391811e-06,0.000811028013009649,9.761997862982464e-05,0.0029212085011671037,112.608333
13034,0.25461213802141575,-438.6921641915887,-0.10228010000075996,-1.8146848498734949,0.06908482218429463,0.14674946679475512,-0.6232129604037608,4.61583679940982e-06,0.000808067940786396,9.795851981300213e-05,0.0029679346925639474,112.616667
13035,0.2535722809116288,-438.7052539941504,-0.127645821250065,-1.8278469196189948,0.07071605629085105,0.14524986882692112,-0.6233812859433875,4.6636742712622036e-06,0.0008058653131162456,9.843942698610286e-05,0.003022272845879767,112.625
13036,0.2523133050679019,-438.71838966616394,-0.15280792423803694,-1.8441469618807922,0.07226501404325762,0.14360728460862796,-0.6235841789435203,4.71432911419847e-06,0.0008044114908106858,9.907211096567829e-05,0.0030845233536232683,112.633333
13037,0.2508360018254026,-438.7318234743833,-0.17771187208787326,-1.8637609987988402,0.07376243314755312,0.1418061365002025,-0.623820996587193,4.76777305436847e-06,0.0008037001585653946,9.98673728299742e-05,0.003155047925532338,112.641667
13038,0.24914322673556738,-438.7455641423185,-0.20231194772609015,-1.8868081193260542,0.07520368100976811,0.13984899142899632,-0.6240906814196745,4.823997096145859e-06,0.0008037276262111361,0.00010083767316165014,0.003234261493922453,112.65
13039,0.2472354053390323,-438.75994144767697,-0.2265472565100143,-1.9135534179952525,0.07662742343409129,0.13771266476806088,-0.6243924828313776,4.8830130966825414e-06,0.00080449235660998,0.00010199720357335879,0.003322639246203181,112.658333
13040,0.24511797442288796,-438.7743829585134,-0.2503996063936761,-1.9439506295768074,0.07794850637917144,0.13544552439945917,-0.6247247817634672,4.94485556699139e-06,0.0008059957948084406,0.00010336222643242133,0.003420710872999471,112.666667
13041,0.2427918560018804,-438.7895418312925,-0.2737880442595201,-1.9784418377349995,0.07924860840176613,0.13299966275989172,-0.6250866023585362,5.009583523845847e-06,0.0008082411153046015,0.00010495078331997352,0.003529089350405288,112.675
13042,0.24026295107813742,-438.8048209097843,-0.296696294950488,-2.017007036901354,0.08044131394194351,0.1304274532725559,-0.6254761283375482,5.0772825925090465e-06,0.0008112345852338006,0.00010678362181416262,0.0036484369920963475,112.683333
13043,0.2375341586317767,-438.82056797277045,-0.31905625419609174,-2.0600358074738607,0.08156606873909687,0.1277057110064701,-0.6258919559179371,5.148067249182293e-06,0.0008149843785025679,0.00010888364256425686,0.0037795107408380994,112.691667
13044,0.23461103930398955,-438.83715703830933,-0.3407905063749506,-2.107972877066449,0.08266265831720387,0.12480921691854842,-0.6263322257142067,5.222083163439137e-06,0.0008195015173464021,0.00011127682540254235,0.003923133652918512,112.7
13045,0.23149848460703357,-438.8542146753021,-0.36186952739752615,-2.160978189652377,0.08367502494945128,0.12177376572066587,-0.6267951442520252,5.2995099505321016e-06,0.0008247991802564777,0.00011399270752816022,0.004080188576390709,112.708333
13046,0.22820326017189413,-438.8717670922026,-0.38223527868426205,-2.2194151305444976,0.08459958441800305,0.11860423506808455,-0.6272786130709509,5.380563924373807e-06,0.0008308931716776778,0.00011706402529747633,0.004251660330266663,112.716667
13047,0.22473149963881311,-438.88992097251275,-0.4018227701685721,-2.2837353173287633,0.08544152489442688,0.1152985633115824,-0.6277806143853122,5.465500808583904e-06,0.0008378014244835585,0.00012052744102657779,0.004438621399128191,112.725
13048,0.22108810458290848,-438.9087612336917,-0.4205673505548887,-2.354439449113508,0.0862017332242607,0.11185601620174004,-0.6282992961197787,5.554618633998897e-06,0.0008455442780132607,0.0001244240582273484,0.004642233573121727,112.733333
13049,0.21728208144637248,-438.9283825282033,-0.43839466158728624,-2.4320762002203926,0.08688253919868352,0.10827729466063597,-0.6288322228697915,5.648260684929432e-06,0.0008541448895649527,0.0001287998289940473,0.004863759353035452,112.741667
13050,0.21331948531281492,-438.94880811694344,-0.45523699237919985,-2.517229459487214,0.08747635377009093,0.10456813974835906,-0.6293773942211919,5.7468183100135935e-06,0.0008636279756363331,0.00013370604755019822,0.005104565713464684,112.75
13051,0.20921168025522008,-438.9701129635013,-0.4710109210129391,-2.6105559065914377,0.08798265507550586,0.10073281932851033,-0.629932110780197,5.8507334316449355e-06,0.000874020663060125,0.00013919959097042476,0.005366156985395274,112.758333
13052,0.2049652200840797,-438.99238202262865,-0.48563473836803817,-2.712812920970787,0.08839895569363193,0.09677281300178803,-0.6304943774309144,5.960500489071064e-06,0.0008853506802736183,0.00014534337459570415,0.0056501928609989345,112.766667
13053,0.20059199404183464,-439.01568623411305,-0.4990145324626348,-2.824804059051269,0.08872253735727635,0.0926938510773867,-0.6310615453450875,6.076667581620129e-06,0.0008976475518042966,0.0001522064809287546,0.005958554879467757,112.775
13054,0.19610082817509694,-439.040112920282,-0.5110537108755283,-2.947441817334934,0.08894997123026188,0.0884993233851423,-0.6316314471703476,6.199836292638386e-06,0.0009109404704585782,0.0001598641187863484,0.0062934272388068535,112.783333
13055,0.19150334996289256,-439.0657735184564,-0.52164151791535,-3.081731191342733,0.0890799704006875,0.08419236381902029,-0.6322016430095531,6.330659556662591e-06,0.0009252585955312805,0.0001683971513989546,0.006657455279001404,112.791667
13056,0.18681297268954336,-439.0927604239262,-0.5306581250114434,-3.228742905966336,0.08910913184876525,0.0797792032729215,-0.6327695899948869,6.469836773221663e-06,0.0009406292370777415,0.00017789118153918148,0.0070539753491121685,112.8
13057,0.18204168171118162,-439.12110155257153,-0.5379853684138933,-3.3895951679962035,0.08902753096950222,0.07527188826151196,-0.6333330515953046,6.618104879262084e-06,0.0009570760868437925,0.00018843468265738013,0.007487391849377576,112.808333
13058,0.17720707065576122,-439.15101953742885,-0.543461543860614,-3.5655980000998384,0.08884199824692607,0.07066814577814566,-0.6338892846513278,6.776223839249888e-06,0.0009746181804884303,0.00020011569543066418,0.007963795561404387,112.816667
13059,0.17232547462601203,-439.1827850775807,-0.5469068349170146,-3.758182363854357,0.08855888476674514,0.06596163572431142,-0.6344358905495839,6.944954627986615e-06,0.0009932661281324374,0.00021301811020190436,0.0084917824700289,112.825
13060,0.16741354893932495,-439.2164331147542,-0.5481583107814902,-3.9686288568180417,0.08816629815637736,0.06116790069111671,-0.634970632762211,7.125027437168673e-06,0.0010130202814707106,0.00022721533063813282,0.00908374589002996,112.833333
13061,0.162491319674809,-439.25211625737177,-0.5470177985890496,-4.198285258314082,0.08766139650537495,0.056294029931731965,-0.6354911285240517,7.317096624709245e-06,0.0010338683016791511,0.00024275991149556219,0.009757858002657369,112.841667
13062,0.1575792055655468,-439.29004720100596,-0.5432624926913352,-4.4484939771115535,0.08704332775260232,0.05134267892463012,-0.6359952052418284,7.521678393776207e-06,0.001055781628577828,0.00025967155804422243,0.010540679401847856,112.85
13063,0.15270191054347945,-439.33038523735524,-0.5366533688215109,-4.720348215231223,0.08630881819883145,0.046323220817366374,-0.6364805258530906,7.739067480946043e-06,0.0010787134043349913,0.0002779212609002511,0.011470681571322526,112.858333
13064,0.14787805090792963,-439.3732825984633,-0.5269527509904861,-5.0147857648996395,0.0854498857188292,0.04124421900866585,-0.6369456366951612,7.969228163501967e-06,0.0011025962289968408,0.0002974111561917024,0.012602659491933826,112.866667
13065,0.14314138439966362,-439.41899759088477,-0.5138586563724421,-5.332163956395666,0.08447031686861817,0.03610982649150835,-0.6373879185196942,8.211656871063251e-06,0.0011273456692547303,0.00031795176951095617,0.014012931452209155,112.875
13066,0.13852325732207071,-439.46773566346405,-0.4970751503443171,-5.67214597520067,0.08336857230834475,0.030927523050402066,-0.6378053638416936,8.465213418368774e-06,0.0011528595582439587,0.0003392388537706852,0.015803690275291413,112.883333
13067,0.1340533495227865,-439.5197226042138,-0.47630527348558654,-6.033542462711087,0.08214135744537733,0.02570199996333335,-0.6381964566424007,8.727923261647169e-06,0.0011790285568900306,0.00036083293318422434,0.018105337834330743,112.891667
13068,0.12977185684123768,-439.57512354049766,-0.4512485213724328,-6.413558196967822,0.08078882545152634,0.0204436790877522,-0.6385591079481365,8.996763709713843e-06,0.0012057525547257083,0.0003821494105487595,0.021073153931782333,112.9
13069,0.12571498255157185,-439.6341287398006,-0.42163516468152534,-6.8078948313888645,0.07930864592441789,0.015157473498371016,-0.6388919332365854,9.267452969816422e-06,0.0012329591096390659,0.00040246599499067965,0.024872625328702037,112.908333
13070,0.12192263890806118,-439.6968508976103,-0.38724889033378285,-7.210082897449196,0.07769855667971892,0.009851679389067404,-0.639193547666983,9.534280201871285e-06,0.001260631900828212,0.0004209610230114109,0.02964854244968443,112.916667
13071,0.11843876987883988,-439.7633094978133,-0.34795814701772715,-7.611108639717453,0.07595790500248704,0.004537185621231776,-0.6394625268850956,9.79003294096692e-06,0.0012888354340759025,0.00043678564948825357,0.0354729497763031,112.925
13072,0.11530713574704066,-439.83347172767543,-0.30374936553107346,-7.999477099661015,0.07408627706136418,-0.0007779511774313493,-0.6396976872079125,1.002608737388283e-05,0.0013177287473763119,0.0004491695793092802,0.042274030891706095,112.933333
13073,0.11257177195739326,-439.9071742451114,-0.2547766563596976,-8.361293314569181,0.07208398204952397,-0.006084054638578924,-0.6398979578706583,1.0232733592344582e-05,0.0013475555459405437,0.0004575446800187783,0.04976107627203511,112.941667
13074,0.1102721509897525,-439.98413798664944,-0.20139819626654418,-8.681148341260165,0.06995016570416697,-0.01137225660054706,-0.640062620978425,1.039978705276109e-05,0.0013785943678934255,0.0004616500440403104,0.05737672166126471,112.95
13075,0.1084482705178115,-440.0639356211099,-0.14419296537134393,-8.942822158644914,0.06768727443171295,-0.016633389606129353,-0.6401908121069974,1.0517485392129057e-05,0.001411063611516448,0.0004615755751118568,0.06431874022426141,112.958333
13076,0.10713406555546844,-440.1459590031023,-0.0839848725928378,-9.13116593525,0.0652990158999612,-0.021856121659489164,-0.6402818607023802,1.0577580195582114e-05,0.0014449873874318477,0.0004577083670558401,0.06966101286272774,112.966667
13077,0.10635037071542804,-440.2295429447128,-0.021797038980143766,-9.234426781192274,0.06278545533711949,-0.02703297011397239,-0.6403356290266282,1.0574441924636765e-05,0.0014800600258905948,0.00045059175247839483,0.07256784953184686,112.975
13078,0.10611352691112265,-440.3138888249552,0.04119400377939328,-9.245168978901408,0.06015108528749134,-0.03215478683640827,-0.6403518011985616,1.0505946101227987e-05,0.001515559305069959,0.0004407468459836649,0.07253409182368487,112.983333
13079,0.10642524004425857,-440.3981694063969,0.10374272196468269,-9.16214006313584,0.05739824527597934,-0.037212806149176436,-0.6403305093260374,1.0373902364845e-05,0.0015503491872340485,0.00042853631972212473,0.06954871768056511,112.991667
13080,0.10728073791824805,-440.4815499354382,0.16463010801308717,-8.989872707021226,0.05453282217088617,-0.04219911139025234,-0.6402717540075867,1.0183895192463423e-05,0.0015829997476215331,0.00041413783329500203,0.06410154693047397,113.0
13081,0.1086780082460218,-440.5631675521138,0.22273159586970906,-8.737460781215704,0.051571411194060245,-0.04710785914416873,-0.6401747822511492,9.94456124496569e-06,0.0016119909331767275,0.0003976275367455071,0.057027994762780074,113.008333
13082,0.11057327525280354,-440.6423653799869,0.27713051944542233,-8.420430864434193,0.0485110108080072,-0.05192678124300147,-0.640041251714393,9.666464868826949e-06,0.0016359400197986588,0.0003791221757506507,0.04926897546948775,113.016667
13083,0.11291966130034917,-440.71874584393487,0.32718337906435885,-8.055676305597377,0.045345600626813434,-0.05664935556386971,-0.6398727527360357,9.36088640427665e-06,0.0016538129441277586,0.0003588827799265147,0.041642082854307615,113.025
13084,0.11569377635316463,-440.79175370085034,0.37241740520309097,-7.658569632243415,0.04209770527318343,-0.06126887639531769,-0.6396689930518655,9.038752265902161e-06,0.0016650266810144636,0.00033734385988877936,0.03471195072293292,113.033333
13085,0.11886540392089075,-440.86106870397305,0.4125920591622633,-7.243740390359404,0.03878331387056365,-0.0657847727854921,-0.6394300047001068,8.70981491057514e-06,0.0016694423888649287,0.0003150788632282246,0.028771823433656668,113.041667
13086,0.12237551531692407,-440.9265833352009,0.4476898981768288,-6.825051286658499,0.035403966575881414,-0.070186229527315,-0.6391580125535727,8.38217113369656e-06,0.0016673041693929854,0.0002927182771928771,0.02389099452723971,113.05
13087,0.12616944468062388,-440.9885008596948,0.4778710007599053,-6.4130315772359925,0.031948975146043425,-0.07447042845494677,-0.6388551721234276,8.062120115026314e-06,0.0016591513326122138,0.0002708561182049884,0.019991455512186482,113.058333
13088,0.13021762725118172,-441.0466553984236,0.5033071632365803,-6.014895786803034,0.028446168777773985,-0.07863279460340451,-0.6385218960777502,7.754247515506518e-06,0.001645701015316779,0.0002499850588264663,0.01692401559487797,113.066667
13089,0.1344796793783641,-441.1012178316768,0.5242842308008694,-5.635896310266018,0.024900188348304264,-0.08267214853675503,-0.6381597050523762,7.461628359265246e-06,0.0016277339163825123,0.00023046465599412566,0.014523385489922085,113.075
13090,0.13891818244848833,-441.15227877859525,0.5411059824557585,-5.279353052541286,0.021325428065878744,-0.08658472343167684,-0.637770197220023,7.186099948580952e-06,0.0016060303931723441,0.00021251862220478447,0.01263706129281778,113.083333
13091,0.14349719837749247,-441.2000493086334,0.5541001701763305,-4.946959599465943,0.01772848913493058,-0.09036909529651638,-0.6373551913684252,6.928540421507912e-06,0.0015813227575982138,0.00019625022732970194,0.011138535144366914,113.091667
13092,0.14819238333434637,-441.24464942662155,0.5635696816578232,-4.639115873657948,0.014126155853119809,-0.09402793739126744,-0.6369157804504119,6.689121931483728e-06,0.0015542705144938663,0.00018166774662564138,0.00992950168513192,113.1
13093,0.15295774830389042,-441.28642232375546,0.5698483821010092,-4.355711085267011,0.010512221587650271,-0.09755241107570849,-0.6364554446044186,6.467520007774252e-06,0.0015254448602142544,0.00016871104876502258,0.008936896783748732,113.108333
13094,0.15778161178760317,-441.3253766462924,0.5731882286576353,-4.095665723658896,0.006914850046176074,-0.10094964446611063,-0.6359747375540988,6.2630884812408465e-06,0.0014953464021089276,0.00015727646417543212,0.008107564513931374,113.116667
13095,0.16263095472806177,-441.36180988410575,0.5738660953378694,-3.857795331783852,0.003331657473748449,-0.10421581083323551,-0.635476575104739,6.074979903826643e-06,0.0014643891788374342,0.0001472350460525023,0.007403698334423192,113.125
13096,0.16748242032578411,-441.39595265469234,0.5721216362306764,-3.640618122879961,-0.00023454257185645004,-0.10735054918593924,-0.6349632408693114,5.902243857719399e-06,0.0014329267502165529,0.00013844813145798604,0.006798276697142407,113.133333
13097,0.17231574288871815,-441.42794944389425,0.5681646529592899,-3.4425979184978748,-0.0037735484206647776,-0.11035402243508735,-0.6344369651436722,5.743891070786671e-06,0.0014012561001727107,0.00013077692795391974,0.006271917467198123,113.141667
13098,0.17710993938988343,-441.45798493372035,0.5621886039822634,-3.2621962510137026,-0.007280992554176258,-0.11322499408358826,-0.6339003080439364,5.598937677158461e-06,0.0013696258322811105,0.00012408874049099703,0.005810518954803398,113.15
13099,0.18185030723584508,-441.48621174012686,0.554361946656212,-3.097896738781702,-0.010750920189773238,-0.11596520845344195,-0.6333553511413818,5.466434306774188e-06,0.0013382455389954672,0.00011826075444893348,0.005403583694310427,113.158333
13100,0.18652063149244724,-441.5127892687626,0.5448384170147077,-2.9482857680158716,-0.01417990888856187,-0.1185743309967464,-0.6328045281827447,5.3454827182437135e-06,0.0013072892380190117,0.00011318169352307997,0.005043107863468334,113.166667
13101,0.19110442371115102,-441.53786901214903,0.5337568904621218,-2.8120535034489618,-0.01756531122974917,-0.12105077928762532,-0.6322504894037337,5.235245508435372e-06,0.0012769027138887453,0.00010875240806267099,0.004722810495445151,113.175
13102,0.19559036402478402,-441.5615947446321,0.5212398834406109,-2.687976462092524,-0.02090567513957284,-0.12339516596690238,-0.6316954158761636,5.134950046645455e-06,0.0012472086135073258,0.00010488559724477886,0.004437629755832038,113.183333
13103,0.19996306901717603,-441.58407598726234,0.507399516662272,-2.574965992125982,-0.024196512672969274,-0.12560520401829714,-0.6311421188401142,5.043888214643164e-06,0.0012183073646971259,0.00010150499493120464,0.004183399893129187,113.191667
13104,0.20421474709840476,-441.6054021584295,0.4923338346729056,-2.472014183467282,-0.027432913523824293,-0.1276830672805723,-0.6305925643879884,4.961414692692158e-06,0.0011902829724153043,9.854445251441828e-05,0.003956619427979318,113.2
13105,0.2083321867003507,-441.62571544829945,0.47613712294462784,-2.3782236567251154,-0.03061733203970942,-0.12962532222912115,-0.630049496065005,4.886942864625949e-06,0.001163201393927429,9.594679102570364e-05,0.00375431278659281,113.208333
13106,0.21230811112402515,-441.6450963569792,0.458891769852169,-2.2927833979927272,-0.03374639592454715,-0.1314329258359637,-0.6295149556954956,4.819940946938214e-06,0.0011371161088533364,9.366284041556436e-05,0.0035739136431036113,113.216667
13107,0.21613298503721398,-441.6636388846728,0.4406753693447627,-2.2149727901172676,-0.036819228284482176,-0.13310432668510933,-0.6289913316749596,4.759926991362818e-06,0.0011120668846495256,9.16503733621542e-05,0.0034132001394915805,113.225
13108,0.21979686648115962,-441.68144067775177,0.4215603654283018,-2.1441487456790522,-0.0398363506654486,-0.13463677733763854,-0.628481118276273,4.706464380528778e-06,0.0010880829732065208,8.987323622640055e-05,0.0032702353827659585,113.233333
13109,0.22329520099125413,-441.69855149227527,0.40161197925261644,-2.079733787805589,-0.042793674536640576,-0.13603195150766287,-0.6279860844514542,4.659157298827191e-06,0.0010651848749745941,8.830054013429206e-05,0.003143325324898041,113.241667
13110,0.22661873425858522,-441.71509874505875,0.3808948753959679,-2.021218735906353,-0.04569759671499139,-0.137284796678904,-0.6275086668176831,4.617646248395101e-06,0.0010433831963188131,8.690591434658859e-05,0.0030309909582371414,113.25
13111,0.22976116411235173,-441.73107311125364,0.35946560472449296,-1.9681505364439429,-0.048537065056479034,-0.1383974296402382,-0.6270508890518205,4.581604289686571e-06,0.0010226824547781186,8.56669296538863e-05,0.002931935781687442,113.258333
13112,0.23271827047986365,-441.74659632092823,0.3373820539189455,-1.9201256352842013,-0.051320025306284316,-0.13936676238186452,-0.6266144534095581,4.550733324521313e-06,0.0010030808641726923,8.456454482371454e-05,0.002845027923131774,113.266667
13113,0.23548297637499943,-441.761696983146,0.3146966959277341,-1.8767892681918117,-0.05404153779554358,-0.14019186629676497,-0.626201457594058,4.524760813047121e-06,0.0009845706504476182,8.358265015247737e-05,0.002769280299682248,113.275
13114,0.2380512319732596,-441.77642824365114,0.2914608617645074,-1.837826604003874,-0.056701119060030905,-0.14087205088415428,-0.6258135193913859,4.5034369673723725e-06,0.0009671405011579529,8.270769715899453e-05,0.0027038341027365935,113.283333
13115,0.24041826169803984,-441.7908603535366,0.2677245377996273,-1.8029628028367202,-0.05930094294687648,-0.14140475511195225,-0.62545232118311,4.486532138645026e-06,0.0009507752029878342,8.19283604575591e-05,0.0026479461864819336,113.291667
13116,0.24258008312657406,-441.80501556907745,0.24353484597548483,-1.7719540171106756,-0.061836919252941824,-0.14179025020599423,-0.6251193750315429,4.473834627289177e-06,0.0009354569326328979,8.123526786567248e-05,0.002600976616038428,113.3
13117,0.24453326765840352,-441.8189543520979,0.21893886262378612,-1.7445905274755076,-0.06431074993279792,-0.14202656347583692,-0.6248160492387542,4.4651487657821295e-06,0.0009211657773605993,8.06207697672665e-05,0.0025623792722166295,113.308333
13118,0.24627457392111118,-441.83270347443164,0.19398156950542714,-1.720688166307221,-0.06671962231626402,-0.14211359544997385,-0.6245436179021097,4.460293297074277e-06,0.0009078802954235893,8.007874665937943e-05,0.0025316928528610295,113.316667
13119,0.24780183582173965,-441.84632032588854,0.16870824021925251,-1.7000923225273685,-0.06906551577155716,-0.14204959446000734,-0.6243031154182688,4.459100026761129e-06,0.0008955781563797261,7.960445186801418e-05,0.0025085338319773484,113.325
13120,0.24911134998956944,-441.85982192430015,0.1431615444234725,-1.682667969552013,-0.07134436896927912,-0.14183440208204015,-0.6240957427177384,4.4614127162372464e-06,0.0008842363705870603,7.919438151300802e-05,0.0024925900663667977,113.333333
13121,0.2502010598835475,-441.8732453834795,0.11738467738151721,-1.668304854395818,-0.07355548201304042,-0.14146727496722275,-0.6239223620412859,4.467086231009257e-06,0.0008738324300681388,7.88461712112514e-05,0.002483615871384819,113.341667
13122,0.2510694209778399,-441.886617857387,0.09142014941333418,-1.6569124330073712,-0.07569692973201014,-0.14094829427461206,-0.6237836691083092,4.475985871166133e-06,0.0008643441493465514,7.855851110102434e-05,0.002481427866110322,113.35
13123,0.25171462906380787,-441.89997173797394,0.06530999373593867,-1.6484210334700509,-0.07776745707561615,-0.14027687723962098,-0.6236803131476033,4.487986921585515e-06,0.0008557499419704266,7.83310836863709e-05,0.0024859017722176284,113.358333
13124,0.25213626608484513,-441.91334164277566,0.039096615757971784,-1.6427806951859447,-0.0797664977444398,-0.1394528781912022,-0.6236126307875555,4.502974396603669e-06,0.000848029314497876,7.816451934918214e-05,0.002496969894632782,113.366667
13125,0.2523348130608056,-441.92675464064905,0.012822343180505848,-1.6399587162052787,-0.0816926580996809,-0.13847709772377736,-0.6235807210735496,4.520842958026173e-06,0.0008411627431386748,7.806037025668434e-05,0.002514619305953052,113.375
13126,0.2523088901432039,-441.94024987167245,-0.013471465371848103,-1.6399428828398748,-0.0835455421790818,-0.13734824950187977,-0.6235848887014284,4.541497012833904e-06,0.0008351317362726537,7.802110180004222e-05,0.002538890728703398,113.383333
13127,0.25205775262802765,-441.95385278284573,-0.03974368459755478,-1.6427361515683303,-0.08532289044167879,-0.13606643266526192,-0.62362524238875,4.564850988013879e-06,0.000829919764767994,7.805009572075088e-05,0.002569878290229644,113.391667
13128,0.25158232733575103,-441.9675847880707,-0.06595235833305485,-1.6483585236681284,-0.0870222967854336,-0.1346329708257978,-0.6237015277396777,4.5908297548538e-06,0.0008255122627410447,7.815166757298187e-05,0.0026077300228662414,113.4
13129,0.25088331321456236,-441.9814702628543,-0.09205565935714541,-1.6568485764772576,-0.0886415414739111,-0.13304882566103002,-0.6238134334809966,4.619369212050403e-06,0.0008218963112424745,7.833110484314059e-05,0.0026526485360923446,113.408333
13130,0.24996247981463063,-441.99552328108206,-0.11801136870144709,-1.6682606582705988,-0.09017724819719806,-0.13131646616025916,-0.6239603851998639,4.6504170369755346e-06,0.0008190609562149138,7.859471964695445e-05,0.002704892559495002,113.416667
13131,0.24882119753893703,-442.00981392716824,-0.1437753933587311,-1.6826833072235348,-0.0916330446528985,-0.1294331192262432,-0.6241417831318499,4.6839335953726955e-06,0.0008169970897704236,7.894992071655399e-05,0.002764778869279489,113.425
13132,0.24745993669266236,-442.0243264987052,-0.16930733572371134,-1.700201263695501,-0.09300071768532464,-0.12740334990481075,-0.6243570818202089,4.719893033574359e-06,0.0008156977885446318,7.940531599519651e-05,0.002832684107930065,113.433333
13133,0.24588308521168695,-442.03910565871047,-0.19456111907012838,-1.7209379939040657,-0.09428113267603733,-0.12522832900716196,-0.6246050322494988,4.758284535351204e-06,0.0008151587760436999,7.997079929401305e-05,0.0029090498954588363,113.441667
13134,0.244091450704561,-442.05419397582926,-0.21949330912982462,-1.74503845725138,-0.09547316643997712,-0.12290762749800803,-0.6248848712112779,4.799113750906032e-06,0.0008153773877372755,8.065771904159415e-05,0.0029943835946505478,113.45
13135,0.24208895436388797,-442.06960743887186,-0.24405835379771915,-1.7726639557504695,-0.09657321563220334,-0.12044500636387384,-0.6251952712076942,4.842404443699293e-06,0.000816353893976189,8.147902683961432e-05,0.00308926415342653,113.458333
13136,0.23987803597249532,-442.0853997574961,-0.26820979271029793,-1.8040140980911854,-0.09758136452986946,-0.11784002406384672,-0.6255350659244618,4.888200327737045e-06,0.0008180907074714465,8.244947877826332e-05,0.003194345349362121,113.466667
13137,0.23746389287728384,-442.1015700764794,-0.29190027211363867,-1.839297974904578,-0.09849191068785773,-0.1150990408809543,-0.6259026018426026,4.936567133625344e-06,0.000820593032551399,8.358587215003239e-05,0.0033103604950956377,113.475
13138,0.2348505407011718,-442.11818668060056,-0.3150795065302855,-1.8787801469455103,-0.09930645767860707,-0.11222128577585033,-0.6262963540993529,4.987594902325028e-06,0.0008238682221422295,8.490730990251715e-05,0.003438126515318981,113.483333
13139,0.23204313624993322,-442.13526135391214,-0.3376975725913812,-1.9227376579614177,-0.10002011711120491,-0.10921229781941787,-0.626714578459815,5.041400540748028e-06,0.0008279263443941915,8.643554524222364e-05,0.003578547351645331,113.491667
13140,0.229045200116189,-442.15286772950753,-0.3597017389568178,-1.971509445132068,-0.1006337385434189,-0.10607096681897372,-0.6271557329251348,5.0981306524298186e-06,0.0008327800339800274,8.819532760799422e-05,0.0037326187869862583,113.5
13141,0.22586388877729513,-442.1710202527695,-0.38103684557526263,-2.025451399678919,-0.10114272736440089,-0.10280406162514553,-0.6276177071200778,5.157964660471696e-06,0.0008384451598804,9.021484988447836e-05,0.0039014316896907354,113.508333
13142,0.22250523828711757,-442.1897627785139,-0.4016455413615862,-2.084975922552009,-0.10154482392671796,-0.09941521374981326,-0.6280985405848121,5.221118231051086e-06,0.000844939902538058,9.252623148411637e-05,0.004086172735855583,113.516667
13143,0.21897566874466734,-442.2091638385254,-0.4214662599555819,-2.150557223050456,-0.1018398025970539,-0.09590607236952495,-0.6285962078836019,5.2878469880617e-06,0.0008522852772171888,9.516608338224247e-05,0.004288125733103306,113.525
13144,0.21528110137838166,-442.2292863707953,-0.4404353987074484,-2.222723438890144,-0.10202583522316984,-0.0922790386371414,-0.6291087510528046,5.358450561583849e-06,0.0008605051495742441,9.8176165172979e-05,0.004508669389057992,113.533333
13145,0.21142900496150754,-442.2503273424713,-0.45847521052094337,-2.3021377458618306,-0.10211288659304757,-0.08852396534106467,-0.6296340037100359,5.433276936447212e-06,0.000869626479513011,0.00010160407012575225,0.004749276531628128,113.541667
13146,0.20742969872584052,-442.2722143143414,-0.47551781105827834,-2.3893869790484583,-0.10208666747963656,-0.08465989098123526,-0.6301694437672677,5.512727148314685e-06,0.0008796788528104866,0.00010550420950285049,0.005011497336582697,113.55
13147,0.20328999149170215,-442.2950292575098,-0.4914855581495606,-2.4852134899893272,-0.10194503515590933,-0.08068923266991747,-0.6307130648830738,5.597260033186323e-06,0.0008906936209308199,0.00010993832723953513,0.005296968461150309,113.558333
13148,0.19902384114610377,-442.3187824247978,-0.5062917787222885,-2.5903903381886226,-0.10168289750215032,-0.07662513883267995,-0.6312619813757516,5.687396882674754e-06,0.0009027048186762646,0.00011497645657544685,0.005607410321369856,113.566667
13149,0.19463815902948742,-442.3436028394944,-0.5198443203045112,-2.705852528884927,-0.1013005750799961,-0.07246650813603023,-0.6318143013283514,5.783725873512319e-06,0.0009157466411835707,0.00012069775070567414,0.005944624966155822,113.575
13150,0.19014697766831481,-442.36955751737247,-0.5320388067710059,-2.8325810668564975,-0.10079612050161924,-0.06822196268877692,-0.6323673130188769,5.886905974617359e-06,0.000929855120141838,0.00012719122067916997,0.006310530232542676,113.583333
13151,0.18556203478323047,-442.39674227294887,-0.542763709805468,-2.9716704720467098,-0.10016779422415158,-0.06389702144121753,-0.6329187122586981,5.997669754766353e-06,0.0009450650650719576,0.00013455624407388093,0.006707210276683899,113.591667
13152,0.1808960206448338,-442.42531464877806,-0.5518907999111643,-3.1243568426435657,-0.0994171195072099,-0.05949219104520504,-0.6334662013316339,6.1168242612808866e-06,0.0009614096414040367,0.00014290257475864382,0.007137050300333346,113.6
13153,0.1761640480867056,-442.45534989881656,-0.559284882422922,-3.291903242979801,-0.09854051172904674,-0.05501788555439677,-0.6340073441950819,6.245249057883166e-06,0.000978918436383294,0.00015234984888718814,0.007602967981917992,113.608333
13154,0.17138295237807458,-442.48701857584183,-0.564786263041427,-3.4757214767238884,-0.09753988885437491,-0.05047642080124142,-0.6345396864667902,6.383889707630606e-06,0.0009976145517171906,0.0001630255861957615,0.008108854484456758,113.616667
13155,0.16656882970240514,-442.52039950421806,-0.5682326882528769,-3.677214770214397,-0.0964106994735688,-0.04587975332531035,-0.635061050559571,6.533744632734474e-06,0.0010175112582156403,0.00017506208842260764,0.00866027885353144,113.625
13156,0.1617421238957237,-442.5555976296687,-0.5694377007536751,-3.8978117869251947,-0.09515193283486079,-0.041239138355226024,-0.6355690016209953,6.695842592506241e-06,0.0010386088730498766,0.00018859013745396957,0.00926571546064619,113.633333
13157,0.15692285680007032,-442.59276691100746,-0.5681945133786728,-4.138960636954445,-0.09376387509213409,-0.036561556440719734,-0.6360613971892484,6.8712067816891565e-06,0.001060889292783464,0.00020373000523694,0.009938393113519241,113.641667
13158,0.1521359625057477,-442.63232211550337,-0.5642340024351222,-4.402220126959755,-0.09225702493564553,-0.03183161487077233,-0.6365358609856498,7.0608012015517495e-06,0.0010843117189048086,0.00022057810647014715,0.010699103638239149,113.65
13159,0.14739326463611488,-442.67406199125793,-0.5573812178402076,-4.688515625899059,-0.09061148587398479,-0.027089187287513063,-0.6369915597838096,7.265454064587113e-06,0.001108806383266068,0.00023918983523506937,0.01158003894265175,113.658333
13160,0.1427286667809857,-442.71839141360033,-0.5473170968084651,-4.9988017309752575,-0.08884020655880051,-0.022322797755244195,-0.6374257784832429,7.485751776892241e-06,0.001134275891314694,0.00025955042231647925,0.012630768838849659,113.666667
13161,0.13818015883715407,-442.7655051052008,-0.5337277088068966,-5.333135249703867,-0.08694994354810741,-0.01754046498805636,-0.6378358347419685,7.721895422246572e-06,0.001160585612395715,0.00028154811574194506,0.01392448005349328,113.675
13162,0.133787216186118,-442.8158268783427,-0.5162481273588293,-5.690845093467663,-0.08495029365385845,-0.012729283197816542,-0.6382193397519328,7.973514200678738e-06,0.0011875646947568524,0.00030493735608774,0.015565064481629616,113.683333
13163,0.12957432368519986,-442.869280858003,-0.4946352934833742,-6.069884547005394,-0.08283175982388015,-0.007916455368479337,-0.638575556982005,8.23943453411614e-06,0.001215014209377008,0.00032930478025342816,0.01769193945737351,113.691667
13164,0.12556533672336082,-442.92577025315677,-0.46867677972204,-6.466910393804964,-0.08058781647668607,-0.0031278852144101007,-0.638904009101215,8.517415146301836e-06,0.0012427307648589152,0.0003540392076591928,0.020480548748694444,113.7
13165,0.12182611729239555,-442.9858819189858,-0.4379615142429341,-6.876101975816757,-0.0782411534068583,0.001668179058797026,-0.6392011043233516,8.803869092677953e-06,0.0012705349720163231,0.0003783266984151648,0.024131153767027375,113.708333
13166,0.11838666451393909,-443.0493630859608,-0.40239019961011696,-7.2895486736337585,-0.07578667000543428,0.006442077272437221,-0.6394664908858817,9.093596384663445e-06,0.0012982927506981668,0.0004011820787047165,0.02883207737788334,113.716667
13167,0.1152884383453416,-443.1162423752653,-0.3618713636619815,-7.6969083763232025,-0.07322789888946281,0.011193046025465845,-0.6396990723933453,9.37959994124844e-06,0.001325972351221237,0.0004215314800326067,0.03470402604454446,113.725
13168,0.11257292136435049,-443.1863329250175,-0.31648145740451583,-8.085277445601461,-0.07056937915170247,0.015911798410273,-0.6398978747218138,9.653074875456347e-06,0.0013536741277893939,0.0004383505169407134,0.041715343805728285,113.733333
13169,0.11028186825986676,-443.2593776017368,-0.26646641981991376,-8.439713833386588,-0.06781699146152101,0.020593473882158226,-0.6400619322991901,9.903652418223399e-06,0.0013816393379894314,0.0004508382909955628,0.04959187102070198,113.741667
13170,0.10845488109576243,-443.33489212047465,-0.21230816611949918,-8.744091404915048,-0.06497987290629745,0.025227819141427806,-0.640190351328766,1.011997393199658e-05,0.0014102127031000618,0.0004585843361843728,0.057756800139296904,113.75
13171,0.10712179923191811,-443.4123958146935,-0.15469571687656394,-8.983109476676592,-0.062062193190154866,0.029813656848087424,-0.6402827053089694,1.0290610260716506e-05,0.001439747555656685,0.0004616641473066991,0.06535199596908253,113.758333
13172,0.10630905888192586,-443.4911796232289,-0.09455098718593317,-9.143364593915003,-0.05907338382470482,0.034344057568552244,-0.6403384524680891,1.040525240101175e-05,0.0014704627083738117,0.0004606088861325899,0.0713743090090781,113.766667
13173,0.10603175062477571,-443.57047841173227,-0.03296527758493507,-9.21564162445843,-0.05602119446949988,0.03881454037760989,-0.6403573767057622,1.0455982111497322e-05,0.0015022803362971966,0.0004562323053440764,0.07491243163113968,113.775
13174,0.10629473536335732,-443.64946513603184,0.028866291813009398,-9.196089577112565,-0.05291430758729589,0.043220384602276625,-0.6403394311483468,1.0438354590461129e-05,0.0015347069048600222,0.0004493790067370829,0.07540548122211772,113.783333
13175,0.10709611118462614,-443.72731661327845,0.0897393094699577,-9.08647923416686,-0.049763623808991436,0.04755930062224916,-0.6402844737659346,1.0352034128922455e-05,0.0015668072767326528,0.00044069394505905676,0.07281141319713115,113.791667
13176,0.10841379852692572,-443.803269029338,0.14852183318184867,-8.894962909370813,-0.046575291569039334,0.05182569873875388,-0.6401932144606806,1.0200813738283591e-05,0.001597295125767368,0.00043051150796090355,0.06760671933215977,113.8
13177,0.11022657255242693,-443.87664831851305,0.2042441886497305,-8.633259881986104,-0.043360720071488494,0.05601845939181133,-0.6400658503921687,9.992036224970327e-06,0.0016247266740692175,0.00041889201677870394,0.060622452051661974,113.808333
13178,0.11249155977803396,-443.94716129525233,0.25619443570120126,-8.316682341570395,-0.04011051962525877,0.06014016044090786,-0.6399037583836601,9.735569041454721e-06,0.0016477220732390864,0.0004057610250618198,0.0528011463196226,113.816667
13179,0.11518311183538724,-444.0141272372443,0.30377407985105026,-7.960005885663519,-0.036853788484427476,0.06418278435383254,-0.6397068712644367,9.44259770413144e-06,0.0016651717248472365,0.00039106663939850417,0.044974566010260474,113.825
13180,0.11825763867276462,-444.0773577643918,0.3466755414983422,-7.578350028586198,-0.03359401054081933,0.06814703082188966,-0.639476299265222,9.12446743190324e-06,0.0016763473761154993,0.00037489146670625673,0.037741586993901934,113.833333
13181,0.12167668784213863,-444.13665307505727,0.38475325228382834,-7.1848052578868575,-0.030345185581607943,0.07203256019773902,-0.6392127913765313,8.791764989372913e-06,0.0016809475741034635,0.000357484036442688,0.031435236925165165,113.841667
13182,0.12539297689799692,-444.19204782182015,0.418046593750939,-6.79061112743022,-0.0271098834623537,0.07583853726898616,-0.6389179001714995,8.453718932017814e-06,0.0016790558532200298,0.0003392257964411413,0.02616608682673242,113.85
13183,0.1293680399120468,-444.2434994024863,0.4466774835908511,-6.404227514239547,-0.02390430363262669,0.0795641257224164,-0.6385927081026426,8.117911307668927e-06,0.0016710641974890365,0.00032056424495207974,0.021892404654030764,113.858333
13184,0.1335602287642188,-444.2912528761066,0.47088707913316474,-6.031881286860857,-0.020725885255483908,0.08321152218742048,-0.6382388212351463,7.790230024950529e-06,0.0016575696988918244,0.0003019459424577009,0.018490987487559903,113.866667
13185,0.13793496053800275,-444.3352411827894,0.49090565007357,-5.677822799409568,-0.01760155376417663,0.08677801976312714,-0.6378575650308439,7.474988510991069e-06,0.0016392859184144156,0.00028376605795811473,0.015808953233698207,113.875
13186,0.14244636709587385,-444.3760951165051,0.5070970543955564,-5.344634866804953,-0.014498857599152955,0.09026482068598135,-0.6374516122427232,7.175134817089497e-06,0.0016169651083060088,0.0002663389653679408,0.013696913579800758,113.883333
13187,0.14706891185842005,-444.4138612512146,0.5197244015829927,-5.033395323000842,-0.011437391721970534,0.09367183858046677,-0.6370222016567031,6.892501186207971e-06,0.0015913538945782934,0.0002498907855673319,0.012024258762513233,113.891667
13188,0.15177055572917525,-444.44878922046934,0.5290809869406674,-4.744420403781021,-0.008418184438493745,0.09699689504629519,-0.6365714800382888,6.628041526747006e-06,0.001563146302157018,0.00023456315757359273,0.01068551665604379,113.9
13189,0.15652780033239605,-444.48104457216243,0.5354287485846225,-4.4772552285726865,-0.005450024170501303,0.10024067441350477,-0.6361011060402794,6.382050257740687e-06,0.0015329719649612517,0.00022042613062585876,0.009599027648450765,113.908333
13190,0.16131167115811215,-444.5109375596651,0.5390361478831672,-4.23110017006543,-0.002525826187128388,0.1033997419633167,-0.6356135824854532,6.154344348470383e-06,0.0015013842950916739,0.00020749338821953925,0.008703563868628611,113.916667
13191,0.16610082591973688,-444.5386702617676,0.5401334157016112,-4.004811142037366,0.00035240289750965154,0.10647285837665964,-0.6351109500845514,5.944412990436179e-06,0.00146886591578172,0.00019573764277282444,0.00795396447044254,113.925
13192,0.17087991926586915,-444.5643863071196,0.5389213167360103,-3.7970696101158086,0.003178098227673266,0.1094613419176949,-0.6345948526368873,5.751531885182629e-06,0.0014358286771121568,0.00018510360382761667,0.007317319365199881,113.933333
13193,0.17562492612836827,-444.5883462965869,0.5356031449032806,-3.6066156824410345,0.005959035762370989,0.11235947233969829,-0.6340680969299176,5.574849415861766e-06,0.001402617465135708,0.00017551863899086195,0.006769720378743302,113.941667
13194,0.18032121168221169,-444.6106589053413,0.5303436437862264,-3.4321227300973516,0.008688292399813728,0.11516663257665521,-0.6335326929149979,5.4134519581555546e-06,0.001369524552015574,0.0001669012290680775,0.006293652038196225,113.95
13195,0.18495249968949262,-444.63161679284593,0.5233082650809466,-3.2722760286161283,0.011381724030458366,0.11787851313059099,-0.632991015083323,5.26640810997148e-06,0.0013367911318199754,0.0001591666176946153,0.00587620033426813,113.958333
13196,0.1895022661702185,-444.6513467555693,0.5146362006174494,-3.125905698899504,0.014038241121049271,0.12049040793040022,-0.6324456514665849,5.132800103555622e-06,0.0013046160182234412,0.00015223118654587143,0.005507669098243153,113.966667
13197,0.19396116350003023,-444.6698497265623,0.5044414673601006,-2.9918860591420575,0.01664309726607333,0.12300338975398678,-0.6318984776832596,5.011744336897894e-06,0.00127316245269153,0.0001460149120000604,0.0051806518882688765,113.975
13198,0.1983152783134779,-444.6874318375383,0.49285065826961943,-2.869145475103484,0.019219685197896456,0.1254102071158725,-0.6313520383494836,4.9024033132538764e-06,0.0012425595821919568,0.00014044285512417517,0.004889395327410115,113.983333
13199,0.20255439725222857,-444.7041041009233,0.4799601238987865,-2.756754468599491,0.02175707761676471,0.1277095878383713,-0.6308085315083584,4.803992890087729e-06,0.0012129105451969785,0.00013544630143496187,0.004629303242335842,113.991667
13200,0.20666906190253093,-444.72003507858176,0.4658672119523804,-2.653828431605218,0.024265181621885505,0.1298971307255463,-0.6302701397544765,4.7157848256210125e-06,0.0011842947531861925,0.00013096283469204328,0.004396651213834246,114.0
13201,0.21064916907906636,-444.7352639720465,0.4506556288130379,-2.559603547471534,0.02673840506493785,0.131970105257178,-0.6297392013278137,4.637106817757416e-06,0.0011567714149143084,0.00012693640624282315,0.004188357962011416,114.008333
13202,0.21448564480888496,-444.74993918363026,0.4344082163556967,-2.473366228556906,0.029186381815574088,0.13392311473778545,-0.6292179806167697,4.56734080647916e-06,0.0011303833446474826,0.00012331703036706117,0.004001837963486194,114.016667
13203,0.21817206615975596,-444.7640534552226,0.4171941618974922,-2.3944819262306885,0.031599282628620454,0.13575610170326366,-0.6287084211808283,4.505920039429516e-06,0.001105159260961289,0.00012006043637218338,0.003834890962591849,114.025
13204,0.2216986454972395,-444.7777239982538,0.3990851522062507,-2.322390913734639,0.03398404328636497,0.13746299412563104,-0.6282129596911602,4.452325428523291e-06,0.0010811150562011068,0.00011712757433042417,0.003685633157071281,114.033333
13205,0.2250614708915845,-444.7909950027774,0.3801443617590224,-2.256563106950492,0.0363392489333259,0.13904304008668839,-0.6277332273079174,4.406081886358635e-06,0.0010582577787951546,0.00011448419605651934,0.003552432510474197,114.041667
13206,0.22825203460662977,-444.80391120116843,0.36043248651825,-2.1965564275093206,0.038663298102663765,0.14049241624809425,-0.6272715066321735,4.3667542209091575e-06,0.0010365846820568252,0.00011210035855821108,0.0034338744461589717,114.05
13207,0.23126496212436937,-444.8165677206248,0.34000907743380293,-2.1419566338349765,0.04096259805373054,0.141806885448771,-0.6268296303430524,4.333943540103109e-06,0.00101608731744926,0.00010995001008710257,0.0033287250564830837,114.058333
13208,0.23409451579193968,-444.82904488487753,0.3189305030684149,-2.09240193034979,0.043241976853160814,0.1429819029410926,-0.6264094663598042,4.307283598403732e-06,0.0009967514776881836,0.00010801057489593909,0.0032359073831603586,114.066667
13209,0.23673593829196285,-444.841261678505,0.2972449034089848,-2.0475672991808866,0.04548362021160878,0.14402026737789728,-0.6260127119738426,4.286437532553982e-06,0.0009785587554427037,0.00010626258574149329,0.003154481382987109,114.075
13210,0.23918426039186932,-444.8533941997278,0.2750083652851554,-2.007169212301618,0.04770668524747202,0.14491323893899982,-0.6256410616630809,4.271094870258243e-06,0.0009614873225105808,0.00010468935365322093,0.0030836307636400487,114.083333
13211,0.24143510372544844,-444.8654171959292,0.25226786967443593,-1.9709535778948806,0.04990176037025092,0.145661044954846,-0.6252960794460592,4.260968888602375e-06,0.0009455130435295842,0.00010327667891606478,0.003022644639170168,114.091667
13212,0.24348575663320127,-444.87731377182524,0.22906987376121876,-1.9386872763570298,0.05206092643151647,0.14626480951526938,-0.6249790221379868,4.255794282225521e-06,0.0009306101564909048,0.00010201259775108569,0.0029709100125759726,114.1
13213,0.24533244077883007,-444.8891041433565,0.2054606490182777,-1.9101742865979103,0.05418150011436382,0.14672326828434043,-0.6246912519519693,4.255325120267237e-06,0.0009167514255775988,0.00010088716114772364,0.002927902330688243,114.108333
13214,0.24697163223324614,-444.9009228547604,0.18148965932256428,-1.8852559673821558,0.05627773024794479,0.1470288101713759,-0.6244340307300117,4.259333158280611e-06,0.0009039093184262751,9.989224767684607e-05,0.002893176542352028,114.116667
13215,0.24839964438510312,-444.9126847588634,0.15719736961809558,-1.8637792983390762,0.05833160976843608,0.1471855443302314,-0.624208580138111,4.267606418630495e-06,0.0008920564787647758,9.902139970528966e-05,0.0028663588872507016,114.125
13216,0.24961564303986228,-444.92448553239103,0.132631491850897,-1.8456198408699003,0.06035232935567994,0.14718913766258676,-0.6240155981796349,4.27994804950648e-06,0.000881166309005267,9.82696927626388e-05,0.002847144602727133,114.133333
13217,0.25061631449119914,-444.93634541247565,0.10783493860140757,-1.8306806999995706,0.06233739103592908,0.14703786074290529,-0.6238560970792734,4.2961753848200915e-06,0.0008712123551393167,9.763361782224465e-05,0.0028352908004854824,114.141667
13218,0.25140103809041925,-444.9481870981251,0.08284796994352531,-1.8188570311723757,0.06427054547040781,0.14673777134611224,-0.6237305797548429,4.316119319173837e-06,0.000862169676653379,9.7110997996193e-05,0.0028306137100806055,114.15
13219,0.25197063619701604,-444.9599552147084,0.0577118688332971,-1.810057917559461,0.06613922817630431,0.14629499051567257,-0.6236392313848305,4.339623832504217e-06,0.0008540142229411863,9.670091205544573e-05,0.002832987100231659,114.158333
13220,0.25231778133198474,-444.9721430757049,0.032483136539233785,-1.8043540679383847,0.06800887309065035,0.14567420886800275,-0.6235834593120807,4.3665457228370965e-06,0.0008467227300190636,9.64036387414558e-05,0.002842339515445933,114.166667
13221,0.252447825733765,-444.98413815020695,0.007184362490300456,-1.8015648901070205,0.06978649463805904,0.14492103939874165,-0.6235625471287709,4.3967546800505305e-06,0.0008402757074762535,9.622066688893554e-05,0.0028586451313988414,114.175
13222,0.2523568218582777,-444.9962722984771,-0.01813283899510221,-1.801757072638982,0.0715145681327989,0.14401276618215575,-0.6235771823899132,4.4301333064679184e-06,0.0008346533812484337,9.615459175844945e-05,0.002881938345259105,114.183333
13223,0.25204446182075774,-445.0089250272731,-0.04341064393259753,-1.8050230378036762,0.07324211413322686,0.14292305679653353,-0.6236273769080622,4.466577494328807e-06,0.0008298390879950951,9.620918918619751e-05,0.0029123000783827084,114.191667
13224,0.2515115102130817,-445.0217533536797,-0.0686204472167919,-1.8113025691197422,0.07491413041059837,0.1416779113999887,-0.6237128787849109,4.5059969363921445e-06,0.0008258181363457824,9.638947283149659e-05,0.002949855107782292,114.2
13225,0.25076108773144423,-445.03445480072253,-0.09373161857171675,-1.8205404746556708,0.07648351004944773,0.1403039975060712,-0.623832969351839,4.548315786293302e-06,0.0008225777378420173,9.670162304982394e-05,0.0029947853809288694,114.208333
13226,0.2497908407290383,-445.04772471094003,-0.11867387782962538,-1.8329925243696559,0.07804177799682765,0.13874913177155895,-0.6239877178244236,4.5934734016422345e-06,0.0008201064813229016,9.71529980812352e-05,0.0030473309409831564,114.216667
13227,0.2486044312575011,-445.06121290782113,-0.14341753702632729,-1.8486274552236746,0.07953444529395311,0.13704351578691698,-0.624176144584639,4.64142537919508e-06,0.0008183961469306505,9.775244860145848e-05,0.003107772155456963,114.225
13228,0.24720366810481265,-445.0749931932244,-0.16791579183018185,-1.867559631701745,0.08096600760249377,0.13518431874984901,-0.6243974841821932,4.692144694003342e-06,0.0008174400268005161,9.851015944388755e-05,0.003176451025305426,114.233333
13229,0.24559089398846756,-445.088780242709,-0.19213939541070418,-1.8898076724755084,0.08229265381569706,0.13319835239662145,-0.6246508070296518,4.745622971128962e-06,0.0008172336782409235,9.943786199065971e-05,0.003253765205985578,114.241667
13230,0.24376623161916186,-445.10317460390667,-0.21601569730061726,-1.915714393713405,0.08358826658812474,0.13103890358806822,-0.6249354527559062,4.80187190084664e-06,0.0008177749634029227,0.00010054880871473873,0.003340180809323386,114.25
13231,0.24173424025404064,-445.1180825436561,-0.23950108224113906,-1.9454062636435294,0.08483344543622706,0.1287176974127016,-0.6252499928702046,4.86092490212203e-06,0.0008190647432188179,0.00010185831978571809,0.0034362110762829468,114.258333
13232,0.2394991376919941,-445.1332434010115,-0.2625624450957276,-1.9789689745676453,0.08598823283865012,0.12626141618006764,-0.6255929917074599,4.92283897679563e-06,0.0008211057180997562,0.00010338369716779539,0.0035424348587490538,114.266667
13233,0.23706394730351696,-445.1487303375368,-0.2851497070698338,-2.016639926232926,0.08705605462588265,0.12366852974501973,-0.625963138515105,4.987696604875381e-06,0.0008239027648836831,0.00010514429294793262,0.003659507848797524,114.275
13234,0.23443253868183364,-445.1646285812533,-0.307209806070987,-2.0586920449737023,0.08804133140036632,0.12093683499619229,-0.6263589374969871,5.0556078143287116e-06,0.0008274634189838347,0.00010716191423971633,0.003788156934931211,114.283333
13235,0.2316098622533646,-445.18084231249105,-0.32869875317573344,-2.105352118049903,0.08892654899096805,0.1180807460457877,-0.6267786842050607,5.126712470210001e-06,0.0008317977431370758,0.00010946111525652107,0.003929182346168034,114.291667
13236,0.22860008750173832,-445.19772714908004,-0.34954272246626633,-2.157086150091159,0.08974699645323114,0.11507440022325939,-0.6272207519820122,5.201182668497963e-06,0.0008369181709839683,0.000112069343051179,0.004083469662967349,114.3
13237,0.2254066508920988,-445.21522879959736,-0.3696930486866043,-2.2142288396685745,0.09048741429000572,0.11192792418787192,-0.6276835829604778,5.279225350609204e-06,0.0008428397974457021,0.00011501770389315057,0.004251971262172098,114.308333
13238,0.22203856273937747,-445.2332312103064,-0.3890977012952528,-2.277100880860856,0.09112860289458535,0.10866041716763028,-0.6281647906015089,5.361085092188469e-06,0.0008495807562024053,0.00011834095328292932,0.004435732510304335,114.316667
13239,0.21850052119955013,-445.2520670906948,-0.407675184607676,-2.3463135871054517,0.09169849721989477,0.10524840489657336,-0.6286626054970503,5.4470467557816555e-06,0.000857160625614456,0.00012207778916640226,0.0046358973377915915,114.325
13240,0.2148025643951647,-445.27164650760216,-0.42536494830094407,-2.422299261589616,0.09217967908854861,0.10170966269041383,-0.6291745099370559,5.537438277960688e-06,0.0008656017500028206,0.00012627181973341134,0.004853690834960438,114.333333
13241,0.21094902601312185,-445.29203543009874,-0.4421000128443538,-2.5056524682039507,0.09256896050008051,0.09804552785136182,-0.6296987968039025,5.63263337057215e-06,0.0008749276709046189,0.00013097145573728343,0.00509045141958456,114.341667
13242,0.20695047830747262,-445.3132683365347,-0.4578035454103713,-2.596988005036697,0.09286195302281004,0.094263607660544,-0.6302329272797547,5.733053871835258e-06,0.0008851648150829357,0.00013623042526041623,0.0053476513110488665,114.35
13243,0.202814818810925,-445.33543969225803,-0.47239334392637505,-2.6970372321533693,0.09305822279835509,0.09036518189147458,-0.6307747725990097,5.839171652256666e-06,0.0008963403834389261,0.00014210806766359568,0.005626919800525897,114.358333
13244,0.1985518088148388,-445.35862446978575,-0.48578104098836056,-2.806588370585819,0.09315523567220975,0.08635469381483456,-0.6313220110205261,5.951509724793514e-06,0.0009084829132233608,0.00014866958259579185,0.005930095964209631,114.366667
13245,0.19417196383431035,-445.38294898133785,-0.4978661551973326,-2.9265410332310307,0.09315414673462746,0.08223269649911279,-0.6318722982127231,6.070642200153851e-06,0.0009216212515516054,0.00015598596115440217,0.006259312931746151,114.375
13246,0.18968729206917262,-445.40846108045815,-0.5085470123766846,-3.057818181257719,0.09304901915992676,0.07800829366388,-0.6324231959922292,6.197192465966609e-06,0.0009357836701588006,0.00016413374047993706,0.006617126851234516,114.383333
13247,0.18510763228943433,-445.43530556291455,-0.5177078851010141,-3.2015114219499274,0.0928397081244301,0.07368136687923339,-0.6329726356219347,6.331828748162467e-06,0.000950996540105757,0.0001731939144434629,0.007006746803752721,114.391667
13248,0.18044624663126585,-445.46359871028545,-0.5252211364094074,-3.3587625447583154,0.09252383671038565,0.06925664440503744,-0.6335182471895693,6.475256112836739e-06,0.0009672838534497143,0.00018325052398413357,0.007432377432848716,114.4
13249,0.17571973759197393,-445.49341523064413,-0.5309485468975017,-3.5307340490748715,0.09209676655907774,0.06474471885027294,-0.6340574261424291,6.628203514165782e-06,0.0009846646309663713,0.0001943879534439151,0.007899751578130384,114.408333
13250,0.17094452244064565,-445.52494532431336,-0.5347270382101882,-3.718742046579751,0.09156040054562074,0.06014614938777067,-0.6345877767824949,6.791403725851283e-06,0.001003150037230765,0.00020668672105555557,0.00841694293567526,114.416667
13251,0.16613493325109888,-445.558321636335,-0.5363921539138227,-3.924126222126445,0.09090997643548708,0.05546695630527783,-0.6351073181901841,6.9655640799515175e-06,0.0010227412865804846,0.0002202179435259268,0.008995541133333451,114.425
13252,0.16130851463102702,-445.59361214386513,-0.535769925316521,-4.148158803984992,0.09013795010974146,0.05072101495288987,-0.6356139089637376,7.1513254212300535e-06,0.0010434280229107994,0.00023503466083943996,0.009652434072864598,114.433333
13253,0.15649091755309663,-445.6311677174387,-0.5326146997261799,-4.392212505603294,0.08925459685085074,0.04589991909513051,-0.6361048082227115,7.349205415604553e-06,0.0010651849226041578,0.00025116017407516514,0.010412284883278812,114.441667
13254,0.15170119472147645,-445.67107712433847,-0.5267178243093716,-4.65737924007271,0.08825092630108451,0.0410175783873083,-0.6365782315994175,7.5595220392821325e-06,0.0010879667674560923,0.0002685748669818152,0.011310590401040205,114.45
13255,0.14696252290809472,-445.7134577067227,-0.5178459804881028,-4.944494540816739,0.08712159809215136,0.03608694968244595,-0.6370322377121007,7.782293830807839e-06,0.0011117098511379546,0.00028719663679586596,0.01239798676120286,114.458333
13256,0.1423074311147562,-445.7586778648224,-0.5056907546344925,-5.254053633344579,0.08587467688461521,0.031101587286755647,-0.6374643078747291,8.017113176467602e-06,0.0011363314255640915,0.00030685997850973096,0.013744992616255291,114.466667
13257,0.1377601926852211,-445.8069015371612,-0.48998739807349134,-5.5859149821535405,0.08450333007243861,0.02607100523685059,-0.6378730301310823,8.262989845500899e-06,0.0011617301558574803,0.0003272951630862949,0.015446148887507142,114.475
13258,0.13335104915301355,-445.85819654832494,-0.4704749102925436,-5.938902581069162,0.0830016300823879,0.02101354931014109,-0.6382567452248795,8.51816842197585e-06,0.0011877976547047882,0.00034810755365404216,0.017622991932225832,114.483333
13259,0.12911542707726295,-445.9128674467743,-0.44684376682217636,-6.310775600380518,0.08137205994716624,0.015927200295839824,-0.6386136741620015,8.779927816857774e-06,0.001214430577447961,0.0003687652089446739,0.02042201192817367,114.491667
13260,0.12509180241249737,-445.9710570630018,-0.4188292654140891,-6.697511494648357,0.0796138233590404,0.010821726800969282,-0.6389421272973013,9.044379494649764e-06,0.0012415490495698367,0.0003886043629464412,0.02400267219380743,114.5
13261,0.12132695985686846,-446.0329143388291,-0.38618825768101595,-7.0928347386654,0.07773090409881968,0.005703405695391678,-0.6392400882199535,9.30629664427309e-06,0.00126912109674926,0.0004068576715336484,0.028510888449488354,114.508333
13262,0.11785040953295736,-446.09840732097933,-0.34882387549077754,-7.488870681901541,0.07571477285179123,0.0005867625280089667,-0.6395071864785707,9.55901956499404e-06,0.0012971856074196692,0.00042271531266945705,0.034031803207926536,114.516667
13263,0.11470815367839028,-446.16757582675507,-0.30667835032891594,-7.874814473806976,0.07356820177678755,-0.004524176911388724,-0.6397419512480047,9.794509863575203e-06,0.0013258768796348649,0.0004354228631569217,0.04052739533404462,114.525
13264,0.11194481979944246,-446.24028338116995,-0.2598639104605741,-8.237465593223734,0.07129296068350205,-0.00962003764598991,-0.6399431860006561,1.0003615541110408e-05,0.0013554142719640195,0.00044439149686976255,0.04776231745648459,114.533333
13265,0.10959871814696838,-446.3162794863426,-0.20868829722459845,-8.562113301185594,0.06888826302595355,-0.01469184790439926,-0.6401102010579282,1.0176591319890756e-05,0.001386063768518596,0.0004493031723685786,0.055250607552321994,114.541667
13266,0.10771053004795325,-446.3951402423691,-0.1536713443662449,-8.83290426646139,0.06635810521079788,-0.019728664754130574,-0.6402420591743813,1.0303895366845109e-05,0.0014180568028965587,0.000450167698055609,0.06226067984530781,114.55
13267,0.10630999804730541,-446.47637876422175,-0.09554960183243222,-9.035115810323948,0.06370229883706889,-0.024724042484457576,-0.6403383882933301,1.0377193482775709e-05,0.00145146633387646,0.0004472929637401932,0.0679098721240023,114.558333
13268,0.10542423395624552,-446.5592881496664,-0.035279912849239335,-9.156161642578585,0.060926000492712705,-0.029666267434400217,-0.6403986631126526,1.0390422810774873e-05,0.0014860758405061021,0.000441170494420634,0.07135295834919,114.566667
13269,0.10506937091416228,-446.6431400984597,0.026035892236357085,-9.187834068055944,0.05803200296439109,-0.03454856077552398,-0.6404226700049592,1.0340696765495592e-05,0.0015212773344336712,0.0004323089004898968,0.07201276387466811,114.575
13270,0.10525149366559666,-446.72710729152396,0.08720079839879213,-9.127404676110993,0.05502486987735144,-0.039361759572502306,-0.6404103592653207,1.022882316950709e-05,0.0015560534302321994,0.00042109402686532534,0.06976040137819872,114.583333
13271,0.10596739147142106,-446.8103236665379,0.14701524899703916,-8.97802620489777,0.051912102369357116,-0.044096036716855976,-0.6403617617015082,1.0059289285985762e-05,0.001589065517678254,0.0004077373706031542,0.06496051094369612,114.591667
13272,0.1072162997322588,-446.89197616667894,0.20437327554047008,-8.747442459775472,0.04870782892461869,-0.048748877061145786,-0.6402761959207349,9.83969807628544e-06,0.0016188348250668538,0.0003923314787843121,0.05835654782303292,114.6
13273,0.10894326603169761,-446.97149136303017,0.25836514605598965,-8.450901688159565,0.04539861104205839,-0.053305510610602395,-0.6401562319699738,9.579777862733387e-06,0.0016439602470067394,0.0003749748360097129,0.05085256873726432,114.608333
13274,0.1111336569946173,-447.0482398045138,0.3082683237034588,-8.102527288753896,0.042002407084345675,-0.05776338264777734,-0.6400013297644056,9.290261047122096e-06,0.00166334317034419,0.0003558745050773329,0.04328128921025316,114.616667
13275,0.11375094183302778,-447.12179771410035,0.35359676302847737,-7.718335219563978,0.03852645868241117,-0.06211729727740328,-0.6398122115404982,8.981799507820902e-06,0.0016762851875194629,0.0003354020277056268,0.03626144388676424,114.625
13276,0.1167645531279772,-447.1917189703239,0.3940487808072805,-7.3131107943334905,0.03499169890678547,-0.06636241299950058,-0.639589027285882,8.664107384341128e-06,0.0016825328793478801,0.0003140744758962639,0.030146518713156094,114.633333
13277,0.12011065412422982,-447.25809345778885,0.42960416857588757,-6.9010830882728955,0.03138336918369529,-0.07049187060725713,-0.6393344140533729,8.34542374992344e-06,0.001682227085469796,0.00029248434312614173,0.02505810093608454,114.641667
13278,0.12375769328041103,-447.3207366593701,0.46030821873234895,-6.492485655100505,0.02772181041997872,-0.07450308997549272,-0.6390487489128998,8.032305168015629e-06,0.0016758291116066872,0.0002712109185870516,0.020953704994313406,114.65
13279,0.12766416782893497,-447.37967736084545,0.4863417675232981,-6.095516387828946,0.02401601468873392,-0.07839305575278545,-0.6387333344395072,7.729634994984215e-06,0.0016639894706203524,0.00025075373623532557,0.01770542258642455,114.658333
13280,0.13179016801038002,-447.43499860638906,0.5079558768957496,-5.7159870403277635,0.020275962481244372,-0.08215900942510374,-0.6383896108112544,7.440790986372324e-06,0.0016474559109896268,0.00023149346405827045,0.015155282595492712,114.666667
13281,0.1361054204115979,-447.486732323973,0.5254235939876739,-5.35752288967869,0.016521057718591314,-0.08580191306881553,-0.6380184942786459,7.167890906918796e-06,0.001626995355295436,0.00021368136441436684,0.013150533610371102,114.675
13282,0.14056688376890508,-447.5351555314429,0.5390755850401835,-5.022390925993153,0.012750662704489846,-0.08931808545222422,-0.6376223120999966,6.912054356258901e-06,0.0016033358944709543,0.00019744954090456364,0.011560776722816284,114.683333
13283,0.14514133801478982,-447.5804202365085,0.5492191933195402,-4.711427456092635,0.008977061823357882,-0.09270580216418302,-0.6372029184507201,6.673655875657629e-06,0.0015771469643293319,0.00018283294187446505,0.010282312758554553,114.691667
13284,0.14979970798216316,-447.6227394055279,0.556154062509953,-4.424484603804159,0.0052077527886453725,-0.09596553503859956,-0.6367621283270918,6.45253736535825e-06,0.0015490202915127709,0.00016979405519039397,0.009236840982883746,114.7
13285,0.1545149237646697,-447.66231580204925,0.5601605313578863,-4.160813745320666,0.0014506270022586062,-0.0990975099630893,-0.6363018873745511,6.248180162156502e-06,0.0015194667518909663,0.00015824675355501812,0.008367035369852852,114.708333
13286,0.15926143951500046,-447.69937628856513,0.5614998187159984,-3.919265036607205,-0.002289822191693286,-0.10210154238567784,-0.6358243031158813,6.059838132777074e-06,0.0014889215772872831,0.00014807599956981034,0.007631649074448238,114.716667
13287,0.1640157164013857,-447.7340567732369,0.5604040521000504,-3.6984971338224035,-0.006001123915753544,-0.1049775456060725,-0.6353315780805112,5.886636522791615e-06,0.0014577530171542492,0.00013915295795652698,0.007001184370425611,114.725
13288,0.16875567594248583,-447.7665690383235,0.5570893897012567,-3.497018215176984,-0.009679814631527173,-0.10772516551236407,-0.634826041195565,5.727642649472187e-06,0.0014262715456445718,0.00013134553970978443,0.006454484783315516,114.733333
13289,0.17346436361296275,-447.79710442832015,0.5517465359433934,-3.313290080582094,-0.013322368364649118,-0.11034586203150974,-0.6343097176535132,5.581914695134561e-06,0.0013947389073917249,0.00012452559146433406,0.005976182492910815,114.741667
13290,0.178124193846017,-447.82579333042537,0.5445452781582742,-3.1458541330344127,-0.01692028875098233,-0.11284019499109826,-0.6337849058623551,5.448533321523286e-06,0.0013633737535661034,0.00011857306483503306,0.0055549126266294145,114.75
13291,0.18271739238099569,-447.85282038564446,0.5356424432874684,-2.993306065192363,-0.02047259592378627,-0.11520673642286955,-0.633254130168081,5.326622143794434e-06,0.0013323599495999032,0.00011337827311249819,0.00518206174289637,114.758333
13292,0.1872314900744853,-447.8782999712425,0.5251730859105614,-2.8543254765778947,-0.023972495867001554,-0.11744740986432113,-0.6327194781528926,5.2153594077788145e-06,0.0013018529861822537,0.0001088428410960324,0.004850919649921608,114.766667
13293,0.19165169088268766,-447.9023828118741,0.5132629012423403,-2.727700768955588,-0.027418617874470176,-0.11956091678037271,-0.6321834537920861,5.113983023542316e-06,0.0012719818359041288,0.00010487958118016217,0.004556133670112904,114.775
13294,0.1959671308955703,-447.92517647582093,0.5000222060238128,-2.612318465279247,-0.03080646585852487,-0.1215483602802504,-0.6316482173255064,5.021792401587956e-06,0.0012428547511295091,0.00010141203722309444,0.004293321707053244,114.783333
13295,0.2001637412596477,-447.9468267964398,0.48555485862211223,-2.50717377366548,-0.03413702899295465,-0.1234067201913352,-0.6311164372278317,4.938146987197138e-06,0.0012145603593391515,9.837358860140682e-05,0.004058830678615342,114.791667
13296,0.20423196307801722,-447.96742676325175,0.46995197423045854,-2.4113537726207435,-0.03740682884665877,-0.12513630676766957,-0.63059031594228,4.862463748355802e-06,0.00118717243395705,9.570655205809633e-05,0.0038495584176310273,114.8
13297,0.20816346032830266,-447.98709437942256,0.45329802555968046,-2.324033793916449,-0.04061688238147472,-0.12673636656047366,-0.6300719601225393,4.794213096001632e-06,0.0011607496245211253,9.336112627581042e-05,0.0036628462521628253,114.808333
13298,0.2119490256160719,-448.0058862577813,0.43566933313006406,-2.2444854620209163,-0.0437613679573461,-0.1282071624681048,-0.6295636416140776,4.7329146398533555e-06,0.0011353370400577225,9.129445195957065e-05,0.003496395457104849,114.816667
13299,0.21558030422351596,-448.02387722089713,0.4171373862218506,-2.172053214571765,-0.04683772302181403,-0.12954822368901026,-0.6290675624423453,4.678132897669334e-06,0.001110968701941538,8.946974261492606e-05,0.0033482063351054194,114.825
13300,0.21904934439015364,-448.04118244984716,0.39777032712462157,-2.1061496353955045,-0.049849547990864086,-0.13075665178438647,-0.6285858996630798,4.629472946582603e-06,0.001087668757425368,8.785549247686039e-05,0.0032165328786267263,114.833333
13301,0.22234884404273172,-448.05788719207976,0.3776311412288958,-2.0462538195333053,-0.052797557718496216,-0.13183036140780674,-0.6281207578054153,4.586576284977643e-06,0.0010654527926501599,8.642477587576549e-05,0.0030998469498810764,114.841667
13302,0.2254724848327695,-448.07404445034035,0.3567782786548742,-1.9919029285801473,-0.055679109984091174,-0.1327688438179558,-0.6276741061240481,4.54911695971626e-06,0.001044328907153216,8.515462797695148e-05,0.0029968110396453645,114.85
13303,0.22841439489179716,-448.08970315282556,0.33526718365713326,-1.9426857254923402,-0.05849164665213557,-0.13357165565474696,-0.6272478399752138,4.516798008649863e-06,0.001024298553425086,8.40255106459045e-05,0.0029062559327942827,114.858333
13304,0.23117065351608437,-448.1049405452468,0.31315173609756053,-1.8982373353975819,-0.06123737665510367,-0.13423733749902467,-0.6268435479428451,4.4893482591495235e-06,0.0010053575678533658,8.302085882826769e-05,0.0028271611743685204,114.866667
13305,0.233735338388827,-448.11979561287563,0.29048243012220015,-1.858236866783774,-0.06391333865966226,-0.13476501183383258,-0.6264630790420153,4.466519429874275e-06,0.000987496467964869,8.212668860752974e-05,0.0027586388631733938,114.875
13306,0.23610273506486562,-448.13433725951046,0.26730881612523666,-1.8224026792999053,-0.06652096710983658,-0.13515165597722317,-0.6261082202761648,4.4480836540019135e-06,0.0009707024492101314,8.13312790064486e-05,0.0026999187438832076,114.883333
13307,0.23827013298686164,-448.14859738534096,0.2436781973062936,-1.7904844206138342,-0.06905782355133126,-0.13539790212807928,-0.6257802631768346,4.433831249170446e-06,0.0009549601503984858,8.062488978747632e-05,0.0026503359772017026,114.891667
13308,0.24023352124180902,-448.16262395244104,0.21963678758705715,-1.7622655211434703,-0.0715235343913997,-0.1355022817799351,-0.6254806378590735,4.423568749816795e-06,0.0009402512456361054,7.999952117301125e-05,0.0026093221242502193,114.9
13309,0.24198945509263198,-448.17646154542996,0.19522967310704945,-1.73755807261585,-0.07391761948945591,-0.1354635292115487,-0.6252106288752327,4.4171173000088465e-06,0.0009265558468213306,7.94487241746202e-05,0.0025763954291652103,114.908333
13310,0.24353598315951133,-448.19011894132854,0.17050030263107913,-1.716196342080599,-0.07623534715541523,-0.13528360701565828,-0.6249712234918711,4.4143112715996105e-06,0.0009138529758667053,7.896743751444959e-05,0.0025511533948005265,114.916667
13311,0.24486895474042025,-448.20368376676976,0.14549292256242416,-1.698049382001058,-0.0784820980984298,-0.1349571046291204,-0.6247636776127379,4.4149971182122995e-06,0.0009021206508471554,7.855185410749733e-05,0.0025332669246551512,114.925
13312,0.24598756754503978,-448.2171535948752,0.12024958910474304,-1.6829969585091709,-0.0806521558563373,-0.13448702313068459,-0.6245886510665815,4.419032499327039e-06,0.0008913373118248232,7.819931497042874e-05,0.0025224738609872445,114.933333
13313,0.2468892481928904,-448.2305908444767,0.09481298623119447,-1.6709498568700722,-0.08274803379270478,-0.1338701673594349,-0.6244469984479054,4.426285561679808e-06,0.0008814810526812084,7.790822157631502e-05,0.002518575886226877,114.941667
13314,0.24757234300809766,-448.24401021875343,0.06922423639165752,-1.661831780299768,-0.08476608922086551,-0.1331074835830976,-0.6243393473171267,4.436634468267779e-06,0.0008725307823313069,7.767797263143683e-05,0.0025214342013202425,114.95
13315,0.24803601896921265,-448.25743347236124,0.04352463385576393,-1.6555865122604942,-0.08670388951630957,-0.13219974742368681,-0.6242661091232304,4.449967091451994e-06,0.0008644662792063781,7.750891495585333e-05,0.0025309674395769107,114.958333
13316,0.24828020423951677,-448.27090390672754,0.017756220958895577,-1.6521804968437401,-0.08856206438058023,-0.1311461756820175,-0.6242274858035582,4.466180883621257e-06,0.000857268276515572,7.740231305321226e-05,0.0025471496802563875,114.966667
13317,0.24830412179094763,-448.2844371625772,-0.00804052691829401,-1.6515930790338642,-0.09033725711561061,-0.12994792850992684,-0.6242237007105763,4.485182925511186e-06,0.0008509185589976438,7.736033771555439e-05,0.002570008903655101,114.975
13318,0.24810732510122022,-448.2980338322875,-0.033825694040904394,-1.6538177420548565,-0.09202422442368718,-0.12860776266925486,-0.6242548343236338,4.50689014429851e-06,0.0008454005299670771,7.738606460777511e-05,0.002599626878591742,114.983333
13319,0.24769158672385427,-448.3117691263678,-0.059555557254145686,-1.6588825277120287,-0.09362803884298054,-0.1271227144408748,-0.6243205254447439,4.531229677590884e-06,0.0008406993563289097,7.748348686959336e-05,0.002636139562770175,114.991667
13320,0.24705491294298101,-448.32566757401486,-0.08519063738005454,-1.6668224191835894,-0.09514558061849991,-0.1254924255630341,-0.6244209175636856,4.558139404028906e-06,0.000836801486940295,7.765756147882794e-05,0.0026797363508153115,115.0
13321,0.24620035298345327,-448.33973265147756,-0.11068867390640327,-1.6776855141787055,-0.09657280405861952,-0.12372114887820199,-0.6245552685811827,4.58756865316677e-06,0.0008336961374438418,7.791424240216502e-05,0.0027306630864362266,115.008333
13322,0.2451292265257838,-448.354007224559,-0.13600721431346033,-1.6915486416979162,-0.09790980123129447,-0.12180856963746574,-0.624723023316512,4.619479037869371e-06,0.0008313738219902212,7.826055442033715e-05,0.0027892228983980457,115.016667
13323,0.2438426376020636,-448.36853179782514,-0.16110382230386178,-1.7085082724507334,-0.09915594447437212,-0.11975448418962055,-0.6249235752217012,4.653845473689167e-06,0.0008298271786533719,7.870468166394802e-05,0.002855778508010809,115.025
13324,0.24234355445969846,-448.38329577894075,-0.1859363289366949,-1.728666802707956,-0.10030496992068642,-0.11756474533433985,-0.6251559456165174,4.69065737030141e-06,0.0008290512268551763,7.925607225313466e-05,0.002930755315563421,115.033333
13325,0.2406350701959965,-448.3983579391715,-0.21045944036475792,-1.752169048725486,-0.10135875984554893,-0.11523849802266867,-0.6254190619513061,4.729919983891133e-06,0.0008290429723712492,7.992556020828093e-05,0.0030146449655560708,115.041667
13326,0.23871832626422057,-448.413730516297,-0.23463089513282603,-1.7791688772955554,-0.10231257984788941,-0.11277873678192067,-0.6257120785239355,4.771655964476891e-06,0.0008298015808153918,8.0725542296694e-05,0.003108007628883715,115.05
13327,0.23659700469419384,-448.42947725381737,-0.25840339824165126,-1.8098632593585775,-0.1031682731375754,-0.11018457210685871,-0.6260336893198633,4.815907107260146e-06,0.0008313291738582886,8.167013489085903e-05,0.003211478412468552,115.058333
13328,0.23427570201100725,-448.44559836179724,-0.2817308477195698,-1.8444548297107732,-0.10392058694552848,-0.10746220105508889,-0.6263823908997542,4.862736314756293e-06,0.0008336301903596784,8.277542454187204e-05,0.003325769011284583,115.066667
13329,0.23175713798463274,-448.4621828708531,-0.3045639300217107,-1.8832085576918147,-0.10457275538155626,-0.1046079875040354,-0.6267569069888778,4.9122297840256615e-06,0.000836711322885585,8.405970431715091e-05,0.003451672960349716,115.075
13330,0.2290471604827704,-448.47920880715793,-0.32685439576891184,-1.9263806951850742,-0.10511707933863788,-0.10163148376451213,-0.6271554462931326,4.964499448085209e-06,0.0008405822824080679,8.554380235269138e-05,0.0035900689724789104,115.083333
13331,0.22615014496064123,-448.49673605734574,-0.3485503353302983,-1.9742944968559264,-0.10555358166873348,-0.09853333560511497,-0.6275763984149116,5.0196856641819555e-06,0.0008452550257933422,8.72513913028197e-05,0.003741925659220501,115.091667
13332,0.22307223195259138,-448.5147997066907,-0.3695976536688828,-2.0273030781712196,-0.10588003811791924,-0.09531784307834042,-0.6280178651877993,5.077960161694331e-06,0.0008507444041086381,8.920942082416621e-05,0.003908303811122568,115.1
13333,0.2198191943559172,-448.5334424983094,-0.38994041107828453,-2.0858060651815316,-0.10609440260518599,-0.09198866843354815,-0.6284779831399597,5.139529297413609e-06,0.0008570677949384782,9.144857783040949e-05,0.004090357807714781,115.108333
13334,0.21639420283348013,-448.5529518076336,-0.4095085931184404,-2.1503715865427857,-0.10621456600379266,-0.08852282567376188,-0.6289552352746249,5.2046375920293905e-06,0.0008642453854987395,9.400380845641816e-05,0.004289337094894394,115.116667
13335,0.2128074153214003,-448.57316339350797,-0.42824749332463535,-2.221407032264149,-0.10621944338398151,-0.08494857929611652,-0.629447123592418,5.273571723760032e-06,0.0008723010465583692,9.691513085993331e-05,0.004506575477902058,115.125
13336,0.20906790710021386,-448.59407799202637,-0.4460921075426886,-2.29944910228317,-0.10610340079976475,-0.08127667920388373,-0.629951333384027,5.346664674269702e-06,0.0008812603204928204,0.00010022793699360915,0.00474350281169711,115.133333
13337,0.20518124815511574,-448.61581838061284,-0.4629702382926322,-2.3851640644440115,-0.10586877482666093,-0.07750404906270311,-0.6304660479134367,5.4242998757100274e-06,0.0008911508316278729,0.00010399382749141086,0.005001636302544254,115.141667
13338,0.2011571706955221,-448.63843658718747,-0.478804719120464,-2.479250643179233,-0.10551320180049145,-0.07363730244430416,-0.6309889259016634,5.506915678697208e-06,0.000902003322087183,0.00010827146005919555,0.005282576552704008,115.15
13339,0.19700509938925317,-448.6620091456989,-0.493512151407043,-2.582497133690061,-0.10503544921087189,-0.0696809198975333,-0.6315177246026464,5.595009848359665e-06,0.0009138501872816986,0.00011312730837639292,0.005588004655285047,115.158333
13340,0.19273457857342957,-448.68664000432835,-0.5070009696593105,-2.6957922957646034,-0.10443537090310498,-0.06563722966412833,-0.6320502512161112,5.689143792521307e-06,0.0009267252777829378,0.00011863644084566826,0.005919689436379628,115.166667
13341,0.1883596231561488,-448.7123644078202,-0.5191722563589043,-2.8200600234410786,-0.10370983806795224,-0.06151795017697959,-0.63258384738305,5.789946286111976e-06,0.0009406633497911681,0.000124883220051302,0.006279510931369456,115.175
13342,0.18388873042031992,-448.7393337531907,-0.5299176619096301,-2.9564004708441494,-0.10285948416521816,-0.0573215919274353,-0.6331166356147735,5.898116057085737e-06,0.0009556978815938055,0.00013196169469688104,0.006669516293855737,115.183333
13343,0.17933843076804443,-448.76760305638254,-0.5391163184893029,-3.105923186904433,-0.1018824172626771,-0.05306005184713983,-0.6336458921406282,6.01442271434192e-06,0.0009718617341131062,0.00013997572476784914,0.007092046712340335,115.191667
13344,0.1747204365175978,-448.7973154119934,-0.546636728771338,-3.2698989814133776,-0.10077835091332787,-0.048735454292433235,-0.634169608352608,6.139704852916884e-06,0.000989183009473393,0.00014903834072096093,0.00754995257180377,115.2
13345,0.17005207148075685,-448.8286062026404,-0.5523272300491379,-3.449657638906301,-0.09954837062603092,-0.0443533129113418,-0.6346852906878266,6.274864010486631e-06,0.0010076845975263411,0.00015927016925773374,0.00804700266900058,115.208333
13346,0.165349002412375,-448.8616013963612,-0.5560269925254459,-3.6465870607304147,-0.09819108601090666,-0.03992049250773494,-0.6351908198186893,6.420852589182979e-06,0.0010273796762335136,0.00017079644980892616,0.008588537215901772,115.216667
13347,0.16062877708550058,-448.8964454246167,-0.5575560153553439,-3.8621162173358523,-0.09670597056053887,-0.03544341475197317,-0.6356840664077272,6.578653084983345e-06,0.0010482690393557716,0.00018374158579644373,0.009182579562996753,115.225
13348,0.15591359755447554,-448.93321443484456,-0.5567194821693072,-4.097561485813979,-0.09509213925469995,-0.030936818287312498,-0.6361626450855336,6.749245299118538e-06,0.0010703366260011473,0.00019822092537139698,0.009841543897722795,115.233333
13349,0.15122472442837834,-448.9720982847289,-0.5532953939980403,-4.35425106250083,-0.09335157658244646,-0.026404657944506096,-0.6366245281674319,6.933556864224332e-06,0.001093543704599465,0.00021432830422437644,0.010584809042299442,115.241667
13350,0.14657063141064547,-449.01320641842796,-0.5470837171015325,-4.633433875482169,-0.09147505308228614,-0.021857104716251782,-0.6370691440597448,7.132392230657024e-06,0.0011178249189547835,0.00023211938674606337,0.01144237568535786,115.25
13351,0.14199835016715676,-449.0569025285988,-0.5377522447785015,-4.935843189288759,-0.08948157608128968,-0.01728768310895364,-0.6374925068035959,7.346335772939067e-06,0.0011430893685408796,0.0002515880095266834,0.012460163756753923,115.258333
13352,0.13753175581217852,-449.10334576671534,-0.5250330552016029,-5.261713438223676,-0.08736902162700406,-0.012704841631566668,-0.6378932149937456,7.575619001457268e-06,0.0011692047603869167,0.0002726404214522593,0.013705560916945395,115.266667
13353,0.13320827777152364,-449.152855780363,-0.5085943825826637,-5.6104361818483435,-0.08514439989775185,-0.008104005318812514,-0.6382689628517467,7.819948951585457e-06,0.0011960078225454521,0.0002950608917116348,0.015274469284900219,115.275
13354,0.1290430916088827,-449.20519775931496,-0.48825289676044265,-5.980286980936258,-0.08279494205289564,-0.003525193753681798,-0.6386196702697599,8.078296321737295e-06,0.0012233067657884803,0.0003184795889035893,0.017296110393312327,115.283333
13355,0.1250841401482567,-449.2604977248112,-0.4637061651642133,-6.367833148397106,-0.08033451942682479,0.0010241809420550156,-0.638942742910395,8.348651158205134e-06,0.001250905807576992,0.00034234306146809597,0.019935147145351863,115.291667
13356,0.12137913018812893,-449.31956658288,-0.4345488394829832,-6.768361673385476,-0.07777221778850066,0.005594999077307862,-0.6392360212015458,8.627756195376608e-06,0.001278618121828526,0.0003659068352917057,0.0233806502858877,115.3
13357,0.1179571239409713,-449.38201212597573,-0.4007003625490021,-7.174423039920634,-0.07510324576038022,0.010144592167342889,-0.6394991027374584,8.910849023064787e-06,0.0013063006437432367,0.0003882630588485607,0.027815889310906197,115.308333
13358,0.11485983232293236,-449.4477336231276,-0.3620807778835655,-7.576224749473443,-0.07233327673602623,0.014661488243518778,-0.6397307640837001,9.191478979523791e-06,0.0013339023857280414,0.0004084044572006695,0.03336968565795611,115.316667
13359,0.11212837578485223,-449.51663793475217,-0.3187231357239088,-7.961704576388075,-0.06946732148654368,0.019142542734170192,-0.6399299703710991,9.461467612531826e-06,0.0013614944093586535,0.00042534492581703314,0.040039818519780015,115.325
13360,0.10980325481372936,-449.5884827483632,-0.27083580407170865,-8.316716707891432,-0.06651144855359659,0.023582441072436053,-0.6400957806144073,9.711093495195109e-06,0.0013892838285785116,0.0004382785399593269,0.04760688578752907,115.333333
13361,0.10790505180303311,-449.66268266392814,-0.21891093816631751,-8.626989031706596,-0.06346818519869889,0.02795830414199623,-0.6402285805656347,9.929577802541369e-06,0.0014175872679877061,0.00044673906257074647,0.05557028056096854,115.341667
13362,0.10649766622004267,-449.7391162616904,-0.16342037393815434,-8.875528262114546,-0.06035350356259398,0.03229788079790977,-0.6403255532771467,1.0105911568950263e-05,0.0014467578986564822,0.00045070683385103845,0.06315755554972301,115.35
13363,0.10559043865562578,-449.81697635893494,-0.1052818416023772,-9.049865574545118,-0.05716913866789897,0.03658129495480715,-0.6403873914431795,1.0229922755428022e-05,0.001477033984529485,0.00045058920967646173,0.06941575437967058,115.358333
13364,0.10520222051805725,-449.89546350423853,-0.0455245176370844,-9.139992451301318,-0.05392666509800373,0.040801109537259246,-0.6404136920209751,1.0293464670098993e-05,0.001508407128884576,0.00044710842598315065,0.07343376077370374,115.366667
13365,0.1053390535678847,-449.9738767645914,0.01474080394235859,-9.141080827687292,-0.05063041659331254,0.044958155664188364,-0.6404044330193712,1.0291508822273186e-05,0.0015404865084739413,0.00044106632163575535,0.07458610844444723,115.375
13366,0.10600592031307257,-450.05134313605157,0.07434145139288745,-9.053168791675205,-0.0472957374288598,0.04904897197537365,-0.6403591369264746,1.0222849063315019e-05,0.0015724532641927663,0.00043312034747965665,0.07271647623144982,115.383333
13367,0.10717738176541469,-450.12710256030573,0.1321597366716492,-8.883479427242376,-0.04392601408796445,0.05306578149454576,-0.6402788773626045,1.009024803479317e-05,0.0016031197071925303,0.0004236530112554778,0.06817692698608181,115.391667
13368,0.10883437716203263,-450.200572603955,0.18724834372937718,-8.64242979158741,-0.04052691219821081,0.057011614691030374,-0.6401638523487562,9.900016853734766e-06,0.0016311028774398883,0.0004127760916550091,0.061703078502142614,115.4
13369,0.11095052044477137,-450.2710908376072,0.23879849415121351,-8.343492172549778,-0.037114209810352405,0.060881997698720706,-0.6400143986367542,9.661133873526569e-06,0.0016550295748453715,0.0004004403059249061,0.054192813878968175,115.408333
13370,0.1134894374616433,-450.3382505305749,0.2862388469902919,-8.0017370886907,-0.03369548118435834,0.06467634268255014,-0.6398313042677453,9.384112348309472e-06,0.0016737382321633523,0.00038658799464664763,0.046488232242783395,115.416667
13371,0.11641194147572495,-450.4017944893208,0.3292127722247246,-7.631891888320204,-0.030277247246816057,0.06839508860664513,-0.6396154413627335,9.079878405042789e-06,0.0016864206352913964,0.00037126890359615494,0.039228049400499586,115.425
13372,0.1196779921633201,-450.46150821683926,0.3675379910310589,-7.2472765121843254,-0.02687155495329116,0.07203697677666628,-0.6393677394014108,8.758841367824476e-06,0.0016926769825300991,0.00035468626244319527,0.03279814866978206,115.433333
13373,0.12323953077447758,-450.5175514640237,0.4012430603808381,-6.85935034264868,-0.02346924877020242,0.07560334649889683,-0.6390898536483975,8.43024792683424e-06,0.001692495671327957,0.000337178329397354,0.02735762185852698,115.441667
13374,0.12706066379319855,-450.56985600428635,0.4304114419473466,-6.476795164451387,-0.020085485253881704,0.07909329587259871,-0.6387826989721354,8.101836314283607e-06,0.001686188047210955,0.0003191616752109656,0.022900751867396412,115.45
13375,0.13110172331252254,-450.6184842831634,0.4552269402783468,-6.106297100006872,-0.016729945224632135,0.08250534779022878,-0.6384477184506139,7.7797308091348e-06,0.0016742888283882984,0.0003010678198571961,0.019327100556628573,115.458333
13376,0.13532938492724508,-450.663516229677,0.47591882893395365,-5.7523702837690545,-0.013415519213272144,0.08584085279298093,-0.6380861105775709,7.468514383156351e-06,0.0016574689775929361,0.0002832906886752227,0.016495331842053353,115.466667
13377,0.1397054390951876,-450.70526211724297,0.49278066722962194,-5.417983479076152,-0.010136920077564572,0.08909951157517632,-0.6376997981530229,7.17140453577833e-06,0.0016364557473286686,0.0002661543882349421,0.014259461999182372,115.475
13378,0.14419634701499326,-450.7438931634761,0.5060913987941473,-5.104753937021532,-0.006901733083747958,0.09227950137552109,-0.6372906498469328,6.890479939067398e-06,0.0016119803944392396,0.00024990011642777096,0.012487931960857575,115.483333
13379,0.14877608784720955,-450.7795808256024,0.5161207052611327,-4.813149939820849,-0.003718455016959538,0.09538242880526328,-0.6368601715003819,6.626912099025288e-06,0.0015847381713965927,0.00023468698040885922,0.011071721841729432,115.491667
13380,0.15341618029397522,-450.8125903555069,0.5231430042845354,-4.543008901694434,-0.0005860645123948074,0.09840718944239626,-0.6364103976762445,6.381177703162457e-06,0.0015553624539914874,0.00022060218091025347,0.00992516899463467,115.5
13381,0.1580899692330775,-450.84322320145014,0.5274194904014026,-4.2936466785834835,0.002501598718317157,0.10135142873817629,-0.635943505802664,6.153243816925319e-06,0.0015244181708054868,0.00020767505127364719,0.00898313945409974,115.508333
13382,0.16277625851481442,-450.87164592338866,0.5291746172513533,-4.064063181392504,0.0055389997634847695,0.10421429250270423,-0.6354614177082516,5.942719298260559e-06,0.00149239977261075,0.00019589153364908964,0.008197205044893486,115.516667
13383,0.16745655237991092,-450.8980317463645,0.5286144643596833,-3.8530652522416435,0.008522594907968539,0.10699548842396478,-0.6349660176016918,5.7489735467285854e-06,0.0014597316202051543,0.00018520697207505027,0.0075318705512133705,115.525
13384,0.17210937573277219,-450.92262411651126,0.5259378625151416,-3.6594177332781017,0.01145783608273777,0.10969079738077288,-0.6344597383902869,5.5712275604141755e-06,0.0014267730957044616,0.00017555707262839322,0.006961238020525859,115.533333
13385,0.17671759867218176,-450.9456186407302,0.5213186911659413,-3.481833663547573,0.01434725065683996,0.11229734131844979,-0.6339447737834878,5.408622397764987e-06,0.0013938285271958414,0.00016686655700708103,0.00646633616452496,115.541667
13386,0.1812665429410854,-450.9671091201958,0.5149063384311797,-3.3190778845118873,0.017183750468305236,0.11481395065329489,-0.6334232298639085,5.260267625071733e-06,0.0013611519409079669,0.00015905535054604192,0.006033174161483558,115.55
13387,0.1857423971341282,-450.9872840729569,0.5068435595519669,-3.169936613548492,0.01997239011454023,0.1172376158558647,-0.6328972726576924,5.125275296991014e-06,0.0013289529720115338,0.00015204291782513495,0.005651308808477133,115.558333
13388,0.1901301550261686,-451.0063783849855,0.4972644677148551,-3.0332807308261245,0.02272551884453445,0.11956193128492454,-0.6323693604663858,5.002782854126874e-06,0.0012974031331349442,0.00014575137953388016,0.0053127989387423726,115.566667
13389,0.1944213967089255,-451.0243646948378,0.4862710004550444,-2.9080815039935515,0.025426559771571624,0.12178913632074896,-0.6318412846660376,4.8919678178681744e-06,0.0012666425222350064,0.00014010740267543956,0.005011477164828407,115.575
13390,0.19860222854337828,-451.0414086110369,0.4739723509772007,-2.7933982066492695,0.02808214607296986,0.12391332344845782,-0.6313156057154728,4.792055717399101e-06,0.0012367810903578258,0.00013504300471605047,0.004742482365613576,115.583333
13391,0.20266184617720023,-451.0577163004939,0.46046907919354835,-2.6883401355144616,0.03070595568208077,0.12592783492627527,-0.6307946078973972,4.702324656572326e-06,0.0012079066104220637,0.0001304962410828453,0.004501879845708624,115.591667
13392,0.20659314777844098,-451.07331748498973,0.44584297133727274,-2.592112354107791,0.033291489891456826,0.1278323013123064,-0.6302801695420909,4.62210613581588e-06,0.0011800865681675155,0.00012641125894255944,0.00428642855737471,115.6
13393,0.21038678674084513,-451.0882075434127,0.4301698866978141,-2.5040212252922647,0.035827894851350545,0.12962616005306601,-0.6297745098496902,4.5507838565129585e-06,0.0011533696187085466,0.00012273803300022403,0.004093427148719559,115.608333
13394,0.214033239684824,-451.1026755827374,0.4135344468201066,-2.423401061542799,0.03834300806196969,0.13129775831660315,-0.629279925843654,4.487791581775806e-06,0.001127789997005911,0.0001194320833046294,0.00392058985051926,115.616667
13395,0.21752741904367087,-451.1166447426396,0.395997909671357,-2.3496762469935186,0.04081888051915474,0.13285038486433431,-0.6287981448052795,4.43261005273835e-06,0.0011033700678012514,0.00011645415067561105,0.0037659517837942413,115.625
13396,0.22086053693034519,-451.1301874292181,0.37762578289359605,-2.2823386899329745,0.043256631085666165,0.13427958742696697,-0.628331416486206,4.384763309265505e-06,0.0010801203922695994,0.00011376965638176241,0.003627825280745496,115.633333
13397,0.22402710356867483,-451.1434546824453,0.35848272122358504,-2.2209095799190686,0.04566920830153826,0.13557877064685347,-0.6278815437954828,4.3438152264677305e-06,0.0010580437038129737,0.00011134832444307057,0.003504744094517148,115.641667
13398,0.22702066148388328,-451.15632828911106,0.3386195436993002,-2.16498535415504,0.048033441479926754,0.136752404517647,-0.6274504610200206,4.3093658009917725e-06,0.0010371349637452252,0.00010916375007745375,0.003395430257388987,115.65
13399,0.2298356484038611,-451.1689915590118,0.3180967482843086,-2.11418840326283,0.050367466507388825,0.13779156507864926,-0.6270399633092005,4.281047761077536e-06,0.0010173834971746638,0.00010719299283254364,0.0032987722992994578,115.658333
13400,0.2324668418108327,-451.18149929117175,0.2969673876252361,-2.06818985537535,0.052672523139782726,0.13869272264915186,-0.6266517746454202,4.258523342133079e-06,0.0009987738855724115,0.00010541623079182635,0.0032137975994960192,115.666667
13401,0.23490970020168864,-451.1938208956977,0.27527954108034114,-2.0266947996609095,0.05493832532722177,0.1394570744403643,-0.6262874878797876,4.241481360216984e-06,0.0009812870604704548,0.00010381642738548534,0.003139658355916916,115.675
13402,0.2371616598088527,-451.205956734991,0.25308133328999577,-1.9894308253561075,0.057159351592711224,0.14008559742523058,-0.6259483577704451,4.229634577685257e-06,0.0009649010977568532,0.00010237904302469145,0.0030756190434446467,115.683333
13403,0.23921829186799642,-451.21796849656255,0.23042129021514163,-1.9561718374444543,0.0593383689840503,0.1405746408825509,-0.6256358693226073,4.222717338284415e-06,0.0009495913801958039,0.00010109178117127517,0.003021044377298015,115.691667
13404,0.24107713739563916,-451.2297376015799,0.20734073327438707,-1.9266986647042699,0.061453391087382084,0.1409323417319546,-0.6253511561145537,4.2204835883109965e-06,0.0009353322835489455,9.994437153988739e-05,0.002975387692940017,115.7
13405,0.2427299914975869,-451.2418134743896,0.1839019254381668,-1.9009069471005555,0.0635752123138215,0.14112218825809406,-0.6250961790288752,4.222705112680937e-06,0.0009220971174596159,9.892837973863821e-05,0.0029381859549934266,115.708333
13406,0.24417895921555907,-451.25351757437636,0.16012615135567992,-1.8785508906485766,0.06560412664238424,0.14118970423221308,-0.6248712496685299,4.229170206924894e-06,0.0009098608922872713,9.80370357578171e-05,0.002909042002890944,115.716667
13407,0.24541768067214795,-451.26553492676936,0.13607919733869436,-1.8595952242506737,0.06763060470373625,0.14108902635275686,-0.6246779175112869,4.239682333042624e-06,0.0008985968904626118,9.726510760039204e-05,0.0028876386417183795,115.725
13408,0.24644738828208662,-451.2772899709361,0.11178435552037704,-1.8438380834293997,0.06956920406673821,0.14086095267118384,-0.6245164773919797,4.2540593056213475e-06,0.0008882803823895632,9.660877571638579e-05,0.002873712581099101,115.733333
13409,0.24726583930569612,-451.289119425589,0.08729549240044791,-1.8312355365156394,0.07146232993909864,0.14048368344399567,-0.6243876862668599,4.272132492502497e-06,0.0008788862700481283,9.606554397967498e-05,0.0028670695832775663,115.741667
13410,0.24787042711279153,-451.3010351029905,0.06265395453557017,-1.8217233504778978,0.07330631534489421,0.13995658603979724,-0.6242922799703996,4.293746352988911e-06,0.0008703907791520903,9.563416730266369e-05,0.0028675676042697242,115.75
13411,0.24825976171820563,-451.313074702255,0.03790247573871383,-1.8152556138337648,0.07510133703070565,0.13927781310939993,-0.6242307206695802,4.3187581749218685e-06,0.0008627719127782722,9.531460134194414e-05,0.002875119304388747,115.758333
13412,0.2484309041429686,-451.3255393233162,0.01309292833912765,-1.8118669760541635,0.07688337464012308,0.1384242999129476,-0.6242036306955903,4.347037976948783e-06,0.0008560092634883349,9.510796476664641e-05,0.002889689808821805,115.766667
13413,0.2483847844361137,-451.3383110170026,-0.01173618060588237,-1.8115137061312176,0.07863067051275742,0.1374061198713828,-0.6242109327403722,4.3784686402620765e-06,0.0008500847428201786,9.501654732957238e-05,0.0029112912841787763,115.775
13414,0.24812415505716606,-451.3511563946997,-0.036550489174599354,-1.8141309203282046,0.08030655543879411,0.1362446133311541,-0.6242521727377489,4.412946158406828e-06,0.0008449815016580189,9.504377944961849e-05,0.0029399882391286805,115.783333
13415,0.2476480368371854,-451.364069655711,-0.06131030282066559,-1.819735739723359,0.08190494771671558,0.1349421696053867,-0.6243274005501547,4.450380027304247e-06,0.0008406836577778114,9.519421513731589e-05,0.002975899289522613,115.791667
13416,0.24695645127887347,-451.3770842799594,-0.0859735382636733,-1.8283689293122833,0.08342534488169209,0.13349861839718263,-0.6244364206173549,4.490693845348492e-06,0.0008371777896847938,9.54735766316052e-05,0.0030191949999593477,115.8
13417,0.2460510370593994,-451.39025212010296,-0.11049578733775085,-1.8400891701878914,0.08487000966650914,0.13191302339428226,-0.6245786967181848,4.533826056008174e-06,0.0008344527336660469,9.588880209895158e-05,0.0030700979423152995,115.808333
13418,0.24493258484389552,-451.4036861167212,-0.1348303735760847,-1.8549981329463927,0.08624853623041771,0.13017858448928424,-0.624753742537391,4.579730837482375e-06,0.0008324992222737041,9.644811435835376e-05,0.003128882999854988,115.816667
13419,0.24360421623072026,-451.417375546265,-0.15893376842269444,-1.873174436424895,0.08755459547274402,0.12830012030666035,-0.6249606264532996,4.628379171585237e-06,0.0008313103307199707,9.716112636267687e-05,0.0031958778344789835,115.825
13420,0.24206563064489192,-451.4313994308161,-0.1827613661164763,-1.8947608885049292,0.08879199690756541,0.1262729769209094,-0.6251988717685745,4.679760043811363e-06,0.0008308809114270948,9.803891368498935e-05,0.0032714665169174192,115.833333
13421,0.24031963223649122,-451.4457561217577,-0.2062688376339917,-1.9198857987127103,0.08995486336345546,0.12410122785654232,-0.6254674415809033,4.733881837606493e-06,0.0008312088357502577,9.909416527220824e-05,0.003356091672404337,115.841667
13422,0.23836921974773792,-451.4604751061073,-0.22940974018987098,-1.9487113663974007,0.09104110639581683,0.12178647074719703,-0.6257651997076601,4.790773861369195e-06,0.000832294127743357,0.0001003413004196752,0.003450257645705374,115.85
13423,0.23621727289941546,-451.47560116925945,-0.25213633899721605,-1.981432822511603,0.09205006149357955,0.11932897909775857,-0.6260909627222829,4.850488029763062e-06,0.0008341390719701179,0.00010179665036809035,0.0035545325738328658,115.858333
13424,0.23386777403640854,-451.49112784220523,-0.274401891304413,-2.0182503707624133,0.09297497094543157,0.11673445832319418,-0.626443320415891,4.913100716698045e-06,0.0008367484073893058,0.00010347866383252858,0.0036695511975611034,115.866667
13425,0.23132434427287904,-451.507082186489,-0.29615751673651264,-2.0594085171457994,0.0938127709656576,0.11400561800318146,-0.6268208641577414,4.978714755935911e-06,0.0008401291445330882,0.00010540810034458199,0.0037960194459851185,115.875
13426,0.22859147970909816,-451.5235354127764,-0.3173494936700571,-2.1052006637509635,0.0945653138700539,0.11114165110989496,-0.6272220081256912,5.047461595022777e-06,0.0008442908297172986,0.00010760829724451828,0.003934717595067411,115.883333
13427,0.22567518936950626,-451.54052302838744,-0.3379231000570262,-2.1559366605160486,0.09523036413787678,0.10814600260046185,-0.6276449095975434,5.119503609935708e-06,0.0008492454040692347,0.00011010549265188477,0.004086501249222751,115.891667
13428,0.222579198232493,-451.5580883464438,-0.35782448188296545,-2.2119794740314154,0.09580512291764702,0.10502056696961469,-0.6280880285534148,5.1950365447238e-06,0.0008550068827074347,0.00011292912301370472,0.004252305055741631,115.9
13429,0.21931014817272576,-451.5761601773604,-0.3770026729918998,-2.2736680156571514,0.09627579562482023,0.10177994844936264,-0.6285493822655887,5.274292071413234e-06,0.0008615921845675885,0.00011611215795397153,0.004433150315680796,115.908333
13430,0.21587489469284746,-451.5950060337842,-0.3953798235442311,-2.341554797800247,0.09666304319800087,0.0984066065016477,-0.6290269537567776,5.357540357438897e-06,0.0008690203249359598,0.0001196913284628657,0.004630156023523872,115.916667
13431,0.21227930791875163,-451.6146097213258,-0.4128969024165204,-2.4161117424366676,0.09695660037135097,0.09491011691527604,-0.6295188639171656,5.4450926904007424e-06,0.0008773123537795158,0.00012370793499565655,0.0048445223383677335,115.925
13432,0.20853059899791568,-451.6349877575167,-0.4294882745875835,-2.4978767604878036,0.09715004763054018,0.09129802265452963,-0.6300230567056708,5.5373040699645644e-06,0.0008864917198924983,0.0001282078741862684,0.0050775632239115085,115.933333
13433,0.20463664676198498,-451.6562042880352,-0.44508037548555746,-2.587472817750089,0.09724133965828441,0.087574024371303,-0.6305374095110271,5.6345754597377854e-06,0.0008965837773984019,0.00013324200824789737,0.0053307231185993785,115.941667
13434,0.20060743021564167,-451.6783637272432,-0.4595888972364973,-2.685605316735049,0.09723204707264982,0.08373928340540174,-0.6310595646314315,5.737355605404099e-06,0.0009076154200300072,0.00013886651465702326,0.005605603511157177,115.95
13435,0.1964520895185361,-451.7015117600435,-0.47293129434792763,-2.793020972513079,0.09711734459957752,0.07980084225812718,-0.6315873333346865,5.846142148603412e-06,0.0009196141445523858,0.00014514315997617584,0.005904002651550594,115.958333
13436,0.19217897240693818,-451.7257805120669,-0.4850126459581635,-2.9106055955916545,0.09689816448108227,0.07575766456579272,-0.632118687159092,5.961481617929695e-06,0.0009326079285704144,0.00015213913531622136,0.006228005755643241,115.966667
13437,0.18780096293831025,-451.75122034284067,-0.495732419042905,-3.0392488025873687,0.09657008792212261,0.07161912787327182,-0.6326511134245996,6.083967845943477e-06,0.000946624854386818,0.0001599268900350494,0.006580107405634006,115.975
13438,0.18332911523128803,-451.77798121353504,-0.5049756016666211,-3.1800018597324233,0.09613422137511692,0.0673849440723542,-0.6331824330072382,6.214237958584159e-06,0.0009616908219718643,0.00016858318495935147,0.006963416917579005,115.983333
13439,0.1787742754608987,-451.8060134746316,-0.5126419447609876,-3.333857987838523,0.09557702803601452,0.06307475138524758,-0.633710596507185,6.352965010110201e-06,0.0009778290268655878,0.00017818786071513846,0.007381970726286473,115.991667
13440,0.17415197863231288,-451.8355981891192,-0.518576389078448,-3.5021026395437445,0.09490848471557004,0.05867891241588015,-0.634233141236473,6.5008459582051215e-06,0.000995058695694741,0.00018882072486311937,0.007841285484469523,116.0
13441,0.16948164120032733,-451.86691930816664,-0.5226153277426423,-3.685980186926409,0.09413149994286463,0.05419935287411717,-0.6347473541043975,6.658583333913059e-06,0.001013391684540247,0.00020055902957782283,0.00834901805440801,116.008333
13442,0.16477485011857956,-451.90007409274483,-0.524608957213415,-3.88678054407819,0.09323824793525351,0.04964454552169787,-0.635251572920452,6.826858485419866e-06,0.0010328291280320009,0.00021347188399300804,0.008916058138618054,116.016667
13443,0.16005262561049347,-451.93517884801287,-0.5243751225778868,-4.105729686210239,0.09222645035454693,0.04502496946538217,-0.6357433024858711,7.0062938668303385e-06,0.0010533618768987696,0.00022761212703617837,0.00955821267122271,116.025
13444,0.15532798993429753,-451.9723498132771,-0.5217356570329125,-4.344115110105477,0.09108866710910826,0.04034953430447105,-0.6362210955962545,7.1974008802113564e-06,0.001074964919273541,0.00024300616889956345,0.010298389904998545,116.033333
13445,0.150631270417761,-452.01191613073894,-0.5164306968992692,-4.603074279042579,0.08983459687154814,0.03561323098859198,-0.6366819894260239,7.400510098697374e-06,0.0010975982021566473,0.00025964042644458293,0.01116972895214154,116.041667
13446,0.14597860419797304,-452.0539197404103,-0.5082608945559409,-4.8834703743417505,0.08845264206410572,0.0308341264832212,-0.6371247126206109,7.615679348220132e-06,0.0011211992062622556,0.0002774458778968512,0.012219108292908877,116.05
13447,0.14139855573930035,-452.0986462760161,-0.4969500227101095,-5.1858448269769175,0.08694626231249752,0.026011778485011086,-0.6375470551464677,7.842577015321414e-06,0.0011456887043673812,0.00029627713671981576,0.013511934839075077,116.058333
13448,0.13692217566920487,-452.1462435810131,-0.48223028259584017,-5.5099786049511525,0.08531455322171053,0.021158290822238406,-0.6379469150439255,8.080338575647338e-06,0.001170969429437698,0.0003158928861932615,0.015136225160632557,116.066667
13449,0.13258489660482084,-452.1970094159316,-0.4637947417740483,-5.854840440614976,0.08356156178205006,0.016272770859794856,-0.6383221561226661,8.327396040235535e-06,0.0011969326609808071,0.0003359359002383862,0.017205437543069815,116.075
13450,0.12841151161182737,-452.25103672345756,-0.4414052215978295,-6.218414853810143,0.08167912911703469,0.011369248478592277,-0.6386718819015871,8.58128742218585e-06,0.0012234693587327144,0.000355921312838439,0.019856611607912956,116.083333
13451,0.12443483899237812,-452.30847622581865,-0.4148134963950388,-6.59718909317936,0.0796649767108694,0.006456258591943958,-0.6389947737553497,8.838465727626605e-06,0.001250493141809991,0.0003752379209673084,0.023241501505226667,116.091667
13452,0.12069722477605718,-452.36946837153005,-0.38378741260322274,-6.985548637955922,0.07752198416227707,0.001540855043158706,-0.6392890429322872,9.094134804806821e-06,0.001277961036560806,0.0003931713312475737,0.02750374876401347,116.1
13453,0.11723856622957117,-452.434152146629,-0.3481601498929729,-7.375858233475421,0.07525014198308297,-0.0033742198083878843,-0.639553393743017,9.342148675563332e-06,0.0013058951222440069,0.0004089550750717881,0.032737600903661755,116.108333
13454,0.11410068664034675,-452.50240579660203,-0.30790321166804135,-7.757932310858176,0.07285041401998564,-0.008272014093754618,-0.6397866078904352,9.575033116891993e-06,0.0013344026248703412,0.00042185452191067444,0.038928814938593605,116.116667
13455,0.111323759222304,-452.5741877944807,-0.26309133900978876,-8.119535772390545,0.07032288529846573,-0.013148981423260347,-0.6399877411066791,9.78419450930506e-06,0.0013636764758348287,0.0004312704572791073,0.045886691908171906,116.125
13456,0.10894764768499324,-452.64926270090314,-0.21398673625120793,-8.446495462460843,0.06766877155177159,-0.01799559676821091,-0.6401559251695091,9.960368380832689e-06,0.001393965429043895,0.00043684205732323834,0.053188151140623495,116.133333
13457,0.10701074975473121,-452.7272591280024,-0.16105196823664952,-8.723601481307945,0.06489095756219825,-0.02280235591519725,-0.6402903473170416,1.0094325930773844e-05,0.0014255021637176216,0.00043850965341355814,0.060169883273113886,116.141667
13458,0.10555384607587712,-452.8076040540135,-0.1049706095015351,-8.935486464249395,0.06199904815677712,-0.027557924759030385,-0.6403898745972092,1.0177790752455905e-05,0.0014583923702095796,0.0004365057924880739,0.06600132882534787,116.15
13459,0.10458633059635783,-452.8897586636523,-0.046628191848755225,-9.070787638965754,0.05898483076774791,-0.03225546992241945,-0.6404552186338902,1.0204433499327017e-05,0.0014924840989858003,0.0004312643426831785,0.0698476398428808,116.158333
13460,0.10413409226441059,-452.97299355822184,0.012948520848130026,-9.120029844868807,0.05585724595196097,-0.036888113706506416,-0.6404855562913484,1.0170781128449911e-05,0.0015272730244233717,0.00042327724513243514,0.07108803995024227,116.166667
13461,0.10420332273457492,-453.0565315495638,0.07262304593879779,-9.079572661164493,0.05261931333360828,-0.04144768900782682,-0.6404809205715734,1.0076802612781153e-05,0.0015618537787741571,0.00041294479342057685,0.0695000808282775,116.175
13462,0.10480179561968914,-453.139377442602,0.1312064375760657,-8.950633653896382,0.04928944352105226,-0.04592112351021675,-0.6404407184501502,9.926003281211374e-06,0.00159498699189201,0.0004005104813293187,0.06533415974172198,116.183333
13463,0.1059018772604486,-453.22102844252726,0.1876689379175411,-8.741749932644435,0.04585446049563319,-0.05030886592871901,-0.6403662226707626,9.724994412868253e-06,0.0016252505693053632,0.0003860924502297309,0.0592379288655721,116.191667
13464,0.10748940536446383,-453.3006816061632,0.24105756608055412,-8.464125815392084,0.0423288535150153,-0.05460132255055379,-0.6402573517046367,9.482662110181296e-06,0.0016512620351550383,0.0003697813834668747,0.05205826057137983,116.2
13465,0.10953612632223327,-453.3776874432288,0.29062064959303324,-8.132275023810363,0.038723696652937144,-0.05879009975589292,-0.6401146086164754,9.209110806202793e-06,0.0016718671917168631,0.0003517493833555286,0.04462737308626835,116.208333
13466,0.11200629817298662,-453.45166798490277,0.33585196932478256,-7.7617532751922615,0.03504210364093114,-0.06287244562223337,-0.6399387620936066,8.914604853878232e-06,0.0016862846920698475,0.0003323153489294298,0.03759829810670386,116.216667
13467,0.11487452604099806,-453.5220739310136,0.3763952520373994,-7.3670293025866656,0.03131081528203399,-0.06684371785855224,-0.6397296795563112,8.60870699334896e-06,0.001694161145570882,0.00031194111579914,0.03137486433243045,116.225
13468,0.11808766609188405,-453.5888811680475,0.4121673995023172,-6.962173039932587,0.027524229697434652,-0.07069998074666244,-0.6394892041137086,8.299690928761925e-06,0.0016955367759834443,0.0002911764116008554,0.026128232397139958,116.233333
13469,0.12159237291086096,-453.65216254337804,0.44323849103055746,-6.558644999031799,0.02367737060532815,-0.07443439887377382,-0.639219379447712,7.994266785397945e-06,0.0016907816636278826,0.0002705782869245235,0.021854182906375096,116.241667
13470,0.12535953163138597,-453.7117693412494,0.46972623963835086,-6.164536675337718,0.01979296645278322,-0.07804630953059094,-0.6389205934415123,7.697551217899981e-06,0.0016804917354104763,0.0002506415893510407,0.01844676827551262,116.25
13471,0.12934968696222843,-453.767758099149,0.49185501380673147,-5.786097747780755,0.015881827791546427,-0.08153334391119411,-0.6385942327117109,7.4131834339061905e-06,0.0016653734422660605,0.0002317569741676185,0.01575955332603444,116.258333
13472,0.13352717941519948,-453.8202309747714,0.5098937074993164,-5.427446921489458,0.011955558026427022,-0.08489503600109537,-0.638241654994916,7.143539325254589e-06,0.0016461716039167186,0.00021419480454821078,0.013643000594483477,116.266667
13473,0.13786422282650554,-453.869297032109,0.5241246856708414,-5.090905938425968,0.00802841283549529,-0.08813509844113511,-0.6378638269145809,6.889977026335075e-06,0.0016236107067801792,0.0001981102720318374,0.011965041197177052,116.275
13474,0.1423110232910394,-453.91531244149746,0.5348826203214869,-4.777919109106085,0.004092837669236584,-0.09124382626800816,-0.6374639797853576,6.653073841399256e-06,0.0015983560426194466,0.00018356119513465878,0.010618592343957884,116.283333
13475,0.14685488658336873,-453.95826577152667,0.5424219477727912,-4.488358221655263,0.00017646399051377354,-0.09423100550049951,-0.6370423840992254,6.43284494750545e-06,0.0015710135087598307,0.00017053122163247097,0.009521016347575375,116.291667
13476,0.15146108608441874,-453.99846350848924,0.5470353519674201,-4.2217866214806445,-0.003722924412711222,-0.09709315561943885,-0.6366015799867895,6.228909007222219e-06,0.001542099630545959,0.00015895136222664866,0.008611327733103427,116.3
13477,0.1561024936745678,-454.0360630622991,0.5489773688937223,-3.977254388874031,-0.00759413323214311,-0.09982974581643174,-0.6361437445001555,6.040630184620054e-06,0.001512062406684557,0.00014872057106958,0.00784510909923463,116.308333
13478,0.16075680335773623,-454.0712742974595,0.5484830741616573,-3.7534622651530087,-0.011432082083640218,-0.10244197835429938,-0.6356708749392961,5.867220340950344e-06,0.001481283930854457,0.00013972060033464758,0.007190419162429358,116.316667
13479,0.16540471406446558,-454.1042882422359,0.5457636678716217,-3.5489757759112157,-0.015231513771395953,-0.10493159279876697,-0.6351849136251156,5.7078134546439565e-06,0.0014500868275105334,0.000131827239169767,0.0066242934752965815,116.325
13480,0.17002488033545138,-454.1352908772187,0.5410127771003242,-3.3623549306220184,-0.018988018782669022,-0.10729766216431989,-0.6346882538008566,5.561518012177883e-06,0.0014187421909983707,0.00012491787568720552,0.0061300775933853064,116.333333
13481,0.17460168350486374,-454.164417233163,0.5343989622234127,-3.1921499372547206,-0.022693759026925896,-0.10954249602409913,-0.6341828975477328,5.42745317802058e-06,0.0013874800243899147,0.00011887633775534071,0.005695479928925953,116.341667
13482,0.17911774325389632,-454.19183805943794,0.5260783097638285,-3.0369787162575026,-0.02634600098018453,-0.11166546705749313,-0.6336712273531,5.304771086962493e-06,0.0013564931327455859,0.00011359545947084177,0.005311246582976707,116.35
13483,0.18355919367013004,-454.2176815578785,0.5161878608657935,-2.895533619073864,-0.02993926591102822,-0.11366787498228939,-0.633155405275608,5.192671020497659e-06,0.0013259448847954994,0.00010897841783208012,0.004970221818516871,116.358333
13484,0.1879097748052161,-454.2421119771102,0.5048551734376099,-2.7666072423790626,-0.03347316814612861,-0.11554733270998624,-0.632638027306191,5.090406411860022e-06,0.0012959722720590656,0.0001049389293998455,0.004666736726536289,116.366667
13485,0.19216014572321005,-454.2652484103077,0.4921904276652503,-2.6490716723536023,-0.03694474959185172,-0.1173057377657818,-0.632121002689217,4.997288040686039e-06,0.0012666917393849147,0.00010140098501596362,0.004396181595297167,116.375
13486,0.19629911416629878,-454.28719909437496,0.4782947718661328,-2.5419159264704776,-0.0403507670704854,-0.11894321516739075,-0.6316065546196202,4.912683358788244e-06,0.0012381984774633972,9.829806008406698e-05,0.004154742065307768,116.383333
13487,0.200314690973562,-454.30809195542156,0.46326205908533513,-2.444224748947414,-0.04369129827647523,-0.12045758863959931,-0.6310971022513486,4.836014779012796e-06,0.0012105707698049548,9.557231666635798e-05,0.0039392019147788445,116.391667
13488,0.2041987104397234,-454.3279934069398,0.4471748936099359,-2.355171501515016,-0.04696090428539597,-0.12185057502888358,-0.630594658643592,4.7667566300122585e-06,0.0011838729181736422,9.317371450359942e-05,0.003746810431483087,116.4
13489,0.20794087875559114,-454.34701386114773,0.43011208955312524,-2.2740148348338316,-0.05015991759137539,-0.12311990354195661,-0.6301015669676165,4.704431186270396e-06,0.0011581552032718554,9.10590679624227e-05,0.0035751979401548936,116.408333
13490,0.21153301917913309,-454.3652365200599,0.41214535397186697,-2.2000892314722744,-0.05328672885295152,-0.12426489404121337,-0.629619943547755,4.6486048127314095e-06,0.0011334570183041696,8.919124181697873e-05,0.0034223046585435558,116.416667
13491,0.21496737316713535,-454.3827701409967,0.3933425021593912,-2.132798735265142,-0.056343820073198964,-0.12528288021313677,-0.6291518787550904,4.598883813737295e-06,0.0011098073508843205,8.7538360239893e-05,0.003286334708158561,116.425
13492,0.21823816967145038,-454.3996578394803,0.3737648068513366,-2.0716136463332933,-0.05932672567137626,-0.12617511928801398,-0.6286992059560508,4.554910513305862e-06,0.001087226126691335,8.60731231834066e-05,0.0031657177486323603,116.433333
13493,0.22133722036419723,-454.4159952005224,0.35347217548028664,-2.016064533579024,-0.0622375237093389,-0.12693788926555546,-0.6282640970064541,4.516359501805866e-06,0.0010657246890579842,8.477219178139367e-05,0.003059081334630584,116.441667
13494,0.22426105047734002,-454.431820108854,0.33251937983546204,-1.9657301906565001,-0.06507282849477561,-0.12757294645549722,-0.6278480572561743,4.482934311310033e-06,0.0010453083391450363,8.361568305686311e-05,0.0029652233349880875,116.45
13495,0.22700173927725167,-454.44719968927,0.31095972759790363,-1.9202423694676884,-0.06783217874599473,-0.12807726403217623,-0.627453203546371,4.4543641579426905e-06,0.0010259752878143443,8.258669429291703e-05,0.0028830955342435075,116.458333
13496,0.22955565824016103,-454.4621773128597,0.28884371725005337,-1.8792708734765677,-0.07051369168554801,-0.1284512815614363,-0.6270810156798723,4.430401270967415e-06,0.0010077199520337977,8.167093979459941e-05,0.0028117830461486673,116.466667
13497,0.23191816805722376,-454.4768318887358,0.2662210279725479,-1.8425276512264388,-0.07312011453333875,-0.12869190905693842,-0.6267330804017865,4.410818286218324e-06,0.0009905319517641118,8.08564022081158e-05,0.002750492404758272,116.475
13498,0.2340848856507658,-454.4911997096998,0.24313847758935045,-1.8097582005439579,-0.07564908347297741,-0.1287987077554451,-0.626410904858964,4.395406087703215e-06,0.0009743976163458254,8.013306017655842e-05,0.002698537873382272,116.483333
13499,0.23605215066702215,-454.50531014477934,0.21964143392835261,-1.7807388474928691,-0.07809778373048362,-0.12877190944844083,-0.6261158392736836,4.383971897809452e-06,0.0009593007599454167,7.949265323325903e-05,0.0026553313052049897,116.491667
13500,0.23781623979614822,-454.5192331525336,0.19577529284528813,-1.755278998604919,-0.08046878454328452,-0.12860825284686714,-0.6258491868571875,4.3763376299148235e-06,0.0009452231830987701,7.892848314822095e-05,0.002620373217533076,116.5
13501,0.23937454924056775,-454.53299416228907,0.17158341519425316,-1.7332106519041945,-0.08275941695834159,-0.1283081958744208,-0.6256120191078226,4.372338510981372e-06,0.0009321454321024113,7.843524948168945e-05,0.0025932444948081872,116.508333
13502,0.24072528055867834,-454.5466218050387,0.1471086555344237,-1.7143905670223814,-0.08496781089995689,-0.12787220664563428,-0.625405214684404,4.371821927986098e-06,0.0009200470181966269,7.800891377256615e-05,0.0025736004627599177,116.516667
13503,0.24186563376299053,-454.5601730576732,0.12239364110779581,-1.6987028794977592,-0.08709544221041467,-0.12729759954016862,-0.6252297319973541,4.374646503140929e-06,0.000908906746897318,7.764659025295771e-05,0.0025611653310803886,116.525
13504,0.24279328520544288,-454.5736602653658,0.09747919668101648,-1.6860471423647208,-0.0891382522418987,-0.1265855475199635,-0.6250863810885107,4.380681397068385e-06,0.0008987036672354708,7.734645973890337e-05,0.0025557271973580017,116.533333
13505,0.24350683283052335,-454.5870999248323,0.07240611792965743,-1.676343179706336,-0.09109307366649232,-0.1257373322364434,-0.6249757498399865,4.389805788553666e-06,0.0008894173461452366,7.710770004309457e-05,0.0025571349861043123,116.541667
13506,0.24400575373941996,-454.6005646816571,0.04721696254839888,-1.6695398267446768,-0.09296409627866885,-0.1247494346773617,-0.624898206131822,4.4019085336927566e-06,0.000881027950802955,7.693043500553093e-05,0.002565295652088028,116.55
13507,0.24428963729109135,-454.6140549500118,0.021951728392038707,-1.6655922888925685,-0.09474639708718074,-0.12362480827087927,-0.6248540147066246,4.416888012402959e-06,0.0008735163394060615,7.68157053252423e-05,0.002580171419103216,116.558333
13508,0.2443565526489807,-454.627603658517,-0.0033497054684382415,-1.6644799939695218,-0.0964384877859071,-0.12236264849969823,-0.6248435908303027,4.434652146434843e-06,0.0008668644163862938,7.676544997612896e-05,0.002601779189318312,116.566667
13509,0.24420805756614886,-454.6412426892459,-0.028645633632420425,-1.6661998416604693,-0.09803995017905637,-0.12096389593110367,-0.6248667191698221,4.45511857754494e-06,0.0008610559685926228,7.678250224525953e-05,0.002630189781353525,116.575
13510,0.24384299125956485,-454.6550053900237,-0.05389612786165192,-1.6707673910685175,-0.09954933607219833,-0.11942795409483038,-0.6249235202361227,4.478214987682839e-06,0.0008560757263454094,7.68706081151814e-05,0.0026655273849376703,116.583333
13511,0.24326317666907,-454.6689187554512,-0.07905957228522752,-1.678214634854941,-0.10096542494569713,-0.11775628077760651,-0.6250135630360035,4.503879600987964e-06,0.0008519105933205205,7.703445056275314e-05,0.0027079706599978564,116.591667
13512,0.24246958049503708,-454.68298260019367,-0.10409595145323833,-1.688584887168409,-0.10228333964138772,-0.11595271329894162,-0.6251364646110624,4.532061819358487e-06,0.0008485488614348847,7.727969949318115e-05,0.0027577532899495535,116.6
13513,0.24146257213902836,-454.6972732854507,-0.12896282687240962,-1.7019600614984514,-0.10350668773944563,-0.11401307285875747,-0.625291849848143,4.562723020802207e-06,0.0008459807685995174,7.761306685951691e-05,0.002815166341700522,116.608333
13514,0.24024476946675816,-454.71177858278065,-0.1536191422078212,-1.7184182093257825,-0.10462948768459596,-0.11194333687680885,-0.6254789143622224,4.595837524474028e-06,0.0008441988889814551,7.804239714450766e-05,0.002880559582766874,116.616667
13515,0.23881746931839556,-454.72654355495706,-0.17802253217907324,-1.7380734803309574,-0.1056515911771129,-0.10974308550243353,-0.6256969786902841,4.631393712993645e-06,0.0008431976030678539,7.857675691540835e-05,0.002954344835985674,116.625
13516,0.23718317778749232,-454.7416019640474,-0.20212969292755667,-1.761058939449382,-0.10657174723264304,-0.10741370796705324,-0.6259451019926191,4.66939532490526e-06,0.0008429737369807365,7.92265631720526e-05,0.0030369988237332964,116.633333
13517,0.23534457528859962,-454.75695973373644,-0.22589790041530036,-1.7875218709364566,-0.10738554056245637,-0.10495978748300065,-0.626222245984309,4.709862934817976e-06,0.0008435263545864204,8.000373230987015e-05,0.0031290664015113,116.641667
13518,0.2333059969857913,-454.7726767324136,-0.24928019582532673,-1.8176519613075306,-0.10809477795913891,-0.10238103506559004,-0.6265270587236141,4.752835614360303e-06,0.0008448569027758947,8.092184446135061e-05,0.0032311651095078956,116.65
13519,0.2310714021231131,-454.78876961474276,-0.27223108177258953,-1.851651259893197,-0.10869620794261102,-0.09968178367746637,-0.6268581889532716,4.7983728032359395e-06,0.0008469688848625319,8.199638042519158e-05,0.0033439868353537855,116.658333
13520,0.22864251315249134,-454.80529056917305,-0.29470465550165065,-1.8897639926585712,-0.10918882206874854,-0.09686180582399471,-0.6272145600859039,4.8465564026206375e-06,0.0008498682027490508,8.32449472241085e-05,0.0034683031363483083,116.666667
13521,0.22602460304191388,-454.8222523781334,-0.31665240944782597,-1.932251839668029,-0.10956897703335916,-0.0939269332426709,-0.6275945212949919,4.8974930975105796e-06,0.0008535640288578494,8.468755593588645e-05,0.003604970528787362,116.675
13522,0.2232205804174811,-454.8399263878033,-0.3380136245879643,-1.9795187076832446,-0.10985530790468742,-0.09085394184303583,-0.6279967239188025,4.951316918710183e-06,0.0008580678509308339,8.634695120779516e-05,0.0037549327091310983,116.683333
13523,0.22023823284950092,-454.8581100832533,-0.3587447915443904,-2.031813211359116,-0.11002389045015032,-0.08767387371602826,-0.6284190863379623,5.008192175188971e-06,0.0008633943626926912,8.824914957783456e-05,0.003919215616789636,116.691667
13524,0.2170829160044708,-454.8768892354304,-0.3787890115059619,-2.0895435349468015,-0.11007662552681415,-0.08438557990908784,-0.6288598596603512,5.0683165640965175e-06,0.0008695601656928577,9.042359962392516e-05,0.004098942553890901,116.7
13525,0.21376243441752224,-454.89608489179966,-0.3980999730715785,-2.1530387381899083,-0.10999420027449047,-0.08101834694709223,-0.6293169440273605,5.13192445197616e-06,0.0008765846938301294,9.290383733370895e-05,0.004295327471465008,116.708333
13526,0.2102817619588077,-454.9161512842954,-0.4165950847685112,-2.222983534331757,-0.10980764848945516,-0.07753111345768518,-0.629788630776412,5.199290390521484e-06,0.0008844896260329349,9.572780120445651e-05,0.0045096869474041115,116.716667
13527,0.20664739527938708,-454.9369698643818,-0.4342198697371627,-2.299845935684489,-0.10950023106254062,-0.07394696823937896,-0.6302730027229904,5.270733103982525e-06,0.0008932997757737389,9.893905704040205e-05,0.004743406092143757,116.725
13528,0.2028693504047341,-454.958594275022,-0.45090249224652285,-2.384236202252648,-0.10907105573445061,-0.07027181825934273,-0.6307676981547948,5.3466197495660155e-06,0.0009030427064069721,0.00010258690273642828,0.004997966591597506,116.733333
13529,0.1989563499597566,-454.9808843876559,-0.46658274754369766,-2.476717552271049,-0.10850522537842183,-0.06653264134561294,-0.6312705730327955,5.427370015965982e-06,0.0009137475591046534,0.00010672730449123772,0.005274928576563531,116.741667
13530,0.19491553441208878,-455.00430253246043,-0.4811549347472775,-2.578278868882505,-0.10782729037791554,-0.06269100166609992,-0.6317797293644818,5.513460124204483e-06,0.0009254453884325481,0.00011142326216989595,0.005575954889199741,116.75
13531,0.19075914615934866,-455.0287167415726,-0.49454293452143766,-2.68963658603397,-0.10702295282770455,-0.058775505259553815,-0.6322926855701584,5.60542696692074e-06,0.0009381692464386136,0.00011674646465853746,0.005902765539797338,116.758333
13532,0.18649509926371527,-455.05429538666664,-0.5066481039667671,-2.8117783302380035,-0.10609457848006654,-0.05478159879245868,-0.6328075770144342,5.703871735108049e-06,0.0009519521450058279,0.00012277701840359692,0.006257207492369348,116.766667
13533,0.18213771762263775,-455.08102206175687,-0.5173705532285201,-2.945645878485313,-0.10503664784184996,-0.050727177050257435,-0.633321852453126,5.809462303421891e-06,0.0009668276782065564,0.00012960426051014583,0.006641295788648219,116.775
13534,0.17769911702623495,-455.1090537793997,-0.526590843348886,-3.0923862603186656,-0.10385153697755298,-0.046611743216500724,-0.6338333506038626,5.9229339973183125e-06,0.0009828268898924596,0.00013732651503198313,0.007057337812627191,116.783333
13535,0.17319330751256523,-455.13851092982526,-0.5341797280831747,-3.253202954877853,-0.1025394366704251,-0.04244016374683972,-0.6343398214714676,6.04508772665919e-06,0.000999977517075969,0.0001460508437257174,0.007508132933214468,116.791667
13536,0.16863443832009004,-455.1695198939625,-0.5399961795916268,-3.4293805082431024,-0.10109983721734925,-0.038217664263590766,-0.634839149492894,6.176784392555657e-06,0.001018301409043092,0.00015589149558008463,0.007997348236926667,116.8
13537,0.16404088990552318,-455.2021617123686,-0.5438850456230547,-3.622203780577433,-0.09953221235726685,-0.033955867319497283,-0.6353289309120502,6.318933595594036e-06,0.0010378119781978836,0.00016696699807270836,0.008530152059337522,116.808333
13538,0.15942893315470763,-455.23663183338346,-0.5456692356845866,-3.833089125000986,-0.09783812909153294,-0.029655221718057838,-0.6358071885380987,6.472474107447893e-06,0.0010585096770219433,0.0001793952063916386,0.009114226869142487,116.816667
13539,0.15481651762039764,-455.27310429706694,-0.5451559528911918,-4.0634208746158675,-0.09601770897762568,-0.025319852537021802,-0.6362719680342609,6.638343317891059e-06,0.00108037904377251,0.00019328602184452324,0.009761337601848948,116.825
13540,0.15022665358026377,-455.31163295010884,-0.5421434417211234,-4.314350990044183,-0.09407028131299716,-0.020966990424619827,-0.6367210379453686,6.817431858044986e-06,0.0011033840432506734,0.00020873015879678696,0.010489702924821504,116.833333
13541,0.14568130010876873,-455.35241856796745,-0.5363994999707722,-4.58699240136546,-0.09199786586941748,-0.01659981997323763,-0.6371525338004463,7.01051782558334e-06,0.001127462207905322,0.000225782996316162,0.011327405023749248,116.841667
13542,0.1412040509760268,-455.39559956613095,-0.5276834160198071,-4.8820863885821515,-0.08980115866530877,-0.0122280039591322,-0.6375646951467306,7.218175673248967e-06,0.0011525214747957547,0.000244444436748153,0.012316928057607942,116.85
13543,0.13681995234108202,-455.44133238047726,-0.5157385852317633,-5.199916251682599,-0.08748149999758395,-0.007859596572749594,-0.6379558970460939,7.44065451537546e-06,0.0011784377878792782,0.0002646326065739337,0.013520908294494937,116.858333
13544,0.13257397453997835,-455.49008814886173,-0.5002049911611106,-5.539975858647284,-0.08505332208717156,-0.003476074297806863,-0.6383230858941357,7.6777208856947e-06,0.0012050559661287896,0.000286153969274862,0.015028440003235647,116.866667
13545,0.1284755897309479,-455.54161919606577,-0.4809216515183419,-5.9007785687831875,-0.08250281432634975,0.0008815287214496366,-0.638666596285844,7.928461663376941e-06,0.0012321886071244435,0.00030867444047417584,0.016959299454116544,116.875
13546,0.12458385165345202,-455.59646369909876,-0.4574911981674545,-6.279186075049739,-0.07984963597780792,0.005239963446037322,-0.6389828566505488,8.191057374451122e-06,0.0012596441767684637,0.00033169009320273496,0.019466882706291936,116.883333
13547,0.12091075554528709,-455.65433184319465,-0.4298042329219315,-6.670857271929697,-0.07708318887816756,0.009560414148008315,-0.6392724717596491,8.46253099742392e-06,0.0012872306430647615,0.0003545198059174412,0.022727168480691562,116.891667
13548,0.11751865529352903,-455.7156927127631,-0.3975358804546277,-7.0686545363437245,-0.07421984636695353,0.013870896415710147,-0.6395322707368961,8.73851026635392e-06,0.0013148069319111515,0.0003763217308994113,0.026918734806399964,116.9
13549,0.11441977667113438,-455.7798508406987,-0.3607880163134907,-7.464074108342989,-0.07125672300024187,0.018112578163976642,-0.6397631801030134,9.013041728803684e-06,0.0013423004032307308,0.00039614983625216294,0.032172183660464614,116.908333
13550,0.11168555156877777,-455.8476312760499,-0.3193093915436031,-7.845186336136134,-0.06820383960082047,0.022352247955239782,-0.6399618160101844,9.278533861529967e-06,0.0013697629060593073,0.00041306139219323605,0.03851051078356633,116.916667
13551,0.10934053403760684,-455.91835167299166,-0.273407384287496,-8.19879819862121,-0.06506422999159873,0.026548714559803892,-0.6401283655696117,9.525890264948781e-06,0.001397362647068028,0.0004262534657797836,0.045755506382916034,116.925
13552,0.10742042826010668,-455.9915950105847,-0.223463933630043,-8.510289118153247,-0.061845902634449224,0.030692349417263343,-0.6402621156140499,9.744913666951796e-06,0.0014253866570144527,0.0004352216397293999,0.0534726405839363,116.933333
13553,0.10593838388848184,-456.0667658418809,-0.1701094887251448,-8.766322097127063,-0.058550284045571874,0.034765801808202566,-0.6403637372141052,9.925032455899375e-06,0.0014541670710579882,0.0004398659383027945,0.06095988976107115,116.941667
13554,0.10495762071865558,-456.1436137354915,-0.11396226224179967,-8.951166116065357,-0.055194595112541475,0.03879705132433676,-0.6404302133370189,1.0056303277755175e-05,0.0014839716858516957,0.00044050735437312907,0.06733633758912634,116.95
13555,0.10447780738180788,-456.22127505718817,-0.05604703049136949,-9.055758088635072,-0.05178129599481235,0.04276660468624796,-0.6404625106785782,1.0130510405820859e-05,0.001514834394695586,0.0004377686453099785,0.07170625093711885,116.958333
13556,0.10450669498193203,-456.2990161069842,0.0025752812369170997,-9.074456772773923,-0.048316834432161684,0.04667176878960361,-0.6404605703589449,1.0142201582357046e-05,0.0015464527029248193,0.0004324042201955206,0.07340553695157166,116.966667
13557,0.10504350386658678,-456.37597556395656,0.06077593150966996,-9.006812910722937,-0.04481370830030269,0.050505550264500924,-0.6404244167869113,1.0089453810970057e-05,0.0015781163695976898,0.00042507367221658127,0.07218813342636128,116.975
13558,0.10608560550219434,-456.45146260584124,0.1174967837338221,-8.857070118106067,-0.04128120737846016,0.05427252180387547,-0.6403537053616731,9.974130870816277e-06,0.0016087454336533,0.0004161968823478697,0.06829308094545172,116.983333
13559,0.10760305356443302,-456.52479587396164,0.17176340245659055,-8.635523343423266,-0.03772382183375895,0.057965583697043056,-0.6402494959380414,9.80158121690646e-06,0.0016370238903728265,0.0004059341886561258,0.06235685357539005,116.991667
13560,0.10957132708828778,-456.595364638843,0.22277317300372845,-8.35462501540679,-0.03415389259444217,0.061583155963262144,-0.6401121301758402,9.579888372077755e-06,0.001661607065636002,0.0003942723851449302,0.05521920631653703,117.0
13561,0.11195954963542508,-456.66276485506603,0.26993467638825047,-8.028460884253676,-0.030578399294276786,0.0651271770028413,-0.6399421262803695,9.318850826483962e-06,0.0016813127602207513,0.00038115813085166944,0.047710618200381076,117.008333
13562,0.11472198453666888,-456.7269447998535,0.31290350130043726,-7.671768677602191,-0.026985497151687313,0.06859909517600148,-0.6397409317532451,9.028905713158409e-06,0.001695270428781957,0.0003666171245570762,0.04049523055725809,117.016667
13563,0.11783763549695526,-456.78713253382926,0.35135109688764204,-7.296995744518845,-0.023426958427703926,0.07199313664846119,-0.6395081536386715,8.720206475137854e-06,0.001702999835821706,0.0003508106279081779,0.034001170331957174,117.025
13564,0.1212477140884677,-456.84386699949675,0.3853468438291849,-6.916300899145243,-0.019862982266883884,0.0753139451994529,-0.6392462626171226,8.401932927327475e-06,0.0017043924150645351,0.0003340347727246391,0.028435468237122345,117.033333
13565,0.12492142156150611,-456.8968097538208,0.4148960115136359,-6.538593547165228,-0.01632745519246911,0.07855827792249992,-0.6389558074333382,8.081899602915321e-06,0.0016996787615913608,0.0003166725952077967,0.023828745196956935,117.041667
13566,0.12882373665306804,-456.9460374172623,0.4401562286237988,-6.170772441791772,-0.012828542299000233,0.0817291847682824,-0.6386378328408009,7.766399357260065e-06,0.0016893256988970852,0.0002991349786661266,0.020105979649281507,117.05
13567,0.13291260676136082,-456.99184390539835,0.46137631669533535,-5.817980808328252,-0.009358963564104662,0.08482574360950963,-0.6382942234566279,7.460228951378913e-06,0.001673951968058219,0.00028180914570018553,0.01714010363216431,117.058333
13568,0.1371610777451701,-457.03406055339093,0.4787558047718371,-5.483460643949643,-0.0059539444860558025,0.08784994269683535,-0.6379258975690043,7.166836760979764e-06,0.0016542565378187498,0.0002650229107527779,0.014790507177346604,117.066667
13569,0.14152737226777273,-457.07336523468865,0.49263818285901917,-5.169116598230136,-0.002576295892392435,0.0907994552349256,-0.6375353592582262,6.888522358653399e-06,0.0016309490983258004,0.00024902707283753627,0.012926671303932507,117.075
13570,0.14598611021472055,-457.109766547301,0.5032611459861488,-4.875746138219767,0.000752734275139363,0.09367466357351734,-0.6371240094922648,6.6266595474950166e-06,0.001604720405910673,0.0002339949839728309,0.011437219083257748,117.083333
13571,0.15050916004909695,-457.1435315812449,0.5108917649860277,-4.603378876938324,0.004035015210149598,0.09647411838666592,-0.6366937849624178,6.381901596036622e-06,0.0015762065323979323,0.00022002844230517083,0.010233306858009333,117.091667
13572,0.15507290422119882,-457.17484967253955,0.5157712010112687,-4.351493213149557,0.007266125655242822,0.09919739258713693,-0.636246487925769,6.1543649363690274e-06,0.0015459796598921117,0.00020717058618771313,0.009246540703085396,117.1
13573,0.15965658759902815,-457.2038824423647,0.5181207329374263,-4.119219459126159,0.010439917945934712,0.10184476275811762,-0.63578389810377,5.9437810979191155e-06,0.0015145422061799041,0.00019541929044710667,0.008425644470220735,117.108333
13574,0.1642379024712015,-457.2308463937157,0.518153373506781,-3.905508947899152,0.01355682127428781,0.10441368003282173,-0.6353081997699547,5.749618491219494e-06,0.001482327771033859,0.00018473990448007402,0.007732764283674475,117.116667
13575,0.16879584923575733,-457.25601129218404,0.5160687542412797,-3.709165665827242,0.016624620786685272,0.10689971697890409,-0.6348216955724884,5.571177493695903e-06,0.0014497081742285336,0.0001750762735990193,0.0071401189498333005,117.125
13576,0.1733163544285007,-457.2795679381794,0.5120364898918942,-3.528906052951294,0.019645432254393733,0.10930183206787804,-0.6343261615085283,5.407661561182167e-06,0.0014169995630570757,0.00016635948974882544,0.006627317800016525,117.133333
13577,0.1777836322100405,-457.30155486270877,0.5062026443402515,-3.3635719955353296,0.02260596162970744,0.11161973515720353,-0.6338237277810227,5.258228323610445e-06,0.001384465242339881,0.00015851428661589403,0.006179338243722739,117.141667
13578,0.18218191925202692,-457.3221966024142,0.4987146195547396,-3.2119791863219347,0.025514398384038954,0.11384854313376166,-0.6333166959566285,5.1220268229451324e-06,0.0013523244544104245,0.0001514636335148392,0.005784986815601568,117.15
13579,0.18649674482272954,-457.341720803018,0.48970590176306006,-3.0730024217151866,0.028381466985610955,0.1159819992755877,-0.6328073805288481,4.99822282678648e-06,0.0013207589190136059,0.00014513221877948424,0.005435771150622819,117.158333
13580,0.190719378177134,-457.36019166964917,0.47928428581810645,-2.945593163994773,0.031201490087048107,0.11802033575880116,-0.6322975407509726,4.8860151895508546e-06,0.0012899178380067562,0.0001394484882351558,0.005125129545544827,117.166667
13581,0.19483643265840322,-457.37770045967784,0.4675540710989308,-2.8288296538007858,0.03397203168488515,0.11995967340723591,-0.6317895935319214,4.784645399143432e-06,0.001259919670117958,0.00013434570666919613,0.004847911184092979,117.175
13582,0.19883863185788098,-457.3944009319455,0.4546123836236611,-2.721816637342867,0.0366998045469152,0.12179568636320123,-0.6312855517161271,4.6934033696666485e-06,0.0012308597586339536,0.00012976267224508532,0.004599976164313426,117.183333
13583,0.20271800379023375,-457.41038926738304,0.44054530241487516,-2.623748840786532,0.03938600443297966,0.12352571511333511,-0.6307873278978776,4.61162921363711e-06,0.001202811720633802,0.00012564392588870245,0.004377936804295754,117.191667
13584,0.20646240996743426,-457.42573748094304,0.4254336498370343,-2.5339383744582054,0.04202885770060898,0.12514484537753273,-0.6302974341307566,4.53871297778901e-06,0.0011758303459960121,0.00012193964759335318,0.0041789771461432056,117.2
13585,0.2100665042906102,-457.4404532127728,0.4093472889803015,-2.4517213221690795,0.04462038110978076,0.12665459529048415,-0.6298175511665435,4.474093226455283e-06,0.001149956962408856,0.0001186054271782245,0.004000717214285685,117.208333
13586,0.2135207318202363,-457.4547997062368,0.39236463019500467,-2.3765017815106044,0.04718475088688507,0.12804201925687286,-0.6293499449943293,4.417254096451232e-06,0.0011252182335052322,0.00011560187005245839,0.003841132091831193,117.216667
13587,0.21682004763985907,-457.46868541132164,0.37454278911653427,-2.3077581941965963,0.04970279821942128,0.12931199113493735,-0.6288962978694321,4.367722372386889e-06,0.0011016308269184817,0.00011289428038468199,0.0036984706284877425,117.225
13588,0.21995694081228725,-457.4821210808895,0.3559410225500796,-2.245027187086298,0.05216785791200347,0.13046367960480162,-0.6284586347412602,4.3250639531193295e-06,0.001079201134010531,0.00011045216284229413,0.003571222455088511,117.233333
13589,0.22292562555546866,-457.495361543386,0.33662520281306596,-2.1878713625857222,0.05460597151578915,0.13148397550102348,-0.6280387446147436,4.288880573969164e-06,0.0010579284050808396,0.00010824886348600023,0.0034580735657097827,117.241667
13590,0.2257203532325085,-457.50826719853455,0.31664268437477944,-2.135922869612104,0.056992100963835904,0.13237994864857297,-0.6276384009121249,4.2588064601248975e-06,0.0010378054050440818,0.00010626119636712928,0.003357873724238222,117.25
13591,0.22833900250586034,-457.52089930479434,0.29604695826380106,-2.0888234504127037,0.05932847734744631,0.1331503004340643,-0.6272588317002417,4.234505241695643e-06,0.001018819891589145,0.000104469067796782,0.003269622974503848,117.258333
13592,0.23077257385467403,-457.5334493542634,0.27489369241121514,-2.0463004599570183,0.061633350674381415,0.1337812873352212,-0.6269022331429198,4.215666998434675e-06,0.0010009542458585066,0.00010285516483750088,0.0031924502584430884,117.266667
13593,0.23302037036199613,-457.54557444933187,0.2532183237135996,-2.0080562727569267,0.06385583848761454,0.13429643762513013,-0.6265695583159488,4.2020058634445216e-06,0.0009841897069503953,0.00010140468399902858,0.00312559312897264,117.275
13594,0.23507373061411735,-457.5579073047604,0.2310889013832173,-1.9739058414772308,0.06607381968669632,0.13465345003103715,-0.6262628932187735,4.193257538061594e-06,0.0009685036234040184,0.00010010506268313964,0.00306839856844405,117.283333
13595,0.23693187736920163,-457.5701705946753,0.20854115820703675,-1.9436143460353172,0.06824538590611379,0.13487116006139874,-0.6259831069303853,4.189177459155674e-06,0.0009538736744909516,9.894575939024e-05,0.003020293441272823,117.291667
13596,0.23859137285675533,-457.5823750577238,0.18561940342615085,-1.9170015621206768,0.07036649312966434,0.13494916868241327,-0.6257314049914376,4.189538932228496e-06,0.0009402752793403531,9.791806477921406e-05,0.002980793790486514,117.3
13597,0.24005156902940955,-457.59455300665144,0.16236893574517555,-1.8939001884411404,0.07243684168126317,0.13488708314597356,-0.6255085062919727,4.1941317127518265e-06,0.0009276834752617331,9.701493911245808e-05,0.002949491691675251,117.308333
13598,0.24130632366429028,-457.6067372586651,0.13883170039918985,-1.8741974010881757,0.07445458923784146,0.13468128514721656,-0.6253159027631702,4.20276075014636e-06,0.0009160724371262023,9.623087121859769e-05,0.002926049158848027,117.316667
13599,0.2423545662072558,-457.61895524067154,0.11505132503705909,-1.857775795400058,0.07641859884042337,0.13433123931057075,-0.6251542438251161,4.2152453142537005e-06,0.0009054181566026046,9.556176980055196e-05,0.002910192668376045,117.325
13600,0.24319380142641314,-457.63138428613405,0.09107565169045295,-1.8445703024732665,0.07834730666120075,0.13382379576033282,-0.6250243226493131,4.231418194305903e-06,0.0008956968127733529,9.50048600749796e-05,0.0029017095877425085,117.333333
13601,0.2438248255407324,-457.64374943298975,0.06693721273535685,-1.8344518560630214,0.08019947036930113,0.1331826625244157,-0.6249263444850051,4.251125199510343e-06,0.0008868857398545207,9.455861619881158e-05,0.002900442440729386,117.341667
13602,0.24424546954703633,-457.656123369771,0.04267877805305211,-1.8273773156812354,0.08197965773729829,0.13240359577803235,-0.6248608934941624,4.274224788761768e-06,0.0008789626513138312,9.422269330997393e-05,0.0029062930956375885,117.35
13603,0.24445565632393615,-457.6685669817392,0.018343867801999918,-1.8233125895079043,0.08369136911598697,0.13148404223344082,-0.6248281476129628,4.300587953178605e-06,0.0008719070642866191,9.399789238766877e-05,0.0029192157753919327,117.358333
13604,0.24445467884167732,-457.6810932078901,-0.006026619244233956,-1.8222374502006027,0.08533142474206218,0.13042490633669726,-0.6248282999629207,4.330098238921734e-06,0.0008656998074766631,9.388613783153407e-05,0.002939215622657215,117.366667
13605,0.24424160151002697,-457.6937301284059,-0.030391628556471786,-1.824154752295957,0.08689844170588994,0.12922571147090287,-0.6248614958532227,4.362651964067175e-06,0.0008603235225390144,9.389046906845516e-05,0.0029663488642437366,117.375
13606,0.2438155775493772,-457.7065210471277,-0.054709528934500755,-1.8290897517763618,0.08839283378535426,0.12788466147896532,-0.6249277822035161,4.398158598031588e-06,0.0008557629460240672,9.40150491132803e-05,0.003000722515295078,117.383333
13607,0.2431781647449973,-457.71956409087204,-0.07893419991389779,-1.8370907151018556,0.0898225101121373,0.1263961804047841,-0.6250267473734514,4.436541300780015e-06,0.0008520050454407395,9.426519011354552e-05,0.003042494496413542,117.391667
13608,0.2423301574429858,-457.73281994917994,-0.10302612073657849,-1.8481951560533851,0.09117729753485765,0.12476645464617486,-0.6251580159329831,4.4777375979363986e-06,0.0008490383865388226,9.46474080346381e-05,0.003091872298948273,117.4
13609,0.24127176542975415,-457.74635312488556,-0.12694173400742553,-1.8624903493303875,0.0924597406866031,0.12299219525408696,-0.6253212206016574,4.521700224188572e-06,0.0008468536258117765,9.516945650165349e-05,0.0031491172531291876,117.408333
13610,0.24000624900289622,-457.7601526564862,-0.15063784476571954,-1.8800501724891572,0.09366383771009082,0.12107859820908119,-0.6255154444433341,4.568398120453553e-06,0.0008454438520652851,9.584042236227061e-05,0.0032145442730709,117.416667
13611,0.23853526215132265,-457.7742112664137,-0.17407275119893154,-1.9009769696430692,0.09478344784163364,0.11902996930631186,-0.6257399436652504,4.6178175540662795e-06,0.0008448037656691416,9.667080181808951e-05,0.003288524056376273,117.425
13612,0.2368612148778438,-457.78857249083575,-0.19720127223954192,-1.925408271413583,0.0958186670032517,0.11684637445402049,-0.6259937863163426,4.669963403571416e-06,0.0008449304083265092,9.767260958873186e-05,0.0033714864389687016,117.433333
13613,0.2349851810856739,-457.80332282220206,-0.21997678624762357,-1.9535276863357618,0.09677354383890742,0.11452314079557327,-0.6262761723961534,4.724860592765826e-06,0.0008458230655324934,9.885953127155085e-05,0.0034639213485361453,117.441667
13614,0.2329115901763644,-457.8184670166403,-0.242352635389609,-1.9855038361157238,0.09764341764967706,0.11206514935741109,-0.6265857307385734,4.782555708477647e-06,0.0008474838303212912,0.00010024710413397529,0.003566381253010686,117.45
13615,0.23064301448694627,-457.83403904404463,-0.2642821024509735,-2.0215512993515774,0.0984259666145017,0.10947379146006461,-0.6269213114541244,4.843118744917112e-06,0.000849916681158436,0.00010185287081170458,0.0036794843062948244,117.458333
13616,0.22818396059266563,-457.8500534788434,-0.2857166047128824,-2.0618994472599037,0.09911718660366577,0.10675350268841806,-0.6272814246090251,4.906645008953827e-06,0.0008531282458802906,0.00010369659898270658,0.003803918430126047,117.466667
13617,0.22553888816471493,-457.86642059392375,-0.3066134708528429,-2.106765483849393,0.09970203941033541,0.10391937021642525,-0.627664544567591,4.973257164841828e-06,0.0008571273311103961,0.00010580050896472659,0.003940444118563953,117.475
13618,0.22271272809365678,-457.883443576155,-0.32690360337036956,-2.156567194466829,0.10020643111406667,0.10094782560882204,-0.6280690410649395,5.043107380174731e-06,0.0008619251164052389,0.00010818944210273234,0.0040899043617095895,117.483333
13619,0.21970987877240095,-457.90104819521486,-0.34654038514593993,-2.2116048684212184,0.10061546834381269,0.09785282278778067,-0.6284933295417052,5.1163796647415746e-06,0.0008675350722938626,0.00011089149455283856,0.004253208096072858,117.491667
13620,0.21653608652777817,-457.91926330420506,-0.36546763219360623,-2.272259089294677,0.10092550606260892,0.09463906179709722,-0.6289356110796809,5.193292344410614e-06,0.0008739733004622513,0.00011393802315107637,0.004431354301244036,117.5
13621,0.21319742396172994,-457.93813339728297,-0.3836257655826766,-2.338962804000623,0.10113415826583734,0.0913101806723279,-0.6293940304876171,5.274100511714718e-06,0.000881258173818197,0.00011736406771217583,0.0046254320579304665,117.508333
13622,0.20969946814194135,-457.9577195971912,-0.4009522587438715,-2.412211392840575,0.10123975435936992,0.08786833351349146,-0.6298667960599419,5.359098493446082e-06,0.0008894102916479467,0.00012120871732308207,0.004836627850102631,117.516667
13623,0.20605170018661376,-457.97809851841373,-0.41737512058892495,-2.4925476100572856,0.10124306286152661,0.0843161599886824,-0.6303516003495033,5.4486222460201715e-06,0.0008984526401479328,0.00012551547340722738,0.0050662380715888085,117.525
13624,0.2022606664142402,-457.9993398002958,-0.43282358409541194,-2.5805850533677477,0.10114199013515733,0.08065625830521281,-0.6308465570197737,5.543051507229017e-06,0.000908409289231183,0.00013033263986053114,0.005315678324622486,117.533333
13625,0.19833449219935587,-458.0214934672927,-0.4472224764170631,-2.676985341519846,0.10093286913713113,0.07689441185394087,-0.631349600482477,5.642811553399421e-06,0.0009193062128251004,0.00013571355942586157,0.005586519278833049,117.541667
13626,0.1942835022685942,-458.0446274387074,-0.4604875593368075,-2.782478977274016,0.10061397574616521,0.07303601118770221,-0.6318584348019262,5.7483742972980465e-06,0.0009311705190268332,0.00014171674111802053,0.005880534531414981,117.55
13627,0.19011388298606177,-458.06874035071866,-0.47254287609193724,-2.8978492340829716,0.10017599645147253,0.06909247305594299,-0.6323713407310363,5.860258297874507e-06,0.000944029341690878,0.00014840588737663406,0.006199770738089364,117.558333
13628,0.18584162234396606,-458.09412631481445,-0.483261825658698,-3.0240981743146924,0.09963438868466423,0.06504986067661864,-0.632885469017409,5.97902724487248e-06,0.0009579106488853227,0.00015584932927309298,0.006546699336108279,117.566667
13629,0.18147508296165918,-458.12079662877403,-0.4925505364419265,-3.162166059616995,0.09897922710085433,0.06092063968727978,-0.6333990061080064,6.105286294205334e-06,0.0009728391213259211,0.0001641201968090613,0.006924328448609039,117.575
13630,0.17702820817050108,-458.14884521266026,-0.5002902531069219,-3.3130925786351764,0.09820865201543426,0.0567117177008534,-0.6339095790574001,6.239675363688394e-06,0.0009888377208649522,0.00017329426411972715,0.007336575849197955,117.583333
13631,0.17251329148658973,-458.1783976487735,-0.5063528063153043,-3.478026844612371,0.09732079079413054,0.05242715731165722,-0.6344151397400789,6.382858028065234e-06,0.0010059244391599329,0.00018344801438774274,0.007788701550488359,117.591667
13632,0.16794525172133573,-458.209616766199,-0.5105906448222266,-3.6581940687590966,0.09631577492026686,0.04806919510589968,-0.6349134875393493,6.535504629168862e-06,0.0010241111880631055,0.00019465531678802662,0.008288009407319816,117.6
13633,0.16334022462661676,-458.24257406335556,-0.5128544712109363,-3.8547801015772456,0.09518870195105805,0.04365016671813215,-0.6354024603685069,6.698267701440863e-06,0.0010434009116298334,0.00020698265876943468,0.008844855387955857,117.608333
13634,0.15871744653541264,-458.2774500017812,-0.5129636370929995,-4.069035350250872,0.09394077321228976,0.03917355745151285,-0.6358797655224376,6.871747039436897e-06,0.0010637850089560614,0.0002204818320565619,0.009474158133019082,117.616667
13635,0.1540950515994837,-458.31445936995743,-0.5107213947465833,-4.302216128766571,0.09257202959606048,0.034640341412898464,-0.6363434440294518,7.05644146521972e-06,0.0010852399563483516,0.00023518098322973012,0.010197413896960798,117.625
13636,0.1494937417508365,-458.3537091487271,-0.5059281995332728,-4.5553501227088695,0.0910785654583414,0.03006306876846039,-0.6367915039369428,7.252684359692352e-06,0.0011077256525348733,0.00025107250976949243,0.011045461566533845,117.633333
13637,0.14493074366475778,-458.3953704481726,-0.4983709376441514,-4.829395232703927,0.0894558998474632,0.025448300354252003,-0.6372225189582996,7.460559202214071e-06,0.0011311832794272828,0.000268097276090636,0.012062040286458485,117.641667
13638,0.14044087110025508,-458.43972689060456,-0.4877685718115979,-5.124760018736955,0.08771156684053642,0.020796357756104014,-0.6376336763553649,7.679792457392262e-06,0.0011555367983496654,0.00028612701194874983,0.013307996231364472,117.65
13639,0.13604196677889116,-458.48688644392763,-0.4738981858420566,-5.441501156235501,0.08583688747580219,0.01612045491033558,-0.6380240374452598,7.909620076285379e-06,0.0011806891731598072,0.00030494532404779255,0.014864981561201616,117.658333
13640,0.1317736030621563,-458.5370931837496,-0.45646192080580816,-5.778570696813181,0.08383857968520364,0.011424551275490078,-0.6383910125154657,8.148630564949621e-06,0.0012065353392988886,0.0003242290194781957,0.016838839097917654,117.666667
13641,0.12765734607811524,-458.59050863533344,-0.4352232105080959,-6.134293471972402,0.0817093061893708,0.0067167664967196054,-0.6387338937350047,8.39458832699653e-06,0.001232965482218077,0.0003435351672871774,0.019358072633740477,117.675
13642,0.12373242488791594,-458.64728659563724,-0.4099224399308794,-6.505190877968681,0.07945198985973091,0.0020058600433725438,-0.6390507573806761,8.644253175602313e-06,0.0012598892147561705,0.00036230113348889565,0.022566708468548285,117.683333
13643,0.12003624304633731,-458.70755848958584,-0.3803425952959354,-6.886120748592084,0.07706740885095716,-0.002700858345029065,-0.6393401540128694,8.893219520004777e-06,0.0012872510306422976,0.0003798612062255426,0.026603842288556785,117.691667
13644,0.11660624316794244,-458.7714112355088,-0.3463296006192945,-7.269950927420802,0.07455534234657453,-0.007396439623235521,-0.6396008960941854,9.135809353578499e-06,0.0013150554765321732,0.0003954914778643281,0.03156756695669622,117.7
13645,0.1134825307417783,-458.83881856180295,-0.3078261807301701,-7.647206204535,0.07191710337073805,-0.01207064473784115,-0.6398318079420368,9.365074469925299e-06,0.001343386897803175,0.0004084831622724168,0.03746166886994003,117.708333
13646,0.1107064542455579,-458.9096967085136,-0.26489253526293194,-8.006154074265357,0.06915493373110726,-0.01671602927143419,-0.6400317821655755,9.572964140705542e-06,0.0013724129886769213,0.00041823695687178824,0.04413166438210115,117.716667
13647,0.1083163867071859,-458.9838347077965,-0.21775775238708664,-8.333308599285402,0.06627042600355465,-0.021323804056629796,-0.6401999989798984,9.750708168494794e-06,0.0014023609567597281,0.0004243601580874888,0.05120880123955209,117.725
13648,0.10635487276490105,-459.0608566060885,-0.166837594454426,-8.613660574427666,0.06327079205177781,-0.02588427869415853,-0.6403353212697421,9.889440591120469e-06,0.0014334571542783745,0.00042673535434108385,0.058093971574219284,117.733333
13649,0.10483934671428913,-459.1403939970615,-0.11275444487365627,-8.833918638750198,0.06014794454140114,-0.030391847220375533,-0.6404381883257572,9.981027534743457e-06,0.0014658251383696853,0.0004255263496664771,0.06401207186384171,117.741667
13650,0.1038050926713508,-459.22179036865066,-0.05631870623050869,-8.980796406673681,0.05691277071644512,-0.034835826499849586,-0.6405075443720002,1.001901593064213e-05,0.001499373758050457,0.0004211118423361505,0.0681551749497607,117.75
13651,0.10327089661660122,-459.30434357625103,0.0014913501308774046,-9.044973107379702,0.05357029271285722,-0.039208100143083756,-0.6405430987043954,9.999512938046095e-06,0.0015336792874871507,0.0004139477542140392,0.069877929575208,117.758333
13652,0.10325789911571422,-459.3872888728942,0.05960054115520617,-9.020921288336247,0.05013143109710604,-0.043506156819592745,-0.6405439614975269,9.921790655172988e-06,0.0015679397320970357,0.00040443758395811846,0.06888573601084805,117.766667
13653,0.10375177460419095,-459.46981944165964,0.11687829302275193,-8.910653863404793,0.04659529534863035,-0.047717085954689084,-0.6405111012584924,9.788461984875185e-06,0.0016010094178385815,0.00039285486748699233,0.06532876734127747,117.775
13654,0.10473210548617146,-459.5512299807535,0.17228338091800774,-8.721149866308993,0.04296126972112666,-0.05183161848524496,-0.6404454116512576,9.60519315403593e-06,0.0016315444256020176,0.00037934992587467664,0.0597567928542148,117.783333
13655,0.10620554567905843,-459.63068731308886,0.2248660925184528,-8.461144420296971,0.03925423989422235,-0.05585006244688074,-0.6403455222385852,9.380015205723663e-06,0.001658191966291221,0.0003640197527717971,0.05295288301334778,117.791667
13656,0.10811850118461364,-459.70775462545043,0.27390614306978545,-8.146147277849357,0.03546283665229163,-0.05975983695468952,-0.6402137625666304,9.122337591649382e-06,0.0016797682353786125,0.00034701729348508235,0.04573158727463255,117.8
13657,0.1104520917493668,-459.78191022607456,0.31885047496801044,-7.790053163706592,0.03160297295889869,-0.06356054944417106,-0.6400498584723805,8.841957796371131e-06,0.001695437706740287,0.00032861587262401676,0.03876175806506722,117.808333
13658,0.11316923992849068,-459.8527821690594,0.3593527385368934,-7.407615296242589,0.027684708470977596,-0.06724679510700422,-0.6398546226610492,8.54820285283936e-06,0.0017047587415544437,0.00030922271111507606,0.032487960237389646,117.816667
13659,0.11623096822256435,-459.9201415447435,0.3952564234218524,-7.0121814076555244,0.023717708405750573,-0.07081502213298266,-0.639628967155401,8.249312945475176e-06,0.0017076852826472116,0.0002893375665139294,0.02712512487817277,117.825
13660,0.11959818866593509,-459.98390008235026,0.42656306553527273,-6.614973828154706,0.01970989641305899,-0.07426360510023756,-0.6393738731109542,7.952107573596359e-06,0.0017045009488245314,0.0002694844534192947,0.022708071712000146,117.833333
13661,0.12323001908914129,-460.0440091825675,0.4533861454948768,-6.224998536248759,0.01567273750420793,-0.07758913936909508,-0.6390906065864898,7.661890614794488e-06,0.0016957245341403544,0.0002501457023084834,0.019158384804688122,117.841667
13662,0.1270896074878639,-460.1005488816304,0.4759270863544858,-5.848778810483036,0.011614055950251332,-0.08079175521724112,-0.6387803367898091,7.382530061134214e-06,0.0016820149466955962,0.00023171527154591562,0.016343984416357756,117.85
13663,0.1311471678579104,-460.1535569284068,0.4944211066948919,-5.490708438953971,0.007549427530606035,-0.0838744031428413,-0.638443892066791,7.116638472448246e-06,0.0016640867972315004,0.00021447785598624193,0.01412109254069629,117.858333
13664,0.13535970094888752,-460.2031892084495,0.5091562905010472,-5.153877121958844,0.003486843198658222,-0.08683220496741727,-0.638083476342245,6.865795164471082e-06,0.0016426460351641966,0.0001986087071193647,0.012358120584330026,117.866667
13665,0.13969483856931375,-460.24965806193956,0.5204247141470004,-4.8396589566753505,-0.0005679782912222866,-0.08966574133358515,-0.6377007487119326,6.630779123667225e-06,0.0016183616465623553,0.0001841871108993272,0.010945300682611256,117.875
13666,0.14412461158013912,-460.2931728435865,0.5285088485828014,-4.548376490475558,-0.0046087091164236085,-0.09237662699861403,-0.6372972864061475,6.411774392086407e-06,0.0015918379859873465,0.00017121671775461867,0.009796763848680215,117.883333
13667,0.1486196729455228,-460.33389060227256,0.5336764879011915,-4.279736935817667,-0.008624225186812494,-0.09496446549676413,-0.6368750942758251,6.208543178381915e-06,0.0015636054640355377,0.00015964668387246535,0.008847974764040216,117.891667
13668,0.153154560305337,-460.37200257236606,0.5361794306076054,-4.032888493561069,-0.012606861998523832,-0.09743019438267907,-0.6364361216407375,6.020565649986391e-06,0.001534123900864098,0.00014939053999295313,0.00805158730481628,117.9
13669,0.15770776638979303,-460.40771159041475,0.5362485746877736,-3.8066409056758,-0.016551278615698314,-0.0997757436309251,-0.635982207954815,5.847146066201165e-06,0.0015037866143523904,0.00014034160557275025,0.007373324607659925,117.908333
13670,0.1622588444092619,-460.4412009977288,0.534093752251947,-3.5996629294122418,-0.02045160261770408,-0.1020024954312455,-0.6355153306979827,5.68749095823583e-06,0.0014729267381151769,0.00013238448762346844,0.0067884509536955805,117.916667
13671,0.16678738254206382,-460.47263761715686,0.5299056411658863,-3.410573746680238,-0.02430152479921612,-0.1041108432811711,-0.6350377003609444,5.540765413591294e-06,0.0014418260571234796,0.0001254031163358315,0.006279005730089573,117.925
13672,0.1712753858296386,-460.5021942865454,0.5238563144048096,-3.2379698067838216,-0.028096935846803825,-0.10610124031663534,-0.6345514964723448,5.406132085787264e-06,0.0014107238156020716,0.0001192859894821449,0.005831765924185218,117.933333
13673,0.17571031307862528,-460.5299906306652,0.5160952669191567,-3.0804771446583517,-0.03183035219122368,-0.1079776656943289,-0.6340584871024016,5.282776647299667e-06,0.0013798227493771683,0.00011392926414201168,0.005436809153450523,117.941667
13674,0.18007313562265906,-460.5562202287653,0.5067663436948353,-2.936823191687309,-0.03550246288918789,-0.10973666507172866,-0.6335613246906231,5.1699232581534965e-06,0.001349292188923982,0.0001092382475745324,0.005086528974649325,117.95
13675,0.18435248692419967,-460.58100455755243,0.4959919637838958,-2.80579411007932,-0.03910890841867634,-0.11138026051641821,-0.6330619586782912,5.066844580332656e-06,0.0013192778377434638,0.00010512813118116077,0.00477492323573274,117.958333
13676,0.18853583697434628,-460.6044453501626,0.4838834922796659,-2.6862875580055685,-0.0426441132938829,-0.11290953455224753,-0.6325625892230533,4.972865315880453e-06,0.0012899011582933732,0.00010152370866380075,0.0044971605922490086,117.966667
13677,0.19261182353733652,-460.6266760720012,0.4705434529425417,-2.577285483804999,-0.046107424094471945,-0.11432393971845847,-0.6320653881732672,4.887363494435195e-06,0.0012612639634237053,9.83589055329073e-05,0.004249262693085281,117.975
13678,0.19656920510047154,-460.64781787800297,0.45606522091816687,-2.4778676424914394,-0.04949797750363604,-0.11562224675411407,-0.6315726078247698,4.809769335940034e-06,0.0012334507516424066,9.55760632599579e-05,0.004027892929806566,117.983333
13679,0.20039861330020142,-460.6679723117257,0.44053323771898445,-2.3872009371381018,-0.05281412927870267,-0.11680412520506739,-0.6310863465165535,4.7395628366290446e-06,0.0012065311879483212,9.312512054678624e-05,0.003830212014273687,117.991667
13680,0.2040917536174339,-460.68722263420904,0.42402461102079275,-2.30453674133962,-0.056053291305004166,-0.11786987251528538,-0.6306086221763121,4.6762704573059715e-06,0.0011805611938037984,9.096276334108704e-05,0.00365377985516809,118.0
13681,0.20764019966860847,-460.7056867162367,0.4066123072991072,-2.2292018712649417,-0.05921775262564351,-0.11881685381005187,-0.6301415124403795,4.619461498592356e-06,0.0011555843369123072,8.90516262002169e-05,0.003496483825698271,118.008333
13682,0.211036164301601,-460.7234058141845,0.3883617416792319,-2.1605998379792726,-0.062301653230640186,-0.11964632246976745,-0.6296870446501099,4.568744405920914e-06,0.0011316336698593442,8.735956829047275e-05,0.003356483595246977,118.016667
13683,0.21427245307877993,-460.74048471040834,0.3693363895545934,-2.098192896512697,-0.06530747197755228,-0.12035540475732735,-0.6292471877772686,4.5237630767130985e-06,0.0011087329509205958,8.58589999375328e-05,0.003232172474996747,118.025
13684,0.21734247588452388,-460.75697066870674,0.3495942460709009,-2.041504354562499,-0.06823156775531543,-0.12094439763444575,-0.6288238374286498,4.484193332105495e-06,0.0010868977518485147,8.4526297376423e-05,0.003122144475195567,118.033333
13685,0.22023992187499075,-460.7729564155529,0.32919177787831494,-1.9901092204904551,-0.07107635394528261,-0.1214101114461093,-0.6284188487183435,4.449739618648265e-06,0.0010661364843897124,8.334128299079631e-05,0.003025169935834217,118.041667
13686,0.22295991469792475,-460.7884695932619,0.30818079149476313,-1.9436296139195224,-0.07383725417191353,-0.12175401521396774,-0.6280338624243355,4.42013198895974e-06,0.0010464514827143857,8.22867796874204e-05,0.002940173662025263,118.05
13687,0.2254973174339028,-460.8035911827322,0.28661258942499007,-1.9017322343148515,-0.07651645799997571,-0.12197314934111718,-0.6276705307491722,4.395123337407161e-06,0.0010278394837001253,8.134822177771861e-05,0.002866218843145311,118.058333
13688,0.22784882205404178,-460.8183485688499,0.26453508502508966,-1.8641203866302922,-0.0791105631984962,-0.12206899362601434,-0.6273302099066718,4.37448697320654e-06,0.0010102928512887059,8.051333047335726e-05,0.002802490885049759,118.066667
13689,0.23000892217879448,-460.8328260287598,0.24199606000467194,-1.8305381255328363,-0.08162263275462606,-0.12203701779886902,-0.6270145331529103,4.358014428631395e-06,0.0009937997766009858,7.97718318477832e-05,0.0027482859318453583,118.075
13690,0.23197378558705456,-460.8470558952751,0.2190405811655881,-1.800757872613623,-0.08405014795245719,-0.12187719694945869,-0.6267248472566832,4.34551362163521e-06,0.000978346185626298,7.911522784464902e-05,0.002702998215448285,118.083333
13691,0.23374129229982557,-460.86105041746464,0.19571229555507927,-1.7745785093796356,-0.08638892569109233,-0.12159189716042468,-0.6264621909891033,4.336807198317872e-06,0.0009639157741041753,7.853659268925527e-05,0.0026661120013802223,118.091667
13692,0.23530711894424688,-460.87489567159264,0.17205549092371397,-1.751834734207668,-0.08864311025720009,-0.12117576696311531,-0.6262278700128497,4.3317311324090655e-06,0.0009504900836414925,7.803040621584497e-05,0.0026371941114996114,118.1
13693,0.23667008494994432,-460.88860204883144,0.14811225115421103,-1.7323771753221542,-0.09080885774410553,-0.12063124595347424,-0.6260226565635809,4.330133612494041e-06,0.0009380501220865718,7.75924203760663e-05,0.002615885781311258,118.108333
13694,0.23782659213664645,-460.90221655725503,0.12392418641246608,-1.7160853051394769,-0.09288592728381852,-0.11995615186966914,-0.6258476162910953,4.331874077283671e-06,0.0009265756986756577,7.721954473366058e-05,0.0026018983620696074,118.116667
13695,0.23877458037692645,-460.91575004144397,0.09953174079975383,-1.7028547603761794,-0.09487030960084489,-0.11915222460250134,-0.6257035115807765,4.336822517484007e-06,0.000916046974985627,7.690975931863768e-05,0.0025950078827379,118.125
13696,0.23951290949939902,-460.92927845771044,0.07497723921098016,-1.6926113370319684,-0.0967661142651236,-0.1182153663495081,-0.6255908878531405,4.344858923957052e-06,0.0009064443158169627,7.666204167798957e-05,0.0025950519099607727,118.133333
13697,0.24004173745584567,-460.94279012219476,0.050300455032193755,-1.6852863977938008,-0.09856749679607357,-0.11715027406838102,-0.6255100115402306,4.355872933234177e-06,0.0008977483999890194,7.647631698994603e-05,0.002601925859592562,118.141667
13698,0.24035978642383357,-460.95630728386226,0.025541083821123665,-1.6808357141234258,-0.10027210521820859,-0.11595773675428422,-0.6254612864741771,4.369763643558504e-06,0.0008899402083884573,7.635342340578197e-05,0.0026155816641874716,118.15
13699,0.24046553370194038,-460.9699163298576,0.000740510908522172,-1.6792460793532797,-0.10188478386435677,-0.11463186912538435,-0.6254450719877279,4.386439604233119e-06,0.0008830019601407313,7.629509282488809e-05,0.002636025967952604,118.158333
13700,0.24035965593818115,-460.9835871657914,-0.024062617874300946,-1.68049888369762,-0.10339766266780114,-0.11317945984253047,-0.625461306477538,4.4058189664698236e-06,0.0008769174877241551,7.630394934967106e-05,0.002663318641544117,118.166667
13701,0.24004248419286234,-460.9973657621198,-0.04882755808789454,-1.6846087398861076,-0.10481143910733667,-0.11159947757582471,-0.6255098972143064,4.4278297720144565e-06,0.0008716717526008745,7.638351354263655e-05,0.00269757380913086,118.175
13702,0.2395147063957666,-461.01127785596736,-0.07351407777252425,-1.6916039467159938,-0.10612448393185288,-0.10989308934533867,-0.6255906133409734,4.452410400665338e-06,0.0008672512710100654,7.653823375534866e-05,0.0027389593419313795,118.183333
13703,0.23877620022608972,-461.0253612222237,-0.09808206743398042,-1.7015342073147368,-0.10733595842402667,-0.10805984010310711,-0.6257032648644936,4.479510174938945e-06,0.0008636442555196256,7.67735262450807e-05,0.0027876980463611622,118.191667
13704,0.23782839088049496,-461.03965074389737,-0.12249031486522301,-1.7144673402853805,-0.10844511647759836,-0.10610029290259587,-0.6258473433946521,4.509090118678157e-06,0.0008608411162101246,7.709583090555612e-05,0.002844069363867099,118.2
13705,0.23667418511629795,-461.0541518365887,-0.14669748809683988,-1.7304823088997243,-0.10944855190196862,-0.10401892021182883,-0.6260220374719466,4.54112386707992e-06,0.0008588341386543673,7.751268945781919e-05,0.0029084110282494484,118.208333
13706,0.23531423511343116,-461.0689145143082,-0.17066209530781698,-1.7496909823962945,-0.11034636048933551,-0.10181447031817292,-0.6262268015955461,4.57559873189775e-06,0.0008576172351740387,7.803283980336806e-05,0.0029811214654169864,118.216667
13707,0.23375094079399605,-461.08395998277075,-0.1943419918501809,-1.7722185136570285,-0.1111361196737054,-0.09948970802319479,-0.6264607518251494,4.612516941880105e-06,0.0008571869093726675,7.866633226777782e-05,0.0030626630253930555,118.225
13708,0.23198666500814746,-461.0993218729476,-0.21769415043167842,-1.7982166732472615,-0.11181640885978054,-0.09704617115776022,-0.6267229404205028,4.651897053807786e-06,0.0008575418532169594,7.942466706381862e-05,0.0031535651657078373,118.233333
13709,0.23002621874081594,-461.11500463395276,-0.24067418752758638,-1.827851490910849,-0.11238390270969136,-0.09448984567837973,-0.6270119936264494,4.693775545727395e-06,0.0008586831562474594,8.0320961966519e-05,0.00325442799468516,118.241667
13710,0.22787078508745628,-461.13109957412235,-0.2632364487600312,-1.861345776453751,-0.11284152117137015,-0.0918156853611735,-0.6273270149590158,4.738208596175995e-06,0.0008606137255935759,8.137015114989252e-05,0.0033659252270304,118.25
13711,0.22552500759932304,-461.14761168945677,-0.28533497394936685,-1.8989213368050688,-0.11318519535632815,-0.08902996357104342,-0.6276665434884104,4.7852740941824085e-06,0.0008633396504457299,8.258922722130349e-05,0.003488808540955179,118.258333
13712,0.2229926102670286,-461.1647678327496,-0.3069128729957953,-1.9409174162253011,-0.11342950924932971,-0.0861137327077884,-0.6280292064439263,4.8350738660351e-06,0.0008668692531030527,8.399749263405459e-05,0.003623911250135725,118.266667
13713,0.220279606351798,-461.18239551832244,-0.32792886616965183,-1.9875528564985092,-0.11355435132920923,-0.08309446475919693,-0.6284132652137328,4.887736202164481e-06,0.0008712135533042128,8.561699568607417e-05,0.003772144446915442,118.275
13714,0.21739143668213218,-461.2005369921167,-0.3483309970076301,-2.039164633986997,-0.11355866458947002,-0.07997546711949066,-0.6288170378032673,4.9434185607958946e-06,0.0008763857734785794,8.747267602343507e-05,0.00393451158522602,118.283333
13715,0.21433268420956098,-461.21926164488946,-0.36806494523350036,-2.096143563761804,-0.1134426374726245,-0.07675700797838651,-0.6292389390410138,5.002310431355933e-06,0.0008824016923844281,8.959287859574525e-05,0.004112104506109468,118.291667
13716,0.21110999389947382,-461.23857811228436,-0.3870754924205141,-2.1588978749070384,-0.11320231058436588,-0.07344739516316194,-0.629677083669167,5.064636554460333e-06,0.0008892800628236879,9.200982560711904e-05,0.004306104640116336,118.3
13717,0.20773064592113955,-461.2585708729748,-0.40530006553258513,-2.2279198781859426,-0.11283946909421783,-0.0700469619755058,-0.630129502569541,5.130660367981485e-06,0.000897042078606565,9.47601008130289e-05,0.004517783695964955,118.308333
13718,0.20420024881376855,-461.2792979931012,-0.4226765170751766,-2.3037459374899045,-0.11235232930748396,-0.06655897105649758,-0.6305944577516386,5.200687680193187e-06,0.0009057112614793978,9.78853013384148e-05,0.00474849730756521,118.316667
13719,0.20052656513136338,-461.3008104903156,-0.4391373337450009,-2.38696781794384,-0.11173925883516274,-0.062988748629967,-0.6310699392753543,5.275070557656557e-06,0.0009153140356404606,0.00010143260771480925,0.004999687874810639,118.325
13720,0.19671478724736974,-461.3231821166565,-0.4546128048023907,-2.4782585624598323,-0.1109981368504599,-0.05933888954868111,-0.6315542909986884,5.354211288536682e-06,0.0009258789788585536,0.00010545545519955891,0.005272880948131267,118.333333
13721,0.19278308509349323,-461.3463380425172,-0.4690234519388793,-2.578256312815154,-0.11012511412935487,-0.05563286946537144,-0.6320442672384946,5.438566333993867e-06,0.000937437501906687,0.00011001416381361386,0.005569693564131959,118.341667
13722,0.18873495994194756,-461.3704957008668,-0.4822826742117991,-2.687860214318043,-0.10912497659373008,-0.05185791060502272,-0.6325385437007767,5.5286498454521235e-06,0.0009500193793599222,0.00011517658712870676,0.0058918282665119705,118.35
13723,0.1845829013556804,-461.39573661565316,-0.49429504433130433,-2.8079615565894036,-0.10799826647520636,-0.048019811802476546,-0.6330347421657085,5.625036813437001e-06,0.000963657079545907,0.00012101882746006897,0.0062411089297256086,118.358333
13724,0.18033685974380165,-461.42215240264966,-0.5049609133877353,-2.939544178801844,-0.10674390489515406,-0.04412333234922881,-0.6335308855818585,5.728365410537968e-06,0.0009783820532546141,0.00012762555763322846,0.006619528626808158,118.366667
13725,0.17601130649162214,-461.4499533463567,-0.5141550077232017,-3.083749474734934,-0.10536750692748925,-0.040162660971815485,-0.6340245750943322,5.839337623803609e-06,0.0009942245619953144,0.00013508995874463635,0.007029372690995815,118.375
13726,0.17161713119388694,-461.4791451846267,-0.521766446723599,-3.2416636115655395,-0.10386268626520291,-0.03615387046810939,-0.6345139499868787,5.958717552577109e-06,0.0010112107005831727,0.00014351361161395916,0.0074733857004123366,118.383333
13727,0.16716963516574668,-461.5098607841167,-0.5276561257829266,-3.4145214974813194,-0.10223059855088532,-0.03210135824222133,-0.634996787546939,6.087325985539414e-06,0.001029361801257228,0.00015300437527165502,0.007955184884911792,118.391667
13728,0.1626848230397786,-461.54219518367387,-0.5316762788900258,-3.6035774529980857,-0.10047073064346619,-0.028014412009371197,-0.6354709573849441,6.2260294955124635e-06,0.0010486904987815095,0.00016367410353720937,0.008479819912572621,118.4
13729,0.15818233177651894,-461.5762142772767,-0.5336645755355403,-3.8100578630293196,-0.09858380917368845,-0.023906398545446118,-0.6359341391633194,6.375722042695368e-06,0.0010691975549407381,0.00017563395713039097,0.009054738336334097,118.408333
13730,0.1536745301474712,-461.61219419655384,-0.5334344567608708,-4.035410032448999,-0.09657054903985823,-0.01976952099483163,-0.6363849525042019,6.537295893931024e-06,0.0010908671314107863,0.00018898729893092233,0.009691256353911654,118.416667
13731,0.14918705657942488,-461.6502428164576,-0.5307794301292112,-4.2807643278794885,-0.09443420717148104,-0.015615660283351337,-0.6368208887480128,6.711599188828668e-06,0.0011136654456955057,0.00020381997422704758,0.010406753696201714,118.425
13732,0.14474008951358538,-461.69051867478356,-0.5254838671399507,-4.547165051275028,-0.09217514172888791,-0.011451351582051437,-0.6372402392114012,6.899374847301168e-06,0.0011375320936064172,0.00022018566471639333,0.011227755495419408,118.433333
13733,0.1403475120840879,-461.73315251269076,-0.5173369700052903,-4.835472619595682,-0.08978860970032264,-0.00728589354637028,-0.6376420892627103,7.101175803719937e-06,0.001162378654288826,0.00023808686490784062,0.012194177706278777,118.441667
13734,0.13604554905207245,-461.7783580461646,-0.5060581794029582,-5.145894365687109,-0.08728394917931312,-0.003122782722680392,-0.6380237245743532,7.317253153094673e-06,0.0011880891908322873,0.0002574507511439073,0.01336480506903646,118.45
13735,0.1318637425656998,-461.82633826427923,-0.4913748127348105,-5.478016621210993,-0.08466462607465818,0.0010344996766985175,-0.6383833829119123,7.547409943295189e-06,0.001214512861357358,0.0002781024216016463,0.01482273563729251,118.458333
13736,0.12784434965896657,-461.87732410226016,-0.47297959559152664,-5.8301945295925535,-0.08194041677671447,0.0051858713718608085,-0.638718551094747,7.790819202048258e-06,0.0012414723402524325,0.0002997361521512946,0.01668033551712331,118.466667
13737,0.12401050952287648,-461.93136378709073,-0.4506516784893592,-6.199787188179137,-0.07910816757035219,0.009317668011502757,-0.6390286312541,8.045808629868784e-06,0.001268771695679272,0.00032189113174736783,0.019079766287764737,118.475
13738,0.12039792460609343,-461.98849765390526,-0.42416999180768944,-6.582355282758735,-0.07617297990420713,0.013419150581883758,-0.6393122212238509,8.309628178699057e-06,0.0012962253951483863,0.0003439404816927905,0.022186858808671158,118.483333
13739,0.11703125540342413,-462.048943923361,-0.39334997007528194,-6.972276534622742,-0.07312951543325016,0.017495319479670292,-0.6395689958439217,8.578225237506096e-06,0.0013236833222911963,0.00036510441077677543,0.026170015042612814,118.491667
13740,0.11396110903801307,-462.11259299910705,-0.35807204414582255,-7.360606118144056,-0.06999153474489521,0.02153386401389965,-0.6397968352849872,8.846071610627074e-06,0.0013510705703587594,0.00038450232111639026,0.03116094869334679,118.5
13741,0.11123384057067688,-462.1792622179045,-0.31834202532148,-7.7361767007747835,-0.066771346842196,0.025525681819839514,-0.639994171445734,9.106092569383117e-06,0.0013784107448224464,0.00040123766899906793,0.037191696086973855,118.508333
13742,0.10887044740689504,-462.24892404169117,-0.2743129242771876,-8.087383381051437,-0.06346067352051435,0.029474202205684336,-0.6401613288825413,9.349763809264916e-06,0.0014058473539170027,0.0004145276095399301,0.044119710765912805,118.516667
13743,0.10691264634535123,-462.3211717719249,-0.22630881907166092,-8.399960857872784,-0.060071795657971605,0.033369540042669885,-0.6402970918564035,9.56747025017333e-06,0.0014336417543178034,0.0004238501688327039,0.051567048442369263,118.525
13744,0.10540407376818038,-462.39543663807166,-0.1748511589973795,-8.658816731803777,-0.056622972948520554,0.037204224178516654,-0.6404000291331551,9.749147286597186e-06,0.0014621062412099259,0.00042904218954652765,0.05890070404311428,118.533333
13745,0.10435971881654252,-462.47128071449947,-0.12064810553481577,-8.851675975064225,-0.05311163657094489,0.040979094872130695,-0.6404704368823099,9.885156577716067e-06,0.0014914979570026586,0.0004303299284175689,0.06529563988263033,118.541667
13746,0.10378855000125016,-462.54822386194047,-0.06455012499099433,-8.968984742965313,-0.04953294482030687,0.04469532090747114,-0.6405086481402157,9.967326385111571e-06,0.0015218944234847564,0.00042826120534920724,0.06989412295033086,118.55
13747,0.10372107605415312,-462.6251737419269,-0.007610502162794983,-9.002733101123226,-0.0459206958390029,0.048339519591223505,-0.6405131483547793,9.989980113986556e-06,0.001553064922086601,0.0004235287688915494,0.07201600240710113,118.558333
13748,0.10414882497911507,-462.70156498269387,0.049136763755621864,-8.952305304729784,-0.0422706328236152,0.05191552583538022,-0.6404845700357872,9.950681487548935e-06,0.0015843849267106315,0.0004167672728657047,0.07135043845564273,118.566667
13749,0.10505443060944218,-462.77688717706076,0.10469611945885905,-8.822079917154529,-0.038575409841707015,0.05542528171332662,-0.640423678964592,9.850550990158446e-06,0.0016148698035237604,0.00040841750635881247,0.06804035173495677,118.575
13750,0.10643322788114684,-462.8503059405003,0.1580925968099299,-8.619250636474204,-0.0348557570687589,0.05886533359052772,-0.6403299628913516,9.694104704242854e-06,0.0016432881911310284,0.00039867672358842853,0.06262532570847454,118.583333
13751,0.10826511318052497,-462.92085002210706,0.2084394093089869,-8.35528183176207,-0.031144880356228314,0.062224602046961966,-0.6402035676280581,9.488614364410009e-06,0.0016683302623782916,0.00038756250342833953,0.05588026737451339,118.591667
13752,0.11051233902843421,-462.9884163823584,0.25518846782804433,-8.044144409418868,-0.02742826374421596,0.06551227066273164,-0.640045580733584,9.243165974819622e-06,0.0016888057703418028,0.0003750374759202752,0.048614432192814444,118.6
13753,0.11314034755714492,-463.0525826085268,0.29789661163294584,-7.69976648165465,-0.02371971336064948,0.06872598662694274,-0.6398567235219474,8.967652977980952e-06,0.0017038041193186827,0.0003611209175222343,0.04150245589541636,118.608333
13754,0.1161073714193873,-463.1134184305346,0.33637374722361324,-7.335323086551356,-0.02000644557943576,0.07186958555112108,-0.6396381926401731,8.671870804997244e-06,0.0017127746371589053,0.0003459518512773745,0.03500631848733312,118.616667
13755,0.11937953598177936,-463.1705688258525,0.37048483111199715,-6.962134021108064,-0.016313759123090174,0.07493971238681575,-0.6393906579288245,8.364827756303491e-06,0.0017155414601688712,0.0003297952255312365,0.029367699048431537,118.625
13756,0.12291689424618817,-463.224048367266,0.4002753553884636,-6.589724518964394,-0.0126468032035193,0.07793668153806198,-0.6391153610386517,8.054308520404624e-06,0.0017122541569225928,0.0003130060805052742,0.024653352945209768,118.633333
13757,0.1266835655475445,-463.2739115874556,0.4258761710186779,-6.225352202951273,-0.009013135531010852,0.08086212079072913,-0.6388134261935368,7.746678075352698e-06,0.0017033163316958933,0.00029597583021254674,0.02081295908701728,118.641667
13758,0.1306420978685364,-463.3203272563505,0.4474929692183788,-5.874391608643822,-0.005414681948565935,0.08371607968189763,-0.638486344331725,7.446870591382178e-06,0.001689298843703853,0.00027908165611764853,0.01773480437598673,118.65
13759,0.13476129391322136,-463.363357490301,0.4653450333051023,-5.540413426662554,-0.0018651400230905528,0.08650023063566153,-0.6381353649725673,7.158503102805565e-06,0.00167086461431576,0.00026264992075273144,0.015286320216571574,118.658333
13760,0.13900482177285045,-463.4032775909949,0.479704223392247,-5.225704575915708,0.0016382306167737012,0.0892124543244765,-0.6377624690038208,6.884054034774021e-06,0.0016487036004773485,0.00024693673222778303,0.013339434282829112,118.666667
13761,0.14334480401352762,-463.4403410267997,0.49083336684252066,-4.9312382522463905,0.005096151646245005,0.09185326115389499,-0.6373692182164062,6.625068939231456e-06,0.0016234937088464498,0.00023212344245222732,0.011782557951865148,118.675
13762,0.14775492397363355,-463.474716447783,0.49897889957858244,-4.657265767180535,0.00850201017673779,0.09442249727173399,-0.6369573145101044,6.382358544637523e-06,0.0015958677997412367,0.00021832212013720418,0.010524885376066708,118.683333
13763,0.1522120905807072,-463.50660291297595,0.5043778206808699,-4.403420300139575,0.011852481446791756,0.09692053348652044,-0.6365284294893998,6.156177527529957e-06,0.0015663990126756273,0.00020558605342563404,0.00949564751428062,118.691667
13764,0.1566918699448616,-463.5361952042516,0.50725550437874,-4.169021301769246,0.015144554259037995,0.09934537119205239,-0.6360846267400341,5.946375680043045e-06,0.0015355939270192528,0.00019392251402068232,0.00864123684952149,118.7
13765,0.16117372585165057,-463.56374654897684,0.5078236789940868,-3.9530548775675003,0.01838248082558681,0.10169484131377167,-0.6356278442019857,5.752521505553413e-06,0.0015038950191333786,0.0001833050365565768,0.007921734581470637,118.708333
13766,0.1656395819376795,-463.58944648739697,0.5062699849970456,-3.7543911692387346,0.02156600697441006,0.10396731995405399,-0.6351599927583216,5.573998199834315e-06,0.0014716826056693638,0.0001736842892120456,0.007307702281089973,118.716667
13767,0.17006999536802606,-463.61349905055306,0.5027698135921607,-3.5718777616374897,0.024697619773153823,0.10615838040409649,-0.6346833372033016,5.41007673353938e-06,0.0014392798239137488,0.0001649966936165493,0.006777490489601953,118.725
13768,0.17445392548993177,-463.63598487424184,0.4974673375422567,-3.4043019567247934,0.027769230092902546,0.1082703934020466,-0.634199420094826,5.259970456441192e-06,0.001406960757861615,0.00015717117369312187,0.006315096304678188,118.733333
13769,0.1787721731983708,-463.6571159207014,0.490511495583885,-3.250559063398096,0.03078672695721445,0.11029625958826307,-0.6337108372436915,5.1228731092195885e-06,0.001374951843356222,0.00015013388614492536,0.0059086169817796335,118.741667
13770,0.1830134707305616,-463.6770885717502,0.4820309050559024,-3.1095101412868176,0.033757212434130775,0.11223226604676208,-0.6332194578048639,4.997986988881403e-06,0.001343444060963565,0.00014381188922758882,0.005549028366576627,118.75
13771,0.18716626981592277,-463.6959909747044,0.47213700967365674,-2.9801405141020525,0.036677086306224654,0.11407661708562675,-0.6327272946936817,4.884540259624009e-06,0.0013125933793159419,0.00013813528964480348,0.005229392497186513,118.758333
13772,0.1912189696187983,-463.7138925154618,0.46093166887735826,-2.8615195147134154,0.039541371831545685,0.11582760174152083,-0.6322364741649181,4.781798430029925e-06,0.0012825264301812196,0.00013303855117203107,0.004944274909894399,118.766667
13773,0.19516112813361755,-463.7309057968029,0.4485107260943851,-2.7527722526001863,0.04235107075432,0.11748192126328157,-0.6317490780826283,4.689070907222178e-06,0.0012533451690843829,0.0001284612553074755,0.004689332241087835,118.775
13774,0.19898351330055025,-463.747202848585,0.4349651520925971,-2.6530823003767465,0.045115478390859026,0.1190333365373688,-0.6312671154735889,4.605713928073187e-06,0.0012251301223201406,0.0001243484322628215,0.004461024927145847,118.783333
13775,0.20267785491115473,-463.762842643296,0.42037326495143384,-2.561728838449572,0.047831755953620096,0.12047994171168128,-0.6307925328057897,4.531131039888694e-06,0.0011979431571219642,0.00012065057727064955,0.00425641688124572,118.791667
13776,0.2062355824994268,-463.7778655591533,0.404807619895303,-2.478066618006794,0.05049526655853999,0.12182018341639167,-0.6303273622837412,4.464771980521125e-06,0.0011718300553983573,0.00011732340986475707,0.004073041542621787,118.8
13777,0.20964915323908362,-463.7923856725229,0.38833925797719876,-2.4014973542975064,0.05311109601302679,0.12304896413805155,-0.6298735401498047,4.406130590170605e-06,0.0011468233742403953,0.00011432757892544201,0.003908800669943279,118.808333
13778,0.21291115489563803,-463.8065177868055,0.3710349290695477,-2.331486879988106,0.05568519103190541,0.12416020865740579,-0.6294330105435285,4.354742021793703e-06,0.001122944183256478,0.00011162831431269976,0.0037618905298970762,118.816667
13779,0.21601564786210659,-463.82022378611344,0.35295115963566975,-2.2675622616481212,0.058205379612311904,0.1251565867546895,-0.6290075319518064,4.310179679104244e-06,0.0011002040541024777,0.00010919503420387634,0.0036307494301558796,118.825
13780,0.21895593553664836,-463.83368304322505,0.33415062815779817,-2.2092907322937925,0.06068670961979726,0.12602766787475542,-0.6285989682473021,4.27205201060055e-06,0.0010786061551435041,0.00010700093767964145,0.003514023239790478,118.833333
13781,0.22172745199298988,-463.84681549360755,0.3146828346709117,-2.1562889140729067,0.06311263812091705,0.12677898165057422,-0.628208880386979,4.239999427858756e-06,0.0010581472314567064,0.00010502266235836218,0.0034105282846317864,118.841667
13782,0.22432469921346126,-463.85967482289493,0.2946005191018816,-2.1082146709658556,0.06548329767262469,0.12740767174140047,-0.627838940798796,4.213691275574306e-06,0.0010388180429068256,0.00010323991806937877,0.0033192351093774657,118.85
13783,0.22674281861874307,-463.87240534777084,0.2739577998465789,-2.0647631858108983,0.06781085064457942,0.1279047004979261,-0.6274907081394867,4.192823100933524e-06,0.0010206051155249932,0.00010163518866521558,0.0032392451397436203,118.858333
13784,0.22897640067242003,-463.8849549792807,0.2527996627317377,-2.025669215935262,0.07008243912647354,0.12827328345075695,-0.6271657908040312,4.1771141204085026e-06,0.0010034915401635506,0.00010019344708199651,0.0031697741019698993,118.866667
13785,0.2310232614153993,-463.89737163345524,0.23117400872463179,-1.9906823670572804,0.07229900252687554,0.12851177918000198,-0.6268652881772999,4.166304984657838e-06,0.0009874582150143018,9.890190536570735e-05,0.003110142855629937,118.875
13786,0.23287888912894586,-463.90972287552836,0.20912759135971234,-1.9595990814392161,0.07446343057029792,0.1286154791794237,-0.6265905909755984,4.160155717844492e-06,0.000972483304804059,9.774978949441876e-05,0.003059765949574027,118.883333
13787,0.23454093005780594,-463.9219714214203,0.18670296933115438,-1.932225443484439,0.07656585104843351,0.1285884159437197,-0.6263427196146804,4.1584440417376995e-06,0.0009585441023709842,9.6728154880771e-05,0.003018141605908565,118.891667
13788,0.23600553975749403,-463.9342320911171,0.16394663818579341,-1.908414243041298,0.07861550349612705,0.1284222781104297,-0.6261228583680506,4.160963869253173e-06,0.0009456168094098723,9.582972093886077e-05,0.002984846492807929,118.9
13789,0.23727076152159754,-463.9464966962648,0.14090068407219705,-1.888022766714565,0.0806063931190007,0.12811886978186332,-0.6259318471448494,4.167524110521817e-06,0.0009336777632682407,9.504873137388814e-05,0.002959526787622783,118.908333
13790,0.23833310696521076,-463.958763845322,0.11760593769828763,-1.8709390957716492,0.08253287839520443,0.12767881462493225,-0.6257706903936734,4.17794765982898e-06,0.0009227032073125454,9.438083783991777e-05,0.0029418951890614557,118.916667
13791,0.23919274977385815,-463.97104938693974,0.09410517061753383,-1.8570560166163028,0.0843927404365649,0.1271033463501883,-0.6256397664664473,4.192070653268658e-06,0.0009126703706177153,9.382300455270432e-05,0.0029317264529225176,118.925
13792,0.23984644587442575,-463.98352726683487,0.07044455007487804,-1.8463299357474248,0.08620254878963401,0.12637827433520155,-0.6255398988347805,4.2097418577410575e-06,0.0009035564756057332,9.337342729737702e-05,0.002928853678710261,118.933333
13793,0.2402938108905818,-463.9959932845453,0.04665750680457952,-1.838663131172336,0.08793179590228566,0.12552306891112078,-0.6254713991195224,4.230822356189461e-06,0.0008953404393118276,9.30314850216415e-05,0.0029331630955205757,118.941667
13794,0.2405332038059916,-464.0085452345968,0.022787376797169648,-1.8340319626510535,0.08958782649211464,0.12453103907069567,-0.625434692296799,4.255185339798054e-06,0.00088800213849204,9.279768314558779e-05,0.002944597949272087,118.95
13795,0.24056543276731665,-464.0211525262703,-0.0011259573907283246,-1.832397105686992,0.09116264116142106,0.12340792560685436,-0.6254297477973741,4.282716111747257e-06,0.0008815231536670704,9.267363520343351e-05,0.0029631524223817985,118.958333
13796,0.2403890968746955,-464.03392322048495,-0.025039076177584812,-1.8337770996489122,0.09266451179508758,0.12214581902205707,-0.6254567929323408,4.313312225939332e-06,0.0008758861739696318,9.266204435030769e-05,0.002988872501860559,118.966667
13797,0.2400046775812908,-464.04683841905285,-0.04891222829644032,-1.8381743789700533,0.09408648908242226,0.12074921563265481,-0.6255156849929839,4.346883832144726e-06,0.0008710760354249137,9.276672314108331e-05,0.0030218536780524897,118.975
13798,0.2394125623734693,-464.05996233917455,-0.07270244315316522,-1.845630025576309,0.09543156631820127,0.11921490243017344,-0.6256062146946904,4.383354145822631e-06,0.0008670792677729771,9.299260051223853e-05,0.0030622429789231836,118.983333
13799,0.23861411280342532,-464.07334814184395,-0.0963662371818418,-1.8561990224885212,0.09670137004100023,0.1175410474928998,-0.6257279439680359,4.422660078737012e-06,0.0008638843378964926,9.334576992277408e-05,0.0031102380248645115,118.991667
13800,0.23761005270656146,-464.08694009899483,-0.11986556151820132,-1.8699300595843569,0.09788423876092296,0.11573610524174473,-0.6258804537782487,4.464753016262694e-06,0.0008614815202673678,9.38335452345186e-05,0.0031660877619140238,119.0
13801,0.23640087326465006,-464.1008275585778,-0.14315599185663289,-1.8869329565570592,0.09898526317009228,0.11379453813516698,-0.6260632822980051,4.509599744963586e-06,0.000859863320652,9.446450343309219e-05,0.0032300968431909923,119.008333
13802,0.2349899706986009,-464.1150076485012,-0.16619424727891063,-1.9073007467300502,0.09999965885759382,0.11172124373252817,-0.6262754542557307,4.5571835316499155e-06,0.0008590246854386918,9.524860484100151e-05,0.0033026244153724826,119.016667
13803,0.23337805969681413,-464.129522709333,-0.18893736301268302,-1.9311743192777011,0.10092645618673965,0.10951554090502245,-0.6265163281334865,4.607505328770428e-06,0.0008589622171080274,9.619727818603423e-05,0.003384086959686766,119.025
13804,0.23156868996382762,-464.14436039736813,-0.21134183408352128,-1.9586886494938915,0.10175957278906099,0.10718374118536893,-0.6267847697952589,4.660585153692716e-06,0.0008596752406016091,9.732355883677486e-05,0.0034749614101125662,119.033333
13805,0.22956511628978965,-464.1595650905489,-0.23336119761680774,-1.9900241515683044,0.10249884186471558,0.10472649169598135,-0.6270796297356849,4.716463589203845e-06,0.0008611650226521833,9.864221608162104e-05,0.0035757879770935146,119.041667
13806,0.2273724242709897,-464.1750975978842,-0.2549511039686029,-2.025349951669419,0.10313592207299185,0.10215400669867869,-0.6273994366984721,4.775203433363664e-06,0.0008634350476103745,0.00010016994918141055,0.003687171756192025,119.05
13807,0.22499265729767937,-464.19121639041515,-0.2760527301708683,-2.0649920573504335,0.10369116548947392,0.0994446385313895,-0.6277431152492203,4.836891472745255e-06,0.0008664906153153041,0.00010192554072889231,0.0038097877684418503,119.058333
13808,0.22242845617135268,-464.207817869044,-0.2966260109856337,-2.1091684535229076,0.10414730675917819,0.09661454272220665,-0.6281094501003696,4.901640471289095e-06,0.0008703399373706586,0.00010393026918838991,0.003944374596187387,119.066667
13809,0.21968582467036551,-464.22492776647584,-0.316618680376056,-2.158166921551769,0.1045018611683104,0.09366837775960073,-0.6284967053980823,4.969591305165217e-06,0.0008749940914104684,0.00010620792622128587,0.004091753106897079,119.075
13810,0.21676882802792222,-464.2426127007849,-0.33597687168004514,-2.212339420185604,0.10475489208481081,0.0906060033359111,-0.6289033927558291,5.040915130156929e-06,0.0008804660404091763,0.00010878517835395607,0.004252822332380146,119.083333
13811,0.2136830948166724,-464.26090783237663,-0.35464508547743984,-2.27205992968739,0.10490366432036315,0.08743156334087863,-0.6293277807469893,5.115815684968153e-06,0.0008867713850033368,0.00011169189546306607,0.004428564756387066,119.091667
13812,0.2104359853876903,-464.27987317210324,-0.37256199332925355,-2.3377519382730254,0.10494801081211386,0.0841476632308538,-0.6297678925408688,5.194531656303589e-06,0.0008939279450320573,0.00011496144959704328,0.0046200524536764015,119.1
13813,0.2070333601032609,-464.2995262966313,-0.38966913084944355,-2.4098733571829984,0.10488294388234039,0.08076115600545193,-0.6302219580744842,5.277339016734063e-06,0.0009019552678518018,0.00011863108808270611,0.004828450866375585,119.108333
13814,0.20348063892030588,-464.31995410230644,-0.40590083355884904,-2.488974756550403,0.10470850135011148,0.07727194006188857,-0.6306882666580104,5.3645532737543325e-06,0.0009108751491234596,0.0001227421972061224,0.005055037048348999,119.116667
13815,0.19978684401006225,-464.3412305181513,-0.4211840293465133,-2.575644068894755,0.1044245488864893,0.07368317218396635,-0.631164650786751,5.456531543685886e-06,0.0009207116951971237,0.00012734068792288734,0.005301214851113471,119.125
13816,0.1959570773402344,-464.36332959077885,-0.4354562903272973,-2.670494303907765,0.10402112540735604,0.07000753661327071,-0.631649477924528,5.553674235550738e-06,0.0009314900085611812,0.00013247727270169257,0.005568537317466102,119.133333
13817,0.19200330230043652,-464.3863837118148,-0.44862773921025323,-2.7742642368475825,0.10350301546667345,0.0662442392478011,-0.6321402844557414,5.6564260641938954e-06,0.0009432372681233407,0.00013820737479670016,0.0058587770748614165,119.141667
13818,0.1879364456271082,-464.41062645442986,-0.46059443878316547,-2.887837111489356,0.1028792571765197,0.06238234825779034,-0.6326348186312949,5.765276060950021e-06,0.0009559800470763256,0.00014459146931286132,0.006173966938806118,119.15
13819,0.18376624981716605,-464.43602044094627,-0.47127358186798424,-3.012006492940671,0.10213925930450542,0.058439316007610466,-0.6331310533604316,5.880756264761233e-06,0.0009697440925185709,0.00015169509444726279,0.00651649719655978,119.158333
13820,0.17950259618567307,-464.4626508526546,-0.48056486414820093,-3.147720337138041,0.10128027435634816,0.05442068520282031,-0.6336270257212506,6.003438338790224e-06,0.0009845540269842628,0.00015958756946815968,0.00688934249498288,119.166667
13821,0.17515648110912888,-464.4905549241676,-0.48836446103770015,-3.295963700788979,0.10029702030781253,0.05033798883764144,-0.6341207355647313,6.133927220577925e-06,0.0010004322581227223,0.00016834100527904038,0.007296334926218164,119.175
13822,0.1707434350927625,-464.5200763979396,-0.4945177605496527,-3.4579870818798963,0.09920113369356652,0.04617422094399143,-0.63460979276255,6.272850822443159e-06,0.0010173973250584853,0.00017802812335846808,0.0077426150586787455,119.183333
13823,0.16627757300698698,-464.55119635846853,-0.4989032434301355,-3.63484230955029,0.09798346609662173,0.041949380428823194,-0.6350921212936987,6.420844457936053e-06,0.0010354606234693196,0.00018872023760459992,0.008235186797128572,119.191667
13824,0.16177035367210504,-464.5839779685952,-0.5013866046474676,-3.8277135383365475,0.09663775806977576,0.037675219943632265,-0.6355660738219485,6.578528013685892e-06,0.0010546251125565982,0.00020048153763136897,0.008783968974745131,119.2
13825,0.1572454622810184,-464.61871957850497,-0.5017688648766694,-4.03786247499098,0.09517297673924374,0.03334455373671957,-0.6360288970720516,6.746473609121521e-06,0.0010748841322737132,0.00021336284456008266,0.009403203397698113,119.208333
13826,0.15271569794817072,-464.6554644537279,-0.49989321308184664,-4.26642851651051,0.093580548980151,0.02897331519577164,-0.6364791752564573,6.925160981647844e-06,0.0010962147561595613,0.00022739411515258786,0.010113200563923185,119.216667
13827,0.14820205637038034,-464.6944428998739,-0.49554910033070526,-4.514526410574989,0.09186222024626566,0.024562276255227576,-0.6369148606780882,7.114917873493411e-06,0.0011185798024002534,0.00024257198775042992,0.010943113923059104,119.225
13828,0.14373026240098072,-464.73584024176625,-0.4885096685349489,-4.782955909054275,0.09001953792821521,0.020118064919750687,-0.6373337108070429,7.31584213785139e-06,0.001141923448948745,0.00025884660117654357,0.0119340941460579,119.233333
13829,0.1393210606960678,-464.779836409248,-0.47854885933428293,-5.072275649279361,0.08804960404383946,0.01564751300466693,-0.63773421990708,7.527701716569804e-06,0.001166169529866891,0.0002761048032695466,0.013143055248409979,119.241667
13830,0.13500800416232436,-464.8266583416238,-0.4653968678128088,-5.382328534041569,0.08595695911516313,0.011155121415770231,-0.6381140000986294,7.749811634269372e-06,0.001191225741790433,0.0002941521188788633,0.014646656870766031,119.25
13831,0.130814603373902,-464.8764602283647,-0.4488156708417872,-5.712391791371823,0.08373748066815401,0.006650334258000469,-0.638471863171438,7.980887173860854e-06,0.0012169846213581368,0.0003126953558399216,0.016543696861886968,119.258333
13832,0.12676654510351734,-464.92934792023664,-0.4285763136720041,-6.060764540684733,0.08138759941833885,0.002146265995913411,-0.6388066725380965,8.218879512060068e-06,0.0012433379160376578,0.0003313300187832944,0.018954979190128732,119.266667
13833,0.12290162143226058,-464.98554299430464,-0.4044163279485534,-6.424257326868823,0.07891123065492212,-0.002354641228315765,-0.6391165668461518,8.460807580304374e-06,0.0012701916035123863,0.00034953757089823794,0.022016805691834087,119.275
13834,0.11925416448585845,-465.0451982712714,-0.3761237743267383,-6.798136100549809,0.07630813530771942,-0.006846759969655087,-0.639400268251255,8.702603015106287e-06,0.001297481911188527,0.0003666993464365513,0.025862859988763268,119.283333
13835,0.11586276845997776,-465.1083633650622,-0.3435469647338751,-7.175560111164903,0.0735800940402811,-0.011320112790924396,-0.6396564214353079,8.939003020270417e-06,0.001325199952985436,0.000382134599330355,0.03059212743496877,119.291667
13836,0.1127651074444883,-465.17501021632427,-0.30662640656508877,-7.547619975435314,0.0707285190546319,-0.015764106186321444,-0.6398839599681219,9.163538108659076e-06,0.0013534098547398916,0.00039516389789674347,0.03622020274570961,119.3
13837,0.10999989940680159,-465.2451132450717,-0.265398854956174,-7.903303749294929,0.0677544933839415,-0.02017458016457337,-0.6400818913369357,9.368667270712554e-06,0.0013822560370623895,0.00040519535703778975,0.04262008872731901,119.308333
13838,0.1076044291819156,-465.3184834400743,-0.2200634573233905,-8.229764573267957,0.06465962840360585,-0.024542817812280824,-0.6402494007998296,9.546110428881732e-06,0.0014119447227239669,0.0004118157185279936,0.04946741678012785,119.316667
13839,0.10561745203017801,-465.3947486157703,-0.17100387278221083,-8.512761559897356,0.061450094357711135,-0.028857164924345095,-0.6403855577790286,9.687403772478313e-06,0.0014426914261461321,0.0004148592242805417,0.056218939631039785,119.325
13840,0.10406939498345853,-465.47348548826693,-0.11878877866274416,-8.738383740625727,0.05812845620895651,-0.03311044521751078,-0.6404898856908372,9.784654018017077e-06,0.001474630176733906,0.000414424052918846,0.06215382275607798,119.333333
13841,0.10298558031017951,-465.5541487306357,-0.06417286528727065,-8.894153737518,0.05469798026474813,-0.03729544808988337,-0.6405620135339998,9.831409556684715e-06,0.0015077027528393144,0.0004108222545068338,0.06649484771118547,119.341667
13842,0.10238581070470744,-465.63603111051464,-0.008081439549393433,-8.970465669051077,0.051165618910945634,-0.04140260937603532,-0.6406016047859351,9.823502596160066e-06,0.0015415525929801882,0.0004044690252745909,0.06858943207933597,119.35
13843,0.10228028211729728,-465.7184542639412,0.04847202568465567,-8.962139884766106,0.0475343748553838,-0.045427804619126495,-0.640608546969672,9.75967535330949e-06,0.001575465567392721,0.000395756849463879,0.06809219118541002,119.358333
13844,0.1026760791277247,-465.8005200594958,0.10439701641014736,-8.868683779468553,0.043818834643592104,-0.0493610985663194,-0.6405824727190119,9.641833210500993e-06,0.0016083926739504043,0.0003849702536156729,0.06507080588213991,119.366667
13845,0.10355290977813655,-465.88165957017196,0.1586982709339181,-8.696144150505916,0.04001152806055975,-0.0531991098559521,-0.6405243516126404,9.474843703919054e-06,0.0016390585749328902,0.00037227757277134583,0.05998853789825204,119.375
13846,0.10490131050347816,-465.9610603299267,0.2104383745469767,-8.453536608738247,0.036128580148320426,-0.05693430851833517,-0.6404340113438741,9.265942808298326e-06,0.0016661457387811157,0.0003577900881988069,0.05356315432943931,119.383333
13847,0.10669542989949761,-466.03818352807497,0.25887281231674064,-8.153650352783277,0.03217358954283177,-0.06056328185122625,-0.6403120034040737,9.023867516894043e-06,0.0016884734494422334,0.0003416520567125098,0.0465782523376759,119.391667
13848,0.10890653956452642,-466.1124605496031,0.3034212678118893,-7.810711250667251,0.028160088718546996,-0.06407986389954251,-0.640158803049665,8.757908291917347e-06,0.0017051562036426114,0.000324112278561431,0.03971082987117649,119.4
13849,0.1114986711136405,-466.18356951790406,0.3437236897675087,-7.439156219933003,0.024094006198992976,-0.06748119809931086,-0.6399752178361007,8.477067217764107e-06,0.0017156851772350396,0.0003055435567316187,0.03343461624793956,119.408333
13850,0.11443468749903035,-466.25124466425956,0.3795904363119891,-7.052253172171211,0.019986162132255837,-0.07076398941565142,-0.6397620837477045,8.189433834968994e-06,0.0017199372284247845,0.00028641155251855395,0.0280013621844914,119.416667
13851,0.11767507294408074,-466.3153897859096,0.410996154679608,-6.661411685508656,0.015843346779608063,-0.07392625868655159,-0.6395204526169825,7.901816341259501e-06,0.001718121539546052,0.0002672148308834386,0.023479681487353236,119.425
13852,0.12118242042258039,-466.3759311654162,0.43802351648962595,-6.275762421480625,0.01167786047100284,-0.07696658823000166,-0.6392513469262722,7.61960587169405e-06,0.0017106950942280931,0.0002484224655643593,0.01981613087843564,119.433333
13853,0.12491868570011261,-466.43293777346474,0.46085199473465116,-5.902210092133366,0.007496772014834103,-0.0798843333300057,-0.6389560269484734,7.346815405354952e-06,0.0016982686841717804,0.00023042727858858849,0.01689420904035914,119.441667
13854,0.12885821135327238,-466.4862262267188,0.4796702596010033,-5.545486335225251,0.003332578770065997,-0.0826847533563557,-0.6386349803738752,7.086229802211465e-06,0.0016815258037495859,0.00021352179073038784,0.01457771000978607,119.45
13855,0.13294451767347065,-466.53648120610455,0.4948244165500378,-5.209007908816996,-0.0008512168761960669,-0.08535660102694947,-0.6382914998391847,6.839604152069547e-06,0.0016611523303662165,0.00019789404973023336,0.012737502015201034,119.458333
13856,0.13716654451680219,-466.58344219842974,0.5065224389437062,-4.89413166098792,-0.0050105375460266985,-0.08791228897474203,-0.6379254162021775,6.607888212400851e-06,0.0016378170838261237,0.00018363964096623314,0.011262596105831694,119.466667
13857,0.1414836278444351,-466.6273995811322,0.5150596441630202,-4.601700757322327,-0.00914614283315346,-0.0903463370820836,-0.6375393322165512,6.391414533856954e-06,0.001612116374231238,0.00017077731298274518,0.010065271555585986,119.475
13858,0.14587084393528657,-466.6684577577815,0.5206899088907827,-4.331528828299939,-0.01324242534510109,-0.09266279445891173,-0.6371348031382723,6.190076481391925e-06,0.0015845870195946934,0.0001592702228071898,0.009078382406677276,119.483333
13859,0.1503047604884535,-466.707022351886,0.5236757435904927,-4.082767841361247,-0.017312215377089615,-0.09486152217419161,-0.6367135081695162,6.0034645622733835e-06,0.0015556946969799003,0.00014904367939777053,0.008252212922602755,119.491667
13860,0.15475870231504096,-466.7431552293011,0.5242376325809032,-3.8545000554697695,-0.021337170477079708,-0.09694284962426886,-0.6362777080322385,5.830974104554047e-06,0.0015258385630853492,0.00014000093813279938,0.007550455870599158,119.5
13861,0.15921558506546088,-466.7770575795549,0.5225815790762419,-3.6454161686238207,-0.025313722577574915,-0.09891020880751551,-0.6358289854346995,5.671887213971046e-06,0.0014953619030843505,0.00013203424504410816,0.006946765838704055,119.508333
13862,0.16365375565236276,-466.808886933533,0.5188970440792022,-3.4542175079475355,-0.02923463409696261,-0.10076370878973315,-0.635369596247849,5.525430084488216e-06,0.0014645540779804963,0.0001250332905356858,0.006421986719229773,119.516667
13863,0.16805572185184214,-466.83882373871785,0.5133551081363206,-3.2795347679102798,-0.033096686722785214,-0.1025040989279425,-0.6349015921439671,5.3908151074287435e-06,0.001433662496188988,0.00011889083526955449,0.005962010691178805,119.525
13864,0.17240723839731614,-466.8670030858277,0.5061065292507702,-3.120029643386275,-0.03689395949868421,-0.10413408727821385,-0.6344268596893127,5.26726817777943e-06,0.0014028972566079926,0.00011350609876141798,0.005556277565626108,119.533333
13865,0.17669236458710808,-466.8935573984621,0.4972894859425492,-2.9744460918326086,-0.04062107167151291,-0.10565435723901233,-0.633947630336031,5.154046248913251e-06,0.0013724356552409515,0.00010878656078200289,0.005196719048994831,119.541667
13866,0.1808989205472315,-466.9186372276355,0.4870282384903921,-2.8415797134395193,-0.04427653578984969,-0.1070658605173665,-0.6334658653519746,5.050448328197228e-06,0.00134242891837786,0.00010464880143338513,0.004877014550475972,119.55
13867,0.18501466958749826,-466.9423618460302,0.4754346019953131,-2.720330121934464,-0.04785676032175021,-0.10836946237689042,-0.6329836512830724,4.9558207189144805e-06,0.001313004277644308,0.00010101853842204156,0.004592099920017231,119.558333
13868,0.18902679246555962,-466.9648739111587,0.46261203177876015,-2.6096872673630362,-0.05136160163478162,-0.10956335051682897,-0.6325032575228657,4.86955918069563e-06,0.0012842688756602477,9.783026041010386e-05,0.00433782730849433,119.566667
13869,0.1929253027402605,-466.986253792013,0.44865152982954676,-2.5087323400652908,-0.05478585781944982,-0.11064924381972711,-0.6320267140723639,4.7911087408164895e-06,0.0012563131755591486,9.502662844863323e-05,0.004110731954816271,119.575
13870,0.19669996400602263,-467.00663387198534,0.4336390296686961,-2.4166272301093055,-0.058130880638506646,-0.11162497213562014,-0.6315561566384369,4.719961723446338e-06,0.0012292117767814556,9.255768886056924e-05,0.003907881179998125,119.583333
13871,0.2003424166440998,-467.0261182890833,0.4176522322368371,-2.3326167726168396,-0.061396341955271126,-0.11248970554517693,-0.6310935493386625,4.655655109430072e-06,0.0012030257988612444,9.038012653019173e-05,0.003726760370265226,119.591667
13872,0.2038435917007309,-467.0447741462695,0.4007622823012517,-2.256029685689668,-0.06457829944751121,-0.11324351761586451,-0.6306409926689297,4.597767249628681e-06,0.0011778037386231132,8.845648980522044e-05,0.003565197241813253,119.6
13873,0.20719790344188163,-467.06268486318714,0.38303536246374725,-2.1862551848397476,-0.06767636864829178,-0.11388665258062872,-0.6302001683326971,4.545914526437879e-06,0.0011535836192169903,8.675449155159767e-05,0.003421303286758112,119.608333
13874,0.21039678836138442,-467.0799228801899,0.3645338962438693,-2.1227557418651166,-0.07068860459243824,-0.11441763340622789,-0.6297731647367106,4.499747788216244e-06,0.0011303926824231835,8.524634872092459e-05,0.0032934328303632606,119.616667
13875,0.2134335344069792,-467.0965799498919,0.345317103644035,-2.06504753366439,-0.07361637583524558,-0.11483385537992094,-0.6293618415057171,4.458949182739424e-06,0.001108250499104371,8.390823421008993e-05,0.0031801457493133628,119.625
13876,0.21630306117120338,-467.11271701085667,0.32544003920901876,-2.012699477478511,-0.07645855338621564,-0.11513498760362441,-0.6289678345667611,4.423228947789048e-06,0.0010871692259243127,8.271975769855389e-05,0.0030801819382527125,119.633333
13877,0.21899842242313167,-467.1283804971381,0.30495484991941596,-1.9653316680073654,-0.07921208304513037,-0.11532028387988037,-0.6285930247000162,4.392322470987172e-06,0.0010671540547745417,8.166351896676237e-05,0.002992440636898142,119.641667
13878,0.22151638370649937,-467.14361102120716,0.2839113014795958,-1.9226024240805726,-0.08187486833813148,-0.11539099533721014,-0.6282387578028767,4.365987710625069e-06,0.0010482052973096632,8.072473845509709e-05,0.0029159607738743778,119.65
13879,0.22385232382330786,-467.158497800099,0.2623587305090652,-1.8842137845840796,-0.084450247105919,-0.11534317004048719,-0.6279065388772126,4.344002724889851e-06,0.0010303176638319443,7.989091744205338e-05,0.002849907507016199,119.658333
13880,0.22600301776351048,-467.1730623975131,0.24034292863193973,-1.8499004230234442,-0.08693451235922788,-0.115178601144176,-0.627597636288836,4.326163608383229e-06,0.0010134820164688211,7.915156977094974e-05,0.0027935573047206726,119.666667
13881,0.2279621017996887,-467.18737190077997,0.21790919228929015,-1.8194349222471298,-0.08932820903937236,-0.11489330046412562,-0.6273137279338612,4.312282615349563e-06,0.0009976856892193338,7.849798492281398e-05,0.0027462880122570733,119.675
13882,0.22972776000191955,-467.20147970262445,0.1951020461656836,-1.7926155205306127,-0.09163214012028026,-0.11448625483709647,-0.6270557878102655,4.302186608729639e-06,0.0009829146888590433,7.792303530482122e-05,0.0027075676170518503,119.683333
13883,0.23129736535514794,-467.21540222785046,0.1719637172383733,-1.769265796750139,-0.09384268912833338,-0.1139590863961665,-0.6268248471470432,4.295715615902915e-06,0.0009691524100988602,7.742099890527738e-05,0.002676947721404436,119.691667
13884,0.23266687873307784,-467.22919950659366,0.14853645510293337,-1.749239920313394,-0.0959607327830604,-0.11330848585437031,-0.6266220850505735,4.292721704756534e-06,0.0009563807911213781,7.698742732398178e-05,0.002654056544171266,119.7
13885,0.2338347121048449,-467.24288188963584,0.12486103875358147,-1.7324085143136247,-0.09798249829159451,-0.11253678353858133,-0.6264482540923298,4.293068065187696e-06,0.0009445815150253966,7.661903333493382e-05,0.0026385923652737365,119.708333
13886,0.23479861014589057,-467.2565149056919,0.10097905194597409,-1.7186718638498633,-0.09991019494589784,-0.11164047636624143,-0.6263041351121605,4.29662824338217e-06,0.0009337355578707668,7.631359702741575e-05,0.0026303196507567466,119.716667
13887,0.23555819311038168,-467.27008387414253,0.0769298367092579,-1.7079388201483252,-0.10173780061626284,-0.11062469318911687,-0.6261901547122722,4.303285602117398e-06,0.0009238240044999764,7.606989629223178e-05,0.0026290643797447387,119.725
13888,0.23611150112750245,-467.2836481805031,0.05275385760256017,-1.7001498169168536,-0.10346690208915878,-0.10948635944486117,-0.6261068997731802,4.312932932191077e-06,0.0009148278196352254,7.58876531171392e-05,0.002634711896879997,119.733333
13889,0.2364576424576985,-467.29725135022653,0.028491274273305448,-1.6952619418647747,-0.10509762136871853,-0.10822426331161433,-0.6260547192452877,4.325472258907607e-06,0.0009067289068065351,7.576749855258639e-05,0.002647203700237863,119.741667
13890,0.23659673357659664,-467.31088254098273,0.004180715793854249,-1.6932402440061165,-0.10662454709990277,-0.10684328349964016,-0.6260337302436316,4.34081479581171e-06,0.0008995100650110955,7.571095138077951e-05,0.0026665360104425394,119.75
13891,0.2365281441700211,-467.32460485994125,-0.020137437739596906,-1.6940821924329643,-0.10804985406233432,-0.10534015919352296,-0.6260440819736192,4.358881048450645e-06,0.000893154987897807,7.572040956446886e-05,0.0026927594100558294,119.758333
13892,0.2362528253862466,-467.33841106632076,-0.044424348858985545,-1.697788301581038,-0.10936878891012763,-0.10371979925248631,-0.6260856043157005,4.3796010814449595e-06,0.000887648861921942,7.579916228756289e-05,0.002725977691178329,119.766667
13893,0.2357699096369326,-467.35236480362084,-0.06864001491536337,-1.7043929663088881,-0.11058309710832223,-0.10197866694431683,-0.6261583208727578,4.402914924167892e-06,0.0008829780971892098,7.595140922416385e-05,0.002766348809936401,119.775
13894,0.23508021748625685,-467.36649332391545,-0.09274451358224478,-1.71394063830696,-0.11169121896036481,-0.1001178882570802,-0.6262619202331328,4.4287731378979686e-06,0.0008791312329566655,7.618230118166618e-05,0.002814085233497029,119.783333
13895,0.234186514468392,-467.380801081607,-0.11669737335480634,-1.726487935914535,-0.11269008808965279,-0.09814202583704089,-0.6263957211595143,4.457137525805288e-06,0.000876098559061423,7.649799226822781e-05,0.0028694554928413627,119.791667
13896,0.23308856275403492,-467.3953299276878,-0.14045883311952798,-1.7421208498485554,-0.1135788204610573,-0.09605030989463581,-0.6265594163268312,4.487981985473748e-06,0.0008738717117085808,7.69057131050026e-05,0.0029327857429559028,119.8
13897,0.23178856263273706,-467.4101250497389,-0.16398686005374907,-1.7609466226310515,-0.11435765658116283,-0.09384266324686855,-0.6267522585615466,4.521293529710313e-06,0.0008724449363167698,7.741385560638136e-05,0.003004462765800297,119.808333
13898,0.23028899630504937,-467.4251941703004,-0.1872403436422949,-1.7830829105596688,-0.11502316963303943,-0.0915235094340203,-0.6269733888646709,4.557073465690873e-06,0.0008718144314855944,7.803209119825442e-05,0.003084935722326295,119.816667
13899,0.2285929941669217,-467.44065620885294,-0.21017264384251969,-1.8087045387265261,-0.11558212025528772,-0.0890848803773972,-0.6272217871227347,4.59533873942131e-06,0.0008719784811002526,7.877149464510684e-05,0.003174719956796798,119.825
13900,0.22670302320110372,-467.4564581925699,-0.23274415823785438,-1.8379567537215715,-0.11602491181315493,-0.08653851281727173,-0.6274964687662589,4.636123480025755e-06,0.0008729374404720896,7.964474281373523e-05,0.0032743973023796665,119.833333
13901,0.22462272335311523,-467.4725842549697,-0.25491243002111114,-1.8710198473232762,-0.11634620905548007,-0.0838926548843221,-0.6277962207363776,4.679480716576053e-06,0.0008746941785287838,8.066624025798716e-05,0.0033846242833331227,119.841667
13902,0.22235499903785705,-467.4891367300279,-0.2766296213993859,-1.9081438724665531,-0.11655013796311332,-0.08114178756125477,-0.6281198837229589,4.725484243616977e-06,0.0008772538746915558,8.18523439776283e-05,0.003506134841488083,119.85
13903,0.21990534043934729,-467.50611885423024,-0.29784889135349507,-1.9495738202967148,-0.11663333889192164,-0.0782930994738351,-0.6284658841255446,4.774230744368792e-06,0.000880624433450834,8.322166158144223e-05,0.00363974136052969,119.858333
13904,0.21727861673672214,-467.52355500508196,-0.3185220199135991,-1.9955946660504866,-0.1165938009793091,-0.07535136899761738,-0.6288327038564249,4.825842139951785e-06,0.000884815835492875,8.479531898800492e-05,0.00378633869406694,119.866667
13905,0.21447819047768277,-467.541516968129,-0.33859848738195575,-2.0465479963376927,-0.11643197602133744,-0.07231566034668828,-0.6292190023389227,4.880468137558072e-06,0.0008898405440985957,8.659729964459586e-05,0.003946907201744614,119.875
13906,0.21151064612322393,-467.5600344179635,-0.3580248912888391,-2.1027975082207067,-0.11614636566366422,-0.06919141616253593,-0.6296229684093054,4.938289043927099e-06,0.0008957141447393606,8.865484045706798e-05,0.004122515276560435,119.883333
13907,0.20838256815216427,-467.5791399771544,-0.3767458499715234,-2.1647506460328922,-0.11573548596218058,-0.06598408308677374,-0.6300427848521842,4.999518815642675e-06,0.0009024544352918521,9.0998868823686e-05,0.004314318731068984,119.891667
13908,0.20509827864103233,-467.59892427150794,-0.39470278037455375,-2.2328920744171494,-0.1152000365980882,-0.06269212578474945,-0.6304769318606259,5.064408312247635e-06,0.0009100815732842177,9.366448885246963e-05,0.004523561147861934,119.9
13909,0.20166546443609465,-467.619439368072,-0.41183263902449335,-2.307740854252412,-0.11453929721430264,-0.059320071705279837,-0.6309234431866787,5.133248792191833e-06,0.0009186188850039376,9.669153758411878e-05,0.0047515742364362176,119.908333
13910,0.1980932244970081,-467.6407494477591,-0.42806677218341,-2.3898779087166186,-0.11375361023963058,-0.0558719721488317,-0.6313801957312649,5.206375578411722e-06,0.0009280917832422644,0.00010012517488374396,0.004999773845844401,119.916667
13911,0.19438797253652018,-467.66289906243856,-0.44333738500364717,-2.4799381351798093,-0.11284022719790404,-0.052353913284713845,-0.631845442783045,5.28417177745364e-06,0.0009385272787364122,0.00010401653936854966,0.00526965566656283,119.925
13912,0.19055827942833684,-467.6859548705493,-0.45756836279507324,-2.578634460179515,-0.111798440821741,-0.04877070372882596,-0.6323171986935219,5.367071955302484e-06,0.000949954732998654,0.00010842328748784423,0.005562806964155095,119.933333
13913,0.18661486998476864,-467.70991476182013,-0.47068126345133554,-2.6867049857070686,-0.11062519552645568,-0.04513595406277977,-0.6327932714888617,5.455565571298483e-06,0.0009624048443459012,0.00011341023383401342,0.005880913768541676,119.941667
13914,0.18256498009084016,-467.7348848823606,-0.48258900884184547,-2.8050346118649108,-0.10932046212631602,-0.04145090999457824,-0.6332719568219567,5.5501998037643795e-06,0.000975908494423472,0.0001190497478188062,0.006225794213079443,119.95
13915,0.17841759344178298,-467.76112392843515,-0.4931820909357142,-2.9346969742833324,-0.10788999713709187,-0.03770175983874843,-0.6337514011809519,5.651581477998131e-06,0.0009904972155630465,0.00012542213156935232,0.006599461839099637,119.958333
13916,0.17419623761474928,-467.7887512031441,-0.5023318254310561,-3.0767156160821556,-0.10634038116551078,-0.03389430235448576,-0.6342282020514987,5.760377779289451e-06,0.001006201550275578,0.0001326159946471502,0.0070042124878963935,119.966667
13917,0.16990022702059118,-467.8176193294371,-0.5099628359529612,-3.232064450235883,-0.10465464412056522,-0.030058326319762785,-0.6347018316964688,5.877314451915084e-06,0.001023044744667288,0.00014072792942352477,0.00744277588013304,119.975
13918,0.16554708575619606,-467.8479761965358,-0.515926699673202,-3.4020244882121156,-0.1028402599369112,-0.026185957798210657,-0.6351698113310321,6.003170339987373e-06,0.001041049429860488,0.00014985958496733525,0.007918831239271168,119.983333
13919,0.1611580181088156,-467.8799486428115,-0.5200681404760031,-3.5878114042972964,-0.10090158926325007,-0.02228367392445864,-0.6356294674073716,6.1387669399503185e-06,0.001060228878069958,0.00016011668513791206,0.008437439346176074,119.991667
13920,0.15674629972278956,-467.91364649936867,-0.5222353965603844,-3.7906878377945383,-0.09883703867443319,-0.01835918810795952,-0.6360791559814589,6.284950852085855e-06,0.0010805829178291025,0.00017160465080166094,0.009005942413753817,120.0
13921,0.15232964588921305,-467.94923664399414,-0.5222501031161044,-4.0119328700960235,-0.09664815523045203,-0.014416079364149596,-0.6365169466890235,6.442566516373004e-06,0.0011020974528108672,0.0001844217168552486,0.009635417100616833,120.008333
13922,0.14792976298168248,-467.98688226533335,-0.5199131157768994,-4.252715992514488,-0.09433777861391301,-0.010459618705380678,-0.6369407292509488,6.61241602753793e-06,0.0011247391477612213,0.00019864974753726575,0.010342709940718465,120.016667
13923,0.14356554675761063,-468.026734929361,-0.5150188491656941,-4.51406826125422,-0.09190588564171809,-0.00649662861012861,-0.6373488955643632,6.795201658064762e-06,0.0011484501990396726,0.00021434111825337628,0.011153335542167318,120.025
13924,0.13927454467434977,-468.0689837847005,-0.5073061213022364,-4.796514937650703,-0.08936365871190487,-0.002531598724856178,-0.637738379106604,6.991446824868369e-06,0.0011731461111369882,0.0002315010264941264,0.012105458991143566,120.033333
13925,0.13507004788373983,-468.1137798919246,-0.49655942359719857,-5.100418978484249,-0.08670559162555123,0.0014285611240801807,-0.6381086210591249,7.201389025651761e-06,0.001198706811094561,0.00025006622534985544,0.013254412399804735,120.041667
13926,0.1309667779881751,-468.16128394155805,-0.48255400078084787,-5.425660014245052,-0.08392624551190572,0.005376818288775283,-0.6384590729368367,7.424843774238481e-06,0.0012249868000817961,0.00026987904255187646,0.014678361190834596,120.05
13927,0.1270208248380451,-468.2116305657412,-0.4649767043839303,-5.770344276759581,-0.08104578294195038,0.00930615374142465,-0.638785949474366,7.661039769016298e-06,0.0012518198742552224,0.0002906612126823818,0.01648319861633087,120.058333
13928,0.12324209079703458,-468.26503304061924,-0.44361709053750403,-6.132522013161334,-0.07805301367837508,0.013215813651946066,-0.639089650988999,7.908417899335013e-06,0.0012790146884164248,0.00031199014032472623,0.018802531753761086,120.066667
13929,0.1196834592927927,-468.3214280659155,-0.41823538851323405,-6.507395396477813,-0.07496612802529491,0.01708869972676785,-0.6393673190479346,8.164415505294657e-06,0.0013063926889980144,0.0003332901950991365,0.021793203452852856,120.075
13930,0.11637103434753546,-468.3809772377311,-0.3886590496547058,-6.889398257997071,-0.07178261613569165,0.020927074271968722,-0.6396185005603977,8.425252758545686e-06,0.0013337988603776075,0.0003538383486603882,0.025615081585117185,120.083333
13931,0.11333173348445602,-468.44386252845186,-0.35476603158550857,-7.2711998605988475,-0.06849685044827643,0.024736389116380066,-0.6398427972620693,8.685759260769205e-06,0.0013611462561656691,0.0003728114488300155,0.030395611914729406,120.091667
13932,0.11062221354684106,-468.5095880163765,-0.3165857036490218,-7.64149575299312,-0.0651356716794993,0.028486938461185145,-0.6400377733290193,8.939307207121724e-06,0.0013884475523851826,0.00038936676691266595,0.03617454280945449,120.1
13933,0.10826935310410064,-468.57819331651024,-0.2742282399894365,-7.988935355944727,-0.06169432470319741,0.032188394453468924,-0.6402032725923262,9.177890700956611e-06,0.0014158229688632272,0.00040274743018822994,0.0428333440701119,120.108333
13934,0.10630833369848042,-468.64935619771836,-0.22798915838414224,-8.300171164517065,-0.05818042171802159,0.03583509501286665,-0.6403385020207141,9.392428005972572e-06,0.0014435047246867856,0.00041242219111313467,0.05003502668689363,120.116667
13935,0.10475903774204937,-468.7228258965147,-0.1783246397535021,-8.562404536666168,-0.0545887443462848,0.03942815066853478,-0.6404435982985194,9.573334099939324e-06,0.0014717834419149603,0.00041818513183660756,0.05720175219504105,120.125
13936,0.1036589603346679,-468.7979494349993,-0.12588955295650323,-8.762023637179837,-0.05093698412733526,0.042959740470064435,-0.6405172886212802,9.711341425194912e-06,0.0015009188790864208,0.00042019447845479606,0.06356650680693246,120.133333
13937,0.10303446790666551,-468.8739467656797,-0.07153037924452765,-8.887945176885658,-0.04724295885036433,0.04642272782976223,-0.6405587762695213,9.798464422183406e-06,0.001531004667047765,0.0004189052618644786,0.06830650816990576,120.141667
13938,0.10289006510552424,-468.9502028914917,-0.016189647366177996,-8.933946833756488,-0.043508232784809926,0.0498172243529507,-0.640568333992331,9.82893915411672e-06,0.0015618480033344313,0.00041493261634621085,0.07073981980921501,120.15
13939,0.10321713163901931,-469.02626024687726,0.03917275336389302,-8.898786452157802,-0.03972256217929504,0.05314694840454526,-0.6405466670003027,9.799974118366015e-06,0.0015928989071978955,0.0004088770216282107,0.07051108535378234,120.158333
13940,0.10402130478704713,-469.1011849752302,0.09352123027171058,-8.78418344845598,-0.035909442796244105,0.05640576945974629,-0.6404931020438216,9.712140126078243e-06,0.0016232559171549439,0.0004011743306866043,0.06768695380687419,120.166667
13941,0.10528640356502855,-469.17427810652964,0.14591689028451393,-8.59745844743871,-0.032078403809418336,0.05959098897403486,-0.6404079970754085,9.56927063344036e-06,0.0016517502083665055,0.00039203975531056345,0.06272931855794231,120.175
13942,0.10699064320450744,-469.24500296648034,0.1955700897911862,-8.349218862421747,-0.028235236038769398,0.06270394284937209,-0.6402917301300851,9.377917393436127e-06,0.0016771167569419958,0.00038151775477127835,0.05635177668715723,120.183333
13943,0.1091124303312507,-469.31265949555865,0.24180334075092783,-8.051862759482189,-0.024404275591682466,0.06574282448471214,-0.6401443782754149,9.146515563087922e-06,0.0016981772670608085,0.0003695858993336367,0.04933037145450303,120.191667
13944,0.11161081738894638,-469.37711083354935,0.28421059821785244,-7.719359730890223,-0.020578112292279405,0.06871000571266413,-0.6399671781313884,8.88442945035566e-06,0.0017139923158867244,0.0003562636268051699,0.0423433932679491,120.2
13945,0.11444402177228527,-469.4382851837771,0.32255393638988866,-7.364828216701293,-0.01675191995946127,0.07160475064246727,-0.6397613973499041,8.601074962528699e-06,0.0017239639462773202,0.0003416771218913623,0.03587432596691055,120.208333
13946,0.11758254839906818,-469.49587543513417,0.35668201549321327,-6.999328413264982,-0.01294673600297379,0.07442809651978949,-0.6395274451900483,8.305234852406801e-06,0.0017278578840577154,0.00032607077516895157,0.03019526495319502,120.216667
13947,0.12099498255880942,-469.54960834759345,0.3865626757732393,-6.632367802137219,-0.009188672426430105,0.07718260956854038,-0.6392659272597204,8.004597965900423e-06,0.001725761832066776,0.000309780215703942,0.02540236207788524,120.225
13948,0.12463143242585858,-469.60003938137027,0.41239568534596643,-6.271854921598816,-0.005444305335653583,0.0798664376305921,-0.6389790484480777,7.705526139771685e-06,0.001718019555210287,0.00029318367408792635,0.021469057327697598,120.233333
13949,0.12846396686746533,-469.64701722876447,0.43431018517949915,-5.9231946988427815,-0.0017393430808980946,0.08248176329084964,-0.638667555216389,7.4130196055702775e-06,0.0017051631790067213,0.00027665234457464,0.018297677117051256,120.241667
13950,0.13245830308764875,-469.69075275491525,0.452533004882526,-5.590276702836756,0.0019263175620448996,0.08502867109358665,-0.6383329280780593,7.13079950727465e-06,0.0016878221667942339,0.0002605129630890255,0.01576427872038383,120.25
13951,0.13658196653136367,-469.73134220137223,0.46729498013586956,-5.275642034309247,0.005541359026198358,0.08750675060459351,-0.6379767821909887,6.861466850665139e-06,0.0016666665376631445,0.0002450272595681583,0.013744233802647813,120.258333
13952,0.14081085835451695,-469.76874861229584,0.47881267452968096,-4.980596642505265,0.009081033784268078,0.0899217957688234,-0.6376002808555835,6.606692055857992e-06,0.001642360815670765,0.0002303848054616354,0.012126613639916213,120.266667
13953,0.14511181564351364,-469.8037143346147,0.48739929036939167,-4.705438056894194,0.012589659359975644,0.09226564901261719,-0.6372056678698648,6.367403366035036e-06,0.001615529140278676,0.00021670650975054605,0.010819751484421573,120.275
13954,0.14946146340676733,-469.83620059622274,0.4932588960954725,-4.4500927806901815,0.016043421790771548,0.09453972373034306,-0.6367945994826227,6.143963030216033e-06,0.001586745840406437,0.00020405583592677615,0.009750931377823978,120.283333
13955,0.15383891919127266,-469.8664385365578,0.4966120198643676,-4.213898390055412,0.019443410196167646,0.0967434433364984,-0.6363687395271246,5.936315664635036e-06,0.0015565221606728408,0.00019244875122201104,0.008864673905954525,120.291667
13956,0.15822309388520928,-469.8945885560494,0.49765906806554344,-3.9960061275725693,0.022784961146373295,0.09887562204766867,-0.6359300036845603,5.744110778106995e-06,0.001525304549677215,0.0001818663498174769,0.00811940763947281,120.3
13957,0.1625934301100401,-469.92090516442306,0.4965940134400206,-3.795368254924311,0.026073736185737044,0.10093177498138656,-0.635480487313673,5.566800200001462e-06,0.0014934790095669861,0.00017226536769459816,0.0074843265059182,120.308333
13958,0.1669380766035679,-469.9454175666447,0.4935695985000778,-3.6108438738861155,0.029295339991059773,0.1029168861332908,-0.6350215825304173,5.4037128521302365e-06,0.0014613766278313016,0.00016358714838211977,0.006936671238960125,120.316667
13959,0.17123688202215323,-469.9684275575434,0.488754942335665,-3.4413057184705336,0.032462768558426225,0.10482231088584829,-0.6345557221190844,5.25410934949191e-06,0.001429274474539801,0.00015576415901597126,0.006459649000838167,120.325
13960,0.17547520710745843,-469.9901329819121,0.4822924189633653,-3.2856171338789726,0.03558103749779958,0.10664331492627269,-0.6340849358154758,5.11722365223421e-06,0.0013974083685589014,0.00014872553779196314,0.00604069328832674,120.333333
13961,0.17964218226581433,-470.0105412186338,0.4742973750645296,-3.1427218405331563,0.03863676778863091,0.10838288969538823,-0.6336109706058796,4.9922909984183735e-06,0.0013659752952420476,0.00014240046664621073,0.005670309897139936,120.341667
13962,0.18372402468606014,-470.029839756129,0.46488970192992635,-3.011605687948289,0.041636025325329735,0.11003514045551814,-0.6331360216699433,4.878566947760329e-06,0.0013351369384326335,0.00013672040704494948,0.0053412303941117135,120.35
13963,0.1877110090596419,-470.0481135862081,0.4541708064780452,-2.891318056600052,0.044575719569538166,0.11159930710791438,-0.6326619259556334,4.775340168666306e-06,0.0013050268571026325,0.00013162083330128623,0.005047761394227119,120.358333
13964,0.19159094757645023,-470.0655837317141,0.44224318778901445,-2.78097850662499,0.04746832688364511,0.11306605117166253,-0.6321909036765038,4.6819394993663445e-06,0.0012757524612745231,0.00012704198185455365,0.004785370052040054,120.366667
13965,0.19535585278425094,-470.0823109573424,0.4291907091900755,-2.6797864354831087,0.05031045269440343,0.11443431852242474,-0.6317247484229128,4.597737884529737e-06,0.0012474005397333458,0.00012292933599194694,0.004550364766271379,120.375
13966,0.19899785888947272,-470.0983205763902,0.41508986131871173,-2.5870221019319395,0.05309520030740828,0.11570456751980142,-0.6312652892686021,4.522153274990923e-06,0.0012200381781595512,0.00011923357764829012,0.004339700858455461,120.383333
13967,0.2025064628466212,-470.11372033127594,0.4000172072875481,-2.5020407515741687,0.0558249568894109,0.11687108204960821,-0.6308147406686445,4.454648073319972e-06,0.0011937159010967846,0.00011591046417456186,0.004150828413338152,120.391667
13968,0.20587507331903807,-470.12861399205633,0.3840427560923284,-2.424233563345276,0.05850336229109616,0.11792965129383687,-0.6303748619847962,4.394727566049346e-06,0.0011684717895111443,0.000112920612594112,0.003981577228632617,120.4
13969,0.2090975250876179,-470.14303741464107,0.36722940866775494,-2.35306136447171,0.061126752564058265,0.11887951111001231,-0.6299473744966455,4.341937301466833e-06,0.0011443315126110803,0.00011022913641705436,0.003830086375663242,120.408333
13970,0.2121661638232399,-470.15701455288416,0.34963662608375723,-2.2880517374409575,0.06368992913159068,0.11971960040720221,-0.6295342110493701,4.2958602676248806e-06,0.0011213102952275953,0.00010780527306621573,0.003694749629697425,120.416667
13971,0.215075359921354,-470.17072202599724,0.33132662190266887,-2.2287586290666668,0.06620691668004659,0.12043977965799815,-0.6291370409820537,4.256113993984631e-06,0.0010994155488852995,0.00010562202548589426,0.0035741714869829094,120.425
13972,0.21782017277048252,-470.1840810269346,0.31234873928683843,-2.1747968186294044,0.0686616715950032,0.12104619164729365,-0.6287574309838944,4.222347510214433e-06,0.0010786473707724248,0.00010365580817876402,0.003467133231952409,120.433333
13973,0.22039395180273796,-470.1972475714923,0.2927592902502793,-2.1258244950539633,0.07106610355898328,0.12152825337347392,-0.6283971715666268,4.194238470432008e-06,0.0010589997464850954,0.00010188609370977131,0.003372574410633616,120.441667
13974,0.22279380249172068,-470.2101962241799,0.2726058186092732,-2.081521866791063,0.07341157427091229,0.12188938105880505,-0.628057507099603,4.171490526389409e-06,0.001040462619008696,0.00010029512166000038,0.003289566283129057,120.45
13975,0.22501476047656643,-470.2229322394481,0.2519352541737608,-2.0416164295518637,0.07569260469229865,0.12212989228466332,-0.6277399395302421,4.153830761894314e-06,0.0010230212600122236,9.886760529775708e-05,0.0032173017932040087,120.458333
13976,0.22705149988883358,-470.2355680139232,0.23079681144831327,-2.0058737426209357,0.07791677927873045,0.12224163229979307,-0.6274459909151638,4.141007520902041e-06,0.0010066583358824127,9.759049412148892e-05,0.0031550801538553206,120.466667
13977,0.22890166154919198,-470.24812815484586,0.20923589199806464,-1.9740719846131551,0.08008204261159431,0.12222417512350789,-0.6271767136481814,4.132788446889836e-06,0.0009913548825997225,9.645275230688506e-05,0.003102294086052658,120.475
13978,0.2305608110436639,-470.26070903579676,0.18729877798358097,-1.9460351911767395,0.08219443028630422,0.12207000700156283,-0.6269334108950873,4.1289587009773755e-06,0.000977089791834517,9.544516360461426e-05,0.003058423288708083,120.483333
13979,0.2320271937773566,-470.27325233703795,0.16502622381378812,-1.921588057432114,0.08424198559093206,0.1217853787842424,-0.6267169393387064,4.129319528289415e-06,0.000963841451036117,9.456017099998058e-05,0.003023024918902452,120.491667
13980,0.23329894406488827,-470.2856742023646,0.14245715985080967,-1.9005747605215646,0.08620970441557071,0.12137927524039017,-0.6265281087730203,4.133686972034953e-06,0.0009515872517632668,9.37917361390215e-05,0.0029957301552237096,120.5
13981,0.23437295272133896,-470.29807568677256,0.1196357641302424,-1.882887823354769,0.0881046884162296,0.12084450038869719,-0.6263678498142169,4.141890851039459e-06,0.0009403042834049238,9.313522236919011e-05,0.0029762389263961984,120.508333
13982,0.23524756266972435,-470.31044645363306,0.09660231485101273,-1.8684220427563618,0.08992100313615761,0.12018395496226647,-0.6262368105122974,4.1537739748419615e-06,0.0009299703185716096,9.258729560236015e-05,0.00296431246888894,120.516667
13983,0.23592136345620102,-470.3228686070345,0.07340004059639892,-1.8571051578104327,0.0916639118606272,0.11939236497959647,-0.6261355309539509,4.169191527031398e-06,0.000920563662130312,9.214584487821011e-05,0.0029597716349946852,120.525
13984,0.23639144386492378,-470.3353382554233,0.05006766682996508,-1.8488804298033819,0.09332765645283222,0.11847129222932153,-0.6260647044312089,4.18801065335088e-06,0.0009120634549447275,9.180992310057101e-05,0.002962492527405187,120.533333
13985,0.23665832335023546,-470.3479353931566,0.026648927642294876,-1.8437083642228054,0.09491764743884804,0.11741619524388865,-0.6260244324106876,4.210110259062812e-06,0.0009044505771608456,9.157970219146795e-05,0.0029724059344008783,120.541667
13986,0.23672155224837285,-470.3606820156674,0.003184456663848184,-1.8415644354943599,0.0964318304356197,0.11622727279132575,-0.6260148846587649,4.235380918745626e-06,0.0008977066409441058,9.145644612187418e-05,0.002989493956988952,120.55
13987,0.23658001050776506,-470.37358112053386,-0.0202866193606895,-1.8424422194137022,0.09786554044157847,0.1149062958673683,-0.6260362544135273,4.26372499412098e-06,0.0008918147019736962,9.14424998672007e-05,0.0030137900040577022,120.558333
13988,0.2362348954424787,-470.3866739087229,-0.04372204203023039,-1.8463514105527585,0.099219316359934,0.11345251009225252,-0.626088306783344,4.2950569099066506e-06,0.000886759751210274,9.154128875132829e-05,0.0030453789239065577,120.566667
13989,0.2356857917202853,-470.399940892793,-0.06708351215258637,-1.8533142216906806,0.10048596569991364,0.11187044682378137,-0.626170972259816,4.329303552902472e-06,0.0008825281102029266,9.17573389157901e-05,0.0030843957030073734,120.575
13990,0.2349343276285984,-470.41342302453586,-0.09032857881009064,-1.8633768545440061,0.10166588355403955,0.11015973518047145,-0.6262837963273079,4.36640485018458e-06,0.0008791082507782366,9.20963007594211e-05,0.003131027779382901,120.583333
13991,0.23397919671743903,-470.4271673820803,-0.1134169953673026,-1.8766209166044454,0.10275856529365289,0.108318023114285,-0.6264266882911387,4.406314464305525e-06,0.0008764902663524082,9.256500485064662e-05,0.0031855140739056563,120.591667
13992,0.2328250683416342,-470.44113985383785,-0.13630661880225653,-1.8930996278663792,0.10375702241893943,0.10635413301653958,-0.6265985887033707,4.449000679135683e-06,0.0008746670668473985,9.317152729414886e-05,0.003248147589877689,120.6
13993,0.23147281012481075,-470.4554645603772,-0.1589514595144115,-1.912949931495149,0.10466939696909298,0.10425891805048727,-0.6267989374760204,4.494447354538432e-06,0.0008736325126678753,9.392525283911715e-05,0.0033192763022446186,120.608333
13994,0.22992448877256608,-470.4700937810961,-0.1813121092292827,-1.9362752336956972,0.10548571241364982,0.1020417058208734,-0.6270269271935227,4.542655082506769e-06,0.0008733829346866843,9.483702173148029e-05,0.003399302986335844,120.616667
13995,0.22818236750861093,-470.4850822307044,-0.20334374210655637,-1.9632331163650074,0.10620667310733514,0.0997014466293349,-0.6272816566770382,4.5936424752742705e-06,0.0008739168938593798,9.59191952951853e-05,0.0034886917530473666,120.625
13996,0.22624858917137688,-470.5004591060681,-0.22500236715606695,-1.9939993195803751,0.10682989700483056,0.0972398866587816,-0.6275621803650413,4.6474475886517775e-06,0.0008752352610803768,9.718582907093346e-05,0.0035879679402695103,120.633333
13997,0.22412515325979326,-470.5161112816435,-0.24625156739327977,-2.028724507169124,0.10733912647843337,0.09467423203853097,-0.6278675134061018,4.7041295035510055e-06,0.0008773414078732134,9.865282488939455e-05,0.003697722155786325,120.641667
13998,0.22181731614436437,-470.5323367063205,-0.2670276618561806,-2.0677282913972146,0.10775865096457532,0.09197924374606944,-0.6281961513239285,4.763770019959304e-06,0.0008802414100041283,0.0001003380238683493,0.0038186203429468515,120.65
13999,0.2193297190204689,-470.5490253664533,-0.287289421402486,-2.111211174233361,0.10807289554667959,0.08917333091044771,-0.6285466402571032,4.826475508196106e-06,0.0008839430575203145,0.00010226167144677167,0.003951387478556679,120.658333
14000,0.21666431757371957,-470.56625783743806,-0.3069868503747072,-2.1594935323984417,0.10828265448232219,0.08625369185847605,-0.628917864315401,4.8923789012837674e-06,0.000888456304501219,0.00010444641374161151,0.004096828299361709,120.666667
14001,0.21382920256933205,-470.58401717609775,-0.32606733439659125,-2.212865846851793,0.10838269065765054,0.08323082996417334,-0.6293078213285473,4.961641785790832e-06,0.0008937942433775204,0.000106917662946707,0.004255827294396868,120.675
14002,0.21082711164538998,-470.60225639427347,-0.34448605237842084,-2.2716641294530486,0.10836302026939681,0.08011676618679181,-0.6297152311083679,5.0344565547082555e-06,0.0008999712117075526,0.00010970382794618571,0.004429351391112959,120.683333
14003,0.2076645406776991,-470.62130855950534,-0.3621651347400155,-2.336434781208327,0.10824547346856281,0.07688418026384762,-0.6301382808358201,5.111048582740326e-06,0.0009070046871643021,0.00011283652973343416,0.004618468056815532,120.691667
14004,0.20434982573879726,-470.64105024710886,-0.3790532793518012,-2.4075473322354015,0.10801506929065201,0.07355630857824128,-0.6305749177936577,5.191678518351688e-06,0.0009149140004942696,0.00011635135704837872,0.004824321615879087,120.7
14005,0.2008879402340086,-470.66155073324967,-0.39508808514044014,-2.4855307249586294,0.10767040754144705,0.07013474468662766,-0.6310235444130435,5.276644445486367e-06,0.0009237198519720866,0.0001202877053296231,0.005048172661493805,120.708333
14006,0.1972837614537392,-470.68278226287947,-0.4102121535046613,-2.570920538655316,0.107202783523411,0.06663206944661514,-0.63148257553324,5.3662837639604425e-06,0.0009334453555402453,0.00012468924291895482,0.005291410798916915,120.716667
14007,0.19355047585742735,-470.7050169731183,-0.424328237074328,-2.6644421777286236,0.10662752416694114,0.06303204535778688,-0.6319494006833477,5.460974764356685e-06,0.0009441159385106711,0.00012960397355836633,0.005555597545539121,120.725
14008,0.1896941129302104,-470.72819727492396,-0.43737228336170464,-2.766734647876345,0.1059329842657404,0.05935203671718188,-0.6324223677717896,5.5611376005190584e-06,0.0009557562705040063,0.00013508498262168318,0.005842458227042129,120.733333
14009,0.18572252197288425,-470.7523565176921,-0.449266280099989,-2.878549097459268,0.10511474031506945,0.05560084997179366,-0.6328996362196061,5.667234364884155e-06,0.0009683924045516949,0.00014118980317976578,0.006154007403736963,120.741667
14010,0.18164750498668725,-470.77764469869726,-0.4599099614214206,-3.000761763314013,0.10417659751069451,0.05177688743429856,-0.6333789569718201,5.779767753690734e-06,0.0009820505986923756,0.0001479802863303971,0.006492655469959057,120.75
14011,0.17748156630726947,-470.804276060425,-0.46918794955460846,-3.1343652326341123,0.10312417076857405,0.047873032719109386,-0.633858099906887,5.899277824804901e-06,0.0009967552100829974,0.00015552230357518296,0.006861356859912434,120.758333
14012,0.1732350895539939,-470.8322754622082,-0.4769998176243954,-3.280312569726356,0.10195086707999639,0.04390224974194165,-0.6343351841457583,6.026336142901234e-06,0.001012527456486141,0.000163884870695866,0.00726385818368625,120.766667
14013,0.16892200620298775,-470.86170332362633,-0.4832286198325979,-3.4396202438348595,0.10065392839566292,0.03987541656462089,-0.634808042268148,6.16153621750623e-06,0.0010293849479871798,0.00017313778296484519,0.007705153715214028,120.775
14014,0.1645506688858109,-470.89265214469134,-0.48775564315036335,-3.6134391271666906,0.09922838749059165,0.03579961483495355,-0.635275237491346,6.30547873050784e-06,0.0010473389059142218,0.00018334886798032337,0.008192086783944575,120.783333
14015,0.16014098191490558,-470.92534109904176,-0.4904161331900041,-3.802962156111787,0.09767967535745933,0.031673016787142384,-0.6357342319756447,6.458750273123933e-06,0.0010663943072207701,0.00019457977898688724,0.008734295501033666,120.791667
14016,0.1557089539428744,-470.9598813953984,-0.49105429835183056,-4.009341297225137,0.09600560446608035,0.027504641603028287,-0.6361830957180421,6.621893236481855e-06,0.001086543668000668,0.00020688078331032605,0.009345404017877618,120.8
14017,0.15127352454753673,-470.9964556830195,-0.48948819544515565,-4.233722170980788,0.09420697115738577,0.023298031636978914,-0.6366197931129646,6.795364246400952e-06,0.0011077663443348552,0.00022028240575224626,0.01004487706812613,120.808333
14018,0.14685372468807892,-471.03520360769505,-0.4855297285296121,-4.477118656766045,0.09228230319310911,0.019061756468941083,-0.6370424935855488,6.9794785460518805e-06,0.0011300254668831532,0.00023478538793057194,0.010860380461559418,120.816667
14019,0.14246863604505722,-471.07635092065567,-0.47896688520581393,-4.740451146498053,0.09023076129064134,0.014797302956747409,-0.6374495762161252,7.1743372708251125e-06,0.0011532665564487478,0.0002503475590438967,0.011830859939860976,120.825
14020,0.13815112320964743,-471.12008982128657,-0.46955248984655334,-5.024040852243255,0.08805784349764759,0.010511499981356275,-0.6378384099775474,7.3797351814399424e-06,0.001177417333396314,0.0002668689108460066,0.013010108298654871,120.833333
14021,0.13391264423781288,-471.1665243834731,-0.4570927825688607,-5.328102713819589,0.08575367439308376,0.00621716569686439,-0.6382085606248029,7.595045272481981e-06,0.0012023845475793167,0.0002841744667070965,0.014470109718905846,120.841667
14022,0.12978630125406226,-471.21591369082824,-0.4413176767280084,-5.651913907098632,0.08332254656728783,0.0019154516869175416,-0.6385579041515165,7.81908380686488e-06,0.0012280674364777272,0.000301998047785006,0.01630434081239761,120.85
14023,0.1258051454830371,-471.2683515262328,-0.4219893185430835,-5.993637620480875,0.08076666245416514,-0.002379548036387238,-0.6388846505145961,8.049958371455405e-06,0.0012543588014417974,0.0003199696686237345,0.018627109969493037,120.858333
14024,0.12199937231525057,-471.3240827463153,-0.3988639904783904,-6.3504563071028395,0.07808550831286366,-0.006667827237373939,-0.6391875359763004,8.284905958688711e-06,0.001281159840296182,0.00033761091012743475,0.021567682755547487,120.866667
14025,0.11840822975425878,-471.3831900315764,-0.37173492083863324,-6.717585464052683,0.07528320301574302,-0.01093878481237555,-0.6394648504855596,8.520144521116e-06,0.001308400721849311,0.000354347334753597,0.025254592945156754,120.875
14026,0.11505730731273757,-471.4457146184084,-0.3404813902788389,-7.089020151482746,0.07235505299760334,-0.01518129467784288,-0.6397161771235886,8.75076574497679e-06,0.001336059224927891,0.0003695392648731311,0.02978591774724313,120.883333
14027,0.11198793399973607,-471.5117137072003,-0.3050102858337232,-7.456207337772586,0.0693050597086253,-0.019390990385054985,-0.6399400838099382,8.970715494997892e-06,0.0013641858077041143,0.00038254084998218203,0.035186444871270525,120.891667
14028,0.10923974738758245,-471.581073919273,-0.26536083445403985,-7.808488639512898,0.06613756102215428,-0.02355733388969764,-0.6401354448224611,9.172906884924171e-06,0.0013929053499193605,0.0003927743944394061,0.04135083551561944,120.9
14029,0.10684893242481144,-471.653642635289,-0.22170575560556974,-8.133585636987089,0.06285458917222499,-0.027673855793522387,-0.6403014688422245,9.349506778043959e-06,0.001422404246229197,0.0003998154268848477,0.04799114386625671,120.908333
14030,0.10485056554521917,-471.7291394690282,-0.1743845094613219,-8.417994174906966,0.059459271305961056,-0.03173331230309115,-0.6404374322461475,9.492430733569473e-06,0.0014528857606360126,0.000403462162453339,0.054611568603794916,120.916667
14031,0.10327574611143894,-471.8071242279503,-0.12392773233781942,-8.64808770689058,0.05595619838028164,-0.035726288350076324,-0.6405427767601114,9.59403223811052e-06,0.0014844888297517406,0.00040375955280844627,0.06053913226406526,120.925
14032,0.10215021688336029,-471.88708838208356,-0.0710358125915875,-8.811490067420195,0.05234885708658692,-0.03964655572696741,-0.6406170934784028,9.64791389930186e-06,0.0015171828710401718,0.00040096168736148216,0.06502853812164586,120.933333
14033,0.10150815115166073,-471.96833861942196,-0.016570111814764643,-8.897299016264602,0.04865174271390566,-0.04349030794340294,-0.6406591244350525,9.649730496795653e-06,0.0015506643135221486,0.00039543796686120417,0.06742719352819783,120.941667
14034,0.10133270484201376,-472.0502027911902,0.038470007976464826,-8.902069139858165,0.044855090429185,-0.04724153376234774,-0.6406705635709906,9.59780083456156e-06,0.0015842857108092083,0.0003875600449861764,0.06735070274150784,120.95
14035,0.10164702607534258,-472.13182108369017,0.09306204933692284,-8.823385830582161,0.040980566120126065,-0.05089805406671084,-0.6406500557782667,9.493426360042487e-06,0.0016170846439291045,0.00037761713928363884,0.06480031066246202,120.958333
14036,0.10244309127355516,-472.21256125895246,0.14622509803634431,-8.665597111743477,0.037028756350132204,-0.05445915405550161,-0.6405978336044555,9.340779933145737e-06,0.001647852086271263,0.00036578675353327804,0.06016267277407057,120.966667
14037,0.1037015233594861,-472.2916814307611,0.1970415333226834,-8.437747979245385,0.03300773577490367,-0.057915792123154425,-0.640514451888294,9.14638213043875e-06,0.00167530387732309,0.000352188543106121,0.054095081773832675,120.975
14038,0.10539895221780274,-472.36860941146443,0.2447626972766844,-8.151807782135535,0.02892328254380677,-0.06126430175138022,-0.6404003761193516,8.91832723785279e-06,0.001698263892801861,0.0003369615721390474,0.04734848170147122,120.983333
14039,0.10750611490949205,-472.44280100227047,0.2888053092678041,-7.821529088936103,0.024786597964124583,-0.0644991409565998,-0.640256197200172,8.665404696127046e-06,0.001715816378705108,0.0003203316599585178,0.04059847072269936,120.991667
14040,0.10997931039858197,-472.51403325666314,0.3288156336377803,-7.461393359814375,0.020594525554484593,-0.06761425468071085,-0.6400833467269381,8.396284373349913e-06,0.0017273983687961217,0.00030263713437762114,0.03433952128589981,121.0
14041,0.11279513156029004,-472.58195961283326,0.3645638067671474,-7.083704895117738,0.016364630934130688,-0.07061171304784185,-0.6398817840123587,8.118894813701826e-06,0.00173282547924264,0.0002843061678537702,0.02885341662982299,121.008333
14042,0.11591516373163767,-472.64639991764557,0.3959860039040058,-6.699974590874903,0.012108078103370919,-0.07348850823205581,-0.6396525199500661,7.840018338609705e-06,0.001732237068813841,0.00026580879781124196,0.024240463571652545,121.016667
14043,0.11930105221893175,-472.70732638534434,0.42314904027191036,-6.319542696845486,0.00783226325164501,-0.07624342591540348,-0.6393966752596071,7.5651150721693975e-06,0.0017260296744238059,0.0002475983079600416,0.020472164359461375,121.025
14044,0.1229267746779933,-472.764619599975,0.4461760434087628,-5.9492644695578605,0.003558007841299183,-0.07888222711038342,-0.6391145808869543,7.298326970317782e-06,0.0017147686337327976,0.00023006447171466373,0.01744814161845074,121.033333
14045,0.1267375346296787,-472.81857817810476,0.4653223366607744,-5.594850454097372,-0.0007231094171063441,-0.08139414988204861,-0.638809034182947,7.0425918726971575e-06,0.0016990989665025334,0.0002135069826521988,0.015041312165417398,121.041667
14046,0.13071709283124547,-472.8690046141853,0.4807823995531327,-5.259281247146682,-0.0049755180977645655,-0.08379129549263938,-0.6384800511334117,6.799834636311042e-06,0.001679701941656405,0.00019812757356317757,0.01312482616187031,121.05
14047,0.13481848102917324,-472.9165176173286,0.49288106151063404,-4.9446334094546005,-0.009228706849366603,-0.08606344008180565,-0.6381304160805799,6.571157836590319e-06,0.001657223379496668,0.00018403677163208944,0.011588516924479425,121.058333
14048,0.13902758217596592,-472.96092948780336,0.5018297742895848,-4.6515764932007615,-0.01344513628248354,-0.08822337971126441,-0.6377604379848812,6.357040054592551e-06,0.0016322704101337843,0.00017127089179109066,0.01034239664074878,121.066667
14049,0.143310551804088,-473.00252850269305,0.5078998126071342,-4.380248153872981,-0.0176257633096738,-0.09026798191956775,-0.6373723688582053,6.157496137968551e-06,0.0016053760394451465,0.00015980816383288332,0.00931728165513605,121.075
14050,0.14764102245071412,-473.04150686270174,0.5113339282699818,-4.130114099017869,-0.02176389818435176,-0.09219801430311698,-0.6369681087545777,5.972220115218382e-06,0.0015770120851512112,0.000149587473787908,0.008461158528675825,121.083333
14051,0.151999591674052,-473.07802749823804,0.5123510906587664,-3.9002008100230667,-0.02585158400370333,-0.0940179239248404,-0.636549164056762,5.8006935776329565e-06,0.0015475874640062763,0.000140522936809943,0.0077357551351464,121.091667
14052,0.15636255075435362,-473.1123008101473,0.511161006610875,-3.6893833126521027,-0.029885440255271834,-0.09572701810988829,-0.6361176865490675,5.642267595103291e-06,0.0015174504286932222,0.00013251550509846228,0.007113177656435983,121.1
14053,0.16071078885470713,-473.1444733247419,0.5079485139776342,-3.4963968006644115,-0.03385770326940205,-0.09732768423922059,-0.6356756173442173,5.49622477056179e-06,0.0014869001193996392,0.00012546171367777025,0.00657303762201269,121.108333
14054,0.1650276934087672,-473.1747175368235,0.5028823271533099,-3.3199156265522887,-0.03776460615315828,-0.09882177979611796,-0.6352248444732184,5.3618221654335054e-06,0.0014561914392995378,0.0001192594101633183,0.00610032961999358,121.116667
14055,0.16929833779016248,-473.2031802271581,0.49611350892155975,-3.158639000396022,-0.04160141371277113,-0.100211618483091,-0.6347672538608922,5.2383209581627975e-06,0.0014255409248740216,0.00011381152842926526,0.005683844426252655,121.125
14056,0.17350783472220116,-473.2300219834167,0.48778027407656815,-3.01132064532203,-0.04536592139037832,-0.10149757759107698,-0.6343048853631393,5.1250060182553886e-06,0.0013951323133122849,0.00010902822694416153,0.005315044305529113,121.133333
14057,0.17764157153756174,-473.25536931955287,0.47800664594338615,-2.87679633564756,-0.049053632718590784,-0.10268025538600233,-0.6338399000906892,5.0211982027827435e-06,0.0013651221602144475,0.00010482795227838755,0.004987274474475215,121.141667
14058,0.18168722776352497,-473.2793727425583,0.46690552183537687,-2.753964884385181,-0.05266411837868604,-0.10375911823808154,-0.6333743353608919,4.926261237700228e-06,0.001335644230814191,0.00010113769348350203,0.004695227551510288,121.15
14059,0.1856321231440812,-473.3021567222608,0.4545791062484902,-2.6418239144612867,-0.056195188368636996,-0.10473328102676731,-0.6329103833289368,4.839604638424921e-06,0.0013068117500018442,9.789275908684589e-05,0.004434579783893702,121.158333
14060,0.18946967555678318,-473.32379279161404,0.441116171312329,-2.5394439589525133,-0.05964181788757242,-0.10560712068897372,-0.6324496045495247,4.760684328620211e-06,0.001278720755301991,9.503627983056619e-05,0.0042017394738669694,121.166667
14061,0.19318705883463932,-473.3444006588907,0.426603071665399,-2.446001262572395,-0.06300297911088265,-0.1063778603250298,-0.6319943734969657,4.6890011030142985e-06,0.0012514490746347257,9.251849775816162e-05,0.003993685393968895,121.175
14062,0.19677632795849037,-473.36409923436855,0.4111177505906794,-2.360734230411561,-0.06627986034228865,-0.10704417536393743,-0.6315465440564625,4.6240989416972705e-06,0.0012250624976914827,9.029616217589217e-05,0.003807831372034235,121.183333
14063,0.2002286756108377,-473.3829599176999,0.3947312137907423,-2.2829681407401123,-0.06946902687832261,-0.10760625354292004,-0.6311081216234155,4.565561900716291e-06,0.0011996136777778152,8.833177154393938e-05,0.003641949137482065,121.191667
14064,0.2035376653292638,-473.40106470156866,0.3775095513752519,-2.212090528931734,-0.07256957268178292,-0.10806406477162254,-0.6306808445654728,4.513011102725782e-06,0.0011751444336532883,8.659291226118623e-05,0.003494105112973886,121.2
14065,0.20669582710436027,-473.4184822887745,0.3595146127108912,-2.1475579549177395,-0.07557936540200387,-0.1084171654597911,-0.6302666026651695,4.466101463802178e-06,0.0011516860121515479,8.505163178921798e-05,0.0033626154747405947,121.208333
14066,0.20969702881209046,-473.4352955056923,0.3408049926884314,-2.0888819747614558,-0.0784987552432772,-0.10866400227777653,-0.6298671230586905,4.42451863432544e-06,0.0011292611635571024,8.368389596050691e-05,0.003246008692699393,121.216667
14067,0.21253543932963795,-473.4515547566421,0.32143520179376783,-2.035628805103592,-0.08132511687834477,-0.10880494526470445,-0.629484091877363,4.387975968231951e-06,0.0011078847490416657,8.24690907916149e-05,0.0031429978254644926,121.225
14068,0.21520507770369074,-473.4673496969523,0.30145841678902835,-1.9874128777247249,-0.08406039581482211,-0.10883650663455866,-0.6291192075871163,4.356211736516821e-06,0.001087564861810638,8.138959166849544e-05,0.0030524579423641474,121.233333
14069,0.2177001430037739,-473.4827443579875,0.2809247347195767,-1.9438930830329562,-0.08670410785470262,-0.1087566248956372,-0.6287741302713001,4.328986577727824e-06,0.0010683040450947183,8.043039123547249e-05,0.002973406233626932,121.241667
14070,0.22001771891614633,-473.4977592784749,0.25988112645436484,-1.9047632991191976,-0.08925241275246901,-0.10856794677972552,-0.6284500938228093,4.306081178193369e-06,0.0010501002303649372,7.957877454228723e-05,0.0029049866575195566,121.25
14071,0.22215228599800843,-473.5124705944344,0.23837443286658938,-1.8697590737232384,-0.09170671003810102,-0.10826658935228398,-0.6281486588698663,4.287294143914674e-06,0.0010329463887925917,7.882403558813208e-05,0.00284645826958452,121.258333
14072,0.22410139408100743,-473.52689887024394,0.2164487888684695,-1.8386428921723283,-0.09406376093629353,-0.10785470408461724,-0.6278709137723609,4.272440242870749e-06,0.001016832725675846,7.815725287447551e-05,0.0027971815486257695,121.266667
14073,0.22586059210200501,-473.5411021686882,0.19414790885361394,-1.8112120414346924,-0.0963237143122626,-0.10732973337261867,-0.6276181825530968,4.261348761744944e-06,0.0010017461191768487,7.757108381120324e-05,0.002756610441232092,121.275
14074,0.22742698617348892,-473.5551511465877,0.17151518649744218,-1.78729184295959,-0.09848875410447268,-0.1066881644774283,-0.6273915153645178,4.2538621858636284e-06,0.0009876718357816172,7.705960373029762e-05,0.002724282743177692,121.283333
14075,0.22879981287744872,-473.56902438011656,0.14859093668715606,-1.7667226992595082,-0.10055219383532617,-0.1059361831345816,-0.6271915928117814,4.249835034128701e-06,0.0009745935251019948,7.661816365925385e-05,0.002699813339193514,121.291667
14076,0.2299753749408967,-473.58278022627604,0.12541620486527083,-1.749379225774625,-0.10251469916444456,-0.10507068230942687,-0.6270194581113532,4.249132896912487e-06,0.0009624930497420255,7.624327762077207e-05,0.0026828895289307216,121.3
14077,0.23095161641040435,-473.59645694738134,0.10203135303535052,-1.7351549751286557,-0.10437546557172912,-0.10409102980643463,-0.6268758508480932,4.25163172410346e-06,0.000951352341816975,7.593253397667964e-05,0.002673264589636831,121.308333
14078,0.23172714462888908,-473.61010891863657,0.07847697511390847,-1.7239667147121636,-0.10613560108118607,-0.10299497867456811,-0.6267613431179053,4.257217242801953e-06,0.0009411532058839593,7.56845201473714e-05,0.002670754269354066,121.316667
14079,0.23230058163371037,-473.62374390649995,0.054791774134447135,-1.7157443010471818,-0.10779132541901823,-0.10178503044572235,-0.6266764319946736,4.265784564680238e-06,0.0009318775455162171,7.549876870545354e-05,0.0026752333942320025,121.325
14080,0.2326719555114791,-473.6373825322902,0.031015113536215198,-1.7104374528675923,-0.10934083382994979,-0.10046293837029148,-0.6266213312259473,4.277237961014547e-06,0.0009235078138411926,7.537571824300046e-05,0.002686633981417119,121.333333
14081,0.23283963260633356,-473.6510703505426,0.0071860130846691855,-1.7080198250451453,-0.11078400119473732,-0.09902695783848267,-0.626596424643917,4.291490782182546e-06,0.0009160268907517456,7.531669135647998e-05,0.002704943267624639,121.341667
14082,0.2328046460896079,-473.66480698243345,-0.016656786269500384,-1.7084730291163577,-0.11211725953582714,-0.09748147975323229,-0.6266016229593538,4.3084655533686594e-06,0.0009094190851897231,7.532388604191254e-05,0.002730202493621855,121.35
14083,0.2325648813839452,-473.67868696679307,-0.04047334007737415,-1.7118178099889785,-0.11334472170233421,-0.09581895880242962,-0.6266372266888065,4.328094190713346e-06,0.0009036694645837829,7.540038111656988e-05,0.002762506752994209,121.358333
14084,0.23212225700413078,-473.6926838587528,-0.06422535936947718,-1.7180655054026222,-0.1144604283483169,-0.09404705811807887,-0.6267028593182374,4.3503184004221895e-06,0.0008987653036542709,7.555015933447832e-05,0.00280200445074302,121.366667
14085,0.23147773609134212,-473.7068426737458,-0.0878728040339753,-1.7272615428451097,-0.11546479532455967,-0.09216505842481487,-0.6267982097311766,4.3750901874247615e-06,0.0008946948730655757,7.577813664527388e-05,0.00284889893820306,121.375
14086,0.23063231339736298,-473.72118063161815,-0.11137653267903458,-1.7394633666504387,-0.11635545044634843,-0.09017547262605925,-0.6269228867764315,4.402372522501181e-06,0.0008914480885086996,7.60902195397094e-05,0.002903448883852126,121.383333
14087,0.22958684252616482,-473.73573955913434,-0.13469647599594944,-1.754753976600285,-0.11713201506025427,-0.08807800398261921,-0.6270764458487993,4.432140159279615e-06,0.0008890167474261959,7.649336771440609e-05,0.002965970495054166,121.391667
14088,0.22834351013996396,-473.75054349036213,-0.15779200148878111,-1.7732313300715947,-0.11779292731985312,-0.08587503319554575,-0.6272581746163886,4.464380601870581e-06,0.0008873947906534612,7.69956809962287e-05,0.0030368394629402278,121.4
14089,0.22690485642976096,-473.7656237721865,-0.18062163576115386,-1.795016258710036,-0.11833724968432445,-0.08356834520561042,-0.6274672419280116,4.4990952271432794e-06,0.0008865780523610629,7.760650411558794e-05,0.003116493380289501,121.408333
14090,0.22527198458068556,-473.7810178794219,-0.20314439104246873,-1.820254549866855,-0.11876355649652827,-0.08115863848759916,-0.6277029597852277,4.536300569684828e-06,0.0008865643656386699,7.833655611572783e-05,0.0032054343773717663,121.416667
14091,0.22344973302178925,-473.79671386547153,-0.22531776897063088,-1.8490983052988936,-0.11906814205716712,-0.07865401875254983,-0.6279640400191143,4.576029783158862e-06,0.0008873542455237822,7.919807332904746e-05,0.0033042332779594174,121.425
14092,0.22144074049382723,-473.8127705188081,-0.24709763054359823,-1.8817484957057558,-0.11925174691580943,-0.07605360859447914,-0.6282494585379963,4.618334260551749e-06,0.0008889498252925315,8.020498698343126e-05,0.00341353200694294,121.433333
14093,0.21924806657756726,-473.829229578136,-0.2684393116131814,-1.918428727568384,-0.11931353728441245,-0.07335894060207623,-0.6285580787249673,4.663285454258689e-06,0.0008913558192730126,8.137314283881755e-05,0.0035340469073583507,121.441667
14094,0.21687600171724705,-473.8461122928463,-0.2892970182746076,-1.9593846976149507,-0.11925151923612655,-0.07057467992264503,-0.6288885452842117,4.71097691134069e-06,0.0008945795516943906,8.272053688246982e-05,0.003666572540714471,121.45
14095,0.21432809064573535,-473.86372326514015,-0.3096102259170125,-2.005008939616436,-0.11908234363783068,-0.06767181023640748,-0.6292395682163108,4.7615265040949885e-06,0.0008986307257737025,8.426758928886358e-05,0.0038119847768098257,121.458333
14096,0.21160977730725827,-473.88185187358096,-0.32934024856684213,-2.0555264984875703,-0.1187868684062004,-0.06468377140848985,-0.6296095633697302,4.815078997844999e-06,0.0009035218015562618,8.603763920123231e-05,0.00397123237775597,121.466667
14097,0.2087274364062468,-473.90053480957926,-0.34843430951449544,-2.111295629760042,-0.11836434345667929,-0.06161512364794445,-0.629996802699758,4.87180875801248e-06,0.0009092675923921022,8.805701539543649e-05,0.004145357131073523,121.475
14098,0.2056872678217807,-473.91979313866085,-0.36683890358073773,-2.1727091390930013,-0.11781276304285954,-0.05847257738401985,-0.6303995742656215,4.931922543871114e-06,0.00091588509357307,9.035558871480309e-05,0.004335485369229078,121.483333
14099,0.20249503753933992,-473.93971647974763,-0.3844948964844471,-2.2402384340641195,-0.11713363003847174,-0.0552550580210139,-0.6308162204264447,4.99566259934646e-06,0.0009233936805737628,9.29672110431567e-05,0.0045428296854967,121.491667
14100,0.19915463273183487,-473.9601523835149,-0.4013576319995444,-2.314287545906712,-0.11631387085621937,-0.05198978603544987,-0.631245323365196,5.063309956908435e-06,0.000931815320996262,9.593027125663275e-05,0.004768685701847581,121.5
14101,0.19567629605814527,-473.98121784432203,-0.41735662834716764,-2.395439547909033,-0.11535948636821579,-0.048674360420347056,-0.6316846588437396,5.135187764912252e-06,0.0009411752528084516,9.928791602355886e-05,0.005014455218670921,121.508333
14102,0.1920671259798978,-474.00306338136784,-0.4324187151793494,-2.4843627949540408,-0.11427504910137902,-0.04530236229275194,-0.6321324400784805,5.211664631298493e-06,0.0009514997678038209,0.0001030889655028314,0.005281620494565556,121.516667
14103,0.18833486756296938,-474.025970119555,-0.4464551533123592,-2.581875058779177,-0.11306934506322298,-0.04185373940098281,-0.632586832285599,5.2931580929271254e-06,0.0009628171420873832,0.00010738850864244679,0.005571751196158284,121.525
14104,0.1844917823532556,-474.0500357269368,-0.45937768396074957,-2.688760046948863,-0.11174335552345062,-0.03833169087198233,-0.633045509143896,5.380138027414712e-06,0.0009751570861060753,0.00011224871146970124,0.005886498891303154,121.533333
14105,0.18053509888674898,-474.0750493783754,-0.4711375110925149,-2.8057136273742653,-0.11027741309756815,-0.03477138892864645,-0.6335079757575915,5.4731295397337735e-06,0.000988548776493848,0.0001177391556272128,0.006227625055164154,121.541667
14106,0.17649488247308776,-474.1011008733853,-0.48161283252993325,-2.9336073154080036,-0.1086845759216769,-0.031180931625102392,-0.6339699717933934,5.572714631737558e-06,0.0010030253866753162,0.00012393604933696884,0.0065971619926795235,121.55
14107,0.17237371223958037,-474.1283952575373,-0.49070352057312894,-3.0735265395977316,-0.10696401463039411,-0.027551274807983653,-0.634430563187654,5.679531967883713e-06,0.0010186117623830026,0.00013092348254304957,0.006997384173299527,121.558333
14108,0.16817994910549597,-474.157094577603,-0.49829533291053996,-3.2266090429074508,-0.10511508572652917,-0.023880895006215385,-0.6348882061295568,5.794274881162134e-06,0.0010353326793125324,0.00013879248044295874,0.007431081991340527,121.566667
14109,0.1639294228891064,-474.18730866472964,-0.5042574646612467,-3.3940002654267194,-0.10313918179006502,-0.0201762507311919,-0.6353406493859086,5.917686417861401e-06,0.0010532090394025863,0.000147639724118741,0.007901892910459434,121.575
14110,0.15964250046542067,-474.21907412950384,-0.5084490796831277,-3.57680030063161,-0.10103875523270689,-0.016452468750154645,-0.6357853402596275,6.050549331559377e-06,0.0010722530317826262,0.0001575651964697805,0.008414832620717535,121.583333
14111,0.15534239927128113,-474.252602055076,-0.5106948760763501,-3.7762202795473234,-0.09882093979861503,-0.012707429757199983,-0.6362196599935311,6.19366890819099e-06,0.0010924638441060339,0.0001686680768629603,0.008977155131174136,121.591667
14112,0.1510364733702915,-474.2880112231662,-0.5108450053838397,-3.993488615184983,-0.0964801409051626,-0.008947955733538536,-0.6366427798813953,6.347846422468549e-06,0.0011138233822854875,0.00018104135575627804,0.009599579470729104,121.6
14113,0.14673539978237707,-474.32531647262243,-0.508745981842092,-4.229701226186793,-0.09401177510836842,-0.005192296165480223,-0.6370536389327852,6.513841164691054e-06,0.0011362985629822637,0.00019476206512729415,0.010298369260181522,121.608333
14114,0.14247800383484158,-474.364847976727,-0.5041388516591649,-4.485780924397056,-0.09143082976175822,-0.0014303431101333492,-0.6374487196345002,6.692316890632557e-06,0.0011598365892978664,0.000209878480647765,0.011098174914185773,121.616667
14115,0.13827974624561276,-474.4066722508576,-0.4968317006298143,-4.762362031955322,-0.08873462397458114,0.0023237417542136016,-0.6378269980240328,6.883766394519976e-06,0.0011843511376308246,0.00022639619803677287,0.012035216371427383,121.625
14116,0.13415288687508295,-474.45102868310397,-0.48660769934932974,-5.059978585751577,-0.08591788368023984,0.006070546471170948,-0.6381878864452459,7.088412039463128e-06,0.0012097295459739714,0.0002442561444951597,0.013162105225468606,121.633333
14117,0.13014541827709422,-474.49795962965754,-0.4731959396804869,-5.377752701384774,-0.08299791873349859,0.009794771360582231,-0.6385279325259793,7.306080736448721e-06,0.0012358347135462309,0.0002633121293926823,0.014552908736628258,121.641667
14118,0.12627582577307947,-474.54766907875324,-0.4563678251987728,-5.714628872218685,-0.07997169667887098,0.013495500961114541,-0.6388465479754205,7.5360449837994176e-06,0.0012624961508946094,0.00028330535764250277,0.016306661282602077,121.65
14119,0.12257369672120268,-474.60032179868705,-0.4358840057170859,-6.068264862400952,-0.07684191072524318,0.017169717072152715,-0.6391424209421215,7.776837208956006e-06,0.0012895324999660422,0.00030384484802323773,0.01854902309508416,121.658333
14120,0.11906491003047258,-474.6561530364208,-0.4115208352611391,-6.435198007775436,-0.07360566345214041,0.02082037923698031,-0.6394147564704764,8.026050088079701e-06,0.0013167652162137675,0.00032439623016718687,0.02142678904745144,121.666667
14121,0.11579350468734813,-474.7149502144074,-0.3831296664321511,-6.809317207291044,-0.07027873672157886,0.02442293287179274,-0.639661576296997,8.28014074196327e-06,0.0013440456828984445,0.0003442907133754798,0.0250915655064748,121.675
14122,0.11280115597718261,-474.776749495598,-0.35058568117657596,-7.18283709488782,-0.06687014268712943,0.027977813173596988,-0.6398813473316958,8.534267425525656e-06,0.001371279407073309,0.0003627572649513835,0.02966667614306051,121.683333
14123,0.11011497787425394,-474.841552671638,-0.3138847176301053,-7.546654852166975,-0.06337841265153733,0.031484628989901994,-0.6400737517061138,8.782205495971906e-06,0.0013984582472634688,0.00037899646186255047,0.035195366126387934,121.691667
14124,0.10776454604905408,-474.90928603349397,-0.2731305218413893,-7.88987334737786,-0.05980302201153554,0.03494290198523831,-0.6402383187807005,9.016415544979294e-06,0.0014256865162797477,0.0003922871742024062,0.041579074830949955,121.7
14125,0.10579836978604981,-474.97945685747425,-0.22859781038286148,-8.198821165619925,-0.0561660942388045,0.03834010861189002,-0.6403732650615469,9.22832085980313e-06,0.0014531745129208375,0.0004021021917550764,0.04851925540937304,121.708333
14126,0.10422996539485367,-475.05195811391155,-0.18069512672670643,-8.46160096369142,-0.05245487925121711,0.04168303008344876,-0.6404791357427677,9.408808573074195e-06,0.0014811880405885055,0.00040820143229599063,0.055489923007067656,121.716667
14127,0.10309346515772383,-475.12610117924015,-0.1300486185824289,-8.665150835530449,-0.04868828684769961,0.04496026129989635,-0.6405548675200909,9.548969893932099e-06,0.0015099780457847485,0.0004106854104546848,0.06177948521477933,121.725
14128,0.10240878689447126,-475.2013437786685,-0.07741154287932135,-8.799069312072763,-0.0448718515645464,0.048172100725395885,-0.6406000923547168,9.64099830751369e-06,0.0015396535168498812,0.00040994165416174684,0.06660703143797893,121.733333
14129,0.1021872237289582,-475.2770112642928,-0.02367599255659245,-8.856349286001297,-0.04101325550059054,0.05131548740428883,-0.6406146628837835,9.67908642013548e-06,0.0015700673126450846,0.0004065267221061434,0.06929860408247959,121.741667
14130,0.10243397676953075,-475.3524000178339,0.03020021509537165,-8.834096454326385,-0.037120923538485666,0.054389303205143194,-0.6405984338167781,9.660163185123106e-06,0.001600736139049702,0.00040100399160311395,0.06946529651178084,121.75
14131,0.10314485726814995,-475.42678847551224,0.08324726265934543,-8.734144719934237,-0.03320409885052397,0.05739186823844492,-0.6405514608176502,9.584296237299655e-06,0.0016308318002183784,0.00039380491717089396,0.06710966118219,121.758333
14132,0.10431187629459938,-475.49932107397575,0.1345202148057691,-8.562427536085437,-0.029284117048774806,0.060319669217057975,-0.6404736455703844,9.454665049676221e-06,0.001659260067424203,0.00038516773662859054,0.06261620837050012,121.766667
14133,0.10590247318767951,-475.56983981742104,0.1833121707698939,-8.329530897869287,-0.02534039799791893,0.06317855428023111,-0.6403661821054942,9.27711425476557e-06,0.0016848055083079352,0.00037516645203228185,0.056634145368554496,121.775
14134,0.10789894974554268,-475.6376178684272,0.2289418372532641,-8.046792222100327,-0.021397806387042237,0.06596566768629758,-0.6402290037514106,9.05941779477663e-06,0.0017063140222083563,0.00036379679342191633,0.049898272735118425,121.783333
14135,0.11026803323660055,-475.7023063358318,0.27094875300274585,-7.727237677955036,-0.017462513860399882,0.06868071747990234,-0.640062912792267,8.81040079564668e-06,0.0017228345471927249,0.0003510755752284946,0.04307720984431678,121.791667
14136,0.11297639792304323,-475.76363287664975,0.3090351553103021,-7.383389234829354,-0.01354372339800309,0.07132468378928929,-0.639868634732846,8.539090269183047e-06,0.0017337265564676303,0.0003371100907709285,0.03667042213178001,121.8
14137,0.11599104687758356,-475.8213124245424,0.34303457191182773,-7.026578957334962,-0.00965947523911291,0.07389921202783913,-0.6396468663847026,8.254025927066447e-06,0.0017386933795986849,0.0003221187561138516,0.03097876945155594,121.808333
14138,0.11926684963741832,-475.8757100758836,0.3730072816999929,-6.666690879015086,-0.005785405259135685,0.07640406804272812,-0.6393992963309467,7.96278388931742e-06,0.0017377595192660954,0.0003064106501465557,0.026127299013650445,121.816667
14139,0.12277432959747221,-475.92664148869017,0.3989967879908672,-6.311225185509525,-0.0019434729302195565,0.0788410479105236,-0.639126610894383,7.671725796437231e-06,0.001731218971908353,0.0002903419946561977,0.022111578238810506,121.825
14140,0.1264814638118609,-475.9741304441416,0.42114407491107375,-5.965985739866912,0.001855496375459642,0.08121258500076702,-0.6388298567276689,7.38592247323786e-06,0.0017195497669081484,0.00027426995419898404,0.018852284572653717,121.833333
14141,0.13035418438275453,-476.0183182061834,0.439650658203907,-5.635195781537826,0.005606790275274421,0.08351918774461625,-0.6385104712197669,7.109208583699874e-06,0.0017033427712374056,0.00025851597288809383,0.01623598325407996,121.841667
14142,0.13435963714939558,-476.0594111978263,0.4547493451822025,-5.321606149201548,0.009309062920522493,0.08576025998551429,-0.6381700649754412,6.844319178309375e-06,0.0016832412787887228,0.00024334301757750892,0.01414320156350117,121.85
14143,0.13847089424961243,-476.09758803318454,0.4666729807482967,-5.0266962298656646,0.012957911998990292,0.08793739088003084,-0.6378100191105806,6.593063336210654e-06,0.0016598935459508613,0.00022894674949413752,0.012464512376709612,121.858333
14144,0.1426610544642392,-476.1328863232899,0.47564037879861454,-4.7512250636062,0.01653575863661468,0.09005312003608916,-0.6374319704361222,6.356502996008542e-06,0.001633917390970932,0.00021545712904974876,0.011107632184383867,121.866667
14145,0.14690198252993325,-476.1660035444249,0.481934964301631,-4.494971337074477,0.020084272558172144,0.09209663773491455,-0.6370379454865566,6.135121408690635e-06,0.001605882454127562,0.00020294589998188443,0.009998685970300063,121.875
14146,0.15117538944720144,-476.1968198741653,0.4857321839307092,-4.257548257052996,0.02357388049065109,0.09407391736040996,-0.6366293135782229,5.928970530383158e-06,0.0015763025539488184,0.00019143886111897524,0.009080337218908793,121.883333
14147,0.1554592087703026,-476.2255468733221,0.48723508962538437,-4.038209199267402,0.027004621763158775,0.0959824030564364,-0.6362080173834188,5.737791654391229e-06,0.001545627598748924,0.0001809253362234325,0.008309397276184575,121.891667
14148,0.15973648307047686,-476.25229840118055,0.48661986326509193,-3.8359956217886952,0.030368865449281298,0.09782373432069336,-0.6357757164998344,5.561114209755644e-06,0.0015142493567686301,0.00017136926916193958,0.007653629176630442,121.9
14149,0.16398893650671884,-476.2773544785955,0.4840644052097304,-3.6498221775208086,0.033675876156699036,0.09959245044019793,-0.6353343937301014,5.398331130225842e-06,0.0014825031074827287,0.00016271779618907059,0.007089151349506628,121.908333
14150,0.16819956437920816,-476.300939611409,0.4797265976233907,-3.4785906313720187,0.03693130407432086,0.1012829805157782,-0.6348860916047938,5.248756509384395e-06,0.0014506750002622457,0.00015490844369680647,0.0065982193321386835,121.916667
14151,0.172355465674808,-476.32311001570605,0.4737364049266086,-3.3212321959270077,0.04012580165775216,0.10289672511878435,-0.6344325785118164,5.111667696084878e-06,0.001419007661599593,0.00014787421222332264,0.006167574534052352,121.925
14152,0.17644443768558407,-476.3439601545471,0.46621603453528165,-3.1767006815036467,0.04325466594879274,0.10443366509629488,-0.6339756747259419,4.9863350341635306e-06,0.0013877037112433547,0.0001415471205332932,0.005787226531957035,121.933333
14153,0.1804539978297775,-476.3636227720223,0.4572807522859965,-3.0440019929735547,0.0463179376701641,0.1058911085812988,-0.63351735134044,4.872042644701963e-06,0.001356931228528923,0.00013586087195417395,0.00544952669080847,121.941667
14154,0.18437177485140566,-476.38235885148293,0.44704375026309556,-2.922174724637972,0.0493303854111594,0.10725886994367986,-0.6330596816806384,4.768102187756296e-06,0.0013268291712542958,0.00013075256916581394,0.005148508521398792,121.95
14155,0.1881871775495157,-476.40027308147876,0.435599234454442,-2.8103620909714087,0.052291852087067,0.1085331955477566,-0.6326046319349051,4.67386129402644e-06,0.0012975117547578477,0.00012616375870124868,0.004879420531127315,121.958333
14156,0.19189091775615721,-476.4173608377227,0.4230283439896897,-2.707792729026562,0.05519124696561242,0.10971619803108279,-0.6321540910442526,4.588708071692265e-06,0.0012690712711471341,0.00012204078555171382,0.004638419781272274,121.966667
14157,0.19547640056684518,-476.4336624038435,0.4094078834102962,-2.6137293739917316,0.058023442985011615,0.11080920368824673,-0.6317096747067769,4.5120729737294034e-06,0.0012415807884746705,0.00011833490551233162,0.004422349186308713,121.975
14158,0.19893277995019498,-476.44940963066693,0.3948203253656243,-2.5275079124029345,0.060803947557848896,0.1117992347323349,-0.6312735728276978,4.44342867251943e-06,0.00121509568501231,0.000115002250463716,0.00422857451443871,121.983333
14159,0.20225359848827834,-476.46462676496367,0.3793315897282108,-2.448530579283677,0.06352725210268959,0.1126865955566123,-0.6308474713416404,4.382289050612344e-06,0.0011896588078517392,0.0001120036980974334,0.004054854655887747,121.991667
14160,0.20543320916914617,-476.4792684145798,0.3630008418309723,-2.376260597690657,0.06618049851170615,0.11347654309208309,-0.6304329690463631,4.328206939232604e-06,0.0011653002190535461,0.00010930448303283924,0.0038992755555534745,122.0
14161,0.20846294796337583,-476.49357347049164,0.34589658508048027,-2.3102079394104735,0.06878241473909728,0.11415374476357092,-0.630032074306628,4.280771596370549e-06,0.0011420389737706522,0.00010687386715885456,0.003760190685740546,122.008333
14162,0.21133716924971283,-476.5075306916455,0.3280730063563845,-2.249939164923164,0.0713247701004454,0.11472003195680378,-0.6296464119757601,4.239606105727592e-06,0.001119886533773808,0.00010468484803860431,0.003636164171372013,122.016667
14163,0.21405066230180703,-476.52113903280116,0.30958233416132847,-2.1950615537289786,0.07380076839725831,0.11517696634720885,-0.6292775426495277,4.204364491527997e-06,0.0010988467325324226,0.0001027137662995293,0.0035259479252266425,122.025
14164,0.21659885596802,-476.53450335209567,0.2904786269250291,-2.145217241168159,0.07621622568477805,0.1155184932043497,-0.6289269252831872,4.174728999479944e-06,0.0010789170544465753,0.00010093999136940581,0.003428454275794865,122.033333
14165,0.21897563366907152,-476.5476244707159,0.27080995254758405,-2.100101949806685,0.07856464731168673,0.11574502207193016,-0.6285962127903403,4.150407503271197e-06,0.0010600896509207472,9.934562847711392e-05,0.0033427327892971465,122.041667
14166,0.22117782069049866,-476.5605719023216,0.2506254438748842,-2.0594287080378066,0.08084862745012047,0.11585305405455501,-0.6282866240671243,4.131131168440031e-06,0.0010423532560422469,9.791524728781189e-05,0.003267954900578043,122.05
14167,0.22320060429893807,-476.5734313712814,0.22997306216095909,-2.0229570007569655,0.08307218834214736,0.11583636021573464,-0.6279995715380843,4.116652210301864e-06,0.0010256927850312435,9.66356317184135e-05,0.003203400320363544,122.058333
14168,0.2250414658871263,-476.58616727755816,0.20889560089533,-1.9904601634734465,0.08522618617341673,0.11569959335395422,-0.6277361021671956,4.106741998617632e-06,0.0010100910620936825,9.549556892143079e-05,0.0031484446741760603,122.066667
14169,0.22669554176370216,-476.59886560402293,0.1874384615449857,-1.9617592212171049,0.08731472355018388,0.11543601870761268,-0.6274975516384831,4.101189308244365e-06,0.000995528621381476,9.448565853625401e-05,0.003102552969863519,122.075
14170,0.22816033955852724,-476.61155116561883,0.16564464558230257,-1.936685713541671,0.08933567661225807,0.1150449791777519,-0.6272848653731579,4.0997988998711484e-06,0.0009819854710342694,9.359815196447095e-05,0.0030652688239154843,122.083333
14171,0.22943535401738235,-476.62424640197065,0.14355701840680027,-1.9150856188345926,0.091287403630195,0.11452693451381,-0.6270986396774653,4.102390240141282e-06,0.0009694406715990898,9.282680913949295e-05,0.0030362095330543092,122.091667
14172,0.23051572846457538,-476.63687739413916,0.12121237973234017,-1.8968403310524962,0.09315556428448638,0.11388912942540119,-0.626940044755129,4.1087964376605985e-06,0.0009578721717538647,9.216678139663536e-05,0.0030150606098828733,122.1
14173,0.23140090609356814,-476.6494607336481,0.09865207073572521,-1.8818385064740588,0.0949379548647443,0.11313299545409657,-0.6268095585915097,4.118863492195236e-06,0.0009472591594626868,9.161451938005099e-05,0.003001572287390818,122.108333
14174,0.2320896710781363,-476.66202556133584,0.07591696436348981,-1.8699954675999133,0.09663355143532042,0.11225838636843455,-0.6267076863282854,4.132449610198171e-06,0.0009375806911712628,9.116768364428387e-05,0.002995554689102585,122.116667
14175,0.23258008691220824,-476.6746652170825,0.053049449473651575,-1.8612614128536675,0.09824812975969063,0.11125840314747869,-0.6266349698219819,4.149424770741431e-06,0.0009288164385279534,9.082508529569134e-05,0.0029968745505101987,122.125
14176,0.23287052706254188,-476.6873883367404,0.030088646387659165,-1.8555922479260745,0.09977788480351622,0.11013428317940843,-0.6265918336913546,4.1696704775707744e-06,0.0009209473279589644,9.05866438932843e-05,0.003005451907967887,122.133333
14177,0.23296105198019287,-476.7002521202083,0.007076342130500188,-1.8529637998798414,0.10122495459276268,0.10888322778590659,-0.6265783781384541,4.193079671337376e-06,0.0009139557210882398,9.045335486697728e-05,0.003021259915794093,122.141667
14178,0.23285103333051774,-476.7131193179543,-0.015954127177120896,-1.8533350577252987,0.10256997532163874,0.10752188838718357,-0.6265947305525099,4.219556782411047e-06,0.0009078250651937816,9.04272764646971e-05,0.003044322622135007,122.15
14179,0.2325413294102021,-476.72638373223464,-0.038947221437910434,-1.8567893817678038,0.10385132069691765,0.10601330714800718,-0.626640722083275,4.249017951425027e-06,0.0009025404674472813,9.051151026382978e-05,0.0030747183373542866,122.158333
14180,0.2320324155101155,-476.73982506915485,-0.06187227568976908,-1.8632994489886303,0.10504063585103061,0.1043830669483139,-0.626716166083559,4.281391397812167e-06,0.0008980883383788089,9.071027591825647e-05,0.003112568634987395,122.166667
14181,0.23132367089570327,-476.7535137312647,-0.08468799101667032,-1.8729260858332595,0.10614026322330905,0.10262668668637549,-0.6268209635762537,4.316617950864481e-06,0.0008944568643375208,9.102887444733806e-05,0.0031580508417833175,122.175
14182,0.230417346937193,-476.7674428323126,-0.10735381322056077,-1.88571794483431,0.10714550080466584,0.10074913321621323,-0.6269545170819804,4.354651710384362e-06,0.0008916365546237313,9.147376261144666e-05,0.003211393713556323,122.183333
14183,0.2293140006528546,-476.7816098827237,-0.12983060550631492,-1.9017516138108692,0.10805133977263558,0.09875439862617692,-0.6271164081742087,4.395460829268711e-06,0.0008896194191689775,9.205259963912021e-05,0.003272879226089462,122.191667
14184,0.22801407671890633,-476.79604520045956,-0.15207773174261555,-1.9211340796227678,0.10885587357860943,0.0966431028699127,-0.6273061629946842,4.4390284552253275e-06,0.0008883997756663502,9.277431923075174e-05,0.0033428451875772577,122.2
14185,0.22652198603191284,-476.81082352666283,-0.17404825324024223,-1.9439913962675863,0.10956297985490508,0.094412786417071,-0.6275226624451727,4.485353813144264e-06,0.0008879744274047132,9.364922601484488e-05,0.00342168691262665,122.208333
14186,0.2248393468665926,-476.8259286487249,-0.19570209492143723,-1.9704571112361993,0.1101661844682901,0.09206987029487049,-0.6277651339948599,4.534453397762768e-06,0.0008883414743245392,9.46891308248529e-05,0.0035098556490729517,122.216667
14187,0.22296791001574226,-476.84127691703503,-0.2170025085923149,-2.0006636020566444,0.11065315745189339,0.08962861767502822,-0.6280327239209674,4.5863623312418775e-06,0.000889501499256441,9.59074486771015e-05,0.0036078658185307844,122.225
14188,0.22091184347880688,-476.8571629029514,-0.23788944116238156,-2.03489296090157,0.11104654721111956,0.08706264919169578,-0.6283241775900498,4.641135831808974e-06,0.000891457668548938,9.731930331306272e-05,0.003716301508145582,122.233333
14189,0.21867379221483846,-476.8735094054877,-0.25832317745104477,-2.0733327951807747,0.1113338542024769,0.08438623396939746,-0.6286384088654493,4.6988508461757464e-06,0.0008942150077704298,9.894190031189673e-05,0.0038358033656028137,122.241667
14190,0.21625914548978759,-476.89032192117594,-0.27825600530226374,-2.116217663764822,0.11151151040712969,0.08160590901255416,-0.6289739035420749,4.7596078415545695e-06,0.0008977811358668654,0.00010079454337614373,0.0039670870272922746,122.25
14191,0.2136694597132109,-476.9075123437409,-0.29764973151997404,-2.163791160815271,0.11156662807933987,0.07873754485461598,-0.6293296427193571,4.823532644928965e-06,0.0009021654777284405,0.00010289889638558814,0.004110941759912704,122.258333
14192,0.21091382048965307,-476.9253782506503,-0.3164320606909452,-2.2164643861212094,0.1115205186683801,0.07575707124545063,-0.6297035435411232,4.890778397677897e-06,0.0009073807036260516,0.00010527912081295178,0.004268246012993274,122.266667
14193,0.20799290486172406,-476.94373059713996,-0.33456998662986764,-2.274514254519199,0.1113513280371156,0.07269200179369983,-0.6300946494738671,4.961527611661119e-06,0.000913440248044387,0.0001079624951808448,0.004439941369088725,122.275
14194,0.20491599768148155,-476.9628351016352,-0.3519881453985162,-2.3384298662348324,0.1110757538242926,0.0695226234101398,-0.6305008282488906,5.035994300389616e-06,0.000920361334121073,0.00011097923644905537,0.004627079299248697,122.283333
14195,0.20168663997486508,-476.9826727645858,-0.36863511669423615,-2.4086424869444634,0.11068538297493478,0.0662594468673665,-0.6309207116369875,5.114426066598862e-06,0.0009281620259552982,0.00011436327831729486,0.004830787983649545,122.291667
14196,0.19831439501742415,-477.00322658998755,-0.3844497566601633,-2.4856030908285858,0.11017556334863066,0.06291518163974705,-0.6313521504169045,5.197106179692294e-06,0.0009368632511270213,0.00011815224869322465,0.005052312498036771,122.3
14197,0.19480270350424175,-477.02465719825426,-0.3993629045803311,-2.5699412155078893,0.10954935803273753,0.05948148530548829,-0.6317937984314725,5.2843553326955275e-06,0.0009464867205382526,0.00012238775595148056,0.005293024623652581,122.308333
14198,0.1911605059465911,-477.0468259794536,-0.413318453350851,-2.6621548889224655,0.10879413679909322,0.055985200557949304,-0.632243628510898,5.376533140212404e-06,0.0009570568424272242,0.00012711579820834804,0.005554448856758365,122.316667
14199,0.18739906824695546,-477.07008763140914,-0.42621221850533686,-2.7630741315964755,0.10792679570600526,0.05240049294213901,-0.6326993818426371,5.474038997980224e-06,0.0009685986794672045,0.00013238646131245714,0.005838329963018245,122.325
14200,0.18352451490050645,-477.0943967842986,-0.4379761046284389,-2.873394121361199,0.10693715886969861,0.04874451863450103,-0.6331594811988269,5.577312067583362e-06,0.0009811367062055388,0.00013825479186040256,0.006146637123253861,122.333333
14201,0.1795455616953886,-477.1197457147822,-0.4485312608894252,-2.993885188408787,0.10581930242062909,0.04503155671439903,-0.633622085166773,5.686830144432258e-06,0.0009946961492081855,0.0001447798097089569,0.006481735218851686,122.341667
14202,0.17547753191105617,-477.146383427572,-0.45775787053971834,-3.1255124226195163,0.10458246985529072,0.041251003599615775,-0.6340846744536504,5.803106523552303e-06,0.001009301368508795,0.00015202395087907398,0.006846554277337795,122.35
14203,0.17132835695467571,-477.17429099367115,-0.4655674132502227,-3.269181868947406,0.10321850160154154,0.0374196689319706,-0.6345456815550433,5.926684311126145e-06,0.0010249725490119337,0.00016005272481454092,0.00724477837956287,122.358333
14204,0.16710890043633106,-477.20366442770455,-0.47183706411688964,-3.4260029210534357,0.10172919450059248,0.033533564866678654,-0.6350032942352292,6.058127319477446e-06,0.0010417271731509713,0.00016893222548971132,0.007681318339957962,122.366667
14205,0.16283675942480624,-477.23460546172254,-0.4764333132459995,-3.597017703499178,0.10011547662032784,0.029600956303884977,-0.6354551025863119,6.198006369039455e-06,0.0010595774173717215,0.00017872708069648717,0.008162849337006332,122.375
14206,0.158526065505335,-477.2672261557158,-0.4792185854626266,-3.783337595209821,0.09837594377408988,0.02562912350867152,-0.6358992328905063,6.346879141646033e-06,0.0010785260075539022,0.0001894964474726213,0.008698645552716272,122.383333
14207,0.15419461324143344,-477.3017620051237,-0.4800227562486031,-3.986143345150955,0.0965135207051127,0.021614864575887006,-0.6363336001080486,6.505261695555709e-06,0.0010985654925395178,0.00020128856479226739,0.009301813315274684,122.391667
14208,0.1498586963394189,-477.3383096997113,-0.4786846298231634,-4.206488320159665,0.09452533218324048,0.01756950184216631,-0.6367564580408009,6.673589659429237e-06,0.0011196747616316397,0.00021413393053625895,0.009990896550153084,122.4
14209,0.14553682342913873,-477.3769851913714,-0.47502631706604265,-4.445323880071362,0.09241004362600762,0.013503424711142744,-0.637166033333628,6.8521663557274245e-06,0.001141817703602737,0.0002280351840076171,0.010792174472276131,122.408333
14210,0.14124869486136923,-477.41801653303855,-0.4688412406058979,-4.7035112771566325,0.09016785939562401,0.009417503175250391,-0.6375606484421347,7.041094987588303e-06,0.001164941007749986,0.00024295518637912925,0.011742487867577688,122.416667
14211,0.13701930239134885,-477.46152909263924,-0.4599169826476174,-4.981437922805118,0.08779981063295414,0.005323159890351293,-0.6379383746864576,7.240192549474543e-06,0.001188973427074781,0.00025880332850263465,0.012892497764602691,122.425
14212,0.13286546306630945,-477.5077093766046,-0.44804281065398976,-5.279296831988781,0.08530157226234628,0.0012262066095146196,-0.6382982460127261,7.448883190896304e-06,0.0012138255509340139,0.00027541939868905134,0.014310032487414264,122.433333
14213,0.1288265205920752,-477.5567588831122,-0.43295310827088695,-5.59614081243025,0.0826819134301033,-0.002868189442407532,-0.6386376025234182,7.66607271909072e-06,0.0012393976524273478,0.0002925587533561932,0.01608286584722483,122.441667
14214,0.12491917501385646,-477.6088241093126,-0.41444552813691815,-5.930683109934966,0.07993398772953614,-0.006950976846404915,-0.6389559876881468,7.890004628608756e-06,0.0012655796591555337,0.00030987944857640176,0.018317992575676057,122.45
14215,0.1211798498229968,-477.6640670252416,-0.3922832336399666,-6.280016638838579,0.07706247991412624,-0.01101573755823366,-0.6392515470388266,8.11811063428021e-06,0.001292273690612433,0.000326939078684687,0.021137290377531766,122.458333
14216,0.117643191555166,-477.7225946888337,-0.3662701160372721,-6.639779576212444,0.0740701809328393,-0.015054204727192893,-0.6395228626817092,8.346872067688171e-06,0.0013194042665563219,0.0003432022055391655,0.024662891871284377,122.466667
14217,0.11434261200008969,-477.78450419697083,-0.33625784535258724,-7.003975597774097,0.07095794902778318,-0.019060396871304182,-0.639768851552558,8.571714868361192e-06,0.0013469400483554468,0.0003580683356106346,0.02899086611616865,122.475
14218,0.11131225468913011,-477.8498259098938,-0.30217174844179806,-7.364694787817713,0.0677265950595857,-0.023027348885629236,-0.6399885641173086,8.786980665995734e-06,0.0013749134112726227,0.00037092248492273617,0.034150920369841714,122.483333
14219,0.10859073249230373,-477.9184925307214,-0.2640329703327921,-7.711830844836853,0.06438010167162175,-0.02694738144350725,-0.6401808758609475,8.986018415439468e-06,0.001403429530527493,0.0003812048440126037,0.04005544513600428,122.491667
14220,0.10621406562418653,-477.99027199554075,-0.22201271208740933,-8.033575062394391,0.06092377355958652,-0.030808497833514192,-0.6403449406003788,9.161436641228317e-06,0.0014326541981860505,0.00038848813373933816,0.04644905057465497,122.5
14221,0.10421566691051136,-478.0649489817867,-0.17641316754326422,-8.317073648070467,0.05735962364608216,-0.034606875873759387,-0.6404800936746107,9.305544291068113e-06,0.0014627753403813923,0.00039254474893915114,0.05288208457957324,122.508333
14222,0.10262623674685141,-478.1421317828464,-0.12771909226209208,-8.549166153190983,0.05369188627869789,-0.038335047499832006,-0.6405857617501509,9.410975321261455e-06,0.0014939309542009462,0.00039337675886074743,0.05873235008084363,122.516667
14223,0.1014712023140087,-478.2213387449343,-0.07658270003703546,-8.717746028707982,0.04992402706829157,-0.041986921551739574,-0.6406615351462055,9.471437130146856e-06,0.0015261116436515372,0.0003911899621636977,0.06329467144512264,122.525
14224,0.10077013752241133,-478.3019001826936,-0.023826599982301112,-8.813074840486076,0.046063865811230405,-0.04555251955557434,-0.6407071100781261,9.482468846086354e-06,0.0015590615368301346,0.0003863151744912092,0.06592944439411225,122.533333
14225,0.1005365891469529,-478.38311154787215,0.029624662063965565,-8.82900964480291,0.04211921716992613,-0.0490256826065103,-0.640722222703379,9.442059203232107e-06,0.0015922107395182068,0.000379103996901181,0.06622908074957784,122.541667
14226,0.10077249093943488,-478.4642669552972,0.08279776124407374,-8.764231249572058,0.03809513441182388,-0.052401029338124405,-0.6407069576135803,9.350976402948545e-06,0.001624671496752078,0.0003698436962861694,0.06413622977892297,122.55
14227,0.10147501457974922,-478.54463014396595,0.13472952596912502,-8.6219263107855,0.03400019152188266,-0.055674192295108345,-0.6406612864570191,9.21272528172718e-06,0.0016553156762403147,0.00035872697492543034,0.05996202405994722,122.558333
14228,0.10262905779264557,-478.62354680185865,0.1845415800313156,-8.409937025129507,0.02983969273976877,-0.058840680661757835,-0.6405855756356501,9.033130736835054e-06,0.0016829146682825614,0.00034588355361246827,0.05429552615442943,122.566667
14229,0.10421397545991988,-478.70037705394947,0.23147779412497546,-8.139293383878327,0.02562368073754137,-0.0618954289231411,-0.6404802069852595,8.819645319602757e-06,0.0017063120517352617,0.0003314487967720779,0.04784380915554985,122.575
14230,0.10620347584057681,-478.7746268762716,0.2749567371176175,-7.822921759287535,0.021360254238865096,-0.06483581885674336,-0.6403456635349588,8.58053420871071e-06,0.001724575395225784,0.0003156285525964354,0.041270092282582785,122.583333
14231,0.1085669634993074,-478.8459200027773,0.31457487380087906,-7.4742785565367535,0.017057485961267948,-0.06766001240023456,-0.6401825345717277,8.324093254228677e-06,0.0017370954279757017,0.0002987301159156176,0.03508174390523764,122.591667
14232,0.11126890429476384,-478.9139791649435,0.3500976553390337,-7.106301525331778,0.012724422861553264,-0.0703652687038224,-0.6399916645543747,8.05802082159864e-06,0.0017436179120210158,0.00028115006994717905,0.029588801557737996,122.6
14233,0.11427322029552686,-478.9786024105003,0.3814361469226208,-6.730389538652336,0.008373004852752663,-0.07294998525458342,-0.6397739484513979,7.789003077086137e-06,0.0017442171424189065,0.0002633306285940351,0.02492046981971906,122.608333
14234,0.11754410173056463,-479.03976961458204,0.40863497447014324,-6.355897271290456,0.004009047682901858,-0.0754146714196128,-0.639530349199589,7.522510580686043e-06,0.0017392285200019647,0.0002457062814299334,0.021073197024028035,122.616667
14235,0.12104507474608038,-479.09747805093224,0.4318213324417143,-5.990194837854446,-0.0003575671241486932,-0.07775884580967277,-0.639262032909901,7.262767538249541e-06,0.001729165836360927,0.000228658842031773,0.017964488298632942,122.625
14236,0.12474205413506625,-479.1517501260219,0.4511801087479663,-5.638644004455474,-0.004714122052758206,-0.07998366836489078,-0.6389701890731421,7.012841738938174e-06,0.0017146430869435481,0.00021248901024150925,0.01547756584603481,122.633333
14237,0.12860895800973376,-479.2026227312479,0.4669257582564299,-5.3047119642352625,-0.009045792851226222,-0.08209584556928887,-0.6386555867194432,6.774801493883123e-06,0.0016963086465686585,0.00019740635208705427,0.013491403361261698,122.641667
14238,0.13260131716426296,-479.2504688573027,0.4793421309768757,-4.990828896995319,-0.013361956857741818,-0.08408674402857738,-0.6383207581330913,6.54989591273524e-06,0.0016747939989393535,0.0001835337311107853,0.011897219456805318,122.65
14239,0.13670329151903382,-479.29520302117766,0.488644301800139,-4.6978408272009,-0.01763489141952793,-0.08596934432980635,-0.6379661394745999,6.338741425653816e-06,0.001650698763653419,0.00017092053828471888,0.010604473392415806,122.658333
14240,0.1408812700706229,-479.337147137772,0.4950986325274503,-4.426040641896486,-0.02186866234865998,-0.08773980380503725,-0.6375939155225165,6.141477723521725e-06,0.0016245556068598458,0.0001595581582943775,0.009542399325657064,122.666667
14241,0.14511230132556824,-479.3764385123824,0.49893419187191407,-4.175013413773841,-0.026052826840680537,-0.08940222235515809,-0.6372056226427765,5.957907861193552e-06,0.0015968397170716432,0.00014939743317661907,0.00865714235574233,122.675
14242,0.14937104833300857,-479.4132928726472,0.5003749003033787,-3.943975372967572,-0.030183685939821178,-0.09095634689570761,-0.6368032669031104,5.787605792922874e-06,0.00156796332136878,0.00014036259404320156,0.007908744389539297,122.683333
14243,0.15364070408184202,-479.44785671840594,0.49961667870578336,-3.731820717404934,-0.03425354246838609,-0.09240755555903904,-0.6363882864886575,5.63000126989716e-06,0.0015382835369050542,0.0001323630567190582,0.00726782697021619,122.691667
14244,0.157899463434698,-479.4803179619834,0.4968468904838039,-3.537383825261388,-0.038258264793210234,-0.09375566364445591,-0.6359628081779628,5.484441237425397e-06,0.00150810386230826,0.00012530190441908335,0.006712877386002618,122.7
14245,0.16213057373695255,-479.5108557500581,0.49223277927889475,-3.3593933269878105,-0.042194940227641954,-0.09500215555175674,-0.6355286697983857,5.3502361641245845e-06,0.0014776857714612153,0.00011908215450175926,0.006228006112563766,122.708333
14246,0.16631929678113805,-479.53957581980615,0.48592156592175906,-3.1966018566147936,-0.046055211278580095,-0.0961513237164144,-0.635087673583472,5.226691119203966e-06,0.00144725234836023,0.00011361066124666119,0.005801346182162255,122.716667
14247,0.17044941294660587,-479.5666746593756,0.4780533660221568,-3.047789515561248,-0.049839934781739564,-0.0972013619286794,-0.6346419374861402,5.113126975369549e-06,0.0014169935141579524,0.00010880045329999588,0.005423883786841096,122.725
14248,0.17450765947332375,-479.59229337031434,0.46875116421565594,-2.911798113960305,-0.053546498394676637,-0.0981529418811062,-0.6341934130734512,5.008894331745016e-06,0.0013870725851525458,0.0001045720943912662,0.005088613650208825,122.733333
14249,0.17848334087496134,-479.6165051328777,0.458122736371667,-2.7875524851558615,-0.057167316567810766,-0.09901059510798481,-0.6337438856894783,4.913381305779249e-06,0.0013576288449825265,0.00010085405457371642,0.004789979228955475,122.741667
14250,0.1823619642979237,-479.6394933532743,0.4462735777097755,-2.6740567895156198,-0.060705328480613,-0.09976952562647344,-0.633295679383911,4.826017500620826e-06,0.001328779811198668,9.758260781631135e-05,0.004523483762692669,122.75
14251,0.18613582331409076,-479.6613323051884,0.4332926204653494,-2.5703897506383253,-0.06415567922367627,-0.10043350368163778,-0.6328504348087147,4.7462757756296094e-06,0.0013006268325110586,9.470155908641124e-05,0.004285402807828654,122.758333
14252,0.18979508230464584,-479.68211479424997,0.4192635695075667,-2.4757227824721206,-0.06751541501259183,-0.1010031760124649,-0.6324101041626965,4.673671278962836e-06,0.0012732534171582305,9.216157421504139e-05,0.004072615690952747,122.766667
14253,0.1933310158322387,-479.7019522311583,0.4042641379361608,-2.3892997364097446,-0.07078452945697625,-0.10147748287198075,-0.6319765688184344,4.607760048079311e-06,0.0012467290157701894,8.991960146289151e-05,0.0038824665276002432,122.775
14254,0.19673404793091473,-479.7209444702303,0.38836636756576526,-2.310444392671002,-0.07396217996984787,-0.10185454496200173,-0.6315518666591775,4.548136612278816e-06,0.001221110318855113,8.793821945673711e-05,0.003712671996455378,122.783333
14255,0.19999795620567062,-479.73916579754945,0.3716356961137058,-2.238542324112574,-0.07704670256558253,-0.10213509502097429,-0.6311376558761387,4.49443131480888e-06,0.0011964434560747968,8.618501238146328e-05,0.0035612531556646625,122.791667
14256,0.20311495995827014,-479.7566946896747,0.35413407294718374,-2.1730478541896527,-0.08003678410402681,-0.10231794416552038,-0.6307358117056832,4.446307259566912e-06,0.001172763627708219,8.463195555509033e-05,0.0034264897734545964,122.8
14257,0.20607758907750315,-479.7736318265065,0.3359205624236352,-2.1134714705592925,-0.08293391208830825,-0.10239941083497704,-0.630348189148171,4.403457502150917e-06,0.0011500974775819036,8.325489902006461e-05,0.003306879471385117,122.808333
14258,0.20888274684658115,-479.7900068409909,0.317048336760082,-2.0593714749148124,-0.0857344084894022,-0.10238298066351025,-0.629976070297458,4.365602225218786e-06,0.0011284641623424425,8.203308682530041e-05,0.0032011077544143694,122.816667
14259,0.21152356912778453,-479.80588914137013,0.2975696702573945,-2.0103614874588422,-0.08843751701126956,-0.102266495103693,-0.6296212212434456,4.332485949813248e-06,0.0011078743518595812,8.094871517052699e-05,0.0031080282452470146,122.825
14260,0.21399436848530046,-479.8213435704525,0.27753436314376,-1.9660966433254816,-0.09104273324745439,-0.10204811263261081,-0.6292852422446874,4.303875224299614e-06,0.0010883334530988299,7.99865924667361e-05,0.003026638692845928,122.833333
14261,0.2162906709545699,-479.83645896762283,0.2569910272916655,-1.92627127928139,-0.09355270603036285,-0.10172370842601629,-0.6289695469690527,4.2795563472399126e-06,0.0010698419860141733,7.913381323446892e-05,0.0029560656135450775,122.841667
14262,0.21840881463237607,-479.85126759266666,0.23598496192230178,-1.8906143842058536,-0.09596482388713605,-0.10129413233065784,-0.6286754043285694,4.259333332165663e-06,0.0010523959673536733,7.837948084972213e-05,0.0028955507298523953,122.85
14263,0.2203459655112104,-479.8657694350434,0.2145592059736355,-1.8588848683338968,-0.09827375362239345,-0.10076352148420001,-0.6284039264382968,4.243026118302654e-06,0.001035987503016907,7.771447546105475e-05,0.002844440140044595,122.858333
14264,0.22209699929280224,-479.88006709137517,0.19275831969770998,-1.830880978693515,-0.1004836494171122,-0.10012470941780882,-0.6281565023462053,4.230469003685512e-06,0.0010206053411246359,7.71312586881966e-05,0.0028021746827534564,122.866667
14265,0.22366026934054647,-479.8941639246943,0.17062352186726829,-1.8064181956966867,-0.10259024141983522,-0.09938143153935065,-0.6279339822836548,4.221509344736094e-06,0.0010062366970728424,7.662371142650004e-05,0.002768279285950697,122.875
14266,0.22503427333814202,-479.90805619626786,0.14819496396713566,-1.785336046865574,-0.10458880727108466,-0.0985382286262243,-0.6277371357254706,4.216006365730306e-06,0.0009928664095551348,7.618699006179294e-05,0.0027423579741909948,122.883333
14267,0.22621509413953375,-479.9217811313485,0.12551253969878767,-1.7675037588142248,-0.10647770899558015,-0.09759429934507087,-0.6275670186509145,4.213830219699898e-06,0.0009804776588853551,7.581741591471628e-05,0.0027240875632425538,122.891667
14268,0.22720131379329084,-479.9353224716244,0.10261462765432944,-1.7528035411744174,-0.1082512930606147,-0.09655547632663246,-0.627424266519906,4.214861259370579e-06,0.0009690536051537275,7.551238424205444e-05,0.002713211693908296,122.9
14269,0.2279951197570488,-479.9485489816485,0.07953669695625296,-1.7411174716144855,-0.1098948796921234,-0.09544183571487447,-0.6273089223730431,4.218989422719806e-06,0.0009585768451636479,7.527028648052659e-05,0.0027095377615446504,122.908333
14270,0.22858408306913577,-479.96248774595136,0.056344355681374025,-1.7325386168642123,-0.11149678010147021,-0.09413914820946352,-0.6272230874875391,4.226113769976847e-06,0.0009490285798921195,7.50904534832178e-05,0.002712935041984404,122.916667
14271,0.22897663591023784,-479.9760126915528,0.033044575955355614,-1.7268249075803552,-0.11295002239203167,-0.09277887201598235,-0.6271657564193708,4.23614244734238e-06,0.0009403946794246654,7.497314682845428e-05,0.0027233174786318783,122.925
14272,0.22916798522681953,-479.98962973262496,0.00968871920273468,-1.7240269411385838,-0.11429664567506011,-0.09130717433340843,-0.6271377754358912,4.248992415836785e-06,0.0009326578956227938,7.491947098303116e-05,0.0027406689865494653,122.933333
14273,0.22916066110337033,-480.0032830081309,-0.013685912992655296,-1.7241130090241217,-0.1155289684713442,-0.089735371364661,-0.6271388468640685,4.264589515198258e-06,0.0009258034828176654,7.493141198336901e-05,0.002765022011925705,122.941667
14274,0.22895416670185484,-480.01742705857737,-0.037026508419775776,-1.7271771689687287,-0.11668320282008897,-0.08801441581414556,-0.6271690405819955,4.282868669546471e-06,0.0009198167138922059,7.501182614203495e-05,0.002796463488809996,122.95
14275,0.22853947679557085,-480.0316034349811,-0.06031623164938072,-1.7331447947299659,-0.11770931737153836,-0.08619781444193374,-0.6272295959737235,4.303774307874669e-06,0.0009146843681785243,7.516450869518027e-05,0.0028351273557177515,122.958333
14276,0.22794339496940932,-480.0461339582274,-0.08348904742935619,-1.7421097453001078,-0.11864449935377447,-0.08426189316003302,-0.6273164502945698,4.3272608741582395e-06,0.0009103980744458296,7.539410811756376e-05,0.002881211758577047,122.966667
14277,0.22714152337373716,-480.0607437020473,-0.10653410664688755,-1.7540701278325423,-0.11944846829965156,-0.08223432340321125,-0.6274329383697378,4.353293303728252e-06,0.0009069416075372623,7.570635814545308e-05,0.002934956467791697,122.975
14278,0.22614482102081312,-480.07553610509444,-0.1294023789911355,-1.7691160587595707,-0.12013145244392712,-0.08011146024828301,-0.6275771671648039,4.381847962472516e-06,0.0009043100177258527,7.610792648946384e-05,0.0029966716352333982,122.983333
14279,0.2249559190123207,-480.09051255696716,-0.15205449932945933,-1.7873350228603555,-0.12069074646049897,-0.07789872564952209,-0.6277483930182444,4.412913414061672e-06,0.0009024965855725505,7.660662691279886e-05,0.003066721378586079,122.991667
14280,0.22356521088785009,-480.1056780798699,-0.17446009317320613,-1.8088418683870715,-0.12111748653768228,-0.07559717460709016,-0.6279475569840363,4.446491518860628e-06,0.0009014963093289114,7.721148795106081e-05,0.0031455308218144708,123.0
14281,0.22198538825711292,-480.12113856760146,-0.19656656719735585,-1.8337939383566073,-0.12142199275257412,-0.07320338346734057,-0.6281723306553126,4.482598665373779e-06,0.0009013102555401371,7.793280115611513e-05,0.0032335968418015478,123.008333
14282,0.22022664876019987,-480.1370448110851,-0.21832066224688884,-1.8623893731314336,-0.12161568733447888,-0.07070743230875544,-0.62842071599086,4.521267130348319e-06,0.0009019378805063236,7.878238973942124e-05,0.0033314760733946873,123.016667
14283,0.2182850358017163,-480.15328284878115,-0.2396918156853728,-1.8947720623493705,-0.12168287826195381,-0.0681272001810781,-0.6286926708729583,4.562546695727408e-06,0.0009033784472394832,7.97738265242634e-05,0.0034397853551123556,123.025
14284,0.21617386293282986,-480.1700113711905,-0.2606215869988102,-1.931195738223041,-0.12163638919478469,-0.06545310204803809,-0.6289856857925656,4.606506407279958e-06,0.000905636159677166,8.092245610755286e-05,0.003559222643577317,123.033333
14285,0.21386984262771297,-480.1869929293178,-0.28110246691413726,-1.9718206555858089,-0.12144232693883455,-0.06271307995325787,-0.6293022672026993,4.653236499057965e-06,0.0009087143479321953,8.224584872334324e-05,0.003690547196276447,123.041667
14286,0.21139297751450017,-480.204459590727,-0.301063044471507,-2.0169918337239863,-0.12112154439537677,-0.059891358660535556,-0.6296388721458308,4.70285051632909e-06,0.0009126280401411514,8.37635619282469e-05,0.0038346341634448726,123.05
14287,0.20875719649037935,-480.2224876583738,-0.3204433817398924,-2.0670323637057204,-0.12068043039094267,-0.05698928874976858,-0.6299928312008419,4.755487602053841e-06,0.0009173890656550415,8.549798673663222e-05,0.003992419637943702,123.058333
14288,0.20595929331955234,-480.2410724272078,-0.339203473028937,-2.1222800059555067,-0.12011059969580938,-0.0540136145424894,-0.6303637727223611,4.811315096033776e-06,0.000923008688432885,8.747463865944679e-05,0.004164908311504305,123.066667
14289,0.20300439075605584,-480.260254803443,-0.3572905616188277,-2.1831291023310917,-0.1194108867415785,-0.050968366684239486,-0.630750171146335,4.8705312940485354e-06,0.000929503610919869,8.972232047950974e-05,0.004353200181530026,123.075
14290,0.19989991554368047,-480.2801528926194,-0.3746426737814692,-2.2500542868239766,-0.11858488413167637,-0.04784943295054704,-0.6311501958312206,4.933368387620032e-06,0.0009368931176765485,9.22736384031062e-05,0.0045584806751133656,123.083333
14291,0.19665055880767,-480.3004705101171,-0.3912237282391458,-2.3233773704578207,-0.11761485904924254,-0.04470151781965072,-0.6315623737299795,5.0000956093765284e-06,0.000945198361824701,9.516557642258135e-05,0.004782012096635874,123.091667
14292,0.19325569360279726,-480.32166134921414,-0.4069555679087148,-2.403857272413258,-0.11651507849597814,-0.041479978530935865,-0.6319858863456914,5.071022279278441e-06,0.0009544434054444259,9.843950144791007e-05,0.005025170697295854,123.1
14293,0.18974008700926728,-480.3435665299766,-0.4217638764442059,-2.491965460586712,-0.11528601034647933,-0.038218569127150416,-0.63241678461934,5.1465011099910754e-06,0.0009646567934481748,0.00010214236915499355,0.005289411854520619,123.108333
14294,0.1861069664467253,-480.36653766973967,-0.4355626128860521,-2.5885368432656337,-0.1139357207205444,-0.03488751800532738,-0.632853873581665,5.226931397761677e-06,0.00097586286544573,0.00010632700743606132,0.005576263499270145,123.116667
14295,0.18235455550009474,-480.3903522842772,-0.4483078452937957,-2.6941665969725497,-0.1124467899826503,-0.031523303730695645,-0.6332965446143695,5.312761932491933e-06,0.0009880888851750193,0.00011105296962634741,0.005887339111185967,123.125
14296,0.17850918104700744,-480.415303828045,-0.4598757149385505,-2.809763802588623,-0.11083689706128075,-0.028109198903224223,-0.6337409311878522,5.404493494863096e-06,0.0010013663388692836,0.00011638586355390306,0.00622445529845596,123.133333
14297,0.1745719717674755,-480.441383760654,-0.4701932031033875,-2.9361754293218465,-0.1090975742318637,-0.0246590545298107,-0.6341862210758121,5.502680120291016e-06,0.0010157203863600365,0.0001223990491631833,0.006589548926476868,123.141667
14298,0.17055586268413,-480.46867640324933,-0.4791570381744628,-3.074351573271871,-0.10723030261000766,-0.021178991261575807,-0.634630305931972,5.6079291952952175e-06,0.0010311778496965706,0.00012917244279817252,0.006984907353533359,123.15
14299,0.16646325763049352,-480.49729152465767,-0.48667006025228465,-3.2253764299172722,-0.10523004267134942,-0.017672023341190776,-0.6350723190207667,5.7208992171979564e-06,0.0010477617076283007,0.00013679234386936926,0.007413321236736084,123.158333
14300,0.16232578220853805,-480.52737155615785,-0.49257736135196695,-3.3902899090881924,-0.10310981224472476,-0.014142015238390024,-0.6355083655624486,5.8422945838599175e-06,0.001065493168221082,0.00014534983465031896,0.007878471349981977,123.166667
14301,0.1581512478657278,-480.5589464103537,-0.49676361514597095,-3.5701751906635777,-0.10086556578743722,-0.01060240100332557,-0.6359372920401388,5.972855302408263e-06,0.001084379037542663,0.00015493944263207315,0.00838530339759005,123.175
14302,0.15395235187010567,-480.5922088159571,-0.49907916139875524,-3.766252110161028,-0.0984980668438113,-0.007051388611867556,-0.6363575421275971,6.113340341577884e-06,0.0011044178330028424,0.00016565429263859478,0.008940999294130992,123.183333
14303,0.14974711498675822,-480.6272845755527,-0.4993604247023787,-3.979639779659994,-0.09600963652282327,-0.003495470555695015,-0.6367671819875375,6.264502797795968e-06,0.0011255949076312735,0.00017758095152909924,0.009556178648005302,123.191667
14304,0.14555465054178446,-480.66432118018395,-0.497427786418763,-4.2113880331500075,-0.09340276640162572,6.026169350841357e-05,-0.6371643683328907,6.427053464658878e-06,0.0011478771524040564,0.00019079106244001295,0.010246711659672293,123.2
14305,0.14139470142791855,-480.7034627491357,-0.49308936423427346,-4.462386634654794,-0.09067959435225699,0.00360975127026185,-0.6375474049354111,6.601609257492464e-06,0.0011712092083539338,0.00020533004185562,0.011036251578468942,123.208333
14306,0.13728869803701246,-480.7448771654151,-0.48613629217198046,-4.733277655694584,-0.08784248634000003,0.007148631049461003,-0.6379146552194311,6.788622940845911e-06,0.0011955103183586009,0.00022120212045127015,0.011959604502357968,123.216667
14307,0.13326217526290227,-480.78869620274264,-0.4763475595393217,-5.024215658431818,-0.08489578790751023,0.010669334102547876,-0.6382643521154627,6.988290280766937e-06,0.0012206720030634634,0.00023835195439697105,0.013066835251051874,123.225
14308,0.12934004504590413,-480.8350777893413,-0.46349506963005316,-5.334819068283674,-0.08184248946732012,0.014166956679507604,-0.6385950335950261,7.200430967615573e-06,0.0012465572035895282,0.0002566431019400314,0.014427686468424022,123.233333
14309,0.12554111230708648,-480.88426723342604,-0.44735036752716795,-5.6642061838977975,-0.07867913959927597,0.017643034096726077,-0.6389059625764808,7.424342301279033e-06,0.001273005102831516,0.00027583594273018156,0.016135325417087388,123.241667
14310,0.12190315770226634,-480.93640395983635,-0.42766553987568423,-6.009955007648024,-0.07541388359824858,0.021093057444660602,-0.6391950733260279,7.658630398944109e-06,0.0012998434565304137,0.00029556910983344527,0.018307677539464794,123.25
14311,0.11846719148932541,-480.9913008947961,-0.40426354479873927,-6.367809245975256,-0.07206304699478809,0.024492302723142068,-0.6394603639328594,7.901023562700854e-06,0.0013268976714150347,0.00031534772957479966,0.02108205419289652,123.258333
14312,0.11525739116286857,-481.0492081329454,-0.37696965284536005,-6.7329114080555685,-0.06862252850834427,0.02784988159406112,-0.639701372010658,8.148182496056899e-06,0.001354013934626109,0.00033454811686440975,0.024599852738045828,123.266667
14313,0.11229978071557929,-481.11021077405684,-0.34568247582403105,-7.098619337606006,-0.06509025624215933,0.031164458475403292,-0.6399176101235728,8.39554794654432e-06,0.001381095300087739,0.00035245487311642094,0.028977172616867372,123.275
14314,0.10963676792887095,-481.1741983469611,-0.31037235744701147,-7.455633550387858,-0.06147723275504106,0.034429998199940054,-0.6401075204625662,8.637272443691429e-06,0.0014081296011312053,0.00036832305723069646,0.03425968178607064,123.283333
14315,0.10731101050837225,-481.24083031449686,-0.2711569588620898,-7.792592007477777,-0.05780062175250819,0.03763449485053174,-0.6402696663112886,8.86627544784273e-06,0.0014352019108868916,0.00038146583897687305,0.04036367532451138,123.291667
14316,0.10533766187610727,-481.31014568957005,-0.22825390072659982,-8.098668155380976,-0.05404662972353658,0.040786222778881026,-0.6404045272505172,9.07447175533456e-06,0.0014624924608842979,0.00039136133762482996,0.047021163269507706,123.3
14317,0.10376422250804755,-481.38148454619085,-0.18208378992809407,-8.36001803834139,-0.05024292011745211,0.04387202276101882,-0.6405102710128293,9.253233325332372e-06,0.0014902512619755616,0.00039775375608586616,0.053755867790756716,123.308333
14318,0.10259729997822918,-481.4546618490279,-0.1331841924462178,-8.56605130277706,-0.04637530466585933,0.04689648359200905,-0.640587670518137,9.3940561862437e-06,0.0015187074862684031,0.0004006864211613425,0.05991042704408516,123.316667
14319,0.10186776568669716,-481.52899719553136,-0.08226905635603093,-8.705711125230176,-0.042461351389862866,0.04985533081244014,-0.6406356158564155,9.489382170126786e-06,0.0015479800614120172,0.00040048483570168894,0.06475095332244618,123.325
14320,0.10158600679456133,-481.60383003166163,-0.030182501399725517,-8.771943949764582,-0.03850874272202301,0.05274455412299209,-0.6406540419136805,9.533450527983076e-06,0.0015779519326630754,0.00039764117923695135,0.06762292095906357,123.333333
14321,0.10175847276053866,-481.6784829411864,0.02216884209625169,-8.761372975034002,-0.03452592361525224,0.05556361625934859,-0.6406427692737175,9.523001130470881e-06,0.0016081959775177538,0.0003926763251650954,0.06811948306458546,123.341667
14322,0.10238308766790391,-481.75232687320494,0.07387269500826016,-8.675030056968055,-0.030518063130940312,0.058313933340813806,-0.6406017840102064,9.457694355340214e-06,0.0016379564217614809,0.0003860085652499826,0.066190468052511,123.35
14323,0.10344415916039765,-481.824662817577,0.12403927483512041,-8.518624881165993,-0.026494550309297732,0.06099047140736773,-0.6405315869474473,9.340140451932e-06,0.0016662120224305976,0.0003778878280675112,0.062148797452593725,123.358333
14324,0.10492731293202656,-481.894894414449,0.17189396257939524,-8.30065808051772,-0.022465710034783072,0.06359502916965276,-0.6404322577865236,9.175545779618878e-06,0.0016918093327585953,0.0003684084724151955,0.056574476854900344,123.366667
14325,0.10680653757277896,-481.9625487236976,0.21680470982750796,-8.032400676536936,-0.018438333320856173,0.06612746571335758,-0.6403043798215641,8.971054346869864e-06,0.0017136196203860023,0.00035758255508842624,0.05015912000957336,123.375
14326,0.10905324398482981,-482.0272464625199,0.2582975506659393,-7.726038761873122,-0.014420388988691978,0.06858882985013211,-0.640148527669325,8.734937531994392e-06,0.0017306923061810259,0.00034543076457800375,0.043552746293591516,123.383333
14327,0.11163703219982694,-482.08875514912575,0.29606439170762683,-7.393580999623158,-0.010417101100946262,0.07098178984971076,-0.6399652976454147,8.475791999882714e-06,0.0017423579653020533,0.000332049882300247,0.03726065082180875,123.391667
14328,0.11452347902254612,-482.14687361815874,0.32993199404731083,-7.046272810022817,-0.0064380632495706505,0.07330687187052323,-0.6397555521870468,8.201862729729958e-06,0.0017482716162590297,0.0003176388909832321,0.031604026968805383,123.4
14329,0.11767670675983442,-482.20155520114815,0.35986446904559705,-6.693823694304211,-0.002488281449376608,0.07556500387062412,-0.6395203290916258,7.920560719348725e-06,0.001748402976917293,0.00030248467668029166,0.02673272660062977,123.408333
14330,0.12106494740695327,-482.2526114059496,0.3858894420039774,-6.344099374511771,0.0014106419070858598,0.07775957752389313,-0.6392604874921612,7.638185882365712e-06,0.0017429867162190812,0.0002869243689692453,0.02266649641554339,123.416667
14331,0.12464909116553254,-482.30051841397955,0.4082027843914982,-6.003133528672007,0.0052840089768818,0.07988851127561149,-0.6389776347348151,7.359824488337353e-06,0.0017324508600987767,0.00027130198187447436,0.019343850876595833,123.425
14332,0.12839942057493958,-482.3452460806981,0.42695950140340083,-5.6752642368167265,0.009115609984315673,0.08195347466413495,-0.6386728789615924,7.089381725787065e-06,0.0017173510302037538,0.00025593308282911186,0.016662252095745914,123.433333
14333,0.1322838761841763,-482.3869443211759,0.4423694627090799,-5.3634787846786285,0.012900719612453223,0.0839537358373452,-0.6383477534607873,6.829694192341443e-06,0.0016983024464285042,0.00024108042840417546,0.014508814210953234,123.441667
14334,0.13627915503583274,-482.4257456549556,0.45464435591810254,-5.0693921950293594,0.016632429037655935,0.08589329997033135,-0.6380033040670825,6.582686370264581e-06,0.0016759343305963227,0.00022694371576762343,0.012777157728069867,123.45
14335,0.14035518167163144,-482.46187008806965,0.46401629307214753,-4.7939591766128995,0.020309853052768403,0.08776941192350562,-0.6376413983388916,6.349536399614587e-06,0.0016508508242440603,0.00021365965661366155,0.011375829853465504,123.458333
14336,0.14449065118182464,-482.4954514000052,0.4706951719100975,-4.53729657170561,0.02392546206952009,0.08958492652271056,-0.6372633881533447,6.130838415629462e-06,0.0016236164679222706,0.00020130832387826677,0.010230348394423456,123.466667
14337,0.14866052964910423,-482.5267618388113,0.47490056703333644,-4.2991038379246485,0.0274836778841623,0.09133584994275942,-0.6368711978423843,5.9267440254861515e-06,0.0015947397987714966,0.00018992280215661728,0.009282480504589281,123.475
14338,0.15284470559214475,-482.55601322472654,0.47682902186101245,-4.078697956331666,0.030985121245833934,0.09302036669706361,-0.636466531969219,5.7370836490375295e-06,0.0015646735298451553,0.0001795000486932974,0.008487727318037614,123.483333
14339,0.15702620615219928,-482.5833022312009,0.4766517827925307,-3.8752198264102486,0.034421064763138984,0.09464057082474339,-0.6360509927124857,5.561463586894733e-06,0.0015338127246350322,0.00017001074616794292,0.007812665482001617,123.491667
14340,0.1611870226115596,-482.6089776319248,0.47454905993559393,-3.687620466257104,0.03780718445074555,0.09618794149918353,-0.6356264700199772,5.39934229799315e-06,0.0015024972435645294,0.00016140772075424125,0.007232409995779501,123.5
14341,0.16531282529672978,-482.63296569907055,0.4706523395076323,-3.514946290127161,0.04112070197424439,0.09766960651733847,-0.6351946540296869,5.250089094654249e-06,0.0014710183473392762,0.00015363325855383304,0.006728399997387467,123.508333
14342,0.16938711699996895,-482.6555387009904,0.46511026099102765,-3.3561311050984717,0.04437216306594977,0.09907769471735618,-0.6347576184894067,5.11302728687353e-06,0.00143962251266153,0.00014662382243169091,0.006286790514275467,123.516667
14343,0.17339804362221647,-482.6768084923297,0.4580448020550194,-3.2101443344743212,0.04755875847458405,0.1004117006396812,-0.6343170875382463,4.987465962117562e-06,0.001408518896550114,0.00014031440436587734,0.005897102734908964,123.525
14344,0.17733210630137536,-482.69692474982713,0.4495720311988895,-3.076018947018909,0.05068184876289152,0.1016672943587374,-0.6338750855963257,4.872721511803428e-06,0.0013778817886019245,0.00013464100585220334,0.00555132479586245,123.533333
14345,0.18117930272853397,-482.71608110527524,0.43979880842483604,-2.9528008508582766,0.05374920581522831,0.10283831876155176,-0.6334333554088621,4.768132645843819e-06,0.0013478568524732566,0.0001295424777434448,0.005243218220188727,123.541667
14346,0.1849291226815317,-482.7342859097675,0.42881399728846625,-2.8396674394892836,0.056750326041185614,0.10392681743298413,-0.6329937833726887,4.6730695080874436e-06,0.001318563289475575,0.00012496160212905393,0.004967841158952623,123.55
14347,0.1885723705215755,-482.7516578707561,0.4167053322805413,-2.7358214162872514,0.05968693836065854,0.10492917478357022,-0.6325581794146448,4.5869392092589485e-06,0.0012900982704952466,0.00012084557740093223,0.00472121415641716,123.558333
14348,0.19210038967818202,-482.7683439849899,0.4035553391355442,-2.640528034868781,0.0625646573869773,0.10583914466220586,-0.6321283507162314,4.5091883576248934e-06,0.0012625395381392764,0.00011714631681470099,0.004500071054459648,123.566667
14349,0.1955030542771194,-482.78441795566204,0.3894381143657457,-2.553148491089506,0.06538154206486317,0.10665301630066978,-0.631706340594417,4.439303617328929e-06,0.0012359481363210223,0.00011382044287942129,0.004301687285771087,123.575
14350,0.1987748432940584,-482.7998965452594,0.3744188812819358,-2.473076019040424,0.06813146469590636,0.10737283257168823,-0.6312936646442151,4.376811039471148e-06,0.0012103718812097517,0.00011082909974331301,0.0041237594748602885,123.583333
14351,0.20190832684920368,-482.8149039600444,0.3585644007992792,-2.399764928197094,0.07081956321876917,0.10799195698617937,-0.6308920980387993,4.321274181283818e-06,0.0011858449878640242,0.00010813766567245064,0.003964325780649195,123.591667
14352,0.20489588915161516,-482.8295185390246,0.34193577463656605,-2.332733772215813,0.07344641203424061,0.10850585341465852,-0.6305034631229659,4.272292007460394e-06,0.0011623913301444704,0.00010571548991368041,0.0038216940732745596,123.6
14353,0.20773438935067493,-482.8436534346657,0.3245836823026554,-2.2715333904814967,0.0759964897317116,0.10892420664127422,-0.6301290053886005,4.229496423756243e-06,0.0011400263117462607,0.00010353555447626777,0.0036943965108766907,123.608333
14354,0.2104152270551414,-482.85756387238155,0.3065705099953159,-2.2157757370790234,0.07848976513113809,0.10922799119983395,-0.6297706847608167,4.1925495262568614e-06,0.0011187561778705113,0.00010157412407013622,0.0035811617126821605,123.616667
14355,0.21293463656884962,-482.8711788916971,0.2879431180215612,-2.16510356522363,0.0809126747295255,0.10942467558336118,-0.6294298150847243,4.161141228550137e-06,0.001098582337750623,9.981048550209547e-05,0.0034808730874053588,123.625
14356,0.2152873864421614,-482.884559322256,0.2687515803175584,-2.119202298111381,0.0832656260912555,0.10951080051010811,-0.6291078864227237,4.13498665206219e-06,0.0010795001247205995,9.822661601045908e-05,0.0033925595361454213,123.633333
14357,0.21747014022354524,-482.8977804340636,0.24904482654992555,-2.077783692256474,0.08555146728877124,0.10948215479650475,-0.6288061043770587,4.113823871340228e-06,0.0010615007476219337,9.680693392343114e-05,0.0033153732949113487,123.641667
14358,0.21947638603147568,-482.9108259148365,0.22886659793229996,-2.040611697169294,0.0877618840294161,0.10934041651002596,-0.6285260835518455,4.09741175461799e-06,0.0010445714319989683,9.553805547551798e-05,0.0032485765429078463,123.65
14359,0.22130634953833012,-482.9237667733695,0.2082636506036983,-2.007443269580239,0.08990081137993274,0.10908298508435785,-0.6282684610533268,4.0855281502985596e-06,0.0010286978450537677,9.440858964777567e-05,0.0031915300518639083,123.658333
14360,0.222953149029655,-482.93664739742565,0.18727902945123953,-1.9781062299801404,0.09196649568287438,0.10870572170602079,-0.6280348257988446,4.07796805371571e-06,0.0010138618127681549,9.340893833553141e-05,0.0031436843274929424,123.666667
14361,0.22441539990912884,-482.94945390876495,0.1659542879066711,-1.9524193090532218,0.09395302707510904,0.10821240141764349,-0.6278259452737285,4.074542295489494e-06,0.0010000453710247415,9.253115075970424e-05,0.0031045695743433586,123.675
14362,0.22569214201275506,-482.9622186818186,0.1443319366351661,-1.9302276330478856,0.09585976067108427,0.10760275558328627,-0.6276424666567472,4.075076198607505e-06,0.00098722888551071,9.176877289523396e-05,0.003073791503385102,123.683333
14363,0.22677960204347627,-482.9747811187569,0.12244571419297863,-1.9113936258012412,0.09766423789448828,0.10689389081839146,-0.6274853826330894,4.079408524881549e-06,0.0009753915972583059,9.111673255523444e-05,0.003051024572138819,123.691667
14364,0.22767409837350852,-482.9876578349278,0.1003529190401991,-1.8958806648313564,0.09941640454439736,0.10603689064429851,-0.6273556160631335,4.087390675970038e-06,0.0009645133999212095,9.057124564833334e-05,0.0030360100973037163,123.7
14365,0.22837562117620103,-483.00033281109137,0.07807518609806258,-1.8835255026250008,0.10105743460385101,0.10508550152736368,-0.6272534933788978,4.098886061856593e-06,0.0009545750766668487,9.012973226891691e-05,0.0030285414328634973,123.708333
14366,0.22888283164112047,-483.01336769295915,0.05567195251587872,-1.874342414581513,0.10264207265237969,0.10398575027000498,-0.6271794650165197,4.113769587887785e-06,0.0009455573422068483,8.979074840174187e-05,0.003028478210843844,123.716667
14367,0.22919468575418128,-483.02647757752953,0.03317169409379431,-1.868237996999722,0.1041356620535645,0.10276860742474948,-0.6271338691959186,4.131927370162584e-06,0.0009374416991562039,8.9553955923496e-05,0.0030357255350857053,123.725
14368,0.22931155238860063,-483.0394023684425,0.010603498945014993,-1.8651235765402645,0.10550801615685168,0.10146493143478069,-0.6271167665527536,4.153256618218255e-06,0.0009302107708950086,8.9420076201972e-05,0.003050246607442794,123.733333
14369,0.22922959490106531,-483.0527962270218,-0.011971284434713557,-1.8651250616066826,0.10681999860393047,0.10000758586475994,-0.6271287613750138,4.177665611773505e-06,0.0009238480897535644,8.939085118655055e-05,0.0030720615443141563,123.741667
14370,0.22895294247482512,-483.06629693226137,-0.034524812383239976,-1.8681520174267443,0.10803214946757562,0.09843951166799554,-0.6271692195093618,4.205073943261247e-06,0.0009183398264090481,8.946911296079081e-05,0.0031012303512745216,123.75
14371,0.2284780858227683,-483.07976704044466,-0.05702737954079151,-1.8742060192805283,0.10912547156726993,0.09677780573274798,-0.6272385514688774,4.235412787323138e-06,0.000913672161003127,8.96587171408997e-05,0.0031378698903769017,123.758333
14372,0.2278086398152177,-483.0934206289523,-0.07942920773689305,-1.8833555887640467,0.11011866710309147,0.09500456132743651,-0.6273360544065835,4.268625388216004e-06,0.0009098343912766611,8.996456572491942e-05,0.003182153178371217,123.766667
14373,0.22694536435696633,-483.10760020486805,-0.10167629748112662,-1.8957437571877844,0.11103961163395053,0.09308567392238437,-0.627461373021955,4.304667603042688e-06,0.0009068164454571635,9.039269582379371e-05,0.0032343002200611952,123.775
14374,0.2258882195283764,-483.1220192552257,-0.12374244124376096,-1.9113751087758744,0.11185574696526036,0.09105615289907594,-0.6276141980277883,4.343508692561884e-06,0.0009046101910927427,9.095039241915128e-05,0.0032945757399777584,123.783333
14375,0.22463894580660881,-483.1367025537316,-0.14558658750628548,-1.9303458822531514,0.11256529539960372,0.08891790556771406,-0.6277938937398572,4.385132219450286e-06,0.0009032099688580824,9.164612803154608e-05,0.003363306438256997,123.791667
14376,0.22320085174362983,-483.15174376026954,-0.16716261176307368,-1.9527887244799427,0.11317303170414829,0.08666579498553681,-0.6279995362660842,4.429537023213989e-06,0.000902612078137269,9.24897020578307e-05,0.0034408751893969004,123.8
14377,0.2215742244235868,-483.1668325916281,-0.18844718183280038,-1.9787434006896567,0.11364732270861308,0.08433946770722386,-0.6282305730414802,4.4767383544849355e-06,0.000902814422721749,9.349237444947907e-05,0.0035277200484227483,123.808333
14378,0.21975511289663055,-483.182524458092,-0.20937730433614662,-2.008575897805026,0.11402823861785359,0.08187911325096069,-0.6284869802047981,4.5267691243829426e-06,0.0009038178064943893,9.466682206522929e-05,0.003624352890286001,123.816667
14379,0.21776112693391217,-483.19840416823314,-0.2299164546011153,-2.0422590056498366,0.11428437119011059,0.07934328204719109,-0.6287656469398284,4.5796813942428355e-06,0.0009056273147333882,9.602761132488864e-05,0.00373133767592544,123.825
14380,0.21559125665018544,-483.2149700902966,-0.24999906491556267,-2.0801967390565452,0.11444929449068153,0.07667967013266375,-0.6290660536501165,4.6355477852778445e-06,0.0009082452431709338,9.759100244861537e-05,0.0038493085764204162,123.833333
14381,0.21324597790416874,-483.23172933497614,-0.26961182574828874,-2.1224479561585743,0.11447867751606987,0.07395017367948582,-0.6293874139851747,4.694463139523803e-06,0.000911677749968158,9.937556749692475e-05,0.003978953424666432,123.841667
14382,0.2107318286675332,-483.2493433401757,-0.28866695517310903,-2.169531450541895,0.11441895808661887,0.07108708677656946,-0.6297280689313388,4.756546324469387e-06,0.0009159345068093968,0.00010140181169066143,0.004121060773400229,123.85
14383,0.2080512940199168,-483.2673980078389,-0.30714343703275326,-2.2215847303551053,0.11423361634120233,0.06814478926857478,-0.6300868839050314,4.821942119984619e-06,0.0009210265238565603,0.0001036931850473957,0.004276462242566276,123.858333
14384,0.2052106254234695,-483.28600081177365,-0.3249838282287055,-2.278979851422921,0.11392706548839747,0.06511957785625773,-0.6304621931607202,4.8908232342469135e-06,0.00092696784651937,0.0001062755561981368,0.0044460970216580195,123.866667
14385,0.20221549444396078,-483.3052374858925,-0.34213061304867903,-2.3421265088264533,0.11350095387039881,0.06201044700146806,-0.6308524000185683,4.9633921831567645e-06,0.0009337742586568254,0.00010917785269841587,0.004630988619865793,123.875
14386,0.1990718690945315,-483.32512761593443,-0.3585283164977496,-2.41144802808558,0.11295232689292525,0.058824455908008895,-0.6312558656460948,5.039883271383673e-06,0.0009414635597349905,0.00011243233059203854,0.004832254832173647,123.883333
14387,0.19578476447867624,-483.34578860228066,-0.3741132831811784,-2.4874717783096107,0.112283099609047,0.05555782979252479,-0.6316710740305668,5.1205644699186525e-06,0.0009500554913767414,0.00011607477811837408,0.005051125024879901,123.891667
14388,0.19236207775152947,-483.367209411141,-0.38882470934575913,-2.5706995343791283,0.11148881427714696,0.05222267524079362,-0.6320961549936611,5.2057391318717245e-06,0.0009595719873993144,0.0001201448710633453,0.0052889536669371694,123.9
14389,0.18881160088676352,-483.389556665426,-0.4025849034381782,-2.661787261000382,0.11057410896416998,0.0488117447072928,-0.6325292820742847,5.295747331883767e-06,0.0009700360835416239,0.00012468623042732844,0.005547255741142473,123.908333
14390,0.18514161762992082,-483.41287015229807,-0.41532141089147984,-2.76138180793544,0.10953624748561332,0.04533283059070433,-0.6329686071468356,5.390966655613295e-06,0.0009814717049729414,0.00012974680502367492,0.005827733177445036,123.916667
14391,0.18136073149905518,-483.43720401542225,-0.42695617845509726,-2.8702002413451546,0.10837314770356474,0.04179283803103801,-0.633412292446344,5.491812197836825e-06,0.0009939031776114307,0.0001353786790520192,0.006132355313398451,123.925
14392,0.17748072621586586,-483.4626448945801,-0.4373986913335488,-2.989025488047968,0.10708559608079266,0.03819654285995459,-0.6338581954203709,5.598735282438228e-06,0.0010073546156461012,0.0001416378534770318,0.006463465747089098,123.933333
14393,0.17350995374312764,-483.48930293512336,-0.4465557884634866,-3.118746364464427,0.10567251523481459,0.034546251132378296,-0.6343046497800932,5.712220410855928e-06,0.001021848115114199,0.00014858380850295408,0.006823931541745929,123.941667
14394,0.1694564791010746,-483.5171983760148,-0.45433761885971524,-3.2602677840255585,0.10412890078767781,0.030854687423299984,-0.6347500870112271,5.832779880739746e-06,0.001037404047819952,0.0001562785245702539,0.007217401527760637,123.95
14395,0.16533489339606725,-483.546551038639,-0.46061581514748273,-3.4146506115214716,0.10245959143949011,0.02711581532576979,-0.6351923152536337,5.9609451941494024e-06,0.001054040018259185,0.00016478460472249085,0.007648711348186687,123.958333
14396,0.16116346259398967,-483.5775266730391,-0.46525165699001914,-3.582931797361178,0.10066810225783991,0.02333112175296773,-0.6356289048033871,6.0972539740600785e-06,0.0010717670241067521,0.00017416343588363585,0.008124369308801378,123.966667
14397,0.15695313106676798,-483.6102009365275,-0.46812044309384254,-3.766178942716273,0.09875021791304534,0.01951108434286006,-0.6360583500952502,6.242230838710213e-06,0.0010905864355411554,0.0001844715947018178,0.008653331136964306,123.975
14398,0.15271914199300746,-483.64466064318555,-0.4690798239373048,-3.965438588236914,0.09670451768529194,0.015666457398385118,-0.6364788378633179,6.396360739811778e-06,0.0011104907879963043,0.00019575543739537834,0.009248205193869563,123.983333
14399,0.14847872169514115,-483.68108469463795,-0.4679624921626311,-4.181776403417379,0.0945318655334742,0.011800062525702912,-0.6368885283934314,6.560052638526288e-06,0.0011314601911640916,0.0002080443506272401,0.009926809200283092,123.991667
14400,0.14424643564494186,-483.719590929335,-0.4646038930027998,-4.416169780666792,0.09222960609489343,0.007921415018327294,-0.6372860139840575,6.733590912856749e-06,0.0011534596872826287,0.00022134226103421792,0.010714212175001033,124.0
14401,0.14004685455240848,-483.7603541306501,-0.4588020177015766,-4.669328323813737,0.08980136052815171,0.0040360995912773374,-0.6376691447948397,6.917072414477562e-06,0.0011764389166178597,0.0002356163399357671,0.011645452154628472,124.008333
14402,0.13590031827015553,-483.80360730671674,-0.45034549434370086,-4.941796023632543,0.08724701164900676,0.0001449476168910484,-0.6380364022722422,7.110325947121179e-06,0.0012003279848959362,0.000250784146208918,0.012768471789510159,124.016667
14403,0.13183653066180195,-483.849500011276,-0.4390084460641713,-5.2334196591092255,0.08457077916984006,-0.0037431217969141686,-0.6383856867332003,7.312813066431106e-06,0.0012250405879006476,0.0002666994821841131,0.014147266370497394,124.025
14404,0.12787189043419878,-483.8981899028752,-0.4245903360170212,-5.543768823019991,0.08176766595342322,-0.007619897343870395,-0.6387162896349194,7.523509735468712e-06,0.0012504747059619394,0.00028313754755545864,0.01586402423183685,124.033333
14405,0.12403986989513656,-483.9498523075441,-0.4068534936411257,-5.871213963988628,0.07884245733843648,-0.011479432672571484,-0.6390262922778317,7.740774245492892e-06,0.0012765259129272762,0.0002997840855240573,0.01801958957901928,124.041667
14406,0.1203689624256621,-484.00465440636094,-0.38558489331168083,-6.213164543362204,0.07579545891709914,-0.015316036009784064,-0.6393144610631715,7.962207886935543e-06,0.001303093037556254,0.00031622987442305177,0.020728291159168577,124.05
14407,0.11689214010723036,-484.06266476551616,-0.36060355279148754,-6.565471979932493,0.07262996733690115,-0.019118771794437453,-0.6395794501746542,8.184522736285052e-06,0.0013300971085089207,0.00033197825014466336,0.02410548700071619,124.058333
14408,0.11364253283360654,-484.12399598458757,-0.3317606518769162,-6.922432759856959,0.06934749066250927,-0.022883116356444674,-0.6398201319125796,8.403442802660265e-06,0.001357499222198714,0.00034646840782717243,0.028243700769233063,124.066667
14409,0.11065531908941324,-484.18863393754066,-0.29898583631341136,-7.276390459166938,0.06595174249766636,-0.026599665928339056,-0.6400354194183493,8.613671256276977e-06,0.001385318748917444,0.00035912000147206194,0.033175770132782174,124.075
14410,0.10796501145321122,-484.25657506788104,-0.2622886170495004,-7.617913302195552,0.06244404041187978,-0.03026458701546669,-0.6402244210164298,8.808964736112033e-06,0.001413642495585267,0.0003693953382705117,0.03882794022062761,124.083333
14411,0.10560603174522157,-484.3276296272188,-0.22181773083871434,-7.935804308593454,0.0588288091202717,-0.0338678069070294,-0.6403863330434206,8.982354967776196e-06,0.0014426172553196701,0.0003768716878690096,0.04497275815355465,124.091667
14412,0.10361153309775242,-484.4015289882028,-0.1778620088037095,-8.217698023787712,0.055110754567705325,-0.037401508989350137,-0.6405204481765573,9.126544960345703e-06,0.0014724154442800022,0.0003813041071239664,0.05120172809406908,124.1
14413,0.10201227677407042,-484.4778938458055,-0.1308708311347278,-8.450872929818074,0.051295448892890956,-0.04085867317627446,-0.6406261455990937,9.234475336758503e-06,0.0015031701305583246,0.000382657709909189,0.056940775251302714,124.108333
14414,0.10083369548928672,-484.5562260229287,-0.08146057431532354,-8.623511182844947,0.04738889269950698,-0.044232143293220755,-0.6407029912716209,9.300011489456519e-06,0.0015348854986601225,0.0003810916487464893,0.06152654339776832,124.116667
14415,0.10009590732689384,-484.63596783810294,-0.030385778815991298,-8.725920694827527,0.04339610700679744,-0.047517401444075645,-0.6407506434898502,9.318653494028369e-06,0.0015673431839750482,0.00037689434476076037,0.06433966786866112,124.125
14416,0.09980953770147669,-484.7164698204428,0.021482101967031465,-8.75198057064698,0.03932200780428005,-0.050708210761121225,-0.64076904555358,9.288133902338041e-06,0.0016000335272066438,0.0003703911842624032,0.06495884400356756,124.133333
14417,0.09998061824036741,-484.79704039170986,0.0732172741809021,-8.6995735094197,0.03517326063781695,-0.0538002340060545,-0.6407580582661432,9.208770382917004e-06,0.0016321446594180268,0.0003618628120170672,0.06327978873041776,124.141667
14418,0.10060510080861303,-484.87690788322294,0.12388096709987109,-8.571334058915845,0.03096035169924855,-0.05678625718247503,-0.6407177930211277,9.083479035354548e-06,0.001662621649220371,0.0003515081018545287,0.05954668654602317,124.15
14419,0.10168341033806583,-484.9552701559862,0.17259087617810293,-8.373275574900404,0.026702199077442694,-0.059666222908264795,-0.6406476778107371,8.917438071730386e-06,0.0016902932300361917,0.0003394642305915644,0.05428250027982167,124.158333
14420,0.10317206087119517,-485.03184156168675,0.21866194925584265,-8.11730156460051,0.02238151078815555,-0.06243170478123775,-0.6405496568486694,8.71746614165771e-06,0.0017140240479317798,0.0003258671953229122,0.04814887713919648,124.166667
14421,0.10506998630749406,-485.10575350096144,0.26144495957250574,-7.814121463309554,0.01803475809733466,-0.06508546039565927,-0.6404226284426994,8.491291021800255e-06,0.0017328837474091317,0.000310906877379784,0.041785951020704384,124.175
14422,0.10733405461778231,-485.1768029193026,0.3005578136998224,-7.477600822914169,0.013655842283491057,-0.06762263363146248,-0.640268076721207,8.246801873505192e-06,0.0017462216738345256,0.0002948633703190796,0.035707508697015666,124.183333
14423,0.1099225599654941,-485.24489320520615,0.33578418491752715,-7.120583255531744,0.009240053472701012,-0.07003791579637784,-0.6400873568808567,7.991434024515062e-06,0.0017537321419521966,0.00027810033444829283,0.03024307840405467,124.191667
14424,0.11281185229665001,-485.3096687847128,0.36698538711454365,-6.753698347015335,0.004809783700397845,-0.0723341710208596,-0.6398805719503292,7.73175427358563e-06,0.0017554339302616243,0.000261028136954717,0.02554663473419138,124.2
14425,0.11596635919995751,-485.37103059019097,0.39417299029399727,-6.386421664225861,0.00037512108756006105,-0.07451110476402963,-0.6396487061090748,7.473224134497861e-06,0.0017516006415368155,0.00024405842258175338,0.021639664634444507,124.208333
14426,0.11935192230901277,-485.4290016284026,0.41745547934521465,-6.026174345301848,-0.004057137920604493,-0.07656977818774517,-0.639392775511401,7.220135898969076e-06,0.0017426935749752198,0.00022756110173412488,0.018458900804926164,124.216667
14427,0.12293370086188307,-485.4835893138126,0.4369976487449686,-5.678585640194224,-0.008474506863716444,-0.07851080817662605,-0.6391140339633217,6.975672273444488e-06,0.0017292850749930637,0.0002118355253370933,0.015900111192484044,124.225
14428,0.1266890453968732,-485.53476665888587,0.45298792890351103,-5.347287879675197,-0.012858845507445796,-0.0803438792516128,-0.63881298032759,6.742039976107202e-06,0.001711995237061206,0.0001970976667627142,0.013849053835618408,124.233333
14429,0.13056958860658627,-485.58295830517955,0.46570593507368546,-5.035053404820382,-0.01722341994905492,-0.08205662084461737,-0.6384924255281509,6.520631276575824e-06,0.00169143611759077,0.0001834816357194782,0.012199801381320723,124.241667
14430,0.1345562997187336,-485.62817622965287,0.4753679317519584,-4.742916717816666,-0.021549781524815962,-0.08365856926522125,-0.6381530877310937,6.312201006207151e-06,0.0016681998540587204,0.0001710503422003684,0.01086200526471922,124.25
14431,0.13862971683362507,-485.6704324117887,0.4821907390908418,-4.471224344386612,-0.02581856890709543,-0.08516050737093735,-0.6377958938092296,6.1170165190408045e-06,0.0016428202474199941,0.0001598091820525857,0.00976381767364954,124.258333
14432,0.14275612380002703,-485.7099992365523,0.48641939768329073,-4.219890702654872,-0.030029369698678293,-0.0865582650669697,-0.6374232631306269,5.934990131390448e-06,0.0016157678177850683,0.00014972141886387732,0.008850082708788645,124.266667
14433,0.14691827854490047,-485.74716729187935,0.48827141976815513,-3.9880815361443087,-0.03418691232831787,-0.0878543163510733,-0.6370364093204889,5.7657911186275516e-06,0.001587461170661203,0.0001407225754578099,0.008079251529994478,124.275
14434,0.15109325268865806,-485.782053016727,0.4879412839761127,-3.7749220932243914,-0.038280374973463344,-0.08905112441214633,-0.6366372772692654,5.608927769110474e-06,0.0015582594360144674,0.00013273157888081435,0.007420586596506541,124.283333
14435,0.1552597541421942,-485.8148366957461,0.48561247404816976,-3.5793207156943856,-0.0423052225734971,-0.09014904373585883,-0.6362278921365497,5.463812798163521e-06,0.0015284735848131847,0.00012565928724986717,0.006851416349071704,124.291667
14436,0.159402024375248,-485.8456752861206,0.481447985138063,-3.4000635766851532,-0.04625697980806982,-0.09115111404785249,-0.6358099392922946,5.32981053068042e-06,0.0014983723222567597,0.00011941482692134754,0.006354956885610293,124.3
14437,0.16350467356742343,-485.87472948905025,0.47559693850422097,-3.235937271083813,-0.05013251850370997,-0.0920589585057525,-0.6353852307248818,5.206269736722701e-06,0.0014681851180571622,0.00011390972770136538,0.005918676232384198,124.308333
14438,0.1675545447953023,-485.9021067293375,0.4681913225667379,-3.085764425512661,-0.05392535687954291,-0.09287672421829091,-0.6349554965979061,5.092546725639302e-06,0.0014381084434723396,0.00010906059894078079,0.0055330653553214305,124.316667
14439,0.171536105536724,-485.92794762585726,0.4593550185254513,-2.9484332345251376,-0.05763212253275861,-0.09360444907674546,-0.6345228587225271,4.988020341818406e-06,0.0014083098403670474,0.00010479056181591607,0.0051907756791254095,124.325
14440,0.17543860689564342,-485.9524048818197,0.4491989764188468,-2.822864616356664,-0.06125294819195909,-0.09424258903102835,-0.6340890500761875,4.892101687123188e-06,0.0013789341819941286,0.0001010299791424878,0.004885996636815215,124.333333
14441,0.17924903683663299,-485.9756218935172,0.4378254908970386,-2.708079975978839,-0.06478718962349403,-0.09478926975443179,-0.6336561583983155,4.8042388872992625e-06,0.0013501042701121431,9.771650291636404e-05,0.004614045892077113,124.341667
14442,0.18295772428100648,-485.9976773590016,0.4253241846448158,-2.6031764234392787,-0.06822995534338404,-0.09524721064302216,-0.6332259902551092,4.723919629690031e-06,0.001321925592248246,9.479486001379728e-05,0.004371070285143953,124.35
14443,0.18655593957749203,-486.01866420494997,0.41177792553784287,-2.5073251630153877,-0.07157870992306013,-0.09561781710556565,-0.6328003113255531,4.650671217761008e-06,0.00129448682081857,9.221634823626314e-05,0.004153852461319978,124.358333
14444,0.19003545888322604,-486.0386700659797,0.3972630428561964,-2.4197750499885236,-0.07483124045855848,-0.09590212570188678,-0.6323808823907416,4.584059527827032e-06,0.001267861624583495,8.99382999981834e-05,0.003959667345593226,124.366667
14445,0.1933852165381947,-486.0578503101219,0.38185385149729045,-2.3398499700131423,-0.07799128230681837,-0.09609352876519855,-0.6319698618522802,4.523687148403613e-06,0.0012421104483323854,8.792350173907264e-05,0.00378618089002926,124.375
14446,0.1965995756421554,-486.07627236316813,0.3656149834327128,-2.2669343548402634,-0.08105674623966938,-0.09619346585743996,-0.6315687877748325,4.469191191534539e-06,0.0012172838696537073,8.61396431536287e-05,0.0036313716926487456,124.383333
14447,0.1996719466388902,-486.0939872604242,0.3486068624844206,-2.2004814373012658,-0.0840240489752101,-0.09620355569133261,-0.6311793308895312,4.420240419157695e-06,0.0011934209252774672,8.455870638880755e-05,0.003493486956616089,124.391667
14448,0.20259438415075698,-486.11108558664336,0.33088805165748525,-2.14000250062626,-0.08689322032907133,-0.09612082845383361,-0.6308033507157299,4.376532668019025e-06,0.001170551256153366,8.31564770276354e-05,0.0033709993560166155,124.4
14449,0.20536214960510965,-486.12761318289995,0.3125121321224436,-2.0850559111433653,-0.08966164637521162,-0.09594688865234126,-0.6304423021999886,4.337792293268759e-06,0.0011486971470285226,8.191209845696782e-05,0.0032625729232169825,124.408333
14450,0.20797079399874294,-486.143623925593,0.2935304085085091,-2.0352479736230635,-0.09232793662844206,-0.09568224700303135,-0.6300975895862365,4.303767552580071e-06,0.001127873000159249,8.080764582690582e-05,0.0031670413502254587,124.416667
14451,0.21041433351905534,-486.1591992830636,0.2739928956254948,-1.99023233893238,-0.09489292413142857,-0.09532354832222402,-0.6297708049449796,4.274228280391815e-06,0.0011080864654738087,7.982777598846844e-05,0.0030833867058778926,124.425
14452,0.21268901218514338,-486.1743901451398,0.25394670545475506,-1.9496988546351564,-0.09735567496823756,-0.09487062673390509,-0.6294632232391302,4.248963792759417e-06,0.001089340330157501,7.895942600731101e-05,0.0030107207845362417,124.433333
14453,0.21478848669745085,-486.1892714057412,0.2334378946910503,-1.9133791061397685,-0.09971651211511492,-0.09431932139304905,-0.6291764422636554,4.227780889788832e-06,0.0010716323901714237,7.819153693247942e-05,0.002948272641661239,124.441667
14454,0.21671049215343763,-486.20386139282624,0.2125097398909332,-1.8810292461828264,-0.10197234621208137,-0.09367237833849074,-0.6289114713697105,4.2105021879159045e-06,0.0010549576223066392,7.751483219440508e-05,0.0028953749341705565,124.45
14455,0.21845211148361057,-486.2182203249454,0.19120551450877601,-1.8524395103868292,-0.10412386574303753,-0.09292774663836073,-0.6286693623546821,4.196964513714779e-06,0.0010393070602806203,7.692161077015168e-05,0.0028514562728311687,124.458333
14456,0.22000840226111357,-486.2324257327862,0.1695675871891986,-1.8274330177493507,-0.10617240368826728,-0.09208022142125001,-0.6284514032079722,4.187017609760046e-06,0.0010246690108993337,7.640558817573107e-05,0.0028160313533369787,124.466667
14457,0.22137855640222207,-486.2464447521281,0.14763503211269802,-1.8058439176371581,-0.10811105731042694,-0.09113769796812594,-0.6282582526097785,4.180523049575735e-06,0.0010110306827614058,7.596176152513714e-05,0.0027886928492703617,124.475
14458,0.22256084527061556,-486.2603344797366,0.12544863742598622,-1.787539743553343,-0.10994089628250496,-0.09009807546872042,-0.6280906374062841,4.177353243298027e-06,0.0009983770114856943,7.558629010577594e-05,0.0027691075742717623,124.483333
14459,0.223551255841253,-486.2741677189653,0.10304831634333572,-1.7724157617096665,-0.11166317904299392,-0.08895622860182095,-0.6279495493389201,4.17739070052957e-06,0.0009866917897983058,7.527640671175774e-05,0.0027570096988920436,124.491667
14460,0.22434994377591053,-486.287906882774,0.08047150407969635,-1.7603698319250531,-0.11327128050978001,-0.08772078005515531,-0.6278353242962599,4.180527477826601e-06,0.0009759591754666015,7.503034503527636e-05,0.002752196098990376,124.5
14461,0.2249563875389098,-486.3015656249638,0.05775642485044713,-1.7513264047955241,-0.11476299885398479,-0.08639448090673732,-0.6277483257157248,4.18666471372569e-06,0.0009661624389171313,7.484727947095203e-05,0.0027545247117644234,124.508333
14462,0.22536718497345667,-486.3151951428794,0.03494082011535218,-1.745237491262877,-0.1161379271071937,-0.08497460755625229,-0.6276892627995999,4.195712366942599e-06,0.0009572848066280261,7.472728711067431e-05,0.0027639110446839974,124.516667
14463,0.22558459218166824,-486.32876696954526,0.01206222794107363,-1.7420550771270347,-0.11739166990481578,-0.08346970303400832,-0.6276579619413533,4.207589123818673e-06,0.0009493110109793752,7.467131990191472e-05,0.0027803259773601353,124.525
14464,0.22560779101937664,-486.34218438498846,-0.010846114627189794,-1.7417365705563643,-0.11851299634830338,-0.08189542201578028,-0.6276546201737101,4.2222223844733e-06,0.0009422254201937056,7.468119201752695e-05,0.0028037952231908026,124.533333
14465,0.22542483635709135,-486.3563252967712,-0.03372403398490648,-1.744465133046208,-0.11956379803439773,-0.08014746733745994,-0.6276809654235028,4.23954842814314e-06,0.0009360136954315279,7.475957231136878e-05,0.002834400126910065,124.541667
14466,0.22505432446586543,-486.3706250918049,-0.05654159942447938,-1.750128816800851,-0.12050261001023801,-0.07830287095466613,-0.627734254328197,4.259512891321747e-06,0.00093066700158453,7.491006299155246e-05,0.0028722651823396388,124.55
14467,0.22448855624635877,-486.3850802901576,-0.07926702213566383,-1.7587639078650246,-0.12132127726165888,-0.07636366208113379,-0.6278154597277437,4.282071133767091e-06,0.0009261709008311864,7.513717055541618e-05,0.0029175728056734726,124.558333
14468,0.22372991031572081,-486.39970860877827,-0.10186115566385025,-1.7704223284563148,-0.12201853801979773,-0.07433301397759613,-0.6279240336923868,4.307188847140925e-06,0.0009225158368820906,7.54463478726177e-05,0.0029705626622243083,124.566667
14469,0.22278007820876472,-486.41452128251586,-0.12428551303664187,-1.785173265507354,-0.12259223634325914,-0.07221475710503816,-0.6280594598607834,4.334842742447169e-06,0.0009196934118683167,7.584406843537422e-05,0.003031530157445031,124.575
14470,0.22163992239881253,-486.4295696753951,-0.14650051186633742,-1.8031166556742215,-0.12304255638786289,-0.0700076640677958,-0.6282212738878796,4.36502142231718e-06,0.0009176969288094862,7.633790044814303e-05,0.003100828644137112,124.583333
14471,0.22030305485763332,-486.4448092283206,-0.16847550067010825,-1.8243513724919191,-0.12335879354914614,-0.06772027658026254,-0.628409965603659,4.397726406464767e-06,0.0009165219087749283,7.69366049319939e-05,0.003178871358588589,124.591667
14472,0.21878846476276598,-486.46039131540334,-0.1901517123680626,-1.8490384075155724,-0.12355749034890522,-0.06534490377748439,-0.6286223849060671,4.432973308010133e-06,0.0009161687692795792,7.765018046869282e-05,0.003266141331786033,124.6
14473,0.21709106921864807,-486.476279451581,-0.2114971500325918,-1.8773206679710925,-0.12362884112788917,-0.06288975709436544,-0.6288587287857161,4.470793125696063e-06,0.0009166340559122827,7.849017603375733e-05,0.003363173648282005,124.608333
14474,0.2152129382799609,-486.49253964738057,-0.2324688708866946,-1.909394147373213,-0.12357356452815918,-0.06035287586347729,-0.6291181265873784,4.511233786484539e-06,0.0009179194405683478,7.946969811901867e-05,0.003470577746258919,124.616667
14475,0.21315903555120536,-486.5091865444134,-0.25302283813140664,-1.9454627455902695,-0.12339047328261873,-0.05773971290287674,-0.629399260670828,4.554361806442991e-06,0.0009200291838550177,8.060365105080413e-05,0.003589033983540701,124.625
14476,0.21093299329033557,-486.5262519304334,-0.27311465514475497,-1.9857653255952423,-0.12307854942540089,-0.05505348407012066,-0.6297009585819925,4.600264143809245e-06,0.0009229693204620787,8.190895315190297e-05,0.0037192957946155653,124.633333
14477,0.2085393609288281,-486.5437450093182,-0.2926991737111759,-2.0305621100036344,-0.12263591614818158,-0.05230071389922066,-0.6300218885658879,4.649050229715771e-06,0.0009267483283186826,8.340478371390047e-05,0.0038621932997609347,124.641667
14478,0.20597160967899206,-486.5617685417823,-0.3117360738212693,-2.0801959330073885,-0.12205892252434704,-0.04947414613335247,-0.630362150650379,4.700854183843163e-06,0.0009313769817068236,8.51128583407196e-05,0.004018636143613953,124.65
14479,0.20324928806932885,-486.5801786714686,-0.33017025337016787,-2.134921416822172,-0.12134658987330864,-0.04660335559363832,-0.6307183563600571,4.75583727354177e-06,0.0009368722194446126,8.70576808227223e-05,0.004189627558522669,124.658333
14480,0.20036671975617368,-486.599245369842,-0.34794925179835806,-2.1952321833882382,-0.12050320196681183,-0.043661817799387805,-0.631090434611553,4.814190433643591e-06,0.0009432483063301202,8.926698264835653e-05,0.004376244658966066,124.666667
14481,0.19734486486160482,-486.6188407064242,-0.36501148805439526,-2.261462650696923,-0.11952964677650799,-0.04067769987418609,-0.6314748616931865,4.876137048885801e-06,0.000950525715928891,9.177216363864474e-05,0.004579654485676762,124.675
14482,0.19418161618301888,-486.6391336897998,-0.38130193339867324,-2.3341536090398556,-0.11842617500627341,-0.03763865355765609,-0.6318710988071462,4.9419358541123995e-06,0.0009587220370395756,9.460873579400126e-05,0.004801093530470341,124.683333
14483,0.1908790563807818,-486.6603210271036,-0.39675492799461404,-2.413922549704416,-0.1171946435794175,-0.034531266729640124,-0.6322780399557933,5.0118838853765e-06,0.0009678600347292452,9.781676696943016e-05,0.005041890262582453,124.691667
14484,0.1874498142121276,-486.68222411284677,-0.4113130895783919,-2.501233079958118,-0.11582937171204077,-0.03138895659464104,-0.6326932927799169,5.086319724334481e-06,0.0009779659842020624,0.00010144145360767157,0.005303460196958583,124.7
14485,0.18390759499177012,-486.70497346711204,-0.4248945433089144,-2.596758851239647,-0.11433679752227212,-0.028209006021465134,-0.6331144141366802,5.165626345813019e-06,0.0009890659200630552,0.00010553329827767504,0.0055873243893897195,124.708333
14486,0.18025848973772585,-486.7288287502318,-0.4374120901754832,-2.7013310036361027,-0.11272077091924235,-0.0249737940656787,-0.6335399356704648,5.250233525915895e-06,0.001001185007949019,0.0001101489577816024,0.005895096017717434,124.716667
14487,0.1765030375843801,-486.7536273554638,-0.44881209120321375,-2.8156191273722877,-0.11096962346341208,-0.021714036684483507,-0.633969049682438,5.3406200987092995e-06,0.0010143497374251389,0.00011535170899290173,0.006228513923146926,124.725
14488,0.17266481328317335,-486.7796242044104,-0.4589719891905734,-2.9405515029029172,-0.10909637763113889,-0.018416979916090682,-0.6343983826544124,5.4373152145440695e-06,0.0010285892575602584,0.00012121070941175204,0.006589586710961971,124.733333
14489,0.16874878586576444,-486.80679598552246,-0.467810945948057,-3.076992034370869,-0.10709564149271468,-0.015099255319288142,-0.6348267864056044,5.540897888770272e-06,0.001043926165895994,0.0001278021435718099,0.006980575345996353,124.741667
14490,0.16476669347182862,-486.83526240697313,-0.4752196247703592,-3.2259437174124197,-0.10496895744252695,-0.011763295313940287,-0.635252434495757,5.651994578483151e-06,0.0010603820309524764,0.0001352076419846405,0.007404295636225271,124.75
14491,0.16072009851173263,-486.86515584602165,-0.4810951136974886,-3.388541453643508,-0.10271076426783562,-0.008410754739533247,-0.6356746579691758,5.771273621545546e-06,0.001077973269869358,0.0001435134135489573,0.007864402640649854,124.758333
14492,0.15664459829422045,-486.89658599993925,-0.48527219436288277,-3.5657542742333392,-0.10033607821080631,-0.005048681493157385,-0.6360893765033776,5.899435710910245e-06,0.001096712812319464,0.00015280765739388822,0.008365976194650864,124.766667
14493,0.15254642256271755,-486.9296600218571,-0.48762478987328683,-3.758705285824817,-0.09784089799384399,-0.0016831551376876054,-0.6364957488817508,6.03719743519713e-06,0.0011165950999755016,0.00016317792046266044,0.008916124939512368,124.775
14494,0.14843990757051836,-486.9645152320167,-0.4879997524283283,-3.968490536194238,-0.09522593645104181,0.001681286264643861,-0.6368922255605877,6.185266788169092e-06,0.001137604150010584,0.0001747047910147509,0.009525340247647108,124.783333
14495,0.14434487167018029,-487.0012864740012,-0.486223464540103,-4.1960853509677225,-0.09249473114216451,0.005039017581843707,-0.6372768987565364,6.344308455134354e-06,0.0011597073302800774,0.00018745438956447905,0.010209182455598773,124.791667
14496,0.14028050304673423,-487.04010875732564,-0.482112924271556,-4.442318036469015,-0.08964982987145563,0.008383931879995084,-0.6376481242552594,6.5148947461971896e-06,0.0011828501037708576,0.0002014678748715968,0.010990627299187136,124.8
14497,0.13626706252396178,-487.0811722808408,-0.4754660807572003,-4.707814136022169,-0.08669325269258896,0.011714380383328565,-0.6380043619802405,6.697438968846719e-06,0.0012069535617833564,0.00021674757634520156,0.011903199932755432,124.808333
14498,0.1323293409248896,-487.1245882547541,-0.46607407856164496,-4.992684633592118,-0.08362975651733953,0.015021758919743732,-0.6383438910648458,6.89210807910783e-06,0.0012319124527903733,0.00023324021147618157,0.012994738608705597,124.816667
14499,0.12849070440799962,-487.17052431130173,-0.4537191003589003,-5.296576048293192,-0.08046180011175677,0.018302546511571163,-0.6386653491383164,7.098711160617194e-06,0.0012575941513482544,0.0002508169632855991,0.014331429183603882,124.825
14500,0.12477965311134012,-487.2191141050235,-0.4381778276055725,-5.618264107583902,-0.07719450325681375,0.021551547773760976,-0.6389671760986546,7.316563026872485e-06,0.0012838435266383761,0.00026925348008279633,0.016001163872934796,124.833333
14501,0.12121250386933557,-487.27066770647855,-0.4192329279991357,-5.956093140942713,-0.07382005737041884,0.024775426823995136,-0.6392490047168764,7.54432512647907e-06,0.0013104902678019248,0.00028821212221671606,0.018114250683442162,124.841667
14502,0.1178399295862912,-487.3249506122361,-0.3966975731642662,-6.3056968307611445,-0.07036304813025426,0.027948125319892592,-0.6395079799540606,7.779835355064731e-06,0.0013373692751783473,0.0003072340255884842,0.020799297568290676,124.85
14503,0.1146858288637753,-487.38215029927755,-0.3704134107409662,-6.662380911057286,-0.066820904601113,0.0310742660297651,-0.639743596587727,8.019934151461126e-06,0.001364329013734612,0.0003257396023633264,0.024188301940979744,124.858333
14504,0.11177354873778991,-487.44240068966064,-0.34027785267919014,-7.019958590080828,-0.06318927781169247,0.03415536286623822,-0.6399554976973887,8.260319951431425e-06,0.0013912699509837883,0.0003430624545115159,0.02839018295324394,124.866667
14505,0.10915222538268621,-487.505423350495,-0.30627549543516075,-7.369050471278389,-0.059489909178375724,0.03717810992519575,-0.6401415870917454,8.495484476873611e-06,0.0014181715243683818,0.0003585056052102894,0.03344977799735434,124.875
14506,0.10684073562410774,-487.57127419977274,-0.26848820166994314,-7.700347240718139,-0.0557139050354313,0.04014699982052522,-0.6403020317530733,8.71875550198165e-06,0.0014451000495294445,0.0003714177411632386,0.03929335005092623,124.883333
14507,0.10487488214960554,-487.6396289947677,-0.2271386709797449,-8.002190667668268,-0.05187301568722663,0.043054590137823055,-0.6404357931811564,8.922509304919976e-06,0.0014722206184452416,0.0003812979708721545,0.04568037537768724,124.891667
14508,0.10328700194809144,-487.7101668103741,-0.18258134261370915,-8.262386902464872,-0.04797470840083085,0.04590041967836935,-0.6405420294588052,9.098587315879825e-06,0.0014997571716855336,0.00038787494975775727,0.0521760968869889,124.9
14509,0.10210043562579325,-487.7824089914438,-0.13534772775545859,-8.469423987016366,-0.04402666332612423,0.048679746900605635,-0.640620361707354,9.238899238684263e-06,0.0015279256239827581,0.0003911536067988211,0.05817404092500048,124.908333
14510,0.10133418923997146,-487.85583514853937,-0.08610157140086828,-8.613349577334377,-0.04003519757176063,0.051391132611849515,-0.6406704668706538,9.336174062431188e-06,0.0015568395591303065,0.00039139779002890604,0.06298532683911277,124.916667
14511,0.10100065471264574,-487.9298406162866,-0.03562712122903259,-8.686953290496533,-0.036007360340687085,0.05403276463296944,-0.6406921593272499,9.38474997774102e-06,0.0015864051664206654,0.00038904282295425095,0.06598052068708143,124.925
14512,0.10111450740219241,-488.0036038670186,0.015188737645519151,-8.685912091761999,-0.031963294811086514,0.056602963391915256,-0.6406847625752256,9.3812541588946e-06,0.0016162415970336322,0.0003845674421169268,0.06674462018249872,124.933333
14513,0.10166507305860184,-488.0766195444849,0.06548512936944477,-8.61148348467275,-0.027899469935970537,0.05910287165122441,-0.6406488763869572,9.325018893725504e-06,0.0016456536850324168,0.00037837377384431154,0.06518762755830067,124.941667
14514,0.10263502644857872,-488.14846206778714,0.11445848215471882,-8.468786659994782,-0.023809284099664957,0.06153255615510563,-0.6405851818452253,9.218157605835972e-06,0.0016736912295902523,0.00037072113338398026,0.06156144545961288,124.95
14515,0.10401662202949098,-488.2183621562863,0.16132174665786686,-8.26506746911021,-0.019714441783556764,0.06389083348796279,-0.64049341515536,9.065293209872684e-06,0.0016992626304174851,0.000361722713887372,0.056380835977048425,124.958333
14516,0.10578865454931184,-488.28583237883987,0.20544544855631824,-8.010581962671756,-0.015622868734422713,0.06617910485530312,-0.6403739257098605,8.872977114034155e-06,0.0017212752291474905,0.00035140603118631814,0.050289516532408506,124.966667
14517,0.10792826302566447,-488.35030083073843,0.24631296110836204,-7.716741611010959,-0.01155511338549636,0.0683989628792647,-0.6402269706187715,8.648941724322546e-06,0.0017387845355583795,0.000339796897750836,0.043914191859935954,124.975
14518,0.11039314914541408,-488.41188897526445,0.2836709591936581,-7.395850310502112,-0.0074898815104925695,0.07054954664573289,-0.640054041327012,8.401340354231267e-06,0.0017510988426071353,0.0003269853082041756,0.0377607330689507,124.983333
14519,0.11315722787257941,-488.47024758037554,0.317301648978706,-7.058450930350595,-0.0034461259366631897,0.07263319435676613,-0.6398554961626578,8.138101022076076e-06,0.0017578398091970073,0.00031315181977355303,0.03216331862652561,124.991667
14520,0.1161896054369831,-488.5252166453392,0.34712779960559526,-6.714033725980671,0.0005643115146426226,0.07465271349856914,-0.6396320556349682,7.866442884236323e-06,0.001758928120278676,0.0002985604557198101,0.02729347877739041,125.0
14521,0.1194528396267201,-488.5768558981785,0.3731986520334227,-6.370698197910909,0.00454032337636885,0.07660728543425713,-0.6393850341992939,7.592577583300353e-06,0.0017545449634226175,0.0002835275675265189,0.02319306053895795,125.008333
14522,0.12291427989096175,-488.6252528400651,0.39562896996432945,-6.034586165070113,0.008478738191293892,0.07849786691584515,-0.6391155674557973,7.321586288700693e-06,0.0017450737848327237,0.0002683817180804147,0.01981775154531854,125.016667
14523,0.1265442882029702,-488.6704758192606,0.4145730397472065,-5.710201078396701,0.012371846296751218,0.08032674723828542,-0.6388247520042771,7.057425387823412e-06,0.0017310295985076038,0.0002534289983621207,0.017077896553975267,125.025
14524,0.1303151117604143,-488.7126369540571,0.4302180223690526,-5.400643422596111,0.016213117033381658,0.08209658681556437,-0.6385137413911282,6.803016996544855e-06,0.0017129966816216583,0.00023892921704247576,0.01486828479180547,125.033333
14525,0.13419409886947192,-488.7520241872947,0.4427925019345047,-5.1079699940833265,0.020008292760849263,0.08380294678059401,-0.6381843362287147,6.560386644001461e-06,0.0016915795535286306,0.0002250841706160269,0.01308654109114154,125.041667
14526,0.13816021155714275,-488.78868801446725,0.4524904611134861,-4.833135899179327,0.02374415160543639,0.08545126624762332,-0.637837603969236,6.330820712260491e-06,0.0016673725831504516,0.00021203587611070835,0.011642372832676388,125.05
14527,0.1421845153373579,-488.8229641930902,0.4595433752525182,-4.576521579116264,0.027429915182536187,0.08703483150528699,-0.6374755293608729,6.115016998560731e-06,0.0016409299091304597,0.00019987121742231736,0.010461354101598904,125.058333
14528,0.146250174224881,-488.8548720125255,0.4641308745185341,-4.337901217038444,0.031049829779050058,0.08856052122919973,-0.6370992503733658,5.913224489767551e-06,0.0016127600603855524,0.00018863099551065648,0.009484367116214596,125.066667
14529,0.15033498663302666,-488.8846564140482,0.4664513644501867,-4.116753878699942,0.03460690014586095,0.09002497218458999,-0.6367105932222725,5.725359452418547e-06,0.0015833129422717026,0.00017831923082595863,0.008665972082235456,125.075
14530,0.1544203152865919,-488.9125014913553,0.466682333854725,-3.91230424671613,0.03810017822876542,0.09142684630218002,-0.6363112609958855,5.55110327315231e-06,0.0015529848744014712,0.00016891315270662832,0.00797171672391162,125.083333
14531,0.1584892815845287,-488.9386233809676,0.46499000263583473,-3.723616526895375,0.04153283957150219,0.09276284947247551,-0.6359029718997032,5.389978999952965e-06,0.0015221196691593067,0.00016037144302318481,0.007375765372168531,125.091667
14532,0.16252610595890093,-488.9631717622135,0.46152233558308986,-3.5497190064991746,0.04490310390407295,0.0940311441853955,-0.6354875040934836,5.2414104936974336e-06,0.0014910126646536927,0.0001526411437602944,0.0068587965611996374,125.1
14533,0.16651669150456624,-488.98624678945095,0.4564115431814365,-3.3896270491776144,0.04820566460705544,0.09523192295385535,-0.6350666165264106,5.1047669345107045e-06,0.0014599158596467115,0.0001456628978687527,0.0064063246776601464,125.108333
14534,0.17044780868920034,-489.0080360295545,0.4497848643623017,-3.242335708170676,0.05144445831236793,0.09636062027948111,-0.6346421127251963,4.979395311375269e-06,0.0014290425958228027,0.00013937486761787915,0.006007408440055302,125.116667
14535,0.17430619866822986,-489.02865267482906,0.4417549469367859,-3.1069130714513413,0.05461714089941863,0.09741478674450697,-0.6342159253121096,4.864643520558798e-06,0.0013985724486872274,0.00013371564109026707,0.005653672698373926,125.125
14536,0.17808277628041447,-489.0482110841915,0.432423055445598,-2.9824346066077747,0.05772342543228849,0.09839320250074929,-0.6337896311348188,4.759876275763369e-06,0.0013686562302320441,0.00012862605361391082,0.005338611303778666,125.133333
14537,0.18176507633786518,-489.06686676217237,0.42188722560505426,-2.868070085691799,0.06076673522727766,0.09928919847960394,-0.6333652750436322,4.664485115163526e-06,0.0013394176736461231,0.00012405036307604374,0.005057090487367583,125.141667
14538,0.18534512828172187,-489.08468364937977,0.41023089348643,-2.763032625811642,0.0637435405802065,0.10010281417432194,-0.6329444685789432,4.5778949568901645e-06,0.001310959613470303,0.00011993697574759116,0.004804974400442775,125.15
14539,0.1888132903546978,-489.1017661997705,0.397534693658268,-2.666610345423946,0.06665430314715948,0.10082996676193914,-0.6325290778697473,4.499567082886219e-06,0.0012833644937677625,0.00011623867211905885,0.004578885838980034,125.158333
14540,0.1921617522803746,-489.1181951869215,0.3838719159996815,-2.5781445183527953,0.06949823453029222,0.10146820106486616,-0.632120805104398,4.4290004446477276e-06,0.001256698486052381,0.00011291270128836816,0.004376016427191025,125.166667
14541,0.19538259342831935,-489.1340806777755,0.3693125854916874,-2.497035908377272,0.07227792946772085,0.102012153476031,-0.6317214054716224,4.365731279855593e-06,0.001231012979075795,0.00010992064903319236,0.004194001303067487,125.175
14542,0.19846837107162782,-489.1494519922845,0.353918944797953,-2.4227519187544386,0.07498831148357095,0.10246172287131808,-0.6313326073973086,4.309331868734645e-06,0.001206346975954658,0.0001072282319564027,0.004030824024518043,125.183333
14543,0.20141470376931922,-489.1643254575884,0.33774862536003536,-2.3547907940567376,0.0776243644960001,0.10281920387045214,-0.6309557686779942,4.259408655524717e-06,0.0011827288515042027,0.0001048050047666268,0.003884752149572778,125.191667
14544,0.2042138773729335,-489.1788363190251,0.32086181738251757,-2.2927156917490277,0.0801923267089358,0.10307559314503564,-0.6305926779711342,4.215599905840632e-06,0.0011601765297908754,0.00010262405676420632,0.003754289628507174,125.2
14545,0.2068611322494165,-489.1930008049974,0.30331072054125124,-2.236126132885271,0.08268757190027741,0.10323195629016295,-0.6302447471655297,4.177573467188497e-06,0.00113870099007748,0.00010066173830955771,0.003638131528178575,125.208333
14546,0.20935055689547302,-489.206877349416,0.28514704341376423,-2.184669738110336,0.08510955462131595,0.10328514174172289,-0.6299135304814094,4.145024269459776e-06,0.0011183060914517872,9.889733858899712e-05,0.0035351414881371838,125.216667
14547,0.21167749542937778,-489.22054487098677,0.2664211545195243,-2.1380258072832516,0.08746048623817308,0.1032303688509658,-0.6296004026125428,4.1176720403274864e-06,0.0010989904975759282,9.731281639312123e-05,0.003444326629704103,125.225
14548,0.2138378925331544,-489.2339945164633,0.2471785009698654,-2.095908260970995,0.08973387233519353,0.10307039098882594,-0.6293066337908269,4.095259073175395e-06,0.0010807481721581177,9.589253849188145e-05,0.0033648200167804396,125.233333
14549,0.21582681740952786,-489.24731305817255,0.22746640430581216,-2.0580701310793947,0.09193280147023175,0.1027989388826203,-0.629033584838236,4.077548183578427e-06,0.0010635691749015983,9.462304600745314e-05,0.0032958679997653426,125.241667
14550,0.21764175940520677,-489.2604251760404,0.20732548205434617,-2.024276849249689,0.09404475531146184,0.1024254809826848,-0.6287822496857501,4.064320895223806e-06,0.0010474410079248716,9.349284947532127e-05,0.003236815741060038,125.25
14551,0.2192802220614129,-489.27327339011475,0.18679591104777474,-1.9943194141659621,0.09605928419895564,0.10195847384293129,-0.6285535746512023,4.055375747116908e-06,0.0010323483437672159,9.249224267956913e-05,0.0031871011997618615,125.258333
14552,0.2207369070262817,-489.2863649590291,0.16593591551723638,-1.9680708744155702,0.09802224161676226,0.10135024444842707,-0.6283488527678468,4.050526851143714e-06,0.0010182738720261198,9.161314608514968e-05,0.0031462459538598446,125.266667
14553,0.22200965378725923,-489.29948623331927,0.14477865573750598,-1.945365943750241,0.09990700079361944,0.10062280767691324,-0.6281688900635233,4.0496027257860065e-06,0.0010052001379570255,9.084896346766375e-05,0.003113837960982372,125.275
14554,0.22309767855031248,-489.31254156969527,0.12336113595035882,-1.9260581364069849,0.10169989805769247,0.09978856687265582,-0.6280142397530143,4.052445227491192e-06,0.0009931087724954068,9.019447355135538e-05,0.0030895391771986365,125.283333
14555,0.223999150532111,-489.3256325639521,0.101726210191011,-1.9100487763665748,0.10340669076989982,0.09883984190612416,-0.6278855426206202,4.0589086757810055e-06,0.0009819805100571956,8.96457271762554e-05,0.0030730784393112674,125.291667
14556,0.224709932734217,-489.33893055170967,0.07991774244785563,-1.8972852755955723,0.10503854393396553,0.097760070575654,-0.6277837092225917,4.068859205095182e-06,0.0009717961755889184,8.91999681506676e-05,0.0030642438735578076,125.3
14557,0.22522916448983687,-489.3522511781582,0.05796801286675079,-1.8876692290464228,0.10657294557575106,0.09657112543733039,-0.627709118684025,4.082174332333076e-06,0.0009625380132599543,8.88555750058751e-05,0.0030628785391679982,125.308333
14558,0.2255578373786689,-489.36556301300476,0.035915219741436695,-1.8811305554145794,0.10800371000804639,0.09528041055454736,-0.627661815522543,4.0987426081015175e-06,0.0009541887084928869,8.861200292066749e-05,0.0030688841487651326,125.316667
14559,0.22569510885967997,-489.37886173727446,0.01379694828783338,-1.8776307247960438,0.10932659252899067,0.09389185050429821,-0.6276420391042004,4.118463418026977e-06,0.0009467310677983013,8.846974722158402e-05,0.0030822163673164074,125.325
14560,0.22563859760200117,-489.39225664943166,-0.00834613937033179,-1.8771790776984656,0.11054720533077798,0.09239630463042586,-0.6276501819964656,4.141246984636982e-06,0.0009401491406010617,8.84303254342598e-05,0.00310288330592326,125.333333
14561,0.22539001571687053,-489.4057405207675,-0.030475127096278466,-1.8797624471072154,0.11166192244147992,0.09079890865094485,-0.6276859771736742,4.16701453228678e-06,0.0009344290452206616,8.849627865881182e-05,0.003130943118741488,125.341667
14562,0.22494980768282297,-489.41924584058467,-0.05255485075317322,-1.8853776646555704,0.11266124401492368,0.08911122085128619,-0.6277492708808217,4.195698533882489e-06,0.0009295576582926552,8.867117099649271e-05,0.003166505068626928,125.35
14563,0.22431628626829395,-489.43301000163484,-0.07453926316898568,-1.8941211984991682,0.11356177014937546,0.08730972560948086,-0.6278401459372741,4.2272431211271e-06,0.000925523419241476,8.895960122785797e-05,0.0032097315992773495,125.358333
14564,0.22349215217020582,-489.44719432462324,-0.09638103937996191,-1.9060777330072758,0.11437406078198308,0.08538064466737762,-0.6279579861841255,4.261604668339712e-06,0.0009223172780450517,8.93672823155595e-05,0.0032608331809184958,125.366667
14565,0.22247853205153975,-489.4616484828543,-0.11804757767567459,-1.9212795948464587,0.11508060281789023,0.0833452075764578,-0.6281023355354669,4.298752482624753e-06,0.0009199312677590227,8.990110215895638e-05,0.0033200683819581155,125.375
14566,0.2212770000157833,-489.476346349306,-0.13950085195475265,-1.9398064711391116,0.11567537803385614,0.0812111307764444,-0.6282726094863087,4.338669630267854e-06,0.0009183593807151112,9.056912870405339e-05,0.003387753636682903,125.383333
14567,0.21988967734632994,-489.49135519487254,-0.16069788759482753,-1.961783600448173,0.11616027552278775,0.0789757561625207,-0.6284680843169589,4.381353862152228e-06,0.0009175975830010177,9.138070391157769e-05,0.0034642624999367826,125.391667
14568,0.21831871519572546,-489.5066889726097,-0.1815978050896228,-1.9873435842722633,0.11653254151328456,0.0766427501477294,-0.6286879737152982,4.4268186837898445e-06,0.0009176437942068605,9.234656715337282e-05,0.0035500250200769835,125.4
14569,0.21656611212102173,-489.52240665286746,-0.20215719993684617,-2.016658654854314,0.1167925801651107,0.07421070570960145,-0.6289314565614119,4.475094561538873e-06,0.0009184980651851367,9.347895674524642e-05,0.003645531852316204,125.408333
14570,0.21463433581762922,-489.5385432054026,-0.22233272377882307,-2.049917948020057,0.11693877278043698,0.07168141280147534,-0.6291975930940851,4.526230260108551e-06,0.0009201627850044747,9.47917612211946e-05,0.0037513358782635922,125.416667
14571,0.2125275564646294,-489.55509037279654,-0.24208097516400168,-2.0873149559048896,0.11696711291905769,0.06906255977265828,-0.6294851626599538,4.580294307804607e-06,0.0009226426650929464,9.630066638850422e-05,0.003868055930265147,125.425
14572,0.21024917174987898,-489.5721192460205,-0.2613543000241691,-2.129105422471968,0.11687861130812101,0.06635258779562027,-0.6297930112247274,4.637376552802994e-06,0.0009259443106694481,9.802331003347335e-05,0.003996380787128077,125.433333
14573,0.2078051267052546,-489.5896570725484,-0.2801035990709733,-2.1755496853565277,0.11667220741809403,0.06355617437853303,-0.630119608797056,4.697589837992862e-06,0.0009300766392691732,9.997951797876444e-05,0.004137070686699014,125.441667
14574,0.20519656057351046,-489.6077555283895,-0.2982826719118644,-2.2269747829471473,0.11634547562116804,0.060674037408516575,-0.630464038754816,4.761071758214786e-06,0.0009350501467681232,0.00010219150829822843,0.004290960577117584,125.45
14575,0.20243083063406717,-489.62642855851186,-0.3158389183992433,-2.283701835234512,0.11589677784395794,0.057713568401284734,-0.6308245347034138,4.8279865260403906e-06,0.0009408786839715027,0.00010468411691117906,0.004458971012842688,125.458333
14576,0.19951298304495657,-489.64573872321944,-0.332717912390753,-2.3461240884369046,0.11532586806106383,0.05467620248473105,-0.6311996274664703,4.898526835252615e-06,0.0009475773651474096,0.00010748504037405977,0.00464210918810986,125.466667
14577,0.19644814524604962,-489.66576247656906,-0.3488620173818272,-2.4146874196949004,0.11463269115416362,0.0515623206109493,-0.6315878291164008,4.972915695432522e-06,0.000955163455601833,0.00011062512152121676,0.004841478549901528,125.475
14578,0.1932442934456829,-489.6865158970984,-0.3642118941520969,-2.4898425176324617,0.11381518387649625,0.048380512229353606,-0.6319872962580694,5.051408224295599e-06,0.0009636563410073353,0.0001141386190252726,0.0050582906779086025,125.483333
14579,0.18990541625014082,-489.70796004079034,-0.3787156620545618,-2.5720803356519255,0.11286656418644998,0.045144994630138394,-0.6323966957729861,5.134293203237317e-06,0.0009730765066721583,0.00011806339250778345,0.005293883876197147,125.491667
14580,0.18644136724093643,-489.7304360160252,-0.3922805180836306,-2.6621255204952394,0.11180021950941092,0.04182912012930333,-0.6328139918671647,5.221894264527341e-06,0.000983446832784633,0.00012244094952303857,0.0055497698495249855,125.5
14581,0.18285921539456684,-489.75373700247053,-0.40485720243663864,-2.760474102758601,0.11060268952675305,0.0384680359527094,-0.6332375288589502,5.314570672798908e-06,0.0009947902123553514,0.0001273171670633672,0.005827622823803536,125.508333
14582,0.1791682626888622,-489.77817201639783,-0.4163468361491565,-2.8679683807800234,0.10928315105599207,0.035040375458572304,-0.6336654303802565,5.412717213543484e-06,0.001007130342648486,0.00013274141502115318,0.006129415831269838,125.516667
14583,0.1753783942994977,-489.8037296913351,-0.4266714903737315,-2.9853239853162363,0.10783730718059233,0.031561416353072344,-0.6340958167767917,5.516762914618463e-06,0.0010204903149497843,0.00013876720825122167,0.006457455878117042,125.525
14584,0.1714970782363651,-489.8303954426579,-0.4357534403555887,-3.113331501258971,0.10626003505826594,0.02804667062012288,-0.6345271482706965,5.627168220048977e-06,0.0010348918091540994,0.00014545115030640477,0.006814580951245499,125.533333
14585,0.16753736840230488,-489.8583603909185,-0.44348061081754997,-3.2529423634475507,0.1045555515975057,0.024491308141132408,-0.6349573411904752,5.744419725840929e-06,0.001050355088768664,0.00015285187893197667,0.007204422386322946,125.541667
14586,0.16351457090867658,-489.88779714205435,-0.449730662810098,-3.4051346551145394,0.10272719580272895,0.020894088499451565,-0.6353841932124885,5.86902185319086e-06,0.001066895793759018,0.00016102907951521855,0.007631707773608608,125.55
14587,0.15943821484836157,-489.9187535531564,-0.45439629859203723,-3.5708955895985066,0.10077098217121938,0.017266948278764002,-0.6358062396087241,6.001484309794339e-06,0.00108452273065522,0.00017004124188867406,0.008102766040856465,125.558333
14588,0.15532272129424304,-489.95138023315343,-0.4573424508789075,-3.751279681630352,0.09868765192403853,0.013612849444319827,-0.6362216204780581,6.1423041214987276e-06,0.0011032383879872785,0.000179941884184506,0.008626349322321954,125.566667
14589,0.15117845906517408,-489.9857790474596,-0.4584379326414968,-3.947367339276262,0.09647381687672506,0.009940396294246086,-0.6366290158756115,6.291940558369326e-06,0.001123035231747904,0.00019077521378126238,0.009214659885789083,125.575
14590,0.14702720663982916,-490.02209496177534,-0.45751582165681604,-4.16010906372218,0.0941333047625539,0.006255776973838273,-0.6370261367204126,6.45078115986334e-06,0.0011438952979303362,0.00020256958996967632,0.009884891542849897,125.583333
14591,0.1428861125815151,-490.06050210315175,-0.45440428019746754,-4.390439603816594,0.09166633658621497,0.0025629118265944506,-0.6374113482640797,6.619096023528737e-06,0.001165784047724928,0.00021532956367733736,0.010661082353974128,125.591667
14592,0.13877561375721506,-490.1011710406645,-0.44891558318656805,-4.639079098305282,0.08907410886121012,-0.001132823695787505,-0.6377829039077918,6.796978232939135e-06,0.0011886507796543839,0.00022902573001376452,0.011576591596120286,125.6
14593,0.13471676426485812,-490.1442699531042,-0.4408525574794002,-4.906465091013144,0.08635722600724967,-0.004825126144680138,-0.6381392170600556,6.984268667066726e-06,0.0012124269926561697,0.00024358258551633686,0.01267691214865734,125.608333
14594,0.13073217016741653,-490.1899440607015,-0.4300122236101475,-5.192587339360699,0.08351654096712587,-0.00850532452089459,-0.6384787854860025,7.180463422885452e-06,0.0012370274915726317,0.00025886509713179756,0.014022558597536544,125.616667
14595,0.12685279925633977,-490.2383808338637,-0.4161652695911006,-5.4966785450929,0.08055705208191016,-0.012168982315116301,-0.6387996477028512,7.384604145816572e-06,0.0012623537248801166,0.0002746652512874598,0.01569125056713239,125.625
14596,0.123096096606949,-490.28972847537295,-0.3991211998554366,-5.81752241665503,0.07747441114618112,-0.015807667039850714,-0.6391012016545656,7.5951529056076355e-06,0.001288297907886397,0.0002906911264617944,0.017777597431740642,125.633333
14597,0.11949469849387102,-490.34412949767506,-0.37866842550690416,-6.1524974896041105,0.07427294021814015,-0.019414674747139808,-0.639381821317916,7.809862439268461e-06,0.00131476012904123,0.0003065627427680381,0.020389398608942053,125.641667
14598,0.11608092167195792,-490.40171373036384,-0.3546215921619199,-6.497673709773062,0.07095556545020165,-0.022984319095706175,-0.6396401656270102,8.025653787769106e-06,0.0013416578680812414,0.00032181667335221605,0.02363571362050371,125.65
14599,0.11288734186934571,-490.46250094312137,-0.3268528982299024,-6.847505396100561,0.06752637004036771,-0.026505876807171636,-0.6398750975931587,8.238520542362776e-06,0.0013689446640919424,0.00033592707615244733,0.027605031878488707,125.658333
14600,0.1099508055641394,-490.5265437210197,-0.2952758480568552,-7.19458104397631,0.06398973878178955,-0.029975929635742363,-0.6400853612207605,8.443493364977358e-06,0.0013966276486645417,0.00034834485386397226,0.03233183039148357,125.666667
14601,0.10730120236459309,-490.59379455679255,-0.2599133616012164,-7.530017671029925,0.060346496455927455,-0.03338714126210165,-0.6402703427770485,8.63469985786585e-06,0.0014247760395973083,0.00035855426470465405,0.03775259160407105,125.675
14602,0.10496657395848384,-490.6640763556484,-0.22091086596396886,-7.843473506815423,0.0565988696653651,-0.03672868355468774,-0.6404296092725122,8.805560639940791e-06,0.0014535185586868893,0.0003661405550802549,0.043662823810825924,125.683333
14603,0.10298372984898897,-490.73721506413716,-0.17850835830435383,-8.122921155803505,0.05275168068305502,-0.03999903417087471,-0.6405621360387377,8.949150531210174e-06,0.0014830140680421398,0.00037084925849116486,0.04969055684927691,125.691667
14604,0.1013824665280257,-490.81280274089727,-0.1331333888681182,-8.35610795973983,0.04881224995975609,-0.04318866288350203,-0.6406673211021471,9.05871343158204e-06,0.001513388683989639,0.00037261713029257984,0.0553047216045801,125.7
14605,0.10018778963743179,-490.890408804654,-0.08535284082800114,-8.531567166368395,0.044784783637489334,-0.046292865038303856,-0.6407447280134958,9.128291835964023e-06,0.0015446559333229916,0.0003715651036391578,0.059881933473158226,125.708333
14606,0.09941938688080575,-490.9694195226874,-0.035892512211124855,-8.639742076082431,0.0406778924944619,-0.0493034509129486,-0.6407940320151894,9.153391237369335e-06,0.0015766281825266122,0.00036794473115655694,0.06282517638310485,125.716667
14607,0.09909037869420055,-491.0492508903593,0.014434014376991246,-8.674204721831726,0.036495780176587805,-0.0522175449224399,-0.6408150269052492,9.131555827330755e-06,0.0016088483898865544,0.00036205629051957723,0.06370779809562467,125.725
14608,0.09920539671733457,-491.1292035816992,0.06473668784191748,-8.632593041414475,0.03224597044597637,-0.05502915462292824,-0.6408076951843533,9.06272911931428e-06,0.001640571305257404,0.0003541718173912761,0.0623892608753637,125.733333
14609,0.09976228465597023,-491.20853346318466,0.11411679975992808,-8.51684176395116,0.027939125985588394,-0.057732688172016544,-0.6407720769755766,8.949311549363678e-06,0.001670812275236681,0.00034449481894346023,0.05905688221734979,125.741667
14610,0.10076084019693275,-491.2865127949558,0.1617303842125262,-8.332311008824332,0.023589826828380314,-0.06032959524931137,-0.6407077123644301,8.79589313872692e-06,0.0016984575380522323,0.0003331699004942699,0.05417286868293388,125.75
14611,0.10216186889471982,-491.36275599743,0.20688589552332673,-8.089959930500052,0.019188276488758878,-0.06280957467280447,-0.6406163282736497,8.608709012734043e-06,0.0017224058022211868,0.00032033269625929024,0.04835078302190997,125.758333
14612,0.10395359989854633,-491.4366491697842,0.24898514259218757,-7.800453409142314,0.014752314149006171,-0.06517415707452802,-0.6404976277496068,8.394971766324525e-06,0.0017417293266748302,0.00030616015127249836,0.042206794073714644,125.766667
14613,0.10610763474614968,-491.5077897478335,0.28760238137227895,-7.476237178040786,0.010290523581008841,-0.06742161244312983,-0.6403522030695273,8.162176471005224e-06,0.0017557590202134765,0.0002909055155367345,0.03625152175978881,125.775
14614,0.10859244483755322,-491.5758400236353,0.3224625573285546,-7.129527798251688,0.005814733867499533,-0.06955070627375848,-0.6401807563515726,7.917495546802705e-06,0.0017641418838693613,0.0002749006726832075,0.030830715624720697,125.783333
14615,0.11137528227961341,-491.6406817615437,0.35344995576615906,-6.771313960893322,0.001328958352539608,-0.07156225889009958,-0.6399840542140435,7.66734624533627e-06,0.0017668347286859533,0.000258527826539413,0.026122736662964153,125.791667
14616,0.11442236735199787,-491.70217536180735,0.3805502704228677,-6.411042944625682,-0.003155069051440615,-0.07345662202112681,-0.6397629896270384,7.417140330797663e-06,0.0017640561634651045,0.00024217765690010543,0.022171101189777175,125.8
14617,0.117699072838435,-491.7603010355865,0.403848808413951,-6.056314328995318,-0.00762848614796752,-0.07523450421486892,-0.6395186379227998,7.171196433929074e-06,0.0017562180747704435,0.00022620821083513598,0.018930436618030917,125.808333
14618,0.1211730674490214,-491.8151244691103,0.4234986260556546,-5.712794216352406,-0.012084403935998378,-0.07689775329024086,-0.639252075003613,6.932774748154486e-06,0.001743853999006751,0.0002109156967807034,0.016308768335478365,125.816667
14619,0.12481228955870062,-491.86669547656834,0.4396894233238893,-5.384556742606366,-0.01651131016224056,-0.07844858378654838,-0.6389645600615196,6.704187546502107e-06,0.0017275544693991618,0.0001965203678106529,0.014199047731779726,125.825
14620,0.12858766963711002,-491.91517525876986,0.4526426332197734,-5.074150088750227,-0.020904104499429078,-0.07988946723055869,-0.6386573448389163,6.48694796577205e-06,0.001707918859210243,0.0001831652241266714,0.012498464423743501,125.833333
14621,0.13247748251208802,-491.9604244221578,0.46255396742515986,-4.783054972461558,-0.025233153004213978,-0.08123396005439897,-0.6383312967412348,6.2819270972244445e-06,0.0016855209210952448,0.00017092423836838068,0.011117941007850851,125.841667
14622,0.1364502768451452,-492.0029712254476,0.4696901908292312,-4.511773424491804,-0.029519891397493385,-0.08247416440252277,-0.637988323477778,6.089500513612053e-06,0.0016608852948820304,0.00015981444915871693,0.009985259729655468,125.85
14623,0.1404803279684044,-492.0428852436687,0.4742628165912903,-4.26030400000441,-0.03374946848598783,-0.08361409740228386,-0.6376301190882648,5.909680043620543e-06,0.0016344866652828571,0.00014981134632743943,0.009043908684438027,125.858333
14624,0.1445387128502727,-492.08053767075245,0.47649957704405843,-4.028090774639685,-0.03793099370760936,-0.08464518514854992,-0.6372589309091878,5.742220429770135e-06,0.0016067447875828466,0.0001408609089717316,0.008251061471113015,125.866667
14625,0.1486174405108715,-492.1157299815733,0.4765558034469824,-3.8142472847367404,-0.04203111534868683,-0.08559054365331582,-0.6368753071486406,5.586705382582573e-06,0.0015780301471419614,0.00013289117717901977,0.00757468822799541,125.875
14626,0.1526943351478699,-492.1488044401853,0.4746245275914916,-3.6177250247955492,-0.04605904301834318,-0.0864446231585038,-0.6364812678777112,5.442609151544648e-06,0.0015486548275404324,0.00012581991107132027,0.006991196920821204,125.883333
14627,0.15675168431394262,-492.17988423325477,0.47086588476984187,-3.4374250074690367,-0.050007220303349934,-0.08721116070176443,-0.6360786146716326,5.309347289580851e-06,0.0015188901151946556,0.00011956201026270222,0.006483011929240713,125.891667
14628,0.16077162265843956,-492.2091881123665,0.4654325191937356,-3.2721878065030743,-0.05387695628688777,-0.0878878098817662,-0.6356693473272463,5.1863110453105874e-06,0.0014889698871790075,0.00011403355202355432,0.006036978992698274,125.9
14629,0.1647414756092096,-492.23679353310007,0.4584529986669334,-3.1208747480664996,-0.057659609631178624,-0.08848074713544715,-0.6352550979563512,5.072891927587073e-06,0.0014590967593249274,0.0001091547279244412,0.005643107247634556,125.908333
14630,0.1686485595435632,-492.2628483249623,0.450048721532733,-2.982377694140837,-0.061353466272502974,-0.08899133133133545,-0.634837623176372,4.968497598801558e-06,0.0014294438490955721,0.000104851336736708,0.005293699261584994,125.916667
14631,0.17247830220647992,-492.287523498911,0.44033287100405605,-2.855662424143241,-0.06495894603228536,-0.08941684018015039,-0.6344190072015278,4.872562480653582e-06,0.0014001595396773597,0.00010105570135649044,0.004982697415021671,125.925
14632,0.176221873619797,-492.3109143842743,0.429402661799365,-2.739749253730607,-0.06847250919927084,-0.08976074985318315,-0.6340008169913901,4.784554160602592e-06,0.001371372582445421,9.770695561623266e-05,0.004705229754735052,125.933333
14633,0.1798669150208028,-492.33313220009126,0.41734994172759693,-2.6337556782775073,-0.07189135642780495,-0.09002261737046785,-0.6335850960279453,4.7039760147142205e-06,0.00134319149518092,9.475082248977164e-05,0.0044573165101511126,125.941667
14634,0.1834047185545064,-492.3542955322678,0.40425806402851394,-2.5368538914010967,-0.0752153306616348,-0.09020208087702225,-0.6331735554450424,4.630368525636593e-06,0.0013157096686032804,9.213932996109932e-05,0.004235640948360598,125.95
14635,0.18682708431039957,-492.37449333340146,0.39020284508343733,-2.4482970174872483,-0.07844238386065067,-0.0902999841249814,-0.6327679021231137,4.563308552513385e-06,0.0012890052582304548,8.98303026074592e-05,0.004037403791708336,125.958333
14636,0.19012445285690116,-492.3938469623192,0.37525642459036695,-2.3674112516099965,-0.08157331332299589,-0.09031290880410602,-0.6323700544245036,4.502407923720297e-06,0.0012631429734217135,8.778683430756474e-05,0.0038602152534421633,125.966667
14637,0.1932907483012473,-492.412392390249,0.35948210936322406,-2.2935867864776305,-0.08460308355739393,-0.09024494901343609,-0.6319815504475926,4.447311550087016e-06,0.0012381766417395288,8.597677235653592e-05,0.0037020134912013228,125.975
14638,0.19631849911455904,-492.4302396789955,0.3429422546721448,-2.226273768184369,-0.08753315598777606,-0.09009270349098449,-0.6316041197273061,4.3976949620711054e-06,0.0012141487090952987,8.437216502118453e-05,0.0035610136988398914,125.983333
14639,0.1992003794676859,-492.447458087068,0.3256942279500906,-2.1649828110444655,-0.09036167750662688,-0.08985533182061904,-0.6312394943740409,4.353261976718076e-06,0.0011910925550153578,8.29488061406231e-05,0.003435660203237353,125.991667
14640,0.20193277377528918,-492.4640739191888,0.3077904525612804,-2.109268738296339,-0.09308488639054423,-0.08953692575781404,-0.6308889407237214,4.313742262506787e-06,0.0011690336731776311,8.168579058046092e-05,0.003324594278776285,126.0
14641,0.20450765079079639,-492.4802260609681,0.28928489503758453,-2.0587424407375705,-0.09570737874143377,-0.0891285809374116,-0.6305542850465193,4.278888863578947e-06,0.0011479889152248065,8.05651052770574e-05,0.003226631258176058,126.008333
14642,0.2069208585675481,-492.49594239440177,0.2702254238387642,-2.0130523906893867,-0.09822571866524238,-0.0886326034587252,-0.6302368463306672,4.2484761408248215e-06,0.001127970044805815,7.957131114331145e-05,0.003140733234892197,126.016667
14643,0.20916969544463432,-492.5112233014949,0.2506572164811563,-1.971883279756724,-0.10063496502005823,-0.08805440613698647,-0.6299377255342582,4.222297595467059e-06,0.001108982680987054,7.869121752420597e-05,0.0030659965296396625,126.025
14644,0.21124706591389283,-492.52622270006253,0.23062837340284084,-1.9349680928550543,-0.10294178985298412,-0.08738175973811307,-0.6296585810127063,4.200163978545923e-06,0.0010910267082079638,7.79136225854689e-05,0.003001637543061899,126.033333
14645,0.21315195284393085,-492.5409205229887,0.21018070269602374,-1.9020575470707177,-0.10514047799048112,-0.08662187165195609,-0.6294002255444824,4.181901723781332e-06,0.0010740993946776424,7.722910208732201e-05,0.0029469757723207405,126.041667
14646,0.21488011386408842,-492.55536729508265,0.18935658058287244,-1.8729411491575485,-0.10723010664693207,-0.08577324886812092,-0.6291638631414673,4.167351333945858e-06,0.0010581932730105222,7.662980036204678e-05,0.0029014287557848025,126.05
14647,0.21642790094062642,-492.5696043027805,0.16819713020760615,-1.8474348968075964,-0.10920926193327093,-0.08483527137523234,-0.628950575573853,4.156366161785837e-06,0.0010432986093955932,7.6109279393158e-05,0.0028645005283071683,126.058333
14648,0.21779246239600017,-492.5837054618554,0.14674373460252663,-1.825382767564037,-0.11107966553938343,-0.08380372613966088,-0.62876128702773,4.148811292831361e-06,0.0010294038145092237,7.566237898082529e-05,0.002835774576290748,126.066667
14649,0.21897329812247754,-492.59766844983073,0.1250353168983826,-1.8066429930132892,-0.1128377606154625,-0.08268338994311931,-0.628596539509089,4.144562611328791e-06,0.0010164957397003288,7.528510111262551e-05,0.002814907337577815,126.075
14650,0.2199674653740734,-492.6115292914723,0.10311056964258047,-1.7911031793654983,-0.11448204464912265,-0.08147378283159677,-0.6284571559303515,4.143506021111335e-06,0.001004559330194873,7.497451776601157e-05,0.0028016241945988674,126.083333
14651,0.2207724442977011,-492.6253510085925,0.08100861393242673,-1.7786753245640914,-0.11601333080304732,-0.08017129370185876,-0.6283438417126033,4.145536888745229e-06,0.0009935793254306784,7.472870031780615e-05,0.002795714151969743,126.091667
14652,0.22138870608908795,-492.6391243829216,0.05876700692360111,-1.769278460621044,-0.11742806044707942,-0.07878156305131356,-0.6282568174073633,4.150559610732278e-06,0.000983540535773332,7.454666035664526e-05,0.002797026166253016,126.1
14653,0.22181467562559656,-492.6529012643588,0.03642396495940859,-1.7628620276213856,-0.11872650615499471,-0.0773023600053681,-0.628196525420054,4.15848730858934e-06,0.0009744270946450041,7.44283077667583e-05,0.0028054674164715004,126.108333
14654,0.22204837090644075,-492.66672791193446,0.014017070027175959,-1.7593942857259006,-0.11990807578559501,-0.07573182559677506,-0.6281633996255876,4.169241715373231e-06,0.0009662237952656993,7.437442644168293e-05,0.0028210003802391667,126.116667
14655,0.2220901083511678,-492.68063705760665,-0.008415587490448437,-1.7588574764161884,-0.12097216744915157,-0.07407042541037304,-0.6281574798234761,4.182753192824037e-06,0.0009589165992524187,7.438665921568818e-05,0.002843641706885777,126.125
14656,0.2219405084303064,-492.6948679132654,-0.030828766554609952,-1.761294133967831,-0.12193313390317324,-0.07229351972518445,-0.6281786931584796,4.1989608686340625e-06,0.0009524920594277241,7.446750920879976e-05,0.0028734614345199,126.133333
14657,0.22160008822296032,-492.708983541107,-0.05320055024514072,-1.7666248287521917,-0.12275594838192347,-0.07045875548095558,-0.628226912499719,4.217812956355199e-06,0.000946937557148499,7.462037741320708e-05,0.0029105791635150677,126.141667
14658,0.22106868991653106,-492.7232727491075,-0.07548483894930595,-1.7749402925023727,-0.12345828428172315,-0.0685354954712413,-0.6283020377005989,4.23926713876657e-06,0.000942241755709489,7.484952458351492e-05,0.002955175517473916,126.15
14659,0.22034848776334237,-492.7379281528635,-0.09763658956774844,-1.7863335895088677,-0.12405056591510777,-0.06650504636610372,-0.6284035714252298,4.263291089840729e-06,0.0009383950530649528,7.516017779822869e-05,0.003007481559187615,126.158333
14660,0.21944093519606792,-492.75249522054924,-0.11963517235955627,-1.8007551833678896,-0.12449959748323582,-0.06442885713388723,-0.6285310535454341,4.289863234090801e-06,0.0009353889751905265,7.555860026660297e-05,0.0030677800359816157,126.166667
14661,0.2183460989698256,-492.76746662318385,-0.1414256485327513,-1.818417519925878,-0.12483430610906503,-0.062250647591544604,-0.628684154062039,4.318973516469225e-06,0.0009332168096234314,7.605204855233396e-05,0.0031364203896387696,126.175
14662,0.21706669380534188,-492.7824345501256,-0.16298517512599692,-1.8393092967431934,-0.12502684755377377,-0.06002705367685035,-0.6288621096024486,4.3506243730378155e-06,0.0009318742151315186,7.664902511158798e-05,0.0032138026261756343,126.183333
14663,0.21559793026764407,-492.797791775561,-0.18426505680533797,-1.8636733762583484,-0.1250950859966627,-0.05771298804181751,-0.6290651342641497,4.384831840849325e-06,0.0009313585565630257,7.735920476577125e-05,0.003300398211044158,126.191667
14664,0.21395649308267312,-492.8137661153131,-0.20520398206179302,-1.8917201555391145,-0.125056455223213,-0.055289791514026985,-0.6292904215363047,4.421626823372665e-06,0.0009316716620662654,7.819371148136231e-05,0.003396739806948999,126.2
14665,0.2121386912279769,-492.83005747807186,-0.22577966135687882,-1.9235315714739896,-0.12488672896554542,-0.052799662757015337,-0.6295379362810727,4.46105662951541e-06,0.0009328123625619779,7.91653815746137e-05,0.0035034104344107307,126.208333
14666,0.210147693069515,-492.8467271389151,-0.24594832267557964,-1.959323439884688,-0.12458679418300299,-0.050241727507430715,-0.6298066466847354,4.503186568221704e-06,0.0009347842697184411,8.028866580783195e-05,0.0036210757300994367,126.216667
14667,0.20798707671979824,-492.86385215245065,-0.26566402125536775,-1.9993468412256399,-0.1241580355146192,-0.04761355839030525,-0.6300954244799462,4.548101633073093e-06,0.0009375933150077389,8.157996911556355e-05,0.0037504730592204717,126.225
14668,0.20566111964103662,-492.88144456689304,-0.2848820847388557,-2.043859747007344,-0.1235986581406561,-0.044921323837637424,-0.6304030131959264,4.5959084693218e-06,0.0009412477751470027,8.305790157340954e-05,0.00389241312360357,126.233333
14669,0.2031719551740275,-492.8992898261829,-0.30357074344166746,-2.0930617887122667,-0.12289606235282736,-0.042198902427074046,-0.6307284068187514,4.64673750585507e-06,0.0009457582018104944,8.474352228266013e-05,0.004047784116841118,126.241667
14670,0.20052659870808084,-492.9176454392759,-0.32166837380827773,-2.14737195594295,-0.12206172857023702,-0.0394231438795461,-0.6310699349684616,4.700745141475179e-06,0.0009511383521176208,8.666045578469334e-05,0.004217569280816413,126.25
14671,0.19772290079926585,-492.9367497024483,-0.33912038885749457,-2.2072651397515695,-0.12109830668846833,-0.03657251660310228,-0.6314270851194946,4.75811616996086e-06,0.0009574035257467454,8.883555707417908e-05,0.00440282235704215,126.258333
14672,0.19477714824597567,-492.95643418566567,-0.35587276426347997,-2.2730570780771653,-0.12000334779873437,-0.033679079606901356,-0.6317969838404803,4.819066600611046e-06,0.0009645738563926183,9.129922067101421e-05,0.004604680877136406,126.266667
14673,0.191699582444249,-492.97688017214637,-0.37185623598953016,-2.345269797116011,-0.11878383369042311,-0.030731462862827318,-0.6321775784699396,4.883846379062883e-06,0.0009726679639827039,9.408567985043951e-05,0.004824360942617012,126.275
14674,0.18848828686154673,-492.99789540351384,-0.38703571687487737,-2.4243098590872414,-0.11742712502523979,-0.02776137588215419,-0.6325683275294745,4.9527421040541325e-06,0.000981705198741702,9.723370547419106e-05,0.0050631437384250225,126.283333
14675,0.18515367113141723,-493.01968937400557,-0.40133394094469704,-2.51082126384814,-0.11594069488193999,-0.024755186651127328,-0.6329671782013352,5.026079784502679e-06,0.0009917099024136023,0.00010078645654848978,0.005322435689219772,126.291667
14676,0.18170348223105454,-493.0425485184766,-0.4146659349428967,-2.6055637599468455,-0.11432996711461232,-0.021691440199829094,-0.6333724439203438,5.10422744898051e-06,0.001002706740481969,0.00010479249933757396,0.005603725145906549,126.3
14677,0.17813652454527965,-493.0663583769154,-0.42698128507909594,-2.709164638621543,-0.11258424319670793,-0.018595091626529472,-0.6337834988600015,5.187597752082789e-06,0.0010147213526061803,0.00010930635034798562,0.005908591699979817,126.308333
14678,0.17447345574601691,-493.0912059247743,-0.43818253380975625,-2.8223721167280775,-0.11071147990628649,-0.01547079493203245,-0.6341972369832046,5.276649950180491e-06,0.0010277831339263433,0.0001143879847811874,0.0062388165749493775,126.316667
14679,0.17072962361559108,-493.1171056721104,-0.4481795116401167,-2.9459476384229077,-0.1087150204632223,-0.012330850768484116,-0.6346113039656689,5.3718906099557745e-06,0.0010419167021032932,0.00012010365109230012,0.006596367440486999,126.325
14680,0.1668978616497081,-493.1441505269128,-0.45690254526371055,-3.0808530942089742,-0.10658520124235255,-0.009177834571314786,-0.6350258852241449,5.473872796150902e-06,0.0010571430133829737,0.00012652550310421817,0.006983533679023747,126.333333
14681,0.16301212045066418,-493.17249484824316,-0.46420836897996764,-3.2279890094046912,-0.10433823249848906,-0.006011488035236914,-0.6354367851538762,5.583193610328463e-06,0.0010734863001596831,0.00013373048725231167,0.007403218112127599,126.341667
14682,0.1590636726119564,-493.2022822999017,-0.4700115686297455,-3.38849398744249,-0.10196215722364053,-0.00283163695148652,-0.63584448806487,5.700488311255474e-06,0.0010909573738596202,0.00014180028796556874,0.00785906570442895,126.35
14683,0.15507684665878388,-493.23345991192093,-0.474185281420638,-3.5632421580731495,-0.09946508432414619,0.00033950532404164235,-0.6362460957935423,5.8264207228712075e-06,0.0011095674734852713,0.00015081798001767964,0.008356175641773931,126.358333
14684,0.15106470639486239,-493.26628547213954,-0.4765814341750042,-3.7534057871656246,-0.09684853322924633,0.0035112174714267566,-0.6366400440116943,5.96166748175258e-06,0.0011293135914079808,0.0001608648023008624,0.008901773583358292,126.366667
14685,0.14704647736536477,-493.30086478489926,-0.47704589526034064,-3.959970293106023,-0.09411671854842146,0.006676338717753934,-0.637024318583681,6.1068942366933056e-06,0.0011501799086778455,0.00017201561782603824,0.009506342270053963,126.375
14686,0.14303796290193563,-493.3374635695608,-0.47540164666772067,-4.1840065290475215,-0.09126985048677003,0.009841811587604806,-0.637397415913178,6.262721867008095e-06,0.001172132477115927,0.000184331303786016,0.01018525882485858,126.383333
14687,0.13905825248486778,-493.37607772557044,-0.4714869240724382,-4.426182974010156,-0.08831150548457554,0.012988687162447048,-0.6377577006048958,6.429679643934264e-06,0.0011951174602187282,0.0001978493397853361,0.010961008840846847,126.391667
14688,0.1351352129101705,-493.41681235103334,-0.465102526010846,-4.686874180489337,-0.0852501963171451,0.016109561038419967,-0.6381029687652595,6.60814196312943e-06,0.0012190574101822527,0.0002125699084814616,0.01186620687014534,126.4
14689,0.13127820253594466,-493.4599295532285,-0.4560584337068087,-4.966526003399605,-0.08207953418689486,0.019208243377170024,-0.6384328517001814,6.798244278371329e-06,0.0012438464359163022,0.00022844066324559145,0.012946923995200085,126.408333
14690,0.12751437685205305,-493.50560108042083,-0.4441340599213809,-5.2647488078428735,-0.0788041132826901,0.02228165151046128,-0.6387456085263485,6.999779058739644e-06,0.0012693582783917942,0.00024533929831241466,0.014266641802062566,126.416667
14691,0.12387995804900617,-493.55373934679415,-0.4291299183124219,-5.579937415917294,-0.07543922203153451,0.025309309074227244,-0.639039024887731,7.2120691929500525e-06,0.0012954432000570862,0.00026305456647543745,0.015909087840023463,126.425
14692,0.12039617203763,-493.6045694650734,-0.4108431046152529,-5.910172204549612,-0.07198346544489169,0.028294943909634204,-0.6393123567769473,7.433816804282443e-06,0.0013219334244519917,0.0002812687214066299,0.01797866228195532,126.433333
14693,0.1170824750777342,-493.6583271155125,-0.38908754907579085,-6.252577371138273,-0.06843161036574054,0.031241869746359795,-0.6395651436355041,7.662940814027404e-06,0.0013486641044965144,0.0002995514059543617,0.020596083234465424,126.441667
14694,0.11398578053099319,-493.71486135687235,-0.36371087079326875,-6.601637307509467,-0.06480436734128764,0.03413544000490566,-0.6397950284154816,7.896422632632914e-06,0.0013754946445249149,0.0003173653779851389,0.023885845010904707,126.45
14695,0.11113022595406503,-493.7742451800891,-0.3346252447094236,-6.95123463157082,-0.06110093135802664,0.0369753040524447,-0.6400015748054149,8.130172960929159e-06,0.0014023226492674628,0.0003340877642031558,0.02795001764707523,126.458333
14696,0.10854056796346996,-493.83660952843894,-0.3017911651043162,-7.293803168261165,-0.057315780220886486,0.03976655058945435,-0.6401843761510331,8.358962412074124e-06,0.001429119273751448,0.0003490655899951696,0.032830775322407794,126.466667
14697,0.10625591209188846,-493.90175108637925,-0.2652814323983194,-7.619285822726232,-0.05346058219508306,0.04250288654271946,-0.6403420831578225,8.576469563188019e-06,0.0014559461420432063,0.0003616901064289029,0.03846224158971733,126.475
14698,0.10431265255521509,-493.96911566959056,-0.22535214268154244,-7.916183598433154,-0.04955851270798738,0.04516682961713606,-0.6404735935200677,8.775474846925642e-06,0.001482948595685743,0.00037147931193141155,0.04462238552152453,126.483333
14699,0.10272472281188158,-494.03880864150176,-0.1822883778726368,-8.174170606352515,-0.04559073482043812,0.04777245677214823,-0.6405792612538168,8.948228793436944e-06,0.001510328787488531,0.000378158454504132,0.05090867253199159,126.491667
14700,0.10152545918484339,-494.1101872274462,-0.1366012294178177,-8.381402154436607,-0.04157818704647916,0.050310045076051066,-0.6406579948789946,9.087016406330351e-06,0.00153829248956434,0.00038171059585237667,0.05675661229531302,126.5
14701,0.10073428543803567,-494.1828521185983,-0.08889392199009241,-8.528139190724582,-0.037522214755323316,0.05278275710068938,-0.6407094322925995,9.184856033276911e-06,0.0015669490389944342,0.0003823541656113216,0.06151706572625751,126.508333
14702,0.10036740079592674,-494.255916973064,-0.03996741154364171,-8.606827632637733,-0.033447119543410286,0.05518002215057178,-0.6407331488425672,9.236228638230218e-06,0.0015962174715936088,0.0003804736066453621,0.06458451354344702,126.516667
14703,0.10042475172123273,-494.32897279762807,0.009398410617540938,-8.614202241134262,-0.029346969170534955,0.057506900285707305,-0.6407294471897116,9.237720430409803e-06,0.0016257481601046173,0.00037650611767043403,0.0655448633190264,126.525
14704,0.10089993166153388,-494.40156937918016,0.058399941565067406,-8.550719874734067,-0.02521688812549701,0.059764554523519524,-0.6406986961527793,9.188446742602991e-06,0.001654900333493565,0.00037083122347483024,0.06427906495327931,126.533333
14705,0.10179312137327662,-494.47291690771107,0.10619905583787131,-8.419569824973223,-0.021076603000634225,0.06195188705296457,-0.6406405022885537,9.090166808132319e-06,0.0016827815473858306,0.0003636986771469956,0.06098933677958451,126.541667
14706,0.10309236621436324,-494.5422576258843,0.15202232575348976,-8.227818999754454,-0.01694643538193731,0.06406792800246415,-0.6405549403488486,8.947046265020573e-06,0.0017083433132594563,0.00035522466014202217,0.05613996775262355,126.55
14707,0.10476575463638654,-494.6095390725746,0.1953303194980718,-7.985805464309537,-0.012804553789370197,0.06611454340589674,-0.6404431459766627,8.765133303680623e-06,0.0017305239796872901,0.00034544575346390325,0.05033368698144384,126.558333
14708,0.1067957237084481,-494.6741666118254,0.23560369503051778,-7.703934166192209,-0.008672207694893566,0.06809299546554823,-0.6403051221552312,8.551687544873863e-06,0.0017483949296404533,0.00033438969862116123,0.044170612897696734,126.566667
14709,0.10915434743639553,-494.73581168535543,0.27249529767133335,-7.393430843896786,-0.004558926579429732,0.07000477078135238,-0.6401414382246269,8.314469097648294e-06,0.0017612550933226896,0.00032213787062532076,0.038150622272727565,126.575
14710,0.11180595990716692,-494.7943484369029,0.30581595296453207,-7.065213545282075,-0.0004666282099930075,0.07184870254607556,-0.6399531692839401,8.061103201627014e-06,0.0017686917386658338,0.00030885673921382046,0.03261939269670211,126.583333
14711,0.11472358534643906,-494.8496361204746,0.3354742968840735,-6.728450473122085,0.00359546238138316,0.07362931856590922,-0.6397408137470861,7.798604211043113e-06,0.0017705888832635344,0.0002947930404710451,0.02776453617621632,126.591667
14712,0.11787111504395717,-494.9016165799738,0.3614837056718457,-6.391309596822447,0.007618706351265915,0.0753460801397072,-0.6395056185813492,7.533068989450504e-06,0.0017670860118497022,0.0002802472713673079,0.02364547145521981,126.6
14713,0.12122021910568165,-494.95036719193865,0.38393834611290645,-6.0598873649424645,0.01160035831897624,0.07700274297551744,-0.6392484039378727,7.269535987382097e-06,0.0017585272861947155,0.0002655361232581716,0.020233105995452916,126.608333
14714,0.1247390098576441,-494.99594122860594,0.402978179587267,-5.7390010809244085,0.01553240199284233,0.07860052757475762,-0.6389704329852067,7.011969799459449e-06,0.0017453918913430354,0.0002509595332199355,0.017449022957261327,126.616667
14715,0.12839916211949318,-495.03853924635985,0.41878987768711085,-5.431899333098124,0.019416085477386345,0.08014021934677508,-0.6386729002735169,6.763335316972487e-06,0.0017282378940148791,0.00023677600809428255,0.015195006630105687,126.625
14716,0.1321716611920982,-495.07834380460037,0.431574494908221,-5.14077029628023,0.023249707852523265,0.08162074306915477,-0.638357280887131,6.525721306464986e-06,0.001707651525561209,0.0002231901165010717,0.013372418419895747,126.633333
14717,0.1360307285953087,-495.11552503851044,0.44153545209266015,-4.866815658885395,0.02702997927144934,0.08304196607030638,-0.6380250189199191,6.300485675447886e-06,0.001684212871388974,0.00021034911883496463,0.01189267198569439,126.641667
14718,0.13995414195893952,-495.15020561530775,0.4488676584831909,-4.610501845884986,0.0307497148588388,0.08440618513908953,-0.6376774761761355,6.088400427466929e-06,0.001658470701027212,0.0001983466673276834,0.010681534198655227,126.65
14719,0.14391977758487937,-495.1825991585852,0.453770237854222,-4.3717634154675995,0.03440915966532851,0.08571207683339724,-0.6373162184442129,5.889784362939513e-06,0.0016309272584025078,0.00018723039768280794,0.009679573497544459,126.658333
14720,0.14790556330907348,-495.21296763365365,0.45643735246080813,-4.1501647270236255,0.03801303981165641,0.08695460375329571,-0.6369430259971333,5.704618552254275e-06,0.0016020331161430176,0.00017701131402347284,0.008840568373154934,126.666667
14721,0.15189671171582617,-495.2413535041301,0.45702638334517054,-3.9450098409601213,0.04154932109223616,0.08813944277869105,-0.6365591922354402,5.532642224186536e-06,0.0015721870280350854,0.00016767298986097493,0.00812925291467442,126.675
14722,0.15587566997085686,-495.26799008861803,0.45570318023116835,-3.755445126428561,0.045022330538255724,0.08926234630679217,-0.6361664373107956,5.373428353288524e-06,0.0015417337588237935,0.00015917940630375715,0.0075191071008745775,126.683333
14723,0.15982614852552965,-495.2929785697223,0.45261086528115274,-3.5805857603919837,0.04842569336105443,0.0903237774107285,-0.6357665295788686,5.2264437028157994e-06,0.0015109711043673221,0.00015148211383936072,0.006990209041877376,126.691667
14724,0.1637329388453914,-495.31656081859865,0.4478911428516426,-3.4194477743075002,0.0517665929755161,0.09131685618896782,-0.6353612864374651,5.091093960400904e-06,0.0014801545217085054,0.0001445254172284727,0.006527589433130129,126.7
14725,0.16758387428083868,-495.3388692989907,0.4416648555022546,-3.271066237066721,0.05504409196721182,0.09223978734103319,-0.6349523464377356,4.96675702858142e-06,0.0014495018519207917,0.00013825057744813477,0.006119908769316388,126.708333
14726,0.17136841377733875,-495.359934074363,0.43403645896912807,-3.1345314129056474,0.058248926538318264,0.09309637609502108,-0.634541283125935,4.852806662443792e-06,0.0014191965893594154,0.00013259857372639503,0.005758500302323157,126.716667
14727,0.1750726826818636,-495.37993806009683,0.42511411018258927,-3.008973444131431,0.06138538856875858,0.09387926185975247,-0.6341301372265243,4.748628987510225e-06,0.0013893918592617206,0.00012751203428300353,0.005436653044209069,126.725
14728,0.17868796478287743,-495.39894447013995,0.41498790044099054,-2.8935561653313484,0.06444896800924993,0.09458963518266747,-0.6337204779037463,4.6536338869022494e-06,0.001360217007771583,0.0001229366743257019,0.005149061151115803,126.733333
14729,0.18220473151095967,-495.4171417267856,0.4037484042978359,-2.7874870683862323,0.06744726260983054,0.09521929159558007,-0.6333140342282623,4.5672614805768315e-06,0.0013317779796490916,0.00011882193383561134,0.004891474715973051,126.741667
14730,0.1856134328000765,-495.4346056090408,0.3914740859237731,-2.6900678625193315,0.07037777500635904,0.09576594530420426,-0.6329126046944764,4.488986012539292e-06,0.001304161341309379,0.0001151214335655244,0.004660420020561845,126.75
14731,0.18890633081618038,-495.45141883619067,0.37823779242395694,-2.6006434254810635,0.07323972844972901,0.09622707722989012,-0.6325178293616732,4.418317498473233e-06,0.0012774372749457929,0.00011179302742614127,0.004453016907970552,126.758333
14732,0.19207585150713233,-495.4675845093418,0.36410431680271554,-2.5186307170847018,0.07602510123344419,0.09660554303070143,-0.632131367449985,4.354801736999999e-06,0.0012516610383998732,0.00010879873343570842,0.0042668450019328705,126.766667
14733,0.1951150979245483,-495.4832420324629,0.3491403587965391,-2.4434764489349936,0.0787395836354452,0.09689391494282912,-0.6317548257765575,4.29801938379624e-06,0.0012268752187897288,0.00010610454360080841,0.004099848085719108,126.775
14734,0.19801705906702768,-495.49847299103214,0.333406410610881,-2.3746930761805,0.08138357731786942,0.09708804018136516,-0.6313898466658203,4.247584318593691e-06,0.001203111348890325,0.00010368021181592973,0.003950257964228114,126.783333
14735,0.20077421547767602,-495.513635141916,0.31697068357759883,-2.311825081236824,0.08398433407342049,0.09715962536110044,-0.6310381537640453,4.203141654873992e-06,0.0011803917869477858,0.00010149896173029064,0.003816544428274415,126.791667
14736,0.20338409476657515,-495.5283587571834,0.2998692718547776,-2.2544885468631013,0.08650066589185051,0.09714223497062176,-0.6307008273826656,4.164365564783845e-06,0.00115873147897414,9.953721962440802e-05,0.0036973684935195147,126.8
14737,0.2058403918300522,-495.54269024811947,0.28215338362752457,-2.20232993453597,0.08893037274446926,0.09703442295850663,-0.6303794272028866,4.130956859969056e-06,0.001138136835802492,9.777425276433911e-05,0.0035915766046996306,126.808333
14738,0.2081403143020127,-495.5566379429794,0.2638706390470588,-2.1550126215985252,0.09126923264145977,0.09683947212813576,-0.630075040361847,4.102640911239547e-06,0.0011186091453217401,9.619196854530982e-05,0.003498159951382681,126.816667
14739,0.21027614884126905,-495.57033981974234,0.2450714377265501,-2.112267090867806,0.09352362245041076,0.09654623195492398,-0.6297893852829365,4.079165416771268e-06,0.0011001439347151764,9.47746539457273e-05,0.0034162393009656627,126.825
14740,0.21224625083117377,-495.58376640266636,0.22579897213120512,-2.0738203989218422,0.09568642357375556,0.09616119004791121,-0.6295233486918761,4.060298572077289e-06,0.0010827344789579542,9.350876191038511e-05,0.0033450444374983784,126.833333
14741,0.21404599789397413,-495.5970630510854,0.20610090938355874,-2.039453512725912,0.09776615400475588,0.09567268733312258,-0.6292781807003776,4.045827120187598e-06,0.001066369679259801,9.238268756619599e-05,0.00328390902444842,126.841667
14742,0.21567105574930748,-495.61024527142604,0.18601916653611988,-2.0089724002325626,0.09975891478211925,0.09508104522251834,-0.6290550583509263,4.035554811142722e-06,0.0010510364347840284,9.138659654137509e-05,0.003232255423494473,126.85
14743,0.2171200476368552,-495.623375698068,0.16559705019969964,-1.9821955833678893,0.10166663693527901,0.09438306261323189,-0.6288547090560879,4.029300989334653e-06,0.0010367202113245552,9.051226495655004e-05,0.003189589168719712,126.858333
14744,0.2183895709555003,-495.63648888981993,0.14487543874298428,-1.958977857654951,0.10348759751983128,0.09357718629037387,-0.628678089360167,4.0268993129501605e-06,0.0010234043760635801,8.975293790568526e-05,0.0031554917849917134,126.866667
14745,0.2194772582085933,-495.64958306162896,0.12389354784433261,-1.9391883005461785,0.10521710491090851,0.09266601061022954,-0.6285259612679112,4.028196758757358e-06,0.0010110718019872803,8.910321922596539e-05,0.003129614744045598,126.875
14746,0.22038074800453686,-495.6627226229663,0.10269227693794834,-1.9227251066052495,0.10685658375789775,0.09164519528436517,-0.6283990303659626,4.033052758378344e-06,0.0009997049423117208,8.855897180561825e-05,0.003111675369379427,126.883333
14747,0.22109906617815528,-495.6758790592848,0.08130931074379306,-1.909489622256211,0.10839946962971715,0.09052075663777645,-0.6282977481081088,4.041338527503876e-06,0.0009892863188914476,8.811723660897827e-05,0.0031014516164604026,126.891667
14748,0.22163044070999657,-495.6891112152603,0.05978456212037213,-1.899418938124918,0.10984678426445196,0.0892890880443896,-0.628222616131384,4.052936540769661e-06,0.0009797984117417946,8.7776167650875e-05,0.0030987804256334623,126.9
14749,0.22197330805020324,-495.70243815621046,0.038156255580485535,-1.8924636387404372,0.11119587791461502,0.08795089913207232,-0.6281740433611199,4.067740197369202e-06,0.0009712244162797176,8.753498472880931e-05,0.00310355356428486,126.908333
14750,0.22212853090749105,-495.71587046803336,0.0164633894697911,-1.8885797630111145,0.11244447573204962,0.08650884776394789,-0.6281520292189612,4.085653634536226e-06,0.0009635485096800159,8.739393798846782e-05,0.003115716426296525,126.916667
14751,0.22209423250862534,-495.72946284605695,-0.005255356634254052,-1.887764136321879,0.11359266057103157,0.08495961178264827,-0.6281568948170004,4.10659165443691e-06,0.0009567552361744553,8.735428621332111e-05,0.00313526645446776,126.925
14752,0.22187093883381914,-495.7431816375314,-0.026963297160064126,-1.8900032716749966,0.11463401109505648,0.08331084918798054,-0.6281885533689994,4.1304798547267726e-06,0.0009508309246615471,8.741829463777545e-05,0.0031622519179317,126.933333
14753,0.22145914055789995,-495.75708576623396,-0.04862033163016405,-1.8953212517928941,0.11556989284830373,0.08155979738634121,-0.6282468559358897,4.157254846249613e-06,0.0009457630054192593,8.7589231655209e-05,0.0031967729251298534,126.941667
14754,0.2208598102183709,-495.77121681885,-0.07018665713093622,-1.9037561776300997,0.11640014901407827,0.07970583547006103,-0.6283315190069013,4.1868646199483535e-06,0.0009415403027805538,8.787139733200942e-05,0.0032389796522984586,126.95
14755,0.2200729147186578,-495.78553539958085,-0.09162672174430803,-1.9153503499833933,0.11711750436415294,0.07775753329361255,-0.6284423353527397,4.219269047122873e-06,0.0009381531117921779,8.827015809798186e-05,0.0032890729846083945,126.958333
14756,0.21909947818500383,-495.8001368788881,-0.11289828452547529,-1.930194745207476,0.11772576309974003,0.07570828771346642,-0.6285788833154348,4.254440516629488e-06,0.0009355938085594116,8.879197783527149e-05,0.0033473080426629567,126.966667
14757,0.21794113835983925,-495.8150332725514,-0.13396192631628126,-1.9483773857873132,0.11822215837927853,0.07356154902781331,-0.6287405923342102,4.292364690475375e-06,0.0009338566212513938,8.944450335035767e-05,0.0034139919061648124,126.975
14758,0.21659900445612706,-495.83022338427077,-0.1547791911841406,-1.970005760893859,0.11860261135902919,0.0713223790808324,-0.6289269047330295,4.333041390290514e-06,0.000932937616414019,9.023662711583294e-05,0.0034894871236110766,126.983333
14759,0.2150765249456248,-495.845750575369,-0.17530709857910498,-1.9952123490426832,0.1188674224318455,0.06899154801702069,-0.6291368808634766,4.376485606919937e-06,0.000932835081797547,9.117857163313395e-05,0.0035742148791828763,126.991667
14760,0.21337656111161007,-495.8616313294809,-0.19550414945462918,-2.024147841208382,0.11901444776720091,0.06657300893384811,-0.629369611897621,4.422728613252238e-06,0.000933548858282461,9.228201496245312e-05,0.003668654610522919,127.0
14761,0.21150236342427658,-495.87790478844136,-0.21532683892433982,-2.056993931891738,0.11904311723393443,0.06406837382671383,-0.6296240881592986,4.47181920751726e-06,0.0009350807673255191,9.356021014646297e-05,0.003773348024731826,127.008333
14762,0.20945478602029632,-495.8944703071638,-0.23474119024659765,-2.0939194323803436,0.11894261201878768,0.06149544492382792,-0.6298995776913718,4.5238250728693905e-06,0.0009374346438524266,9.502814140825041e-05,0.003888901116706327,127.016667
14763,0.20724044390972943,-495.9116271179918,-0.25368432690257764,-2.135244576490508,0.11873000923718591,0.05882643350239512,-0.6301945321120503,4.578834248308305e-06,0.0009406173503408731,9.670260016668933e-05,0.0040159970140492334,127.025
14764,0.20486056544304232,-495.92928636679505,-0.2721194031872623,-2.181202010478728,0.11839450818101974,0.056078518258819224,-0.6305080910650313,4.6369567038874915e-06,0.0009446367947915227,9.860261078522975e-05,0.0041553757768158705,127.033333
14765,0.20232216351248042,-495.94748975687037,-0.2899948438632807,-2.2320812173839117,0.1179366099047367,0.053255319904087516,-0.6308386002949498,4.698326055768585e-06,0.0009495040612659394,0.00010074940398745031,0.004307862318663656,127.041667
14766,0.19962726016893173,-495.966303581896,-0.3072619364357402,-2.2882427912612906,0.11735489112092572,0.050356627028292814,-0.6311850380992321,4.763101255844426e-06,0.0009552314344043971,0.00010316672870880304,0.004474359235637983,127.05
14767,0.19678183617959843,-495.9856640482673,-0.32387419845642185,-2.3500108764841734,0.11664342680940123,0.047398969552731804,-0.6315458505472893,4.83146836983068e-06,0.0009618342648186473,0.0001058810800925373,0.004655859493867108,127.058333
14768,0.19379370949866492,-496.0058163293161,-0.33976037558211514,-2.41788710959485,0.11581208629318926,0.04436360968692987,-0.6319192539240791,4.903642294110803e-06,0.0009693296210499424,0.00010892182838842334,0.004853460334570493,127.066667
14769,0.1906673413226026,-496.02670413535344,-0.35487135028085337,-2.4922953114777116,0.11485360298672499,0.04126681887014419,-0.6323038922996651,4.979868390630936e-06,0.000977735618837564,0.00011232177667399061,0.005068349474820822,127.075
14770,0.18740873750144976,-496.04832494405133,-0.3691505848171692,-2.5737251698538133,0.11376462866819141,0.03811931455138215,-0.6326982217440803,5.060423978974436e-06,0.0009870726353061795,0.00011611705178493182,0.005301853121433857,127.083333
14771,0.1840285466520455,-496.0708765369594,-0.3825169822767966,-2.662801727081051,0.11255198974626933,0.03491049400297892,-0.6331001656046409,5.145619416595888e-06,0.0009973626144766014,0.00012034730180798693,0.0055554623269683185,127.091667
14772,0.18053306556940404,-496.09436293050874,-0.3949066170242978,-2.7601268815847386,0.11121164330486365,0.0316516955760844,-0.6335082108675394,5.235798682215025e-06,0.0010086271639552077,0.00012505611728253873,0.005830843725357524,127.1
14773,0.1769266101910647,-496.1188185245218,-0.4062527074794528,-2.8663939214983625,0.10973955956716643,0.028351077879771997,-0.6339210977125304,5.331339218633169e-06,0.001020888838679734,0.00013029070050793072,0.006129936908383358,127.108333
14774,0.17322514818200319,-496.1444674735482,-0.4164498324428591,-2.9824011870240126,0.10814366025426893,0.024998712490415357,-0.6343362876240258,5.432650694413024e-06,0.001034171340222611,0.00013610161871091235,0.0064550676958988916,127.116667
14775,0.1694362262570689,-496.1712543639948,-0.425425007589281,-3.108886979332061,0.10641828885135113,0.021614702312965788,-0.6347522864219336,5.540172129985753e-06,0.001048494586662167,0.0001425428216419749,0.006809033614868849,127.125
14776,0.16556754717001257,-496.1992630798913,-0.4330875315781002,-3.246741735472392,0.10456181593375546,0.018204633449163433,-0.6351676397972563,5.654366768208793e-06,0.0010638770190500464,0.00014967010968182124,0.0071954090964839856,127.133333
14777,0.1616356066182133,-496.2287408708287,-0.43930877743284896,-3.3969558457437703,0.10258015326666493,0.014759136712328771,-0.6355800443022849,5.775714092601394e-06,0.0010803343978119135,0.00015753992013931408,0.007618882349311044,127.141667
14778,0.15764815048642547,-496.25967420270774,-0.44399390857696125,-3.5604609367880067,0.10046826497345472,0.011296178890898513,-0.6359882363312144,5.904697877045335e-06,0.0010978751382678443,0.00016620771114473734,0.008085679111383824,127.15
14779,0.15362085208388226,-496.29226723635037,-0.4470034998713698,-3.7383073138700063,0.09822895623147655,0.007813045824159913,-0.6363902428138133,6.041789070768204e-06,0.001116502067505958,0.0001757240231501588,0.008604400532237022,127.158333
14780,0.1495706484395225,-496.3266026853745,-0.44820041285957496,-3.9314374097002966,0.09586357454407993,0.004320289051226608,-0.6367841257868678,6.187421944012886e-06,0.0011362075777302247,0.0001861307893283913,0.009186952636962082,127.166667
14781,0.14551085901460714,-496.3628812168981,-0.4474310674355372,-4.1408972997861255,0.09337130228645353,0.0008177714697347364,-0.6371684579725797,6.341961416137157e-06,0.001156971317306605,0.00019745511464383468,0.009849961507767823,127.175
14782,0.14146030338207466,-496.4012317741801,-0.4445305595370212,-4.367524380018562,0.09075348645649553,-0.002686407405434809,-0.6375414500934372,6.505660024432013e-06,0.0011787597659695147,0.0002097019951927153,0.010616607422539776,127.183333
14783,0.1374437691445604,-496.44183189789607,-0.43930707773540234,-4.611914208501849,0.08801453552130573,-0.006188138125289317,-0.6379009806854911,6.67860216753791e-06,0.0012015227990651264,0.000222844590073779,0.011518903775146676,127.191667
14784,0.13347644107410986,-496.4847717010764,-0.4315928058780919,-4.874486754530403,0.08515250290875961,-0.009674821010331267,-0.638246004110321,6.860632696025203e-06,0.0012251909615186678,0.0002368131421337514,0.012600199740167142,127.2
14785,0.12958131176399307,-496.5302708543978,-0.42118009300622133,-5.155256121258619,0.08216886106599916,-0.013145022631458468,-0.6385749754939783,7.051270073643509e-06,0.0012496805582791156,0.0002514822939137297,0.013918050584094118,127.208333
14786,0.12577766863988585,-496.5784317083166,-0.40788424741614027,-5.45369919706409,0.07906300904344515,-0.016586743035330826,-0.6388868704492807,7.249604134408549e-06,0.0012748941266743877,0.0002666591413624787,0.015546014118228115,127.216667
14787,0.12209701786265802,-496.6294607020262,-0.39148165634338594,-5.768332920886059,0.0758397350450031,-0.019998191299426833,-0.6391798804789269,7.454181076899501e-06,0.0013007289226758022,0.0002820727281469325,0.017573963329395734,127.225
14788,0.11856685266590722,-496.68351013047703,-0.3717768209218568,-6.09673802917631,0.07250059588233716,-0.02337358140308618,-0.6394527753986994,7.662881003112806e-06,0.001327082757984104,0.0002973690831462848,0.020103674641813122,127.233333
14789,0.11521751368151902,-496.7406443836956,-0.34860508679624086,-6.435124453029017,0.06904961879059676,-0.02670280306157059,-0.6397043247700678,7.872801027279141e-06,0.0013538705334911346,0.0003121160149875219,0.023238352691886906,127.241667
14790,0.11207897733085391,-496.8009494560201,-0.32183484780481164,-6.778315705045713,0.0654888937365252,-0.02997992398766103,-0.6399335290722469,8.080165413407871e-06,0.0013810405732806435,0.000325821115660248,0.027062654418567637,127.25
14791,0.10918395502356538,-496.86449392991324,-0.29138305302919276,-7.119416657353691,0.06182054559440995,-0.033201377516326396,-0.6401393608812287,8.280290195263754e-06,0.0014085915431459616,0.0003379672539314252,0.03161183196452006,127.258333
14792,0.1065665621412581,-496.9311485257612,-0.2572720116722243,-7.449657087323651,0.05805166969880187,-0.03635579337342782,-0.6403208356826833,8.467635929216208e-06,0.0014365815493895579,0.0003480633037806081,0.036831465365046626,127.266667
14793,0.1042591174655158,-497.0008046942571,-0.21961494287783978,-7.758847728281646,0.05418579888176889,-0.03943844379334848,-0.6404771822841961,8.635981502869281e-06,0.0014651237010904657,0.00035570409351283076,0.042536525777165414,127.275
14794,0.10229235955344043,-497.0732517144306,-0.17865478799145212,-8.035673178551031,0.050226730574796735,-0.04244402478974822,-0.6406077528186918,8.778744859753205e-06,0.001494360570216502,0.00036062754688436166,0.04838405694867614,127.283333
14795,0.10069443565100407,-497.1481439540152,-0.13478410912626973,-8.26840410875577,0.046179889259550376,-0.04536570915928537,-0.6407120124802179,8.889453338791624e-06,0.0015244115412422284,0.0003627490767610487,0.05387995576692337,127.291667
14796,0.09949016856750884,-497.22501075644306,-0.08854622030634951,-8.445871789472786,0.042052536486669956,-0.048196531205088246,-0.6407895061803325,8.962328712429473e-06,0.001555297050939515,0.0003621582491405566,0.05843611410665235,127.3
14797,0.0986988652041983,-497.3033230972211,-0.040613416812594456,-8.558704710181445,0.037850661481959536,-0.05093168939062843,-0.6408399200402506,8.992910077193513e-06,0.0015868543538066326,0.00035907382995563857,0.0614779395684808,127.308333
14798,0.09834678079119505,-497.3824045713324,0.008231078093157047,-8.599367761619048,0.03358895077978055,-0.0535715136207694,-0.6408622223145106,8.978605671940613e-06,0.0016186702338772338,0.00035377123528517883,0.06257733265189584,127.316667
14799,0.09842602520830009,-497.46163043789915,0.05713062171805681,-8.566242719963977,0.02926726792066405,-0.056106831866897716,-0.640857209620302,8.919044632554102e-06,0.0016500512982576556,0.000346512149890439,0.06156632523415876,127.325
14800,0.0989227672659495,-497.54044571826745,0.10525226479568389,-8.461708911553515,0.024883462022667273,-0.05852993577456296,-0.6408256959673138,8.816171010242012e-06,0.0016800758952841609,0.00033750506655060665,0.05858572374178709,127.333333
14801,0.09983976446962337,-497.61810340416093,0.15178399149662342,-8.290213817860497,0.020454991660135178,-0.060840958960397054,-0.6407671056670771,8.67405717415079e-06,0.0017076901942178794,0.0003268988333349276,0.0540432019799649,127.341667
14802,0.10116177648484412,-497.69400811923634,0.1960154282121087,-8.060359799214215,0.015990683153065805,-0.06303795595217317,-0.6406816891699576,8.498432412489257e-06,0.0017318301713972742,0.0003148216167668886,0.04850685872111256,127.35
14803,0.10287571624756865,-497.7674928730601,0.23733791975752827,-7.782533899016557,0.011510474681317117,-0.06512307844367939,-0.6405692829839948,8.296048935632634e-06,0.0017515662088467246,0.0003014346626210953,0.04257002265575525,127.358333
14804,0.1049365176481112,-497.8384592443984,0.2753759007290252,-7.469736263992123,0.007000827693617236,-0.06708814725978705,-0.640431636933134,8.074017684173737e-06,0.0017662053805100103,0.00028696918730909405,0.03674021408446009,127.366667
14805,0.1073240513370101,-497.906491176302,0.30982922184756795,-7.133129681693179,0.002478958566575008,-0.0689367370162146,-0.6402687667924951,7.839241152706042e-06,0.0017753632908349575,0.0002717282616095398,0.031372110045238696,127.375
14806,0.11000632590243899,-497.9713691498652,0.3405511942205553,-6.783593640045094,-0.00204527130861864,-0.0706688300472638,-0.6400814370070618,7.5979797351985765e-06,0.001778947792716093,0.00025606617465833245,0.026662825695382423,127.383333
14807,0.1129498882295245,-498.032960705215,0.3675124360582384,-6.430541454080847,-0.006561544224668835,-0.07228503595310169,-0.6398705590903886,7.355583602660212e-06,0.0017771270496475947,0.000240351519810794,0.022675979116505537,127.391667
14808,0.1161223005464087,-498.09124379225676,0.3907797254943925,-6.081555245365552,-0.011061915562526226,-0.0737872217632268,-0.6396370788224772,7.116383729587156e-06,0.001770267501771256,0.00022492879772148666,0.019383072608461487,127.4
14809,0.11949956981109705,-498.14610543148154,0.41046213313911933,-5.742276343060207,-0.01552818088744104,-0.0751847927651668,-0.6393814473467195,6.883702634885871e-06,0.0017588645804220288,0.00021008953378614343,0.016704277883541983,127.408333
14810,0.12303520364919335,-498.1979246085296,0.4267846269003751,-5.417291530476535,-0.019972785799610933,-0.0764663435212439,-0.6391060153150603,6.6599409291636155e-06,0.0017434751999635995,0.00019605661385709692,0.014540324149387412,127.416667
14811,0.1267070756880439,-498.24664862053805,0.439927084002364,-5.1091881017160174,-0.024376135239226698,-0.07764127353265636,-0.6388115131641149,6.4467169303811155e-06,0.001724685290309778,0.0001829810327323466,0.012791658655208045,127.425
14812,0.13048756206687612,-498.29241874771617,0.4501063516127126,-4.819581324483844,-0.0287308820601711,-0.07871271738837936,-0.6384993008714902,6.245008908737046e-06,0.0017030578645451237,0.00017094709246700385,0.011370523286318891,127.433333
14813,0.13435238184187434,-498.33542184225996,0.45754169435565956,-4.54913662334318,-0.03303292260985226,-0.07968380051562694,-0.6381706908306252,6.055296391551634e-06,0.001679117179412574,0.00015998376189586068,0.010204391709374032,127.441667
14814,0.13828330904281833,-498.3756242045507,0.46242400505383296,-4.297914297799477,-0.037261592099711485,-0.08056804859776827,-0.6378266817681293,5.877684793098959e-06,0.0016533366347075739,0.00015007750602971876,0.009236011099862603,127.45
14815,0.14225461777261092,-498.4133406585833,0.4649706757601964,-4.065507387895737,-0.04142199992288955,-0.08136238767569764,-0.6374691306017082,5.7120094138609606e-06,0.0016261324377558667,0.0001411842348717376,0.008421588972554135,127.458333
14816,0.14624520666981575,-498.44874925454354,0.4653715560033044,-3.8511818051194626,-0.04550967628054096,-0.08206907585902404,-0.6370997165503106,5.557921724924986e-06,0.0015978718009970023,0.00013324065381294786,0.007728071040206759,127.466667
14817,0.15022647583709867,-498.4822718849987,0.4638248753860052,-3.654003901218227,-0.04953810988913144,-0.08267276678281238,-0.6367210550759941,5.414954658052099e-06,0.0015688745167565538,0.00012617248812260622,0.007130790071969658,127.475
14818,0.15419889728078898,-498.513582092842,0.46044551346694756,-3.4728782513854513,-0.053468838961959295,-0.08320868078868196,-0.6363331763922634,5.282573569343535e-06,0.0015394242637825867,0.00011990121568958093,0.006611284179495603,127.483333
14819,0.15813698607614682,-498.5430959202258,0.4554024540201181,-3.306724554797844,-0.05731688982194785,-0.08366126815047013,-0.6359387384242242,5.1602083672337766e-06,0.0015097541045565562,0.00011434747993343697,0.00615586233959152,127.491667
14820,0.16202925501815646,-498.57090745515796,0.4488227926378107,-3.154425727522962,-0.06107593682276658,-0.08403671520203285,-0.6355391987244169,5.047282887615639e-06,0.001480071686435614,0.00010943533558771223,0.005754063517105599,127.5
14821,0.1658599549626827,-498.5971967993137,0.44083014627150174,-3.014921025643858,-0.06474595382045024,-0.08433268287607068,-0.635136578019881,4.9432308234946665e-06,0.0014505542121312058,0.00010509355425287484,0.005397845936352712,127.508333
14822,0.16961731522600595,-498.6220881350675,0.4315326903613992,-2.8871886963258606,-0.06832428843654492,-0.08455067343633259,-0.63473261134678,4.847507878108622e-06,0.0014213560843166092,0.00010125676276435382,0.005080890343917041,127.516667
14823,0.17329188455811761,-498.64566730935417,0.4210268059906918,-2.7702720076260494,-0.07180657880871298,-0.08469475464101307,-0.6343288787782618,4.759598525111314e-06,0.001392609919863891,9.78657551162891e-05,0.004798145951223355,127.525
14824,0.17687238322413648,-498.668071590183,0.40940431706962144,-2.6632893638086985,-0.07519265181897702,-0.08476336685418001,-0.6339272430081971,4.6790197734788346e-06,0.0013644283740672956,9.486747655394835e-05,0.0045455028813830515,127.533333
14825,0.18034831907718354,-498.6894214625667,0.39674883420785656,-2.5654316635724435,-0.0784817150033394,-0.08475510149638336,-0.6335295619436179,4.6053230004133506e-06,0.0013369081699299834,9.221483301717615e-05,0.004319550694659991,127.541667
14826,0.1837125949946518,-498.70977937998856,0.3831342006535826,-2.475955736392468,-0.08166996492451345,-0.08467351931943935,-0.633137366320524,4.538093975347772e-06,0.0013101318190641132,8.986628160439029e-05,0.004117418356859549,127.55
14827,0.18695723935361827,-498.72924330214676,0.36863078923665205,-2.394188194715037,-0.08475668848859773,-0.08451808795524428,-0.6327523285147487,4.4769517015907975e-06,0.0012841675162641388,8.778533048772089e-05,0.003936665303391784,127.558333
14828,0.19007200724800583,-498.7479554059665,0.35330652855764816,-2.3195253542160836,-0.0877442265157021,-0.08428230192794128,-0.6323764361287417,4.421546888424412e-06,0.001259071571710521,8.59400818014559e-05,0.0037751933773878398,127.566667
14829,0.19305221085742527,-498.76594517517435,0.33721979205435937,-2.2514156519088178,-0.09062819647829853,-0.0839707591562162,-0.6320110396866654,4.371560069057221e-06,0.0012348912439951684,8.430277054381013e-05,0.0036311818699488745,127.575
14830,0.19589263738805762,-498.7832634282797,0.3204265658600363,-2.189364882303256,-0.09340614768344296,-0.08358549907854136,-0.6316575564296923,4.326699151720427e-06,0.001211662843082773,8.284925960531693e-05,0.0035030513592995464,127.583333
14831,0.19858580823194127,-498.8000051633547,0.30298170601190094,-2.13293528663403,-0.0960785247799392,-0.08312281045435059,-0.631317691922443,4.286697242318479e-06,0.0011894135643993483,8.155864508537228e-05,0.0033894254465619803,127.591667
14832,0.20112689356698704,-498.81624162886663,0.28493631664605856,-2.081730567135455,-0.09864519563081506,-0.08258145981485289,-0.6309928213140036,4.2513105387736885e-06,0.0011681639916901725,8.041289783900322e-05,0.003289099780108475,127.6
14833,0.2035105331751512,-498.83202732748464,0.26633878270199424,-2.0354004553265983,-0.10110454769347114,-0.08196097137199153,-0.6306843761212563,4.220316137255418e-06,0.0011479277237888754,7.93965128389969e-05,0.003201022806724823,127.608333
14834,0.20573339536062338,-498.8474188553762,0.2472356015442601,-1.9936298523401383,-0.10345626728842329,-0.08126093893524584,-0.6303935066592204,4.193510099016758e-06,0.0011287127659499398,7.849622026776258e-05,0.00312427728254748,127.616667
14835,0.20778976270581606,-498.86247498959256,0.22767163074208813,-1.956145941217062,-0.10569913448063972,-0.08047926358431663,-0.6301216499843262,4.17070560535742e-06,0.001110521511091646,7.770072481154031e-05,0.0030580662312255117,127.625
14836,0.20967543970296493,-498.8772727484895,0.20769093229513266,-1.9227067156058373,-0.10783415517930466,-0.07961199262911878,-0.6298700169736505,4.151731402490494e-06,0.0010933529142557108,7.700049436831544e-05,0.0030016988763845107,127.633333
14837,0.21138829712709656,-498.8917939908936,0.1873336940590022,-1.8930925885080603,-0.10985582308128375,-0.07866578111083546,-0.6296395045526891,4.136430326109454e-06,0.001077202515170246,7.638756336496741e-05,0.0029545807002511644,127.641667
14838,0.21292567210036364,-498.90609199552915,0.16664115920974593,-1.8671166946868867,-0.11176418361708211,-0.07763924308625308,-0.6294310350383121,4.124658005653548e-06,0.0010620623007783212,7.585537033226671e-05,0.002916206426854834,127.65
14839,0.21428421973301376,-498.9202438258151,0.145654259052677,-1.8446221959923057,-0.11356071103583032,-0.07652765541782529,-0.629245576497195,4.116281795313507e-06,0.0010479217976885585,7.539862632496078e-05,0.002886150893490414,127.658333
14840,0.2154609224133747,-498.93430235829015,0.12441251185408685,-1.8254747829795512,-0.11524502079741254,-0.07532870954665812,-0.629084003433118,4.111179876738797e-06,0.0010347690856921752,7.501320368503265e-05,0.002864062132791733,127.666667
14841,0.2164553858820727,-498.94825091359326,0.10295340472208249,-1.8095513139843182,-0.11681282671467262,-0.07404884234746946,-0.6289467744872594,4.109240511485362e-06,0.0010225912456743099,7.469604251556646e-05,0.0028496565148439564,127.675
14842,0.2172658816446639,-498.9621119076861,0.08131460239353663,-1.7967556285809678,-0.11826220748292024,-0.07268954612341195,-0.628834471734525,4.110361421045957e-06,0.0010113738138878626,7.444507555978182e-05,0.0028427155551914354,127.683333
14843,0.2178906984122554,-498.9759439485485,0.05953444318810769,-1.787016772178296,-0.11959382956741554,-0.07124791574006087,-0.6287476147931674,4.114449365450029e-06,0.0010011019759311836,7.425917340166555e-05,0.0028430815117258404,127.691667
14844,0.21832967829627015,-498.9897552723602,0.03764993841487433,-1.780274098100654,-0.12080545486107346,-0.06972739176420151,-0.6286864445727861,4.121419856516577e-06,0.0009917610333353896,7.413810252412039e-05,0.002850654112717381,127.7
14845,0.21858017437454408,-499.00364758956187,0.015699712708729427,-1.7765043700951713,-0.12189991239378005,-0.06811927016916314,-0.6286514845810908,4.131196999158689e-06,0.0009833362120446876,7.408249733679077e-05,0.002865389120949443,127.708333
14846,0.2186440698500469,-499.01755741780414,-0.006281016954309161,-1.7756687208376951,-0.12287095001851328,-0.06643623290394501,-0.6286425608205993,4.1437135097457765e-06,0.0009758140775377725,7.409384810076216e-05,0.0028872957196677857,127.716667
14847,0.21851862197838753,-499.03178960717787,-0.02824718497088065,-1.777822593037169,-0.12373410882432856,-0.06464432278971553,-0.628660078675677,4.158910809146875e-06,0.0009691810669456931,7.4174495320548e-05,0.0029164376541529063,127.725
14848,0.21820635345701456,-499.04614999652955,-0.0501675649918317,-1.782936364193501,-0.12447434730283957,-0.0627724500958589,-0.6287036416695032,4.17673934020801e-06,0.0009634256703995388,7.432766585112846e-05,0.0029529277032944805,127.733333
14849,0.21770597399496344,-499.06065291454047,-0.07200644182399966,-1.7910423357864127,-0.12508867483651714,-0.06082309692425462,-0.6287733192368986,4.197158943332867e-06,0.0009585366821586369,7.455746791341404e-05,0.0029969348218369923,127.741667
14850,0.21702057077266196,-499.0753256446063,-0.09372487084367771,-1.802189016586099,-0.12557729106968651,-0.0587984619411167,-0.6288685057442123,4.220139364038792e-06,0.0009545050006425914,7.48689355356708e-05,0.0030486827422239785,127.75
14851,0.2161519857768147,-499.090168306243,-0.11528568550640929,-1.8164379500521004,-0.12593803670204248,-0.05670387482713066,-0.628988707503739,4.245660887010006e-06,0.0009513222002429735,7.526809291438898e-05,0.0031084495173945804,127.758333
14852,0.2150992756637213,-499.10527997149467,-0.13664971579315652,-1.833898876019714,-0.12617264023667607,-0.05453161707633901,-0.6291337538796864,4.273715122319209e-06,0.0009489813423535471,7.576201890332168e-05,0.0031765699619172756,127.766667
14853,0.21386634103300464,-499.1206465033142,-0.15777823014489004,-1.8546673427332538,-0.12627890710274134,-0.05228962070641154,-0.6293027457935623,4.3043059502425074e-06,0.0009474782195971529,7.635894030167744e-05,0.0032534369683739073,127.775
14854,0.21245405420081226,-499.13627879408494,-0.17863363480601896,-1.8788691140623304,-0.12625436808411905,-0.04998209210430829,-0.6294951450841828,4.337450584002734e-06,0.0009468097542886014,7.706833003938052e-05,0.003339503790701808,127.783333
14855,0.21086620160261887,-499.15221503164474,-0.1991744891490512,-1.9066574025194487,-0.12609955652392202,-0.047610685450004936,-0.629709962722086,4.373180776653577e-06,0.000946975365953936,7.790102106526723e-05,0.0034352880225302705,127.791667
14856,0.20910476229043354,-499.16850370934026,-0.21935979262415153,-1.9382151585160177,-0.1258141740849872,-0.04517555220927104,-0.6299464070521397,4.411544178035487e-06,0.0009479760897510459,7.88693706342037e-05,0.003541371820587549,127.8
14857,0.20717338569922136,-499.1851001538335,-0.23915064370231928,-1.9737176070291478,-0.12539458108577514,-0.042689178169482575,-0.6302034161899928,4.452605866366281e-06,0.0009498154477117832,7.998742524838226e-05,0.0036584057355801224,127.808333
14858,0.205075272198091,-499.2019317887544,-0.2585096139413512,-2.0133540185025645,-0.12483635080327234,-0.04016754913474588,-0.6304799490789776,4.496450011553928e-06,0.0009524990301022557,8.127108408607349e-05,0.003787113644712832,127.816667
14859,0.2028145710581358,-499.2191813346079,-0.2773854506233694,-2.057435597337462,-0.12414614848875656,-0.03759510874703924,-0.6307748047359738,4.543181654125481e-06,0.0009560348494568484,8.273828671872955e-05,0.003928298560706931,127.825
14860,0.20039547530836715,-499.2368704765506,-0.2957330160157408,-2.106248472597013,-0.12332334919567717,-0.03497684584023062,-0.6310867487709039,4.5929287156844126e-06,0.0009604331247716587,8.440939374661733e-05,0.004082834897422248,127.833333
14861,0.1978216186129276,-499.25509907028936,-0.3135022586973198,-2.160147555197529,-0.12236948517800199,-0.0323083890573754,-0.6314145942008215,4.645844211081472e-06,0.0009657064405935849,8.630739983551334e-05,0.004251676746794223,127.841667
14862,0.19509935041900164,-499.27389511158754,-0.33064228331747236,-2.2194941563940955,-0.12128476642221707,-0.029595170058673913,-0.6317567918266542,4.702108596295157e-06,0.0009718700519680517,8.845829340216954e-05,0.004435857445692001,127.85
14863,0.192237841840231,-499.29361081041196,-0.3470782004459213,-2.2848363687323516,-0.12007979539952475,-0.02680440633210211,-0.632111445248377,4.761932251095501e-06,0.000978941020747313,9.089138838895672e-05,0.00463649120487291,127.858333
14864,0.1892396391583141,-499.3140253353002,-0.36277249442384163,-2.3565165671916763,-0.11874367781561515,-0.023972466601568775,-0.6324774877415464,4.825558193214689e-06,0.0009869372445047344,9.364004737950989e-05,0.004854746156538373,127.866667
14865,0.18611270262721802,-499.335177547982,-0.377664883071251,-2.435032883306704,-0.11727711852853145,-0.02110521198420597,-0.6328531900628664,4.893264768987712e-06,0.000995879938278151,9.674151211947754e-05,0.0050918949022660705,127.875
14866,0.1828614858527479,-499.35694308406374,-0.3917075321324189,-2.520853813337523,-0.11567558669077824,-0.018227454265781703,-0.6332372629834201,4.965368130530614e-06,0.0010057915474993972,0.00010023756522052373,0.005349296875600935,127.883333
14867,0.17949813852275634,-499.379717080374,-0.404804991743208,-2.614765431918452,-0.11394917182589263,-0.015304956890828645,-0.6336275382358023,5.042224560315273e-06,0.0010166968888243506,0.0001041746285551253,0.00562843717015707,127.891667
14868,0.17602079784118477,-499.40337783928067,-0.41691005017855143,-2.7173715228035866,-0.1120886264171188,-0.01236316572027422,-0.6340235047987548,5.124232657695663e-06,0.001028619970015573,0.00010860490326437608,0.005930878334017599,127.9
14869,0.1724474727543249,-499.4280333088055,-0.4279294293338834,-2.8294120632455297,-0.11010128108621109,-0.009403239431700804,-0.6344224142220743,5.211835071456889e-06,0.0010415887203105646,0.00011358564841012892,0.006258394699021426,127.908333
14870,0.16878650309118964,-499.45384318128316,-0.43777291111034894,-2.95174675881603,-0.10798804012009468,-0.006420824155566157,-0.6348227066545306,5.305518981727092e-06,0.0010556270338338853,0.00011917991936106494,0.00661296415399204,127.916667
14871,0.16505827861234945,-499.48080764717326,-0.44633970106056287,-3.085138482426519,-0.10575563402648436,-0.003430251809989495,-0.6352216085116882,5.405815328482777e-06,0.001070757463793603,0.0001254562966833876,0.006996907137490296,127.925
14872,0.1612559652312066,-499.5089585767912,-0.45356133660740394,-3.230544022957343,-0.10339423584944814,-0.0004418418255099252,-0.6356193431959966,5.513295767217933e-06,0.001086995627002018,0.00013248824118453173,0.0074130556554825285,127.933333
14873,0.15741084513785386,-499.5385679221603,-0.45928159907079474,-3.3889528316746844,-0.1009179899422895,0.0025574055667841574,-0.6360122103063549,5.6285669765044795e-06,0.0011043588175525861,0.00014035210588550476,0.007865204889165868,127.941667
14874,0.15352029436481363,-499.56974863694313,-0.46340300811003976,-3.5614625230806682,-0.09831796344568502,0.00556253219634084,-0.6364001484722153,5.7522606783266666e-06,0.0011228496751405441,0.00014912657780492898,0.008358369370268392,127.95
14875,0.14960208420437768,-499.6024707620837,-0.4658014001103307,-3.7489644873146664,-0.09559897249801193,0.008553860023218007,-0.6367811088686816,5.885018537590143e-06,0.001142466791834718,0.00015888807693637666,0.008899742338020175,127.958333
14876,0.14567365159979306,-499.63689483968307,-0.46632527314806216,-3.9524606298529728,-0.09276475719700361,0.011530396922078726,-0.6371532487910584,6.027469461322962e-06,0.0011631943173564465,0.00016970580977370973,0.009499752364971258,127.966667
14877,0.14175865591111947,-499.67326198605673,-0.46479173000826535,-4.172865637169401,-0.08982090456064593,0.014498019974569612,-0.6375143333264942,6.180196639631636e-06,0.001184999206432074,0.00018163538616244353,0.010173585663901186,127.975
14878,0.13786917461699263,-499.7116951360305,-0.4610424659707299,-4.410975241487022,-0.08676591186707354,0.017449544524775325,-0.6378633886732747,6.343692160962143e-06,0.0012078259016391141,0.00019471000544196444,0.010943194190565782,127.983333
14879,0.1340269122073754,-499.7521880590017,-0.45490991765922445,-4.6671350755843,-0.08360656936145375,0.020367447371065366,-0.6381987318407922,6.518296865783953e-06,0.0012315985586771822,0.00020892776254806563,0.011840190723498976,127.991667
14880,0.13025309403010363,-499.7950444475302,-0.44618127476292235,-4.941615995196913,-0.0803431712036907,0.02326077425684052,-0.6385189299448426,6.704121695957922e-06,0.0012562160301312574,0.00022423657379677762,0.012909113275456975,128.0
14881,0.12657030125158333,-499.8403156343999,-0.4346702124713705,-5.233950230341094,-0.0769807766371317,0.02611724308945922,-0.6388226376058931,6.900948464744315e-06,0.0012815527139424519,0.00024051891027664608,0.014210671135576475,128.008333
14882,0.12301338778247348,-499.8879641182324,-0.4201816226500487,-5.5426039158273595,-0.07353439865150367,0.02892235202774996,-0.6391077393085963,7.10810986544035e-06,0.0013074620785335604,0.00025757361306136424,0.015824600595039314,128.016667
14883,0.11960089488510169,-499.9382639818592,-0.4025187670084012,-5.865818042171067,-0.06999990050755915,0.031683479650816894,-0.6393736651772172,7.324348004210244e-06,0.001333780247049343,0.000275100708150567,0.017849746062621807,128.025
14884,0.11635917472857156,-499.99133679676413,-0.38150610782229694,-6.20046963389655,-0.06637998230400198,0.03439840191105796,-0.639619387269715,7.547663340069602e-06,0.0013603467338039832,0.00029269618314635806,0.020399916267111868,128.033333
14885,0.11331966608234613,-500.04721121225185,-0.3570015055540984,-6.541897356795572,-0.06268162261145603,0.03706207078385293,-0.6398436760428344,7.775169247790683e-06,0.001387020669242549,0.00030985601100984094,0.02359172024256111,128.041667
14886,0.11050387563939397,-500.10610624792173,-0.3288945713015739,-6.884571443281576,-0.05889700674600787,0.039680479275943814,-0.6400461818000261,8.002970602695801e-06,0.001413702413689652,0.0003259989269606561,0.027521300750733734,128.05
14887,0.10795190837575101,-500.1677207804802,-0.2971858083308809,-7.220224238891165,-0.055045861100694565,0.04223733436769791,-0.6402253302058537,8.226105050457694e-06,0.001440361374739378,0.00034051442349598783,0.03222952818986466,128.058333
14888,0.10570048058450715,-500.2318486672861,-0.26195250301832945,-7.539233235350797,-0.05114086628846171,0.0447290057784482,-0.6403799188867006,8.438579882286997e-06,0.0014670449320389586,0.00035282474950877,0.03765688926079728,128.066667
14889,0.10377222562088748,-500.2983806703786,-0.22338018456806277,-7.831619882374838,-0.04718055182871401,0.04715702273565166,-0.6405097371717681,8.633540291709432e-06,0.001493880785929818,0.00036246688829409636,0.04359932246349453,128.075
14890,0.1021868127259813,-500.36719414257226,-0.18176334163166252,-8.087023197218931,-0.043159189550122316,0.04952389463020053,-0.6406146898831102,8.803613472647997e-06,0.0015210574946278857,0.0003691700938585952,0.049684579933183266,128.083333
14891,0.10097537068128681,-500.4377469889844,-0.13756761474955645,-8.29417291800133,-0.03909326981247611,0.05182357077613285,-0.6406938008466917,8.941431744685516e-06,0.0015487680231256497,0.00037289688425238914,0.05538696406249507,128.091667
14892,0.10015779381013536,-500.5095871157122,-0.09137142051813887,-8.443514257802077,-0.03498798698559281,0.054056187770480144,-0.640746659770005,9.040276437092858e-06,0.0015771202352027182,0.00037382949163124754,0.06009489983307519,128.1
14893,0.09974396233424371,-500.58204687595816,-0.04389930441446514,-8.528073182372493,-0.030855116174402553,0.056214891048805664,-0.6407732520215205,9.094760109062285e-06,0.001606047862936626,0.0003723098829850002,0.06322756069598139,128.108333
14894,0.09974338622420453,-500.6545812229185,0.004092394630855773,-8.54360522114987,-0.02669989419820028,0.0583028341907504,-0.6407732889650838,9.101443303860403e-06,0.0016352373174368306,0.0003687387851369753,0.06437087833227492,128.116667
14895,0.10015713827799039,-500.72659375771053,0.05180608705168678,-8.489594991166035,-0.02252854345738901,0.06032115140597591,-0.6407467019803894,9.059250901292104e-06,0.0016640940572761206,0.00036347139349137363,0.06338006146323508,128.125
14896,0.1009810833319638,-500.7972823011439,0.09842030830053737,-8.369140695602105,-0.018361129124453097,0.06226805255694957,-0.6406934299991223,8.969597140765747e-06,0.0016917753491913386,0.0003567525761552353,0.060414357814044965,128.133333
14897,0.10218988791638188,-500.8664905352219,0.14329241698054265,-8.189614485766526,-0.014178292424333478,0.0641448878290483,-0.6406144878671797,8.83619655472835e-06,0.0017172813429396664,0.00034870829621162444,0.05588974165059628,128.141667
14898,0.10377457555718035,-500.93351839934854,0.1857754725816955,-7.9592029737682495,-0.010002383567681728,0.06595409310728623,-0.6405095804134083,8.664618930971333e-06,0.0017395913484454534,0.0003393845136196106,0.05036349436049158,128.15
14899,0.10570790431727774,-500.99803765935843,0.2253970284428407,-7.688526330285008,-0.005835556075363931,0.06769537990948304,-0.6403794144881627,8.461666994984281e-06,0.0017577835797838567,0.00032881258162089727,0.04441340055553252,128.158333
14900,0.10796291051253307,-501.0596500651919,0.2617930362700044,-7.388414894983479,-0.0016914423687179262,0.06936970347990824,-0.6402245668027923,8.23470540364735e-06,0.0017711494593434,0.00031706886418050563,0.038532136911255094,128.166667
14901,0.11051080814259688,-501.1182295474095,0.2947608519594134,-7.069155038324971,0.002428547983039002,0.07097978750697387,-0.640045689459869,7.991056633756714e-06,0.0017792513190766487,0.0003043057834622738,0.03307254956586638,128.175
14902,0.11331890199938957,-501.1736673995508,0.32420322336768703,-6.740170550833128,0.006518636975311334,0.07252598896174703,-0.6398437316822794,7.737526816638474e-06,0.001781933526503729,0.0002907525483871467,0.028237597159725777,128.183333
14903,0.11635630968786238,-501.22593873452803,0.3501200034176358,-6.409326074465281,0.01057386327099998,0.07400994197208431,-0.6396196014670087,7.480094746929115e-06,0.0017792967016236187,0.0002766915767189292,0.024103187158599337,128.191667
14904,0.11959858186417537,-501.27484349818207,0.37254766205255685,-6.082841221899771,0.014572461725154442,0.07544034100528899,-0.6393738428996565,7.2237540889468995e-06,0.0017716444422481061,0.00026242529449645836,0.02065523977107454,128.2
14905,0.12300590464028056,-501.3209263098828,0.3916850769223035,-5.7657215684981455,0.018543439524181755,0.07680621911341158,-0.6391083305920175,6.972477401846802e-06,0.001759418759075859,0.0002482441403069456,0.017827117515687115,128.208333
14906,0.12655620628110326,-501.364079787961,0.4076587421195156,-5.461295974249809,0.022466635036181595,0.07811489510979103,-0.6388237833300646,6.7292763027074876e-06,0.001743153536951407,0.00023440286949007806,0.015527548407360448,128.216667
14907,0.1302232951813809,-501.40432988833237,0.4206381588415042,-5.171947841199876,0.0263291302603755,0.07937054287077257,-0.6385214221152891,6.49630784148725e-06,0.0017234137225490339,0.00022110609813498104,0.013662365711072303,128.225
14908,0.1339781597332972,-501.44200581433125,0.43083993208469645,-4.8990663466939415,0.03013994778358458,0.08056749386146723,-0.6382029263145738,6.275007676495835e-06,0.0017007630891319578,0.00020850401377107825,0.012145189177359352,128.233333
14909,0.13780082374061048,-501.47717800956326,0.43844388083897584,-4.643229656336743,0.03388883897505227,0.08171071722361663,-0.6378694364521044,6.0662282624321146e-06,0.0016757422654231924,0.00019669538833263117,0.010902265305619786,128.241667
14910,0.14166855040572116,-501.5101135983799,0.4436488990271545,-4.404493764330063,0.03758056555829745,0.08279637057084378,-0.6375225288478942,5.870365432153696e-06,0.0016488480682265022,0.00018573379534253187,0.009873887661108333,128.25
14911,0.14556136171001482,-501.54095789162636,0.4466316238409513,-4.182552631491837,0.04121071175666341,0.0838245576181605,-0.6371637414767329,5.687471249213372e-06,0.001620529407247376,0.0001756364323726859,0.00901313916317742,128.258333
14912,0.14946152791411413,-501.5698824821585,0.44756003158076735,-3.9767986269512816,0.04477781820523429,0.08479449050842312,-0.6367945932969249,5.517348011086504e-06,0.0015911842402700812,0.00016639255053851762,0.008283994180918488,128.266667
14913,0.15335233913145488,-501.59696234772554,0.44658367486322903,-3.7865042576871413,0.04827285501315705,0.08570912983553454,-0.6364166789201193,5.359624251627613e-06,0.001561160290709297,0.0001579714389970342,0.007659145926388331,128.275
14914,0.15721779134912142,-501.62247256372444,0.4438566449341933,-3.610756502300407,0.05170450004978799,0.08656125050577816,-0.6360316873092703,5.213814578682447e-06,0.0015307586899996706,0.00015032901502011662,0.007118029251542992,128.283333
14915,0.1610443617945442,-501.646516392402,0.4395072680197221,-3.448650794346233,0.05506816028452366,0.08735139048953586,-0.6356412077409886,5.079365405703429e-06,0.0015002385508618098,0.00014341346048004868,0.006645123080276356,128.291667
14916,0.16481900965012872,-501.6692195678941,0.4336558683808569,-3.2992725443477346,0.058361829654030715,0.08807823682907233,-0.6352469076764686,4.955688814679069e-06,0.0014698206583086237,0.00013716908007689455,0.006228677362431381,128.3
14917,0.1685266588738748,-501.6908987446037,0.42642667163234715,-3.161697503638612,0.061600223402506316,0.08872650919509267,-0.6348507948477458,4.842187327079618e-06,0.0014396923839529432,0.00013153932870055374,0.005859703606788135,128.308333
14918,0.17216021408638846,-501.7114527994189,0.41790452542632517,-3.0350849121191756,0.06476456510887225,0.08930856499191869,-0.6344541307307746,4.7382715549198845e-06,0.0014100137383341257,0.00012646903515719,0.005531209709986248,128.316667
14919,0.17570914105252936,-501.73101601401817,0.40818417167476584,-2.9186179457730606,0.06785605286675296,0.08982057886723878,-0.6340586190387278,4.643371322760515e-06,0.0013809163444266294,0.00012190540605824625,0.005237722470085599,128.325
14920,0.17916237178433717,-501.7496419729365,0.3973497220343444,-2.8115635687839298,0.07086890263625946,0.09026282112649837,-0.6336661064294178,4.556943533138334e-06,0.001352509793596874,0.00011779909772342,0.00497485599108244,128.333333
14921,0.18251215691373687,-501.76744440108433,0.3854808353510212,-2.7131982995755313,0.0738044114159063,0.09063238581739155,-0.6332781317656557,4.478476628362009e-06,0.0013248852972271015,0.00011410461869120085,0.0047390381464505055,128.341667
14922,0.18575004307281395,-501.7845504835887,0.37265270830084984,-2.6228676279180956,0.07666528156126154,0.0909238173355668,-0.6328963633330982,4.407492499553658e-06,0.001298116430202958,0.00011078050665342853,0.004527314799120064,128.35
14923,0.18886849472898934,-501.800972750055,0.35893028284148154,-2.539988645876905,0.07944452893579233,0.0911399334359492,-0.6325224043711501,4.3435470436203615e-06,0.001272262235578395,0.00010778931587095722,0.0043372049864535585,128.358333
14924,0.19186091912208736,-501.8168297279111,0.34437898768310343,-2.4640087088553866,0.08214550143204748,0.09127527975559606,-0.6321577750656993,4.286229539081979e-06,0.0012473689532422286,0.00010509743915236705,0.004166604724317628,128.366667
14925,0.19471897365656524,-501.83220291515755,0.3290594546064173,-2.3944492338167613,0.08476771840498167,0.09132555472066639,-0.6318042336415421,4.235161291901979e-06,0.0012234714748586568,0.00010267491862346676,0.004013708549822153,128.375
14926,0.19744021736988246,-501.8472256516545,0.3130298291266668,-2.330832879767418,0.08731817764033364,0.0912839316416893,-0.6314628194546426,4.1899939655081865e-06,0.0012005961185251747,0.00010049518716976683,0.0038769542171130833,128.383333
14927,0.20001438380038733,-501.86189295699825,0.29634145771047393,-2.2728006067556246,0.08978803559349743,0.09115115847073993,-0.6311355541004665,4.150407333739163e-06,0.0011787589073795977,9.853478042103837e-05,0.003754986462058993,128.391667
14928,0.2024409215285785,-501.87606449468484,0.2790374793965713,-2.2199676828800463,0.09216053961202804,0.09094505151616217,-0.630823228186108,4.116107498802741e-06,0.0011579714141567346,9.677308593640121e-05,0.0036466215581487287,128.4
14929,0.20471100047065402,-501.8901558983296,0.2611801198615099,-2.1720239879535934,0.0944660105278943,0.09062854558301961,-0.6305276776291826,4.086824477625203e-06,0.0011382367100161075,9.51920501524804e-05,0.003550833998549551,128.408333
14930,0.20682245453172377,-501.90390846125285,0.24280497167797838,-2.128673033057221,0.09667648651770307,0.09022904501717137,-0.6302498624084591,4.062310447614653e-06,0.0011195549478702626,9.377598909040531e-05,0.0034667171716733247,128.416667
14931,0.20877058196690582,-501.9176495882905,0.22396715142012355,-2.089662410255628,0.09881601498846772,0.08971728612909965,-0.6299910447200248,4.042337679250443e-06,0.0011019209362013078,9.251132474767704e-05,0.003393488525968363,128.425
14932,0.21055169937897897,-501.9312644503069,0.20470480571207444,-2.0547645068697236,0.10086910103636326,0.08910639189736186,-0.6297523227866252,4.026696868797957e-06,0.0010853263957352798,9.138640450817641e-05,0.0033304621108265404,128.433333
14933,0.21216289074621225,-501.9447514854829,0.18505915461620626,-2.023774535174118,0.10283096360490977,0.08839923010632236,-0.629534654897326,4.015195560226101e-06,0.0010697603543206688,9.039132130680624e-05,0.0032770479677506075,128.441667
14934,0.21360100768468826,-501.9581887537089,0.16507314426957934,-1.9965200664241292,0.10470378460951596,0.08759033980265865,-0.629338988572692,4.0076567446460045e-06,0.001055209560253801,8.951775856265657e-05,0.0032327409895307837,128.45
14935,0.21486366201246093,-501.9715966719396,0.14478707673311747,-1.972847020507838,0.10648493014067807,0.08668023466792849,-0.6291661221385397,4.003917662604391e-06,0.0010416593068673075,8.87588559187556e-05,0.00319711200412891,128.458333
14936,0.2159474452737622,-501.98497441273804,0.12423941256873425,-1.9526282941681716,0.10816942514060766,0.08567130066840387,-0.629016944431972,4.003828768077142e-06,0.0010290937318163385,8.810909457587626e-05,0.0031698029348617013,128.466667
14937,0.21685116469035715,-501.99820842792377,0.10346477197102044,-1.935732836660231,0.10974390213068543,0.08457929774197628,-0.6288919867629136,4.0072529004297095e-06,0.0010174968387557303,8.756420122896585e-05,0.0031505219606964155,128.475
14938,0.21757454925709635,-502.0116143379847,0.08251278772112418,-1.9220966523687353,0.11123186422104445,0.08337335562709285,-0.6287915939557315,4.014064564458974e-06,0.0010068520332343896,8.712106322600406e-05,0.003139041658931855,128.483333
14939,0.2181140604022292,-502.0250771875653,0.06141593432145866,-1.9116429340986962,0.1126183425447236,0.08206812781507364,-0.6287165052672056,4.0241493947620454e-06,0.0009971422199486382,8.67776670518597e-05,0.003135187792063035,128.491667
14940,0.21846893021702005,-502.03848828600553,0.04020764843983684,-1.9042952326965519,0.1138908588463595,0.08067942222405582,-0.628667015022127,4.037403850119186e-06,0.0009883516749469561,8.653305338862522e-05,0.0031388443666923484,128.5
14941,0.21863968011679266,-502.05216118886466,0.018937386215995812,-1.9000587654519985,0.11507173278333391,0.07917555681746084,-0.6286431739809843,4.053734961174664e-06,0.0009804651913130108,8.63872693596634e-05,0.0031499517118188007,128.508333
14942,0.21862518313990262,-502.06595530765054,-0.0023633486785004827,-1.898891369734092,0.11614532910772327,0.07757569965499661,-0.6286451988407264,4.0730602473481554e-06,0.0009734678947170998,8.634136604454003e-05,0.003168496646430654,128.516667
14943,0.21842577807475314,-502.0798908476775,-0.023656467609726114,-1.9007887412611613,0.11710987206923966,0.07588150474028593,-0.6286730372604478,4.095307812218999e-06,0.000967346321966706,8.639737469084025e-05,0.003194520437797754,128.525
14944,0.21804088264494692,-502.0939873895633,-0.044904702592221936,-1.9057695749270676,0.11796295379659669,0.07409446601743823,-0.6287267008113882,4.120416524359479e-06,0.0009620880926783132,8.655831420485248e-05,0.003228115111139055,128.533333
14945,0.21747114620998484,-502.10830188680154,-0.06606840667830735,-1.9138741256162872,0.11870540717162754,0.07221217256317859,-0.6288059646011033,4.14833635973359e-06,0.0009576825423458354,8.682820759987985e-05,0.0032694238722471222,128.541667
14946,0.2167175467564698,-502.1228411269727,-0.08710970631933004,-1.9251491897890547,0.11933431945687102,0.07023832817872892,-0.6289104945303605,4.179028856651243e-06,0.0009541204675162654,8.721211707854406e-05,0.0033186403993645548,128.55
14947,0.21578192464041218,-502.1375957942358,-0.10799079005107559,-1.939652261362797,0.11984613042915969,0.06817901939203491,-0.6290397753814121,4.212467698685641e-06,0.0009513942505595949,8.771618186025206e-05,0.003376010793070833,128.558333
14948,0.21466501402716714,-502.1526543796085,-0.12867034876665764,-1.957492428822889,0.12024326743686498,0.06602843040039592,-0.6291933849707629,4.248639406785942e-06,0.0009494977724727897,8.83476711571112e-05,0.003441835046661958,128.566667
14949,0.21336855676651048,-502.1679932258075,-0.14911094122933385,-1.9787649322496583,0.12052082937061091,0.06379467094994008,-0.6293707034190653,4.287544177269565e-06,0.0009484270288648343,8.911507729393058e-05,0.0035164666932745404,128.575
14950,0.2118946614398766,-502.1836776052585,-0.16927043523176968,-2.0036113265125435,0.12067985274210985,0.06147548272400118,-0.6295710054012921,4.329196830030211e-06,0.0009481799450911362,9.002817630853139e-05,0.003600317591980789,128.583333
14951,0.21024588688335386,-502.19971060739306,-0.18910881140031904,-2.032176041296864,0.120717410149026,0.05907644616184536,-0.6297934527063603,4.373627871654085e-06,0.0009487564150681869,9.109815579141253e-05,0.003693857504219944,128.591667
14952,0.20842567592362402,-502.21615547367855,-0.2085817044819117,-2.0646441854494,0.12063452969252228,0.05659637386052274,-0.6300370412822598,4.4208846762979246e-06,0.0009501583257917528,9.233771618603887e-05,0.003797618611338129,128.6
14953,0.20643716567535458,-502.2330190241372,-0.22764730580684983,-2.101210110193422,0.12042848243726154,0.0540410678131465,-0.6303007665261665,4.471032772407565e-06,0.0009523894055034223,9.376123494041977e-05,0.00391219562568445,128.608333
14954,0.20428237347066683,-502.2503589402478,-0.24626150551580991,-2.1421205893752835,0.12009853749467228,0.05141023213569247,-0.6305837311566126,4.524157241093019e-06,0.0009554555147450908,9.53848985254001e-05,0.004038251736022131,128.616667
14955,0.20196726575178228,-502.26820626794233,-0.26437640532132345,-2.1876259223460353,0.11964445867666015,0.048708132799019345,-0.63088448545134,4.580364226370463e-06,0.0009593651709178563,9.722689404507276e-05,0.004176522023707999,128.625
14956,0.19949543529961444,-502.28657599379784,-0.2819467193353147,-2.238013460165195,0.11906371694836676,0.04594069092131147,-0.6312018669966937,4.6397824994496095e-06,0.0009641282538785073,9.930760202169393e-05,0.004327814641241658,128.633333
14957,0.19687008286502272,-502.30552153976157,-0.2989240548452886,-2.293624941790234,0.11835520166535564,0.043109564024012795,-0.6315347372903668,4.702565079308854e-06,0.0009697570077353809,0.00010164978021281688,0.004493020470004159,128.641667
14958,0.19409619705911374,-502.325003663906,-0.31526246076897296,-2.3547917336824673,0.11751471414943794,0.04022819853750206,-0.6318817109845823,4.768890903556504e-06,0.0009762662357279202,0.00010427879760286137,0.00467311969526264,128.65
14959,0.19118347208382305,-502.3452718110034,-0.33088928816019536,-2.421996885503899,0.11655235481467054,0.037277458091264,-0.6322408183448845,4.838966439644202e-06,0.0009836727138787767,0.00010722277316069143,0.004869196684192649,128.658333
14960,0.18813449976618066,-502.36627549379205,-0.34575828778315876,-2.495665896713659,0.11546102093591791,0.03427268108912747,-0.6326109773402597,4.913027200462798e-06,0.0009919934824321114,0.00011051311157346606,0.0050824219438627295,128.666667
14961,0.1849548286126044,-502.3880010113793,-0.3598153196279946,-2.5762738066816873,0.11423740776206087,0.03122581201566816,-0.6329907392748861,4.9913391359568975e-06,0.0010012484403507215,0.00011418436941372329,0.005314106937590844,128.675
14962,0.18165630095397858,-502.4106563442478,-0.3729783541555649,-2.6644289663594845,0.11288883459768922,0.028125021428953657,-0.6333779336768819,5.074199639952797e-06,0.0010114591107478717,0.00011827442090964241,0.005565729912394245,128.683333
14963,0.17824389360071002,-502.4342857678814,-0.38518316370640976,-2.7607483587709676,0.11141218450383714,0.024976967277263087,-0.6337712433723335,5.161938031153007e-06,0.001022646116054282,0.00012282489764457185,0.0058389398069585265,128.691667
14964,0.1747241366646881,-502.45881758952555,-0.3963699255856734,-2.865831493528858,0.10980263453680542,0.021802002868025066,-0.6341691941396392,5.254915369355171e-06,0.0010348314011009207,0.00012788089384751066,0.006135654175477158,128.7
14965,0.17111089358916834,-502.48450015533086,-0.40643687131041556,-2.9804769239381548,0.10806732809704414,0.018586588284930296,-0.6345695422961083,5.35352314311843e-06,0.0010480371995679732,0.0001334905231290386,0.006458178906190494,128.708333
14966,0.16741048558882363,-502.5113999235367,-0.4153033499218161,-3.1054867068667686,0.10620335276235618,0.015337490577539813,-0.6349709614784116,5.458180379439149e-06,0.0010622826182109342,0.0001397050816168908,0.006809288246278072,128.716667
14967,0.16363096343164257,-502.5394981391026,-0.4228893174016238,-3.241658797987485,0.10420762996705074,0.01207145955970784,-0.6353719874189833,5.569328834119231e-06,0.0010775856257829112,0.00014657781112969653,0.007192500007133039,128.725
14968,0.15978975145107546,-502.5690389022511,-0.42906795644080387,-3.3899394210193012,0.10208632410205114,0.008779090139346222,-0.6357702593576207,5.687425364845281e-06,0.001093961346903857,0.00015416230983690462,0.0076124324509163534,128.733333
14969,0.15589685175947296,-502.60002477666836,-0.4337416316781934,-3.5512100253074808,0.09983726094752327,0.0054765448544741,-0.6361643195424851,5.812930356315235e-06,0.001111417156354859,0.00016251121451746727,0.00807518709995951,128.741667
14970,0.15196069068910928,-502.63259772839314,-0.4367940365350304,-3.7265079332337456,0.09745846316412977,0.0021665510436828348,-0.6365529567053012,5.946291248717372e-06,0.0011299540242325939,0.00017167256710303821,0.008589130153484106,128.75
14971,0.1480007657203757,-502.66691502943826,-0.43807892396416354,-3.9167700549134583,0.09495414170473374,-0.0011480947271499684,-0.6369339883595591,6.087920059246089e-06,0.0011495653305292684,0.00018168600572008686,0.009165862011972115,128.758333
14972,0.14403551723518318,-502.703189653619,-0.43743572938204606,-4.122933046155259,0.09232665110706818,-0.0044688708404774435,-0.6373055243482241,6.2381626148269066e-06,0.0011702307707036014,0.00019257744579062141,0.009821453873646474,128.766667
14973,0.14008032533258397,-502.74148007081675,-0.4347197056962855,-4.345759858595241,0.08957598236608146,-0.007781739127018853,-0.6376661356817614,6.397257463347379e-06,0.0011919150237756893,0.00020435216760600542,0.010578125504022356,128.775
14974,0.1361467881113904,-502.7819298488548,-0.42977543695156384,-4.586015196690636,0.08669929443268866,-0.011079668769135305,-0.638014879106154,6.565283117608486e-06,0.0012145677211774849,0.00021698542542888217,0.011466471129327577,128.783333
14975,0.13226027721896857,-502.82472318002175,-0.4224072206176913,-4.844021799289591,0.08370133643193145,-0.014359168659295351,-0.6383497577589597,6.74209236595413e-06,0.0012381245045448154,0.00023041226680698968,0.012528012100514385,128.791667
14976,0.1284434745712789,-502.87001208313916,-0.41242384622868117,-5.119722974420726,0.08058456302839781,-0.017613502663203266,-0.6386692456987855,6.927231043266157e-06,0.0012625025783698036,0.0002445160031960274,0.013817479499490254,128.8
14977,0.12471835301103361,-502.91795146062674,-0.39963345613426876,-5.412556484284089,0.0773501428546061,-0.020836001983071464,-0.6389720878862656,7.119841124930629e-06,0.0012876052213765452,0.00025911656565171605,0.01540467174321985,128.808333
14978,0.121112242731464,-502.9687220593359,-0.3838319729596182,-5.721130683148134,0.07400096640349046,-0.02402295618731593,-0.6392568085076387,7.318552254306929e-06,0.0013133285687045796,0.0002739609749941567,0.017374501787452503,128.816667
14979,0.11765207106964344,-503.02241259944736,-0.3648418014811869,-6.043049410512198,0.07054054143853845,-0.027164522180225612,-0.639522191502592,7.521366946280437e-06,0.0013395695850877722,0.000288718483280934,0.01982312606899849,128.825
14980,0.11436607323266533,-503.0791658984219,-0.3424946392441608,-6.374777107177937,0.06697066182495881,-0.03025666159587296,-0.6397671276017547,7.725551001712777e-06,0.001366240257968262,0.00030298417502368214,0.02284827809511731,128.833333
14981,0.11128412739092967,-503.1390483637587,-0.31666488501162127,-6.71130325936701,0.06329450433104365,-0.033292358263485665,-0.6399905759296329,7.927548221340029e-06,0.0013932835304699008,0.0003162955279057574,0.026530773369923367,128.841667
14982,0.10843833055198719,-503.202056001889,-0.28728425243533984,-7.045949896456305,0.05951705892237243,-0.03626388596444303,-0.6401915049014544,8.12294449493388e-06,0.001420688695044781,0.0003281636173414605,0.03090607681744781,128.85
14983,0.10586068080540574,-503.26812212231675,-0.2543636208363173,-7.370419674135095,0.055643508634409346,-0.03916404798234876,-0.6403690263968806,8.306511422239034e-06,0.0014485008672403491,0.0003381191683237057,0.03592726739500441,128.858333
14984,0.10358237087435404,-503.3371450508857,-0.21800692486985065,-7.674974410707214,0.05167749139609363,-0.041988298208867084,-0.6405223902195223,8.472361282839333e-06,0.00147681855591324,0.00034576833782713285,0.041426594765696385,128.866667
14985,0.10163368990091057,-503.40894940673695,-0.17843437895082362,-7.948750192052898,0.04762212566543799,-0.044732933373501586,-0.6406509271786838,8.614237643810406e-06,0.0015057709867659374,0.0003508460138729033,0.047088928695655945,128.875
14986,0.1000420779347979,-503.4831149484947,-0.13603106834370182,-8.180418839364053,0.043487120612929676,-0.04738731827457396,-0.6407541065678322,8.725944683134758e-06,0.001535470290776262,0.00035325019834052943,0.052455189320918846,128.883333
14987,0.09883184726597227,-503.5592383186135,-0.09129816279998339,-8.359187486684613,0.039278006019716455,-0.04994767784509112,-0.6408314758163788,8.801886545884311e-06,0.0015659420867628643,0.00035304331325017806,0.05697258737958319,128.891667
14988,0.09803311276223868,-503.6367951812792,-0.04486152521771222,-8.475010553908604,0.0350057451396454,-0.052415088314606485,-0.6408820242448607,8.837649230223054e-06,0.0015970461404630032,0.00035041548155959583,0.06009040280261374,128.9
14989,0.09763547435579846,-503.71524872266383,0.0025206451121797795,-8.523195112681183,0.030665646739172964,-0.054775005355188845,-0.6409070366085922,8.830517239889266e-06,0.0016284054668858471,0.0003456212350237838,0.061382275983958706,128.908333
14990,0.09765765298832431,-503.79393545721774,0.05005877714441983,-8.499791783520145,0.026271088336282125,-0.05702892107091251,-0.6409056441904026,8.779852724167023e-06,0.0016593954801124267,0.0003389143883396719,0.06065840037329617,128.916667
14991,0.09809838640685628,-503.8721820515196,0.09693173331874423,-8.405760193953627,0.02183070743434164,-0.05917295858674453,-0.6408779087010315,8.687220820162001e-06,0.0016891537314918628,0.0003304964581159712,0.05801550626153115,128.925
14992,0.09894937051554313,-503.9493623529426,0.1423626839033099,-8.245876480658108,0.01735201476935899,-0.061204709306745465,-0.6408240037780426,8.556218858276763e-06,0.0017166730939406055,0.00032051755896830007,0.053811309925036084,128.933333
14993,0.10019651941263504,-504.02488757011906,0.18565774722168907,-8.02807502537047,0.012843785684790481,-0.06312261057878434,-0.6407441657003226,8.392069702180461e-06,0.0017409260156915469,0.00030910714480128363,0.048569470233869344,128.941667
14994,0.10182931442631708,-504.09806839339655,0.22621094270219563,-7.762030622175982,0.008327239804921472,-0.06493036073491115,-0.6406381334326468,8.201055230717899e-06,0.001760995172422243,0.0002964187172040584,0.0428554779961244,128.95
14995,0.10380182299540319,-504.1688736393033,0.26365413440882435,-7.46035213187261,0.0037844687450997953,-0.06661829020295848,-0.6405077625468343,7.989894733203496e-06,0.0017761745270734387,0.00028266591464777996,0.03716863462982195,128.958333
14996,0.10609585088475164,-504.23681068583903,0.29766689984492545,-7.13380531718418,-0.0007630699193572897,-0.06819059461655935,-0.6403530067128117,7.765201909648798e-06,0.0017860480377503319,0.00026812757033089997,0.03187071803247137,128.966667
14997,0.10868034736015528,-504.3016517916431,0.3280890057297409,-6.793055209615271,-0.005305614006191028,-0.06964783194721859,-0.6401746188666569,7.533055684945197e-06,0.0017904793177981404,0.00025313219958608517,0.0271753090425068,128.975
14998,0.11152430113396918,-504.36326751586483,0.3548754070022544,-6.4473467663335855,-0.009834006009914815,-0.0709920870902196,-0.6399733811436001,7.298720754980129e-06,0.0017895884397591414,0.00023802630018091361,0.023164890934949882,128.983333
14999,0.11459635020298088,-504.421655467692,0.37807849692319095,-6.104267480054025,-0.014342855224225362,-0.07222528763671968,-0.6397501879685618,7.066518373565719e-06,0.0017836954184421805,0.00022313932523735473,0.019827817832724994,128.991667
15000,0.11786412526741974,-504.47681464563334,0.39781172671273296,-5.769811716589542,-0.01882244079633211,-0.07334926851766009,-0.6395061479035153,6.839815183941635e-06,0.0017732560673763954,0.0002087556381607572,0.017096877657172733,129.0
15001,0.12129809561965695,-504.5288153614968,0.41423690896062265,-5.448284384311196,-0.023265033261798507,-0.07436722858053854,-0.6392423376283656,6.621094018535013e-06,0.0017588027809088713,0.00019509761105714697,0.014880631437579454,129.008333
15002,0.12487090655847694,-504.5777569143151,0.4275426581418429,-5.142589724148748,-0.02766291979139085,-0.07528328576885233,-0.6389598597943853,6.41206960874186e-06,0.0017408938492858748,0.0001823207152625645,0.013084541810507904,129.016667
15003,0.12855488875569324,-504.62376228437967,0.43793333322122974,-4.854547907989107,-0.03200827861067342,-0.07610073179388409,-0.6386600515116136,6.213821990122203e-06,0.0017200771347640892,0.00017051740172809756,0.011622731776042776,129.025
15004,0.13232332467313196,-504.66699952368253,0.44562026278852523,-4.585058207976958,-0.03629560235345961,-0.07682165092341926,-0.6383444022431778,6.026929671334502e-06,0.0016968685208139343,0.00015972629515589886,0.010422911293096276,129.033333
15005,0.13615541130591624,-504.7076013732863,0.45080315649063635,-4.334260182774864,-0.04051753690406529,-0.07745203482238507,-0.6380141253774088,5.851590392571878e-06,0.0016717398162735446,0.00014994372591940855,0.009427175906038487,129.041667
15006,0.14003399472051303,-504.74556918077684,0.4536615652455656,-4.101859455075202,-0.04465744807960288,-0.07800520856530968,-0.6376703007383205,5.6877228965094656e-06,0.0016451107174082864,0.00014113517005745726,0.00859069685110516,129.05
15007,0.14393406334214684,-504.7812380557308,0.4543966291840188,-3.887227686646512,-0.04872223717109474,-0.07847532019367455,-0.6373148989326578,5.5350500910868125e-06,0.0016173478149429828,0.00013324531642961614,0.007879491938836402,129.058333
15008,0.14783609369048453,-504.81478191574877,0.45318005826150776,-3.689505134896233,-0.05270814282691333,-0.07886412085493091,-0.6369496171578382,5.393166580358596e-06,0.0015887747332560497,0.00012620700291115738,0.007267953300470154,129.066667
15009,0.15172308678120364,-504.8463452853458,0.4501673827070966,-3.507697408082988,-0.05661027057763169,-0.07917485469253886,-0.6365761009695091,5.2615883591338706e-06,0.0015596734675704744,0.00011994727674786193,0.006736903697706663,129.075
15010,0.1555793883528109,-504.8761097634783,0.44550323572104145,-3.340736458666644,-0.060427589140269626,-0.07940800211113402,-0.6361960298111055,5.139789904285665e-06,0.0015302884817247331,0.0001143919784632285,0.006271935174253514,129.083333
15011,0.15939265478302597,-504.9041611199672,0.43931310543171265,-3.1875591502941614,-0.06415325421547849,-0.0795699435431047,-0.6358108969922671,5.027230969400351e-06,0.0015008314761425637,0.0001094689349951547,0.005862114734725316,129.091667
15012,0.1631486565087143,-504.9306672329581,0.4317177500450713,-3.0471280614982468,-0.0677867496891903,-0.0796599236837515,-0.635422509674684,4.923375041995091e-06,0.001471484323128452,0.0001051098716936911,0.005499043135357163,129.1
15013,0.16683633352665522,-504.9557338622228,0.4228230912361509,-2.9184480859615918,-0.07132440132180348,-0.07968129784506087,-0.6350324662769716,4.8277022476043866e-06,0.0014424049999905938,0.00010125166559899603,0.005176141115549939,129.108333
15014,0.17044369805626453,-504.9794971820971,0.41272839332166417,-2.800587185893162,-0.07476507747138059,-0.07963362793338494,-0.6346425617376018,4.7397171062980875e-06,0.0014137292412431269,9.783681036013714e-05,0.004888169074567425,129.116667
15015,0.17396153040269052,-505.00202715030196,0.4015208541465131,-2.692678202419835,-0.07810402124163254,-0.07952141383972783,-0.6342543805783428,4.658953353230253e-06,0.0013855744678590467,9.481357215154846e-05,0.004630870645534374,129.125
15016,0.17737785977761272,-505.0235212040033,0.3892874244665294,-2.5939151670671965,-0.08134582704550523,-0.079336845199473,-0.6338698873523475,4.584976043405017e-06,0.0013580406937320363,9.213579106859141e-05,0.004400735304198412,129.133333
15017,0.18068546545750955,-505.04403662716174,0.3761011074992466,-2.503562968471892,-0.08448641359532852,-0.07908376169928555,-0.63349058179999,4.517382399181376e-06,0.0013312146117093885,8.976263470898666e-05,0.004194812451455356,129.141667
15018,0.18387738611655888,-505.06365226245924,0.3620306499625717,-2.420950971125257,-0.08752394504276069,-0.07876360838913923,-0.6331179714031772,4.455800991593362e-06,0.0013051684934172682,8.765811086376898e-05,0.004010602682550639,129.15
15019,0.18694410833071506,-505.08247802551324,0.3471421993751613,-2.345480306600842,-0.0904581487656634,-0.07837306807682404,-0.6327539001840405,4.399890531134229e-06,0.0012799619579525274,8.579065156380653e-05,0.003845965300307272,129.158333
15020,0.18987959811993757,-505.10058434389236,0.3314954952526429,-2.276601625771339,-0.09328751815600039,-0.07791278173706041,-0.6323998340245569,4.3493383289768926e-06,0.0012556450996885355,8.41326987844522e-05,0.003699047987681441,129.166667
15021,0.19267688777723363,-505.11807094793863,0.3151480687051244,-2.21382342063688,-0.09601261225268759,-0.07737943336522567,-0.6320573662702553,4.303858190912832e-06,0.001232257744590162,8.266024946749062e-05,0.0035682437518395975,129.175
15022,0.1953315872160447,-505.1349576781131,0.2981513643664734,-2.156702714926549,-0.09862924476737416,-0.07677756672533305,-0.6317277815644603,4.263188437841615e-06,0.0012098313527846966,8.135247440026457e-05,0.003452151278134604,129.183333
15023,0.19783783390204596,-505.1513160996656,0.28055624006226404,-2.104845540704274,-0.1011367283244434,-0.07610569514371465,-0.6314125418666624,4.227089780248598e-06,0.0011883888152682822,8.019134484856971e-05,0.003349549648610445,129.191667
15024,0.2001874394623981,-505.16747802819543,0.2624196149332089,-2.057904532181835,-0.10355288959374802,-0.0753338214917017,-0.6311134027036991,4.195343417005745e-06,0.0011679464945062623,7.916132758305002e-05,0.00325937210049495,129.2
15025,0.20238254526049318,-505.1829549781792,0.24377038041262106,-2.015552318634103,-0.10583887919180514,-0.07451955663369539,-0.6308307855570621,4.16774924358795e-06,0.0011485163751443687,7.824910702635829e-05,0.003180681688961541,129.208333
15026,0.2044152908891662,-505.1981040297469,0.2246622900404117,-1.9775201016559425,-0.10801493343819298,-0.07362982272863061,-0.6305663613255097,4.144123858423347e-06,0.001130101776989766,7.74432970154251e-05,0.0031126761201524015,129.216667
15027,0.20628247005596867,-505.21293554568706,0.20513702831345856,-1.9435601127081505,-0.11007744678210378,-0.07266828975578836,-0.6303211784875247,4.124299278047139e-06,0.001112703633621234,7.673427356132474e-05,0.003054653470046161,129.225
15028,0.20797775415175743,-505.22776390262834,0.18524402028587267,-1.9134771880229797,-0.11204310555914078,-0.07160341500099836,-0.6300966641181797,4.108121424994682e-06,0.0010963188605008823,7.611396883886532e-05,0.0030060102811008908,129.233333
15029,0.20950340880022736,-505.2421262383022,0.16500921250853076,-1.887042814479192,-0.11387715150562133,-0.07049277946582819,-0.6298930663883735,4.0954489767857395e-06,0.0010809426231093366,7.557571574525863e-05,0.0029662268067026784,129.241667
15030,0.21085287566245223,-505.2565764254036,0.14448698850854952,-1.8641399350947723,-0.11561289500722255,-0.06927677788778928,-0.629711758846486,4.086152145741265e-06,0.0010665650710772222,7.511410839878085e-05,0.0029348732832980666,129.25
15031,0.21202554324041162,-505.2708856559062,0.12370854460489733,-1.8446056705531315,-0.11723103754114593,-0.06798582060656601,-0.629553273924835,4.080111939136421e-06,0.001053176259135157,7.472489879737177e-05,0.0029115858430529096,129.258333
15032,0.21302113354588492,-505.2848322632712,0.10270449184563546,-1.8282906797221277,-0.11871424935313332,-0.066651098598823,-0.6294180413144289,4.0772193449946085e-06,0.0010407639936741884,7.440490323129622e-05,0.0028960738469248465,129.266667
15033,0.21383716087751284,-505.29868658979746,0.08151931161922915,-1.8151247806375639,-0.12007749670276914,-0.0652452472085809,-0.6293067337779628,4.077374711785049e-06,0.0010293144216707592,7.415192708012158e-05,0.0028881149167727105,129.275
15034,0.21446919121141597,-505.3128028222745,0.06019936859878037,-1.8050815083985967,-0.12133862344391377,-0.06372869082684635,-0.6292202357698236,4.080487331364232e-06,0.0010188135565324104,7.396470996379173e-05,0.0028875440552406572,129.283333
15035,0.21491848844701802,-505.32686515930396,0.03877181706678552,-1.7980521777786342,-0.12247486861747896,-0.062144056301158344,-0.6291585932811932,4.086475211867488e-06,0.0010092484951910354,7.3842889947975e-05,0.002894249560463754,129.291667
15036,0.21518473418847778,-505.34089898918245,0.01727334326904169,-1.7939950035338192,-0.12348532456579185,-0.06049289227211513,-0.6291220050812365,4.0952648688343525e-06,0.0010006054454236117,7.378696144851119e-05,0.0029081806340340646,129.3
15037,0.2152689466887088,-505.3546925472118,-0.0042670031090438635,-1.7928410963362167,-0.12435585746971149,-0.058806538302585365,-0.6291104230910813,4.106791280876656e-06,0.0009928708908783703,7.379826520898257e-05,0.002929340869466783,129.308333
15038,0.21517026932771643,-505.3684862119161,-0.025806465810591754,-1.7946224200482122,-0.12509867763507093,-0.05705991298569683,-0.6291239940266318,4.120997951664341e-06,0.0009860314975011003,7.387897177560848e-05,0.0029577910621133097,129.316667
15039,0.21488754942910893,-505.38216425343296,-0.04731450051179954,-1.7993217971528974,-0.12570459254153896,-0.05527192955337349,-0.629162842111176,4.1378371452862564e-06,0.0009800752098903364,7.40321156115646e-05,0.0029936420105003514,129.325
15040,0.21442167767212075,-505.3966560889009,-0.0687221538010035,-1.8071665661072,-0.1262223442043461,-0.05333041581981538,-0.629226747085695,4.157270249885986e-06,0.0009749916722736346,7.426158952781955e-05,0.003037060979112072,129.333333
15041,0.21377424093803632,-505.4112804991111,-0.09001630142258216,-1.8180515045386487,-0.12661117573093936,-0.05132579202661796,-0.6293153310772507,4.179268379437591e-06,0.0009707715496537776,7.457231253675677e-05,0.003088251872779191,129.341667
15042,0.21294396479289623,-505.4261565044367,-0.11115786107926698,-1.8320691148261112,-0.12687352060459706,-0.049247623912232544,-0.629428545574789,4.203813036401795e-06,0.0009674067521499457,7.497010729526079e-05,0.003147485399554333,129.35
15043,0.21193400206814297,-505.4412493654956,-0.13211015832757422,-1.8492883713731076,-0.12700624050385434,-0.04710611600262666,-0.6295656767837842,4.23089677822603e-06,0.0009648916938991166,7.546183929582373e-05,0.0032150874956521644,129.358333
15044,0.2107474663110182,-505.45657052792956,-0.1528347311351338,-1.8698087563200156,-0.12700865870393616,-0.044905740847815345,-0.6297259624067726,4.260524094335007e-06,0.0009632218202120596,7.605548580032375e-05,0.003291442463797107,129.366667
15045,0.2093845511644447,-505.4722067103374,-0.17329192515697653,-1.8937761865406149,-0.12688159052042142,-0.04264095331222752,-0.6299089805389606,4.292712407978239e-06,0.0009623939254259359,7.676024371405382e-05,0.0033769940742567925,129.375
15046,0.20784901749464468,-505.4881512768418,-0.19344255398235016,-1.9213279446596694,-0.12662352352408895,-0.04031903000067018,-0.6301137768579177,4.3274932548866825e-06,0.0009624074664901576,7.758665437615928e-05,0.003472247870875865,129.383333
15047,0.20613671289023527,-505.50436705189765,-0.21325492242837035,-1.9526240850772303,-0.12622720620457947,-0.037949818387137846,-0.6303403972253165,4.364913590042653e-06,0.0009632634197756725,7.854673288087764e-05,0.003577773899128813,129.391667
15048,0.20426100403605235,-505.5208402018646,-0.23268111843099287,-1.9878327634305386,-0.12569725850298202,-0.03554362481020047,-0.6305865227042093,4.4050372373638714e-06,0.0009649673687082253,7.965405920153309e-05,0.003694218085859776,129.4
15049,0.20222327733231615,-505.53787855444256,-0.25166796184376933,-2.027277883993558,-0.12504207105750373,-0.033068301979137654,-0.6308513933929819,4.447946424233111e-06,0.000967523215169181,8.092406430444983e-05,0.0038222897751692114,129.408333
15050,0.2000248366798268,-505.55518000822957,-0.2701898834526851,-2.0710946217588,-0.12424842579885259,-0.03056864298263236,-0.6311342166518208,4.49374360766166e-06,0.0009709379080203057,8.237433457147294e-05,0.003962761663151931,129.416667
15051,0.19767131807344404,-505.57296188257595,-0.2881916455028898,-2.1196349118399587,-0.12332352204009744,-0.028025316469532782,-0.6314336095144193,4.542553382924849e-06,0.0009752216422021228,8.402455517119044e-05,0.0041164973588622,129.425
15052,0.19516731335326418,-505.591285361632,-0.30562474376164644,-2.1732305171315183,-0.12226796236720242,-0.02543887514587802,-0.6317483056454405,4.594524490489512e-06,0.000980386317338097,8.589705711554829e-05,0.004284428882346095,129.433333
15053,0.1925181842829042,-505.6101949560596,-0.32243907202607897,-2.232243296558888,-0.12108203689876468,-0.022812486396264195,-0.6320769284516454,4.649832093526444e-06,0.0009864460873965219,8.801704367552225e-05,0.004467565478935537,129.441667
15054,0.18973227129792627,-505.6298931453374,-0.3385701770573459,-2.2971428454992844,-0.11977086052775707,-0.020131158409694778,-0.6324177338638792,4.708680121416915e-06,0.0009934171766279008,9.0412916728641e-05,0.004666995437213105,129.45
15055,0.18681258855379293,-505.6502626694076,-0.35397537204021534,-2.3683065165907617,-0.1183287651150126,-0.017418491779736527,-0.6327696359390798,4.771303763994798e-06,0.0010013168375509183,9.311681420421979e-05,0.004883871192900043,129.458333
15056,0.1837656852164454,-505.67136381088534,-0.36859575472632417,-2.4462326870849704,-0.11675646529921926,-0.014677384898155734,-0.6331311198001435,4.83797194985182e-06,0.0010101653496207424,9.616464487861338e-05,0.005119443447867479,129.466667
15057,0.18059911245985757,-505.6932572255109,-0.38236825460855356,-2.5314681712103604,-0.11505501597622453,-0.011911359243863443,-0.6335005726087977,4.908989698610651e-06,0.0010199845857762964,9.959662753725293e-05,0.005375052443097722,129.475
15058,0.17732011051328367,-505.71599774393127,-0.39522723041494284,-2.6246105259007475,-0.1132249628779249,-0.009125173304586407,-0.6338764482684728,4.9847003642758125e-06,0.0010307974797069863,0.00010345765621913736,0.005652138695034083,129.483333
15059,0.1739375221492658,-505.73962679420623,-0.40710230131514397,-2.7263000763723912,-0.11126762374598873,-0.00632573856989074,-0.6342570564159823,5.065487530450751e-06,0.001042627852045313,0.0001077975795655992,0.0059522688257839145,129.491667
15060,0.17045868646320791,-505.7642804578352,-0.417913697846613,-2.837295718015965,-0.10918374151326178,-0.003510021235768187,-0.6346409244731148,5.151776288119904e-06,0.0010554993767205563,0.00011267139002254335,0.0062771767360962375,129.5
15061,0.16688734146639875,-505.7901944091328,-0.4275726354308353,-2.9585051482334017,-0.10697086204189654,-0.000665668886281334,-0.635027010634152,5.244033659332254e-06,0.0010694354711676306,0.00011813935467447165,0.006628830988034353,129.508333
15062,0.1632491402303901,-505.8170355527853,-0.4360001922080387,-3.090429323107712,-0.1046396283906759,0.002157799627991932,-0.6354119960679266,5.3427679295165935e-06,0.0010844596904754904,0.00012426687656881427,0.007009556172579696,129.516667
15063,0.1595368848124206,-505.84509665091207,-0.4431095312905522,-3.2341699574450944,-0.10218115861833323,0.004978052600668754,-0.6357961485348272,5.448525171174292e-06,0.0011005865277092931,0.0001311231948384854,0.007422238065486968,129.525
15064,0.15577684820822277,-505.8746499678653,-0.4487545440177867,-3.3907132301148097,-0.09960542273412762,0.007808341591838994,-0.6361763137995166,5.561883286052176e-06,0.0011178322424214336,0.00013878053094452673,0.007870691692934579,129.533333
15065,0.15198409137968552,-505.9055674946767,-0.4528357783904401,-3.5608159287922962,-0.09691723253839121,0.010620753093664542,-0.6365506753722149,5.6834425146162854e-06,0.0011362001820867545,0.00014731288566606577,0.00835997531535506,129.541667
15066,0.14816740075749085,-505.9380457213422,-0.45522621353964043,-3.7455196220527895,-0.0941153501078237,0.01341925943985035,-0.6369181556732135,5.813809752795568e-06,0.0011556830548753645,0.0001567915493403814,0.008897247163506603,129.55
15067,0.14434068204967604,-505.972234587779,-0.4557853088280448,-3.9457821908469617,-0.09120123851634075,0.016202050567465136,-0.6372772868434077,5.953576174568508e-06,0.0011762627609198913,0.00016728105698826426,0.009492792725683447,129.558333
15068,0.140511006270848,-506.00821332933185,-0.4543840747299479,-4.162532619913437,-0.08817272359883764,0.01895897514189116,-0.63762735257416,6.103286111318224e-06,0.0011979056659709429,0.00017883264187587894,0.010161495138776162,129.566667
15069,0.13671753158385216,-506.0461817306245,-0.45081129291711913,-4.396267752348976,-0.08504511542836009,0.0216942507396567,-0.6379648897099447,6.263394619896663e-06,0.001220562684269575,0.000191475032062852,0.010924985372952308,129.575
15070,0.13296799137078458,-506.0862779120252,-0.44491440888490574,-4.647561291642531,-0.08181426499718686,0.02440201028755556,-0.6382894959286861,6.434208852134451e-06,0.0012441541708622743,0.00020520439986616065,0.011813771754465236,129.583333
15071,0.12927841658090888,-506.1286788957652,-0.4365136036585163,-4.916642563546481,-0.07847961387300097,0.02707969252798279,-0.638600151217438,6.615813222266681e-06,0.0012685815705603199,0.00021997013338213565,0.012870593788060037,129.591667
15072,0.1256837383895131,-506.1733630317113,-0.4254148301586265,-5.202716258269904,-0.07505675583362001,0.02971313761764503,-0.6388944557066114,6.807977657657703e-06,0.001293724772344775,0.00023565983488615705,0.014153512896052173,129.6
15073,0.12219398911576562,-506.2206598063071,-0.4114288033685105,-5.505179540636681,-0.0715356347574652,0.03231056449718793,-0.639172271815447,7.010043404545517e-06,0.0013194382541570678,0.0002520827642176438,0.01573801482471693,129.608333
15074,0.11884323998927289,-506.2705578805186,-0.3943706348476209,-5.8217689973091025,-0.067929198903016,0.03486031175362429,-0.639431697116146,7.220794036881706e-06,0.0013455693603419713,0.0002689587151417152,0.017717656395346178,129.616667
15075,0.1156639215168553,-506.32304096109226,-0.37408027248986503,-6.149121688753561,-0.06424908883400342,0.037353817240273285,-0.6396712121063294,7.4383161560112945e-06,0.00137196126307932,0.0002859085891397933,0.02019961471052667,129.625
15076,0.11267837320988063,-506.3783098826569,-0.3504136346621553,-6.48316380917673,-0.060491788834769036,0.03979614924704024,-0.6398902426703169,7.659858670800332e-06,0.0013984722771496062,0.00030245903940125096,0.0232931710600315,129.633333
15077,0.10991059291286369,-506.43646729013494,-0.32327699702478685,-6.818396824615428,-0.056655641138429864,0.042187016365537996,-0.6400882022451025,7.88172011649036e-06,0.0014250024047552982,0.0003180659783520623,0.027088582345705565,129.641667
15078,0.10740237591162664,-506.49718617935554,-0.29267186540289586,-7.146727967242023,-0.05276394780186159,0.04451186245694195,-0.640263361898037,8.099194540300864e-06,0.0014515147428162446,0.000332155462072325,0.031624918028845324,129.65
15079,0.10517675367708762,-506.5604826608863,-0.25865734135601326,-7.459784421157528,-0.0488137188203972,0.04677425691229736,-0.6404154139472485,8.306600725967998e-06,0.0014780440837019403,0.0003441806127695123,0.036848240390971246,129.658333
15080,0.10326235849704506,-506.6261896081912,-0.22140046069877264,-7.747693335969148,-0.04480950764784095,0.048973802197527984,-0.6405436654894618,8.497439687360389e-06,0.0015047064484068765,0.00035369983364947575,0.04257204236642279,129.666667
15081,0.10167821414940423,-506.6941776258293,-0.18117790149736004,-8.00054095381835,-0.04074633093998546,0.05111131873194252,-0.6406480174701323,8.664711948309792e-06,0.0015316734454445665,0.00036044221473897046,0.04845290119912872,129.675
15082,0.1004560875385436,-506.763879810144,-0.1384319658869356,-8.20736018781483,-0.036643435700690674,0.053180256991855177,-0.6407274237632798,8.801394159068255e-06,0.0015591244223596293,0.00036434960908328205,0.05400231603220094,129.683333
15083,0.09961434797370555,-506.8348461034245,-0.09371165922114606,-8.358949062953059,-0.03250660402992892,0.055179959367052674,-0.6407815582979054,8.901032488639183e-06,0.0015871630798965227,0.0003655679632009603,0.05864584857145347,129.691667
15084,0.09916233788978655,-506.9065526655063,-0.04767732155996283,-8.448475142251423,-0.028340933476786866,0.05710764370078702,-0.6408104409235296,8.95837844005681e-06,0.0016157356080973928,0.00036439795021221406,0.06182855848384389,129.7
15085,0.09911180632138913,-506.97843574087346,-0.001050768388465185,-8.471353651957504,-0.024153930642387522,0.05896567931197508,-0.6408136616628894,8.969975067600157e-06,0.001644559514931149,0.0003612051286093188,0.06313954842125831,129.708333
15086,0.09946430689040425,-507.049863953869,0.04539552957195087,-8.426688548842153,-0.019954594475326316,0.06075373145814293,-0.6407911601678329,8.934565441398937e-06,0.0016730860600916615,0.0003563240138917425,0.062412167835172054,129.716667
15087,0.10020791191083016,-507.120278142312,0.09091078389909596,-8.317654787896242,-0.015747222557989493,0.06246913048906057,-0.6407434317990703,8.853238014564824e-06,0.0017005262461460067,0.0003499957240389621,0.05976477226765614,129.725
15088,0.10133720050842278,-507.189155688928,0.13481000812463978,-8.149561199283605,-0.011538717681331336,0.06411688477309964,-0.6406702706987921,8.72929099640307e-06,0.0017259349670187666,0.0003423522930523679,0.05556314147456426,129.733333
15089,0.1028296487716291,-507.2559598272095,0.17648054292159282,-7.931089006644691,-0.0073390415124871145,0.06569431210529685,-0.6405723288612223,8.567833216372804e-06,0.0017483220211186622,0.00033344912323154507,0.05032436596790751,129.741667
15090,0.10466694274217636,-507.3203258838643,0.21544741235322712,-7.671736335265247,-0.0031534368611125818,0.06720584681982775,-0.6404497971466561,8.375217886727495e-06,0.001766785417900478,0.00032332297400660114,0.04459880355619171,129.75
15091,0.1068186554543642,-507.3819759900626,0.2513620543817372,-7.382164509644523,0.0010135179849474233,0.06865021504747748,-0.6403035478827439,8.15841799102165e-06,0.0017806101422788339,0.0003120471461785772,0.03887009172441732,129.758333
15092,0.10926159348504684,-507.440684353048,0.2839925120797087,-7.0721158144305445,0.005154604899518424,0.07003226994737653,-0.6401339109048573,7.924448086712465e-06,0.0017893371665178587,0.0002997628519515542,0.03349539673717625,129.766667
15093,0.11196387160410012,-507.4963372147521,0.3132257163414843,-6.750908564281349,0.00926481628881182,0.0713522870426955,-0.6399418153151983,7.679897882295311e-06,0.0017927746540367464,0.0002866837285956523,0.028691408205941998,129.775
15094,0.1148927343461985,-507.5489399414533,0.3390520609591554,-6.426514018747839,0.013342277483133236,0.07260959410609713,-0.6397283354294313,7.430614983936122e-06,0.0017909822353376556,0.00027307625708033345,0.02455036058076436,129.783333
15095,0.11802528608405818,-507.59843489299783,0.36151113086988135,-6.105046701386185,0.017377441259977502,0.07381086361809085,-0.6394939355640581,7.1815355017104045e-06,0.0017842250530277276,0.00025922925017380716,0.021072954513157296,129.791667
15096,0.1213267372486621,-507.6449028356587,0.3807203568008272,-5.791754241937962,0.021365941781630086,0.07495396346192129,-0.6392401055699909,6.936630715931403e-06,0.0017729102688685953,0.0002454242171090309,0.01820411103384602,129.8
15097,0.12476978399623699,-507.6884845007618,0.39683321867379084,-5.490200707161061,0.025306086276454805,0.07603980383276349,-0.6389679670425142,6.698948268713045e-06,0.0017575405525929498,0.00023191082976881518,0.015861082149493822,129.808333
15098,0.12833179719772325,-507.72927841458846,0.41001361669108577,-5.20274556340183,0.029192129029560837,0.07707246670001129,-0.6386784536490152,6.47070618700457e-06,0.0017386608093628829,0.00021889296049667505,0.013954378416980079,129.816667
15099,0.13198625776799447,-507.7674645785516,0.42044909458409296,-4.930971923544339,0.03302246990998257,0.07805085585928927,-0.6383730046428003,6.253412872397059e-06,0.0017168186718116202,0.00020652339216348226,0.012400022365072124,129.825
15100,0.13571095357899346,-507.80317707746934,0.4283213488366033,-4.675649077144835,0.03679204584577441,0.07897682615220777,-0.6380529123586902,6.04799654098084e-06,0.0016925427158823742,0.00019490518588328364,0.011125181392521801,129.833333
15101,0.1394845529320643,-507.83660557607226,0.4338146111505901,-4.436972526312692,0.040499927076551874,0.07984981272729502,-0.6377195904080492,5.85492738032261e-06,0.001666324060813238,0.00018409728931293408,0.010070037401020948,129.841667
15102,0.1432866327100634,-507.86788946370166,0.4371016023173742,-4.214763101117253,0.044141284362297355,0.08067043460362502,-0.6373745685793473,5.674326620775725e-06,0.0016386083328325132,0.00017412238862906946,0.009187146050973686,129.85
15103,0.14709936082951863,-507.89722223942454,0.4383493023806075,-4.008492860897196,0.04771643641181186,0.08143727750642898,-0.6370193279677614,5.50605914461964e-06,0.0016097930689154044,0.00016497501252181771,0.008439769647113318,129.858333
15104,0.15090508550259144,-507.9248164531188,0.4377159902395468,-3.81745941795781,0.05122765665592779,0.08214625789793342,-0.6366555051068895,5.3498088278057485e-06,0.0015802273582063162,0.0001566292859393918,0.007799877714761446,129.866667
15105,0.15468844511278632,-507.95079363193156,0.4353407809391873,-3.6408646612457995,0.054670904227529384,0.082797405578106,-0.636284680419448,5.20513851917955e-06,0.0015502154652867924,0.00014904552587013167,0.007246233060703353,129.875
15106,0.15843570609403812,-507.9753091126296,0.43135441311101513,-3.47782823609882,0.0580458676465997,0.0833887050736052,-0.6359084161978836,5.071536080336931e-06,0.0015200199201111171,0.00014217544374637954,0.006762786879861541,129.883333
15107,0.16213420986148325,-507.99846927831675,0.42587422602180114,-3.3274716034340766,0.061349011491515816,0.08392021072113265,-0.635528291815191,4.948449028206356e-06,0.001489865472615758,0.00013596631505601636,0.0063373591471211355,129.891667
15108,0.16577383243240554,-508.02039250595266,0.4190080232564356,-3.188901063737248,0.06457919515710703,0.08439158152176102,-0.6351457322513601,4.835309958910038e-06,0.0014599434317483508,0.00013036398355162552,0.005960630933632262,129.9
15109,0.1693402226744004,-508.04124428565564,0.41086132140009723,-3.0613023527775813,0.06773810722012666,0.08479602128412292,-0.6347627086404944,4.731554472788185e-06,0.0014304146881070111,0.00012531503032066655,0.005625387930014888,129.908333
15110,0.17282406807938944,-508.06110037044397,0.40152379661614124,-2.943871738631029,0.0708222030433898,0.08513393181300576,-0.6343807546624813,4.636634084621291e-06,0.0014014168864890137,0.00012076827893660804,0.005325943903967395,129.916667
15111,0.17621505386422542,-508.08041006661,0.3910981120284168,-2.835782317449335,0.07385980562272636,0.08537698518392771,-0.634001586898863,4.550024018839058e-06,0.0013730646170794145,0.00011667559663394531,0.005057761833189754,129.925
15112,0.1795076355423811,-508.0988388025684,0.37963845354195525,-2.7364130155668267,0.0768147714483688,0.08555425236298991,-0.6336264463119771,4.47122821453622e-06,0.0013454533688272955,0.00011299257494203526,0.0048171362624320375,129.933333
15113,0.18269156566801953,-508.1165129770831,0.3672207485524548,-2.645130899883876,0.07968851576405703,0.08565998245644126,-0.6332571519824185,4.399781669771698e-06,0.0013186596614017576,0.00010967838229099776,0.004601041320582089,129.941667
15114,0.18576022711097664,-508.13345667028346,0.35391002268885985,-2.5613438915896998,0.08247553548821274,0.08569728801919316,-0.6328951520971606,4.335251720611554e-06,0.0012927466059329715,0.00010669605174229108,0.004406937092913955,129.95
15115,0.1887062837916653,-508.14973964919534,0.339769790730936,-2.4845123456129086,0.08517422213363873,0.08566488517895653,-0.6325420080968582,4.2772375911859364e-06,0.0012677638251978008,0.00010401232096214626,0.004232674193116748,129.958333
15116,0.1915223678629407,-508.16553304170367,0.3248640484822254,-2.4141367739553607,0.08779187087713229,0.08555191506988497,-0.6321993118564494,4.225369403337957e-06,0.0012437499359152365,0.00010159747024589323,0.0040764112540002265,129.966667
15117,0.19420368945920552,-508.1808205974853,0.3092452797600693,-2.349770312133,0.09032108774077373,0.0853638962757462,-0.6318683557497932,4.179306648766543e-06,0.0012207342705076948,9.942510148852629e-05,0.003936554586868171,129.975
15118,0.19674441368011392,-508.19576874445187,0.2929707222955706,-2.291003571074847,0.09276979539910717,0.0850891626109807,-0.6315505618268183,4.1387362745366826e-06,0.001198737016447813,9.747184743782944e-05,0.003811724615666826,129.983333
15119,0.19913834586258336,-508.2104206778654,0.2760903797666595,-2.2374840776481095,0.09513529190491503,0.08472609427711189,-0.6312473982985694,4.103370783459198e-06,0.0011777712773970693,9.57171440680803e-05,0.0037007159253133214,129.991667
15120,0.20138074491072327,-508.22479618698196,0.258651319088839,-2.1888880873811667,0.09741365463218728,0.08427567970957338,-0.6309601432552538,4.072946290410664e-06,0.0011578445253587065,9.414296950997733e-05,0.0036024756765761527,130.0
15121,0.20346708231113242,-508.23881022244166,0.24069520123916952,-2.144926412652392,0.09959239091790756,0.08374934883048617,-0.6306900307740121,4.047220573484205e-06,0.0011389589291043922,9.273360626121561e-05,0.0035160851761619908,130.008333
15122,0.20539482383971613,-508.2527980751783,0.22227718167940458,-2.1053289536349133,0.10169527695116738,0.08311737192165951,-0.6304380110737787,4.025971263504029e-06,0.00112111232004844,9.147542837257851e-05,0.003440745798779062,130.016667
15123,0.20715875251022012,-508.26669461987996,0.20343657525614472,-2.0698778582287534,0.10371104241533606,0.08238776343025395,-0.6302053544631979,4.008994108285352e-06,0.0011042981214600522,9.035670764365767e-05,0.003375757878226921,130.025
15124,0.20875684731072583,-508.28044297012116,0.18421244021478872,-2.0383597030885627,0.10563089018641365,0.08156961218995902,-0.6299928778022856,3.996101526025584e-06,0.0010885076575255653,8.936744599131228e-05,0.0033205173471607986,130.033333
15125,0.21018433400468575,-508.29411580133115,0.16464676364410008,-2.0106085438088432,0.10745539354756012,0.08065754414524734,-0.6298017240735345,3.987121179602141e-06,0.0010737293341405866,8.849921749234048e-05,0.003274507555178374,130.041667
15126,0.21144049476357568,-508.3075639100919,0.14477401979377733,-1.986444494977766,0.10916929855162888,0.07967153629453393,-0.6296324509062522,3.981894850301824e-06,0.0010599506703751092,8.774503964758196e-05,0.003237288261680812,130.05
15127,0.2125232117749876,-508.32110693548816,0.12464370946312636,-1.9657568469454079,0.11079423930017201,0.0785801261200033,-0.6294857528116586,3.980277339460209e-06,0.0010471570498424196,8.709925504593363e-05,0.0032084946077153343,130.058333
15128,0.21342995990346475,-508.33465189935276,0.10429033129751644,-1.9484266174466136,0.11231836665947859,0.07739609758837337,-0.6293623290800284,3.982135636654418e-06,0.0010353329961590293,8.655743423875826e-05,0.0031878228332120418,130.066667
15129,0.2141577512113787,-508.3481122077843,0.08374768246913783,-1.9343541810876401,0.11373053955813572,0.07613207118356795,-0.6292628900428783,3.987348247159943e-06,0.0010244629346853017,8.611630346823207e-05,0.0031750335564057785,130.075
15130,0.21470641215126454,-508.3617381563779,0.06306231813285178,-1.9234882625480285,0.11504679782898469,0.0747634822809976,-0.6291877054603942,3.99580466662435e-06,0.0010145318169454778,8.57736742645323e-05,0.003169948323170679,130.083333
15131,0.2150742482395183,-508.37546210141863,0.04226845498471764,-1.9157651658494443,0.11625774664530163,0.07330102617276567,-0.6291371937685583,4.007404964945045e-06,0.0010055242742650506,8.552839379793587e-05,0.003172440667091433,130.091667
15132,0.21526055139952435,-508.3892757058926,0.021402515516331832,-1.9111417573803802,0.11735917414772638,0.0717492818540095,-0.6291115779198453,4.022059576865049e-06,0.0009974257465551243,8.538031041280253e-05,0.003182439817732586,130.1
15133,0.21526621694933865,-508.4032266216334,0.0005036485160057701,-1.9095949534518646,0.11835175597138081,0.07010690145689846,-0.6291107985900445,4.039689191335812e-06,0.0009902224026885603,8.533024724773516e-05,0.0031999280880909923,130.108333
15134,0.2150900239185204,-508.4173309756872,-0.020391694616519344,-1.9111256793854476,0.11923260611764089,0.06837556556354481,-0.6291350255297037,4.060224766271293e-06,0.0009839008393745339,8.537999513443429e-05,0.0032249384254297154,130.116667
15135,0.2147320114764418,-508.43158792557,-0.04124706502586589,-1.9157432788197504,0.11999830742343835,0.06655952458707358,-0.6291841928865131,4.0836077186041365e-06,0.0009784492755034848,8.553231487638693e-05,0.0032575549845520755,130.125
15136,0.21419302558307354,-508.4460463367762,-0.062023565719157556,-1.9234824752288446,0.12064915497244112,0.06465744735457392,-0.6292580619920785,4.1097902104094336e-06,0.0009738572862590842,8.57909474532125e-05,0.0032979133405369133,130.133333
15137,0.21347453999981308,-508.4607178586578,-0.08268333675700122,-1.934386003467281,0.12118314221046243,0.06267273960512085,-0.6293562476295819,4.138735558833629e-06,0.0009701157419110974,8.616064708629773e-05,0.003346199555008074,130.141667
15138,0.21257595583701724,-508.47565118608065,-0.10318852026060138,-1.9485351882718347,0.1215993082343685,0.06060386644267486,-0.6294785876303669,4.170418766447875e-06,0.0009672168343209171,8.664721890757738e-05,0.0034026515722696284,130.15
15139,0.2114999710032044,-508.49086280856295,-0.12349975954253127,-1.9660082161853893,0.12189629734431531,0.058454304414600616,-0.629624411586107,4.204827200654828e-06,0.0009651550901791483,8.725757692849369e-05,0.0034675606102411573,130.158333
15140,0.21024862706810307,-508.5063265506357,-0.14358014023667975,-1.9868945161847784,0.12206991455017657,0.05623272572306172,-0.629793084429694,4.241961352495108e-06,0.0009639262970903298,8.799980826604647e-05,0.0035412719636214464,130.166667
15141,0.20882254461840194,-508.5221603141549,-0.1633870484363658,-2.0113543146400814,0.12212323489130196,0.053930058519613924,-0.6299841085009645,4.2818357163253e-06,0.0009635280044090358,8.888324274895604e-05,0.0036241887709357857,130.175
15142,0.20722295392861126,-508.5382228053965,-0.1828893601379342,-2.03948870115951,0.12204528593109974,0.0515692905081528,-0.6301968495117077,4.324479813506294e-06,0.0009639602126615054,8.991858833156374e-05,0.0037167709127753283,130.183333
15143,0.20545623554015238,-508.55478882458743,-0.20203004491571902,-2.071533650383366,0.12184998584113506,0.049124121485979576,-0.6304299440181644,4.369939307508619e-06,0.0009652253181477162,9.111795264797838e-05,0.003819546979472115,130.191667
15144,0.20352349471172151,-508.5717916221785,-0.22077345040999793,-2.107664901604025,0.12152969241125663,0.046608928563490186,-0.6306826890890449,4.41827719758135e-06,0.0009673263307565936,9.249514494157579e-05,0.003933097152308273,130.2
15145,0.20142743290295362,-508.5892493557441,-0.23907748218997182,-2.148106892730315,0.12108218599608125,0.04402844939117264,-0.6309541287246002,4.4695751822956665e-06,0.000970269095872552,9.40656866492244e-05,0.0040580738633998045,130.208333
15146,0.19917438173919633,-508.6071891815896,-0.25689494212161984,-2.1931001101216014,0.12050772560683176,0.04138742788566853,-0.6312428071337345,4.523935071799325e-06,0.0009740617895807443,9.584700208545427e-05,0.004195201988182855,130.216667
15147,0.19676638571457217,-508.62568184198767,-0.27417971791045986,-2.2429553512951115,0.11980559822735816,0.03868478970824038,-0.6315477957800297,4.58148024760328e-06,0.0009787137330189556,9.785861609377015e-05,0.004345278909277114,130.225
15148,0.1942087665589284,-508.6446979852603,-0.29088676450805817,-2.2979622851331696,0.11897286228924658,0.03593256330382203,-0.6318677247724565,4.642357219238786e-06,0.0009842370922134754,0.00010012235964507246,0.004509183323208869,130.233333
15149,0.1915070894203937,-508.664376399325,-0.3069589228191055,-2.3585194695295932,0.11801285256960715,0.033123125196258436,-0.6322011846569233,4.706737178983507e-06,0.0009906457547723875,0.00010266251130007411,0.0046878847673392,130.241667
15150,0.1886660228730764,-508.6847585309489,-0.32234409267625536,-2.425030792716108,0.11692410244440535,0.03026091042636116,-0.6325468711832649,4.774817526767185e-06,0.000997955280489018,0.0001055061409346366,0.004882441872961073,130.25
15151,0.1856915578267634,-508.70585197001844,-0.33698899153596584,-2.4979212780483566,0.11570482148352582,0.027355018534309505,-0.6329033179897646,4.846823346401313e-06,0.001006183255788384,0.0001086832373648964,0.005094023236011267,130.258333
15152,0.1825872643245628,-508.72769610866715,-0.3508391949966327,-2.577692142748494,0.11435273348712673,0.024410934487214448,-0.633269351301232,4.923008652707638e-06,0.0010153487628775525,0.00011222685539489059,0.005323928561362837,130.266667
15153,0.17936660563643966,-508.75046169358814,-0.36381453108047895,-2.6649095090078965,0.11287441107259193,0.021421140231501455,-0.6336426554077605,5.003657344473222e-06,0.0010254731338382901,0.00011617324915621457,0.005573623482006053,130.275
15154,0.17603497537269722,-508.7741786971135,-0.37585267631531427,-2.7601631974999807,0.11126724404585128,0.01839390779996807,-0.6340219059577415,5.089083627878217e-06,0.0010365760780082604,0.00012056221625521239,0.005844742928557864,130.283333
15155,0.17259733247810244,-508.7987694814867,-0.3868979570176596,-2.864040774604519,0.10952677642195231,0.015349881220610777,-0.6344058472847873,5.179631733679052e-06,0.0010486784152383118,0.00012543682580466666,0.006139188312621779,130.291667
15156,0.16906358971818755,-508.8244700121984,-0.39685763143639324,-2.9773406789444614,0.10765698891385683,0.012276157732753236,-0.634792707397716,5.2756746179384675e-06,0.0010618017738265502,0.00013084297616754474,0.006459250663737348,130.3
15157,0.16544427508544843,-508.85133382173564,-0.40564800714818516,-3.100807888069758,0.10565829819531558,0.009181048104573047,-0.6351807184212784,5.3776112487555095e-06,0.001075966015914265,0.0001368294909171032,0.006807701471573759,130.308333
15158,0.1617528884269111,-508.879539499972,-0.4131637319029149,-3.235295105369424,0.10353378877156648,0.006060568304375253,-0.635567885257297,5.485861915915823e-06,0.001091188234786995,0.00014344703520039265,0.007188032334724916,130.316667
15159,0.15799376965783818,-508.90907369986536,-0.419326239258777,-3.3816591351372267,0.10127870357180582,0.0029314371793258227,-0.6359532557939129,5.6008607692101585e-06,0.001107480555120856,0.00015074714104644035,0.007604733648731862,130.325
15160,0.1541839756499376,-508.94006654400357,-0.42401618535095265,-3.54078378242965,0.09889732931398308,-0.0002033987110869938,-0.6363346521756661,5.723045023772365e-06,0.001124852389813116,0.00015877971321827473,0.008063849145762633,130.333333
15161,0.15033813210755656,-508.9726818177236,-0.42710688224647336,-3.7136117211102104,0.09639160233566971,-0.0033434233494078706,-0.6367102898457577,5.852839338519123e-06,0.00114330401233201,0.00016759071293810537,0.008573547296402218,130.341667
15162,0.14646375958503804,-509.0070146276504,-0.4284835497979987,-3.9011266410675165,0.09375833289899492,-0.006480058490898419,-0.6370791917257664,5.9906340251535425e-06,0.001162825806804969,0.00017721841293255144,0.009145029352449286,130.35
15163,0.14258018483830154,-509.0431735633694,-0.4280010513504433,-4.104153265932534,0.09100161096333984,-0.009605500955077052,-0.6374393726696517,6.136756261731552e-06,0.0011833992778646704,0.00018768797094110675,0.009793862011544684,130.358333
15164,0.1387040433605438,-509.0813292555781,-0.4255035755773977,-4.323503229776679,0.08812281359331718,-0.012716896173437242,-0.6377892778591622,6.291431727445914e-06,0.0012049907279690257,0.00019900490056005222,0.010541519156086055,130.366667
15165,0.13485325933447923,-509.12167005542125,-0.4208220356041819,-4.559831637412457,0.08512292145101447,-0.01581187540190123,-0.6381274053948155,6.454734749321203e-06,0.0012275510357212637,0.00021114701460423133,0.011417389683140182,130.375
15166,0.13104787573429338,-509.16432223237183,-0.4137842480056097,-4.813460864440978,0.08200429484503514,-0.018882053314150497,-0.6384522506543541,6.6265259330073285e-06,0.001251014664812052,0.0002240547489295461,0.01246105787242047,130.383333
15167,0.12731390178283403,-509.2094324561853,-0.40419894592792466,-5.0842193423528235,0.07877213949947971,-0.021921520518302033,-0.6387620133139104,6.806375727961345e-06,0.001275299802546305,0.00023762012791951782,0.013724615895800511,130.391667
15168,0.12366443440354233,-509.257136988341,-0.3919015682122521,-5.371733531408007,0.0754232123814033,-0.02492140810807852,-0.6390561596041309,6.993473303953704e-06,0.0013003090729033758,0.0002516759313657287,0.015274163104421715,130.4
15169,0.12013002970892842,-509.3075829088195,-0.3766926720214925,-5.674543267096973,0.07196397553214352,-0.027876831819933546,-0.6393329188687942,7.186525671844102e-06,0.00132594092788947,0.0002659870327760182,0.017190212719905652,130.408333
15170,0.1167418345859471,-509.36085188532473,-0.3583933272413311,-5.990150471546367,0.06840182848218569,-0.030779842170433162,-0.6395907315246656,7.383650551436794e-06,0.001352091861141556,0.000280244942560524,0.019563840488883082,130.416667
15171,0.11351554266269663,-509.4172045696385,-0.33684708823940956,-6.315666612602117,0.06472820938451145,-0.03363198097221504,-0.6398294002636636,7.582270947733253e-06,0.0013786694428051607,0.0002940706806443647,0.022487469576886004,130.425
15172,0.11048806261055469,-509.47659167692706,-0.31193420944513855,-6.645921714968322,0.0609548304712682,-0.036420722797196124,-0.6400473047120414,7.779036092770518e-06,0.0014056143276487232,0.00030703124376953313,0.026038688025752755,130.433333
15173,0.10768865237464291,-509.5390544557118,-0.2835843274085175,-6.974627085493046,0.05708452883053922,-0.03914122797549281,-0.640243573584902,7.969785841423534e-06,0.0014329065492586683,0.0003186642082861426,0.0302532797110528,130.441667
15174,0.10514749437288005,-509.604549651172,-0.25180260923507025,-7.293901353676451,0.053121497994615255,-0.04178735962851366,-0.6404173917860799,8.149584561323025e-06,0.001460579359058728,0.0003285214371632091,0.03509121020251433,130.45
15175,0.10290003397140272,-509.6728767263408,-0.21669406880148975,-7.594049324161734,0.049076577356361784,-0.044351510512799175,-0.6405676746029401,8.312859992134855e-06,0.0014887175430063377,0.00033621983535265295,0.04040059123865192,130.458333
15176,0.10096617723919951,-509.7440086912604,-0.17845500564778288,-7.865297929527748,0.044942526089784336,-0.046833437761545894,-0.640694397612547,8.453663210341781e-06,0.001517435247280552,0.00034149043740608543,0.045891403157913395,130.466667
15177,0.09937887705657865,-509.81749490064567,-0.13744205718518596,-8.096328599910356,0.04073429399941502,-0.04922317279587883,-0.6407966207996701,8.566063749624724e-06,0.0015468392972401161,0.0003442157725604555,0.051137413835487415,130.475
15178,0.09817196172544487,-509.89287762115043,-0.09412803032052834,-8.275883428925537,0.036464722427086475,-0.05151983146167092,-0.6408732664579454,8.644648903627149e-06,0.0015769579817265821,0.0003444304612771671,0.05561796371347804,130.483333
15179,0.09734220778866616,-509.9697902336664,-0.04912003779603466,-8.3966012367024,0.03212533911630471,-0.0537129665806849,-0.6409254188154537,8.68505525789503e-06,0.0016076651579842414,0.000342294432724063,0.05880377743318178,130.491667
15180,0.09691385898151729,-510.0476025420381,-0.0031118880278439907,-8.451122056797946,0.027730639199559114,-0.05580180399300704,-0.6409521690397108,8.684483246400976e-06,0.0016386310912195857,0.00033804071370331645,0.06027384810485058,130.5
15181,0.09689249144645687,-510.1257020794535,0.04313119138393528,-8.436274710535539,0.023287324675165543,-0.05778255418684734,-0.6409535003548367,8.642067535881287e-06,0.0016692745884773143,0.00033190411302275944,0.05981782138931233,130.508333
15182,0.09727872992236958,-510.20341267426545,0.08881915737179003,-8.35248067136021,0.018805678524148366,-0.05965212187022538,-0.6409293904071074,8.559010788039541e-06,0.0016987901964945846,0.0003240822010115326,0.05749358212347853,130.516667
15183,0.09806579436965596,-510.2801492489493,0.1332062219082359,-8.203880840637433,0.014291668379742018,-0.06140954849542045,-0.6408799639905371,8.438467253097594e-06,0.0017262221261422652,0.0003147262816253828,0.05361179006626876,130.525
15184,0.09924080226739598,-510.35532550806,0.17561344391190972,-7.99776893117903,0.009754226991384764,-0.06305362937744274,-0.6408054365828466,8.285190018514173e-06,0.0017505784521589486,0.000303965638533359,0.04865375341403061,130.533333
15185,0.10078409239134435,-510.4284487414483,0.2154758077170311,-7.743802052377591,0.005200960970126331,-0.06458343683371269,-0.6407062059694234,8.105018030661109e-06,0.0017709555252807478,0.00029194694351209464,0.043157370878774484,130.541667
15186,0.10267897428546066,-510.49888521970325,0.25232045921719776,-7.452523198128355,0.0006548386263579499,-0.06600321457012281,-0.6405822816225748,7.904305034161713e-06,0.0017866436242408306,0.0002788668560849408,0.03761071058871164,130.55
15187,0.10488257009249331,-510.5667413357796,0.28591794672595655,-7.135766446777438,-0.003903679189115417,-0.06730477423381659,-0.6404352748952259,7.689381751006095e-06,0.0017971869921864915,0.0002649843214711355,0.03238467743536584,130.558333
15188,0.10737332320074285,-510.6315996041965,0.31606464421255914,-6.803502284018173,-0.008453040916779887,-0.06849319942301463,-0.6402653671783742,7.466140578850247e-06,0.0018024148664113051,0.0002506063710477721,0.027705733808604745,130.566667
15189,0.11012168198338203,-510.69330093522075,0.3426959065251839,-6.464881083476374,-0.012983160629474392,-0.06957118627273239,-0.6400732772555608,7.239751091409288e-06,0.001802402276311469,0.00023606076103794066,0.023674041302398523,130.575
15190,0.11309745627760177,-510.7518151511016,0.36584466545285144,-6.127517374206473,-0.017487765300624805,-0.07054129447095096,-0.639859841305229,7.014511741739374e-06,0.0017974256883176894,0.0002216641185909453,0.020294208987045228,130.583333
15191,0.11627581659033599,-510.8068702058773,0.3855729920241507,-5.797431055042147,-0.021940091586948086,-0.07141578892201349,-0.639625617177582,6.7938190943239224e-06,0.0017879031744231055,0.00020769474742908032,0.017511556099491413,130.591667
15192,0.11961452332357535,-510.85906410088745,0.4020999464382708,-5.4792498771542055,-0.026368628777269157,-0.0721793841616086,-0.6393726179579929,6.580217270336617e-06,0.0017743327988755837,0.00019437489852267478,0.015243376522875517,130.6
15193,0.12309838903880665,-510.90803427952517,0.4155427405185954,-5.175898629072355,-0.030735900664733244,-0.07285398289930708,-0.6391010203888233,6.375504022758862e-06,0.0017572563691383822,0.00018186531208033702,0.013399282183522628,130.608333
15194,0.12668641419729135,-510.9542902425536,0.4261456204408054,-4.889529201260645,-0.035059622381759796,-0.07342368959492801,-0.6388131944165807,6.180847902146935e-06,0.0017372039916862497,0.00017026581233450135,0.011895763808886028,130.616667
15195,0.13036196739743186,-510.99778752986515,0.4340823246040375,-4.621006209404626,-0.039321839419067174,-0.07390206870829705,-0.6385098197062714,5.9969188042750775e-06,0.001714689974964142,0.00015962441974466294,0.010660727622892649,130.625
15196,0.13410190576920006,-511.03866423762037,0.43954813367787315,-4.3706642387854915,-0.04351564053695972,-0.07429346965986088,-0.6381922767243093,5.823999318356152e-06,0.001690181472723921,0.0001499466711168282,0.009635934897585177,130.633333
15197,0.13788576075107556,-511.0770657581632,0.44273048812490257,-4.138302494313919,-0.047635082636650755,-0.07460282668836316,-0.6378619206601892,5.662085531545869e-06,0.0016640987792973724,0.00014120678969822085,0.008775738273777095,130.641667
15198,0.14169304467281965,-511.1131844727413,0.4438109018192625,-3.923372405097696,-0.05167762779217538,-0.07483181575221869,-0.6375203014908619,5.510969391052028e-06,0.0016368136126433779,0.00013335748485590937,0.008045173449114682,130.65
15199,0.14550681703356497,-511.1471469791137,0.44295240502769684,-3.7250855780106447,-0.055637174406570726,-0.07498595009584087,-0.6371688353868831,5.370304704739771e-06,0.001608652601449747,0.00012633820225581058,0.007417782235673126,130.658333
15200,0.14930887736091453,-511.1791327241519,0.44031109469015633,-3.542528011675337,-0.05951135783985351,-0.07506612757727814,-0.6368092237512023,5.2396575594721394e-06,0.001579899725859006,0.00012008140320616762,0.00687366337472147,130.666667
15201,0.15309001750663084,-511.2090427347276,0.43600921004092635,-3.374723164154769,-0.0632808138031737,-0.07509357440676147,-0.636442461156721,5.118544792530095e-06,0.0015508028845418358,0.00011451736868199409,0.0063977965635953265,130.675
15202,0.15682919765217776,-511.2372841566628,0.4301956496256077,-3.2206369505320964,-0.06695988389333658,-0.0750519702771923,-0.6360708202570704,5.006460814979708e-06,0.0015215730363321346,0.00010957718111066783,0.005978814858296162,130.683333
15203,0.16051085028228992,-511.2641647306522,0.4229971977350903,-3.079228271319041,-0.07055783479411254,-0.0749295383236504,-0.635696208036332,4.902898888695511e-06,0.0014923978398835415,0.00010519545480257593,0.005607916456488062,130.691667
15204,0.1641265711670234,-511.2896271970398,0.4145082242139212,-2.94955085979077,-0.07405999979539458,-0.0747410931496411,-0.6353199179162439,4.807363993176091e-06,0.0014634416994684799,0.00010131135675644206,0.005278209672455285,130.7
15205,0.16766555918101056,-511.31374790270297,0.404823769551159,-2.8306980496518506,-0.07746122849405042,-0.07449116405721302,-0.6349435701175293,4.719381058774137e-06,0.001434844651573881,9.786898241544185e-05,0.004984243624849311,130.708333
15206,0.17112214448704335,-511.3364569168743,0.3940229314130641,-2.72182404856118,-0.08074833637663498,-0.07419757834992555,-0.6345683085495308,4.638500739260874e-06,0.0014067275090193666,9.481774478117367e-05,0.0047216108560786665,130.716667
15207,0.17448150358099812,-511.3580785514148,0.38219936111892294,-2.6221249208414963,-0.083933655158189,-0.07384212849402258,-0.6341963373177573,4.564301985753689e-06,0.0013791913922628408,9.211224926314093e-05,0.004486700630309981,130.725
15208,0.17773455975468064,-511.37873601974184,0.3694289916980029,-2.5308698093058215,-0.08701735087370653,-0.07342269342819571,-0.6338293156778657,4.496393889472568e-06,0.0013523261630592536,8.971227773819186e-05,0.0042764743689621765,130.733333
15209,0.18087085364048247,-511.3987125432888,0.35578878055769564,-2.4473789771406897,-0.09001078810800582,-0.07292083786682942,-0.6334691169307114,4.434415154379376e-06,0.001326208353759796,8.758229226907086e-05,0.004088360601932628,130.741667
15210,0.18388964565389657,-511.41765280076066,0.3413245080654246,-2.371077669777742,-0.09288370423669795,-0.07237812055879526,-0.6331165278427394,4.378033292638724e-06,0.0013009036712921286,8.569107237551234e-05,0.0039201529204281535,130.75
15211,0.18678259029996283,-511.4358013483507,0.3261027935143408,-2.301406143429171,-0.09564642464076711,-0.0717796744944571,-0.6327732235634721,4.326942763225294e-06,0.0012764627771811184,8.401115856057444e-05,0.0037699719195717044,130.758333
15212,0.18954173810871175,-511.45328751685776,0.310182125133683,-2.2378743209376024,-0.0983010472293467,-0.07111941952865472,-0.6324408628128966,4.280863723658338e-06,0.001252927635858597,8.251862658130127e-05,0.0036361803792975505,130.766667
15213,0.19216147109126203,-511.47018056645203,0.2936154100801301,-2.1800395977236535,-0.10084660772471854,-0.07039686370747306,-0.6321208396869765,4.239540132437339e-06,0.0012303324330876697,8.119268134937013e-05,0.003517349997878905,130.775
15214,0.19463505699334424,-511.48658090764854,0.2764541319531264,-2.127508998117149,-0.10328384174332594,-0.06960719165265687,-0.6318146876901248,4.202737772531976e-06,0.0012087033489568098,8.001529218853079e-05,0.0034122351628935103,130.783333
15215,0.19695972053977356,-511.5025041062487,0.2587444517693529,-2.0799235065538473,-0.1056096778112952,-0.06875498910752106,-0.6315234438256581,4.17024245777289e-06,0.0011880602891920493,7.897089016573664e-05,0.0033197470114515967,130.791667
15216,0.19913004111063698,-511.51800641157445,0.2405321127129448,-2.0369706600699873,-0.10782264532623659,-0.06783934190205795,-0.6312484562524873,4.141858158690386e-06,0.0011684157842039417,7.804607591001871e-05,0.0032389383515700997,130.8
15217,0.20114147513894354,-511.5331902613801,0.22186260701181348,-1.9983723276787995,-0.1099248551640788,-0.06685406337477294,-0.630990945341879,4.11740546035382e-06,0.0011497775274250754,7.722939523665248e-05,0.00316898433483266,130.808333
15218,0.20299013902627325,-511.5481083140809,0.20277847273609814,-1.9638825436231708,-0.11191530265651001,-0.06579791154865039,-0.6307520214340481,4.096720044317858e-06,0.0011321487820066553,7.651112362958973e-05,0.0031091690669150514,130.816667
15219,0.20467382965468706,-511.562767176991,0.18331978917551348,-1.9332801665260235,-0.11379088787018671,-0.06467502191656047,-0.6305325432155006,4.079651333536252e-06,0.0011155289120641754,7.588308264478184e-05,0.003058875644268494,130.825
15220,0.20618747222392506,-511.57744447865014,0.16353351822891923,-1.9063953984701048,-0.11556429665760092,-0.06345727083735715,-0.6303337058986361,4.066061272998616e-06,0.001099913411510639,7.53384833820634e-05,0.0030175779256084523,130.833333
15221,0.20753029827896538,-511.5919328778992,0.14345169940523925,-1.8830452729466893,-0.11721918244499963,-0.06217288149221952,-0.630156098716723,4.055823363908124e-06,0.0010852960616889184,7.48717987398208e-05,0.0029848274668409975,130.841667
15222,0.20870174182252393,-511.6062302430103,0.1231118769552567,-1.863081571905029,-0.11875301659597448,-0.06082715187237377,-0.630000231206665,4.048821714452346e-06,0.0010716675889985976,7.447865113948302e-05,0.0029602553602503367,130.85
15223,0.2096990625517283,-511.6201465321406,0.10254445074991075,-1.8463613520297004,-0.12015107154059461,-0.05944731627418046,-0.629866850430664,4.044950299865841e-06,0.0010590163656689824,7.415572334803057e-05,0.0029435630693674486,130.858333
15224,0.21051913900233513,-511.633969325155,0.08179385260070898,-1.8328144685232375,-0.12142734686561799,-0.05800349056811197,-0.629756704760729,4.044112389689132e-06,0.0010473301072974578,7.390068703771354e-05,0.002934520081957843,130.866667
15225,0.21116097446940502,-511.64770226132055,0.0608960692264453,-1.8223574811366483,-0.12257948810680494,-0.056499705030065184,-0.629670203442238,4.046220105902167e-06,0.001036596462886719,7.371214167928036e-05,0.0029329534156496114,130.875
15226,0.21162487014837417,-511.6613348827219,0.03988668109809536,-1.8149212692139032,-0.12360522002315125,-0.05494206615934225,-0.6296075218937357,4.0511941104819e-06,0.0010268025603666563,7.358957089594708e-05,0.0029387490673703797,130.883333
15227,0.211907856231167,-511.6754596107075,0.01881942243937007,-1.8105592872345497,-0.12453271780558076,-0.05326081338315035,-0.629569218299085,4.058963414618092e-06,0.0010179349669008797,7.353331383074515e-05,0.0029518498884405285,130.891667
15228,0.2120108200537909,-511.6896462873069,-0.0022834296650301317,-1.8091743322322105,-0.12533571042487726,-0.05151344965890725,-0.6295552691166445,4.069465426066515e-06,0.0010099814558645135,7.354457657267762e-05,0.0029722443618621828,130.9
15229,0.21192690027535377,-511.70377631605095,-0.023394138734203263,-1.8107429614178585,-0.12600191566908317,-0.04971797720929577,-0.6295666387809453,4.082646027017927e-06,0.0010029298316624551,7.362539295250322e-05,0.002999981292661538,130.908333
15230,0.2116682515292988,-511.71818980130195,-0.04445920589530652,-1.8153198305273832,-0.12655309073399187,-0.047839169020472604,-0.6296016532769786,4.098459772528048e-06,0.0009967713981327824,7.377861771246719e-05,0.0030351667024641183,130.916667
15231,0.21123144243212677,-511.73271524198515,-0.06545149191854857,-1.8228999497230263,-0.12697595424109542,-0.045902445504957035,-0.6296606905446994,4.116870129541846e-06,0.0009914934558602647,7.400801681974139e-05,0.003077951240805419,130.925
15232,0.2106164515117443,-511.74737346152125,-0.08633534874489215,-1.8335290958746946,-0.12726905249231982,-0.04391003384594963,-0.6297436064632611,4.1378500361514345e-06,0.000987086333562243,7.431824880285945e-05,0.003128543104893866,130.933333
15233,0.20982374280094176,-511.76223864118384,-0.10707272206385289,-1.8472839802091539,-0.12743338386164282,-0.041857578663188975,-0.6298501317472485,4.161382443169301e-06,0.0009835421139513035,7.471492482126326e-05,0.0031872051627166156,130.941667
15234,0.20885503730395696,-511.77733783046176,-0.1276261875914461,-1.8642481569993492,-0.12746831067070422,-0.0397470928216876,-0.6299797703601132,4.18746103191465e-06,0.0009808546583884175,7.5204678642335e-05,0.0032542551524928826,130.95
15235,0.20771110742974422,-511.79270641174827,-0.14795840973025312,-1.8845289016927098,-0.12737280881582924,-0.037579516429629915,-0.6301320974171063,4.216091060342331e-06,0.0009790193567550966,7.579524197727726e-05,0.003330067802901533,130.958333
15236,0.20639624238413098,-511.8083296958171,-0.16803116242607263,-1.9082349553067133,-0.1271460057999745,-0.0353629853493987,-0.6303061677885526,4.247290342998303e-06,0.0009780337249076405,7.649553632704428e-05,0.0034150772878612677,130.966667
15237,0.20490911395504244,-511.82401729408167,-0.18781797544370518,-1.9354489470938017,-0.1267780604513705,-0.03312709148165659,-0.6305017302705479,4.281090341285671e-06,0.0009778962953612628,7.731578697641004e-05,0.003509778692449966,130.975
15238,0.20325622422939849,-511.84024886703247,-0.20725693775452592,-1.9664742574984204,-0.12628642824588576,-0.0308179009470024,-0.6307174547276438,4.317537355835403e-06,0.0009786090028148955,7.826756326394147e-05,0.0036147408381171264,130.983333
15239,0.20143798978331398,-511.8566528867818,-0.226327216624663,-2.001377048859642,-0.12565633461749,-0.02848863105020591,-0.6309527685551294,4.356693952767054e-06,0.0009801742923958824,7.936418321367226e-05,0.0037305821338604454,130.991667
15240,0.19945845216713592,-511.8734950850606,-0.24497612864090565,-2.0404555112043212,-0.12489549571403391,-0.026112701868775217,-0.6312065863308607,4.398640513119222e-06,0.0009825977752874813,8.062057401194472e-05,0.003858005593213815,131.0
15241,0.1973235638799553,-511.8909696084802,-0.26315028905488136,-2.0840180239288983,-0.1240087744696094,-0.023673594011343384,-0.6314775510476455,4.443476860019674e-06,0.0009858869138071296,8.205371919252596e-05,0.003997777447040839,131.008333
15242,0.1950368393362441,-511.90892388670954,-0.28081422504390263,-2.1322784531063457,-0.12299044964935703,-0.021198086495730833,-0.6317645946869519,4.491324204532146e-06,0.0009900505158017732,8.368291474543591e-05,0.004150726710679363,131.016667
15243,0.19259979715659123,-511.9272259523886,-0.2979334995264618,-2.1854869647999693,-0.12183563633868301,-0.018709928826862277,-0.63206687063731,4.542327118212647e-06,0.00099509987004786,8.552983354935072e-05,0.004317764945270638,131.025
15244,0.1900200179500918,-511.94610751446936,-0.31444708839586827,-2.2440690725426617,-0.12055068072336053,-0.016189198872205574,-0.6323827605912503,4.596655509572663e-06,0.0010010495711967754,8.761874317021371e-05,0.004499895428665254,131.033333
15245,0.18730345695255124,-511.96558018114075,-0.330305126624448,-2.30840182489832,-0.1191358580102969,-0.013643328365529398,-0.6327108499174491,4.6545068160002755e-06,0.0010079152850746953,8.99770986705242e-05,0.004698188340919907,131.041667
15246,0.18445807763381644,-511.9858791187599,-0.3454400973643115,-2.3790048116890627,-0.11759535809713208,-0.01105382356603696,-0.6330494904938936,4.716108319763367e-06,0.0010157144817310563,9.26357250686968e-05,0.00491379688831636,131.05
15247,0.18148778408392557,-512.0069030287581,-0.35980623982710647,-2.456294662588298,-0.11592585477189064,-0.008442631378168246,-0.6333975298711063,4.781719506579283e-06,0.0010244656560635399,9.562939770608114e-05,0.0051479402483446,131.058333
15248,0.1783913288050976,-512.0286813332078,-0.37335403649689486,-2.540814549938093,-0.11412291775474816,-0.005816304173985288,-0.633754402686797,4.851634335049039e-06,0.0010341898150149917,9.899682762691502e-05,0.0054019438610065145,131.066667
15249,0.1751926589376143,-512.051352042142,-0.38599283800383666,-2.6331466985637406,-0.11219849696361263,-0.0031705063475043374,-0.6341166752614275,4.926183275508685e-06,0.0010449121279640131,0.00010278095577861248,0.005677265024945782,131.075
15250,0.17189177608385842,-512.0749050964503,-0.39766824608778295,-2.733906870818826,-0.11014831630156727,-0.0005174187679773547,-0.6344837219107741,5.0057349272274414e-06,0.0010566522298013701,0.00010702976577743134,0.005975440212832988,131.083333
15251,0.1684891701509881,-512.0994893611206,-0.4083100610631802,-2.8438712814505283,-0.1079686464700587,0.002147436785196035,-0.6348548437010442,5.090697050222329e-06,0.0010694328816816933,0.00011179588408615552,0.0062982065375355506,131.091667
15252,0.16501009953675694,-512.1250987532061,-0.41782117500053984,-2.963681844317372,-0.10567118699136764,0.0048109592361039785,-0.6352267056626824,5.18151694883681e-06,0.0010832790104388763,0.00011713672227630175,0.0066475706360839834,131.1
15253,0.16145733175015026,-512.1518385979862,-0.4261222647864819,-3.094179101986589,-0.10325319323009634,0.007471604410774963,-0.6355985099819833,5.278680103058949e-06,0.0010982075174904224,0.00012311446053952295,0.007025862625799406,131.108333
15254,0.15784161701947919,-512.1798122433921,-0.4331164724697235,-3.2362250001966406,-0.10071653410491381,0.010126694587884824,-0.6359686647081109,5.3827068345050935e-06,0.0011142347553471969,0.00012979511128952064,0.007435999623688085,131.116667
15255,0.15416758627135754,-512.2093265033352,-0.43869031739332726,-3.3909152811652685,-0.09805622415003959,0.012792079485979324,-0.6363362729594013,5.494146514100086e-06,0.0011313719691048833,0.0001372474161229071,0.007881769542667278,131.125
15256,0.15045269151777735,-512.240073848212,-0.4427604473358162,-3.558858903806999,-0.09528239713724736,0.015422702765260027,-0.636699236461922,5.613568331208069e-06,0.0011496257821850262,0.00014554115589642514,0.008368294485149284,131.133333
15257,0.14672215121795767,-512.2723964195393,-0.4451620930465038,-3.7410393477826225,-0.09240233433600614,0.01803865658691992,-0.6370548862961465,5.7415463023337086e-06,0.0011689912850541273,0.00015474274710559885,0.008902829196081388,131.141667
15258,0.14298237420157278,-512.3063503360084,-0.4457813695163472,-3.9383419295839355,-0.089414615081867,0.020629334561846187,-0.6374025179125801,5.8786367413525894e-06,0.001189446417468119,0.0001649127075740586,0.009495537651307753,131.15
15259,0.13924728457075633,-512.3421548519024,-0.44446564360958496,-4.151665056385887,-0.08631906106977619,0.02319879512026164,-0.6377408159095672,6.025348022965801e-06,0.0012109569458061114,0.000176098256541258,0.010161106793600792,131.158333
15260,0.13553624290642152,-512.3798679553142,-0.44106202278343964,-4.38157880215688,-0.083121616890662,0.025736704473864096,-0.6380681245167377,6.182099760168695e-06,0.001233470849367568,0.00018832578240284632,0.010920547426289435,131.166667
15261,0.13186181624336812,-512.4197162470056,-0.4354033962985646,-4.628685304794323,-0.07981955873446961,0.028245334087087657,-0.6383835460142621,6.3491680459063195e-06,0.0012569141082198095,0.0002015899644676639,0.0118035979656896,131.175
15262,0.1282499656475505,-512.4617740551178,-0.4273091428296059,-4.892935384394176,-0.07642147739477971,0.03071630258544762,-0.6386851957140376,6.526615460879579e-06,0.0012811923866886006,0.00021584175630909335,0.012851567906841634,131.183333
15263,0.1247299656973342,-512.5060394038942,-0.4166013876398644,-5.173618181345143,-0.07294009689841477,0.033137814032363634,-0.6389711575819416,6.714203024078905e-06,0.0013061863322701376,0.00023097373157585189,0.014120088913059343,131.191667
15264,0.12131117566348751,-512.5529198080707,-0.4030878041304104,-5.470223204161908,-0.0693622549889158,0.03552361415349867,-0.6392413183581972,6.9112820950428245e-06,0.0013317540147144333,0.00024680536790314784,0.015681137908759295,131.2
15265,0.1180249321186192,-512.6023385250478,-0.3866046938321954,-5.780549317993516,-0.06570222794171067,0.0378576540117996,-0.6394939624048208,7.116674226532307e-06,0.0013577467234944253,0.00026307319151390793,0.017623392295735063,131.208333
15266,0.11490483255712534,-512.6542951090403,-0.36699218723353205,-6.101312783768409,-0.06197242893831557,0.04013390569855878,-0.6397274422290048,7.32854160053238e-06,0.0013840119937472356,0.0002794214405149719,0.0200481684232204,131.216667
15267,0.11196600060604922,-512.7090632053561,-0.34411321174493603,-6.428929944126924,-0.05816256274503655,0.04235915535108944,-0.6399416621293476,7.544255572581307e-06,0.0014104100920972788,0.00029540637715669304,0.023058383795100206,131.225
15268,0.10924349124990693,-512.7665621927251,-0.3178815722130605,-6.75752978584078,-0.05428490471464411,0.04452651570100747,-0.6401351819699101,7.76029343836708e-06,0.0014368427861700323,0.0003105184984951772,0.02673947830763115,131.233333
15269,0.10676506893924541,-512.8267588330802,-0.28827546474468907,-7.08014729340095,-0.050343781372675395,0.0466333847142467,-0.640307226090096,7.972185192181476e-06,0.001463265580013472,0.00032421625175477425,0.031128676390996538,131.241667
15270,0.1045593056090858,-512.8895156861647,-0.25535958541773834,-7.388388493808659,-0.04634600507259124,0.048675933490211064,-0.6404570352402009,8.174540343511312e-06,0.0014897064762433583,0.0003359829869748817,0.03617733235585022,131.25
15271,0.10265463036202618,-512.9545917199407,-0.21930306867313312,-7.672700671240049,-0.04230048724585902,0.0506504049268731,-0.6405838882890412,8.361194384204595e-06,0.0015162672261076963,0.00034539275325121783,0.04171330517622851,131.258333
15272,0.10107602892415612,-513.0217564155201,-0.18037558760909522,-7.92307438956097,-0.03821105326866762,0.052557194056729935,-0.6406872633641021,8.52549645057816e-06,0.0015431030705199968,0.0003521728202932306,0.047417823152354946,131.266667
15273,0.09985011298343387,-513.0905101510658,-0.1389967240559942,-8.129204320589695,-0.03409295768341268,0.054392559264212964,-0.6407664413880351,8.660742966279218e-06,0.0015703769594127357,0.0003562443597756621,0.052833852725132614,131.275
15274,0.09899116266054059,-513.1605872741945,-0.09565876561705457,-8.282478926139886,-0.029941779162303988,0.05616054601500503,-0.6408213445320718,8.760725071319204e-06,0.0015981873378987372,0.0003577221725994114,0.05741945265403645,131.283333
15275,0.09850710550006063,-513.231594882627,-0.05096491504905111,-8.376266243021021,-0.025755701601355648,0.05785993768939099,-0.6408520766304825,8.820328354604874e-06,0.001626490711290184,0.0003568720313157972,0.060642433431057005,131.291667
15276,0.09841210756276372,-513.3028525168273,-0.005623117351557821,-8.405647099357891,-0.02155013083693079,0.05948960118795491,-0.640858090287865,8.836094000899585e-06,0.0016550314280682715,0.0003540287380754995,0.06209565551075989,131.3
15277,0.09870494025735947,-513.3737666465591,0.039630305003520605,-8.369659562963678,-0.01733210298972001,0.06104753777439274,-0.6408395345276677,8.806619043070375e-06,0.0016833004149636082,0.0003495070499447565,0.061595407719468885,131.308333
15278,0.09938424894869985,-513.4437330274118,0.08406888003661259,-8.270219346384675,-0.013111231468661161,0.06253590120328407,-0.6407962775688294,8.73271951992503e-06,0.0017105574520844913,0.0003435417393019687,0.05922538328549359,131.316667
15279,0.10043587219227672,-513.51227023403,0.12702704129802336,-8.11283471811288,-0.008890549250552066,0.06395440879478846,-0.6407287291871129,8.617325062486235e-06,0.0017358989918962824,0.00033626903335214455,0.05530989805712205,131.325
15280,0.10184707532383747,-513.5788745118012,0.16791213891507387,-7.9049267325166035,-0.004678960660679512,0.06530613922519413,-0.6406369706648497,8.465130769860472e-06,0.0017583713047867292,0.0003277526200511326,0.05032815736915462,131.333333
15281,0.10359491061258837,-513.6431398998678,0.20624233822175067,-7.6559337764853215,-0.00048339303302325827,0.06659141325900998,-0.6405215552089902,8.282079775138823e-06,0.0017770864799867578,0.00031803466422189035,0.04480562350445638,131.341667
15282,0.10565309178322863,-513.7048436790809,0.24167455649979297,-7.375866185782405,0.003695593823470334,0.06781070733490857,-0.6403831378425195,8.07477929213416e-06,0.0017913287706715127,0.00030718685977764587,0.03921596390848983,131.35
15283,0.10799953698570215,-513.7636538919534,0.2739500226890278,-7.0742495923015465,0.007844663369534311,0.06896907153793912,-0.6402220248506086,7.84994911287397e-06,0.0018006201142927816,0.0002953418812989226,0.033919447420386085,131.358333
15284,0.11060292732099239,-513.8194894796676,0.302949308574748,-6.760271238281209,0.011961816671638705,0.07006654949449675,-0.6400391443184154,7.613964415873828e-06,0.0018047386859022438,0.00028270024780578017,0.029144238989802906,131.366667
15285,0.11343152364623617,-513.872334608484,0.32864617143796976,-6.441869225767917,0.01604451272492269,0.07110263748251619,-0.6398355267023313,7.372536395662034e-06,0.001803709184935823,0.0002695142240268283,0.024996801930484838,131.375
15286,0.11646058733027868,-513.9221545774778,0.3510724887821516,-6.125294849785016,0.020085612387405406,0.07208206117517588,-0.639611802039144,7.130532235566364e-06,0.0017977615955627648,0.0002560601458456568,0.021491366393824332,131.383333
15287,0.11966148606607903,-513.9689849276523,0.37032203641085737,-5.815660126329154,0.024079138909816823,0.07300670412505668,-0.6393690083966834,6.891908565064377e-06,0.0017872731793733695,0.00024261030830874982,0.018583544819866248,131.391667
15288,0.12300604577767195,-514.0129467239836,0.38653471358797575,-5.516757185244072,0.02802259539647303,0.073876943936607,-0.6391083194403223,6.6597349136574075e-06,0.0017727180431930814,0.00022940955348595197,0.016198389422478636,131.4
15289,0.12646913077561997,-514.0541946825768,0.3998735561665105,-5.231158168876961,0.031914607392308045,0.0746934045971351,-0.6388308585382234,6.436274948092392e-06,0.0017546199165323338,0.0002166605788838217,0.01425112024816352,131.408333
15290,0.13002561973788496,-514.0928876240258,0.4105136855575711,-4.960548098779135,0.03575272958489542,0.07545564405576452,-0.6385379399717445,6.223096986069983e-06,0.001733513254177373,0.0002045178096845005,0.01266010237090757,131.416667
15291,0.13365385917020664,-514.1291291325003,0.4186259452894194,-4.705829370555299,0.039530250116655265,0.07616647312101162,-0.638230789271421,6.021194941009351e-06,0.0017099175250095465,0.0001930877749492604,0.01135342181913199,131.425
15292,0.13733280562503125,-514.1630871393864,0.4243865746101662,-4.467320312948119,0.04324489046835508,0.07682607061049086,-0.6379107672699466,5.831104977466484e-06,0.001684318480285471,0.00018243385620298226,0.010271297928959266,131.433333
15293,0.1410441560677149,-514.1948867436492,0.4279605378024479,-4.244903751555021,0.0468916602494719,0.07743691843515339,-0.6375791782502904,5.653011117439521e-06,0.0016571593192039624,0.000172583502084074,0.009365853804488658,131.441667
15294,0.14476957645948202,-514.2247596949821,0.42951477818648803,-4.038139322553437,0.05047378940350389,0.07799537009111451,-0.6372375000763851,5.48683545201843e-06,0.0016288358797876034,0.00016353592316443788,0.00859974256361484,131.45
15295,0.1484923888850805,-514.2527999129834,0.42919452122205465,-3.8464389899641165,0.05398450829625928,0.07850379919153498,-0.6368872263222951,5.332312938072434e-06,0.001599697657234141,0.00015526963737761388,0.007944267799916378,131.458333
15296,0.1521967091055965,-514.2792078632463,0.42714369304104216,-3.6690387386460754,0.0574258404192038,0.0789584199835788,-0.6365299313008345,5.1890510614032455e-06,0.0015700498511013702,0.00014774869704913432,0.007377606512292296,131.466667
15297,0.15586813565776572,-514.3041578513605,0.42349314262618143,-3.5051080878944783,0.060798658914142,0.07935579025441775,-0.6361671905272535,5.056576332630368e-06,0.0015401571279389137,0.00014092812462556038,0.006883188858866918,131.475
15298,0.15949510432396474,-514.3277874662103,0.41835973981582697,-3.3537772395855834,0.06410240370563818,0.07969452689853965,-0.6358004222219245,4.93436944763822e-06,0.0015102473847958759,0.0001347579919740181,0.006448406021805639,131.483333
15299,0.16306420344723685,-514.3501534975078,0.41184862431644803,-3.214246999814425,0.06732970539319465,0.07997646079818123,-0.6354313410321076,4.821891111464749e-06,0.0014805146206556706,0.00012918645965996834,0.006063603537800753,131.491667
15300,0.16656403322885385,-514.3714145798414,0.4040622140686426,-3.085682367285628,0.07048242471213569,0.0801969581441254,-0.6350615626749327,4.71860109965456e-06,0.0014511249200580344,0.00012416195125994654,0.005721303272587359,131.5
15301,0.1699856320694089,-514.3916926736761,0.3950918136030037,-2.967278674531551,0.07356089164273302,0.08035359524309013,-0.6346925299924647,4.623971220205623e-06,0.001422219067977644,0.00011963473157602419,0.005415627485721733,131.508333
15302,0.17331951695888106,-514.4110868664335,0.38502141039869425,-2.8582991620874374,0.07656374003707539,0.08044422154464158,-0.6343258102959486,4.537493847939261e-06,0.001393914668470907,0.00011555783164020495,0.005141890659606288,131.516667
15303,0.17655507727349837,-514.4298687872354,0.3739380455161127,-2.758034685838685,0.0795032697954106,0.08045153104756343,-0.6339631644819289,4.458687441778196e-06,0.0013663099055147966,0.00011188760950477886,0.004896294877979841,131.525
15304,0.1796870670968531,-514.4478342062167,0.3618982784614284,-2.6658831024633813,0.08235611395677299,0.08039693148339458,-0.6336058053537653,4.387099678044136e-06,0.0013394870642268963,0.00010858408240918693,0.004675701019981527,131.533333
15305,0.18270570566249217,-514.4649398298618,0.3489653366608199,-2.5812943983610617,0.08511011975592436,0.08028857292302902,-0.6332554976067052,4.322308463997879e-06,0.001313511733100912,0.00010561079516616547,0.0044775076422094474,131.541667
15306,0.18560753816579958,-514.4815008007242,0.33521165128881547,-2.503656927153707,0.08778506822954103,0.08010644501358466,-0.6329133052316253,4.2639223281157035e-06,0.0012884379627809593,0.00010293487587728364,0.004299514305250943,131.55
15307,0.18838139603734758,-514.497599165693,0.32069780585179736,-2.4325205930277223,0.09037858362329576,0.07984498809574898,-0.6325812218002023,4.2115792985303245e-06,0.0012643062722024392,0.00010052692449546848,0.004139834893258574,131.558333
15308,0.19102568177598211,-514.5130484048213,0.3054684566945827,-2.367430691207333,0.09287152132305695,0.0795269455555837,-0.6322601190441639,4.1649459687037535e-06,0.0012411501630741585,9.83607762479745e-05,0.0039968377378765884,131.566667
15309,0.19352989610424165,-514.5283410282702,0.28959389076621744,-2.3079824858899163,0.09529473760562338,0.07910852664653657,-0.6319519496547895,4.123715484563859e-06,0.0012189919814981334,9.641319564031993e-05,0.003869120413574952,131.575
15310,0.19589170686221005,-514.5433611361522,0.27311701508767106,-2.253808765627635,0.09763448906774971,0.07860409199070119,-0.6316576730657175,4.087606104911838e-06,0.001197849418824571,9.46637439788418e-05,0.0037554445430187573,131.583333
15311,0.19810592799152543,-514.5580690540656,0.25608235304235005,-2.204591418594418,0.09988196729686293,0.07802042545423857,-0.6313785857129208,4.056359078101135e-06,0.0011777321277903568,9.309444536210336e-05,0.0036547369163089974,131.591667
15312,0.20016821370476914,-514.5725494322292,0.23853725040185306,-2.1600361927056717,0.10203863946202622,0.07735240285965715,-0.631115864564167,4.029736935703758e-06,0.0011586446040240386,9.168959465243021e-05,0.0035660619136741916,131.6
15313,0.2020751565267326,-514.5868200872247,0.22052515243210905,-2.1198784747210118,0.10410124456611325,0.076601563953472,-0.6308705445300712,4.00752173841353e-06,0.0011405867471874671,9.043555290920225e-05,0.0034886022106451575,131.608333
15314,0.2038224792011247,-514.60092502544,0.20208903697842376,-2.08389009176284,0.10606814595221178,0.07576627362781292,-0.6306437448122479,3.98951343455542e-06,0.0011235543695533533,8.932055608866998e-05,0.0034216473301680282,131.616667
15315,0.20540574243661908,-514.6149193039787,0.18327105037235625,-2.051873153614413,0.10793840765815917,0.07484340476218157,-0.6304365769780695,3.97552840797995e-06,0.0011075405230037013,8.833454887450185e-05,0.0033645814467643115,131.625
15316,0.20682409927813256,-514.6286667502883,0.16410644554451098,-2.0236253693293342,0.10969872513297615,0.07385179400153394,-0.6302496449050605,3.965398165886004e-06,0.0010925363020184743,8.746903262545209e-05,0.0033168741794051704,131.633333
15317,0.2080746635026416,-514.6423326987185,0.14463944626431902,-1.9989974363015481,0.11135738210025038,0.07277693528924463,-0.6300837752376139,3.958968093004518e-06,0.001078529856805358,8.671693130612018e-05,0.0032780777656927886,131.641667
15318,0.20915478850312863,-514.6560860931453,0.12491376295374661,-1.9778687497507892,0.11292244427250821,0.07160296720366752,-0.62993971881693,3.956096478420587e-06,0.0010655080924112986,8.60724807944626e-05,0.0032478140327542163,131.65
15319,0.21006113489960737,-514.6698492275177,0.10496375982831138,-1.9601247085334768,0.11438349394314543,0.07034111892950581,-0.6298182721842099,3.956653674639845e-06,0.0010534571289028691,8.553113404729367e-05,0.003225769348299993,131.658333
15320,0.2107926849490209,-514.6835256491753,0.08482333997275525,-1.9456525088134702,0.11573048537603615,0.06900617728133118,-0.6297198702023342,3.960521430256043e-06,0.0010423631411767536,8.508948420096314e-05,0.0032116948540995695,131.666667
15321,0.2113481512470536,-514.6972560628047,0.06453407515423175,-1.9343889640401386,0.1169698780123497,0.0675856819731178,-0.6296449284366584,3.967592310597123e-06,0.0010322117723959704,8.474519269854217e-05,0.003205403512000763,131.675
15322,0.2117284330926886,-514.7111768396088,0.0441382762389533,-1.9262834845667658,0.11810832080408229,0.06606776391764685,-0.6295935099758908,3.977769302973587e-06,0.0010229887138034316,8.449694032290999e-05,0.0032067627368517993,131.683333
15323,0.2119307630446163,-514.7251733091535,0.023666967802350787,-1.9212866545389795,0.11913346850021084,0.06446887250706836,-0.6295661155405179,3.990965537048082e-06,0.001014679221191461,8.434439673432937e-05,0.003215691867774345,131.691667
15324,0.21195526463610137,-514.7392707629272,0.003157467633191827,-1.919372693076988,0.12004411581426953,0.0627901928768706,-0.6295627964014834,4.00710421275352e-06,0.0010072701190735047,8.428819274967301e-05,0.003232165740745744,131.7
15325,0.2117999772543735,-514.7535455162299,-0.01735239031661946,-1.9205550501301867,0.12084090167499155,0.06102618236108836,-0.6295838262096687,4.026118578356375e-06,0.001000748837799624,8.432990617541597e-05,0.003256210703384295,131.708333
15326,0.2114667458598086,-514.7680014314739,-0.037825139804630696,-1.9248336790601035,0.12152180868325542,0.05918114038792774,-0.6296289028568611,4.047952099190108e-06,0.0009951045716562932,8.447206659133725e-05,0.0032879034629214577,131.716667
15327,0.21095594003308757,-514.782656513496,-0.05822391957825125,-1.9322370717627393,0.12208483228152411,0.05725736500694619,-0.6296978644995181,4.072558686724197e-06,0.0009903269972284874,8.47181631852446e-05,0.0033273715308752396,131.725
15328,0.21026884995777925,-514.7975008479359,-0.07851242982441747,-1.9428012985358518,0.1225268670155417,0.05526096251639567,-0.6297903663578202,4.099903084541193e-06,0.00098640719932491,8.507267224296934e-05,0.003374793662202054,131.733333
15329,0.20940543044088664,-514.8125897033001,-0.09865267573585298,-1.9566035698499429,0.12284765874136419,0.05318987455960301,-0.6299061856039351,4.129961354154827e-06,0.0009833375639647615,8.554108991258618e-05,0.003430401055765389,131.741667
15330,0.2083669021492951,-514.8278320412702,-0.11861194420919056,-1.9736967328306447,0.12303981569092463,0.05106051187540137,-0.6300448718605408,4.162721500756429e-06,0.000981112525642848,8.612999066123465e-05,0.0034944776215069346,131.75
15331,0.20715610738383458,-514.8434638471857,-0.1383414854927177,-1.9942357024581103,0.12311375171305726,0.04884963084333541,-0.6302057048151861,4.198184187254379e-06,0.0009797282791414645,8.684705744294855e-05,0.003567365454598378,131.758333
15332,0.20577539969954464,-514.8594171036232,-0.1578060746003004,-2.01831647413088,0.12306343978196158,0.046571416344614903,-0.6303879802508041,4.236363566187723e-06,0.0009791823281861212,8.770123971373422e-05,0.0036494559094740063,131.766667
15333,0.20422506525822579,-514.875745357438,-0.17696652731734072,-2.0461025063659437,0.12288770701168195,0.04422489560541711,-0.6305912168355193,4.2772882402471975e-06,0.0009794739481940851,8.870277847241544e-05,0.003741200998119394,131.775
15334,0.2025083647456478,-514.8924712273616,-0.19578180113728794,-2.077758891727268,0.12258542999588502,0.041813858540064246,-0.630814494334678,4.321002333057143e-06,0.000980605119073292,8.986333797158421e-05,0.003843114188697032,131.783333
15335,0.20062774415804646,-514.909511994094,-0.21421674682862926,-2.113443074161543,0.12215075594902217,0.039355069819650826,-0.6310569577911117,4.3675666498176984e-06,0.0009825795370067673,9.119612347150498e-05,0.003955772280725386,131.791667
15336,0.19858846993189821,-514.9270839823076,-0.23221700528445766,-2.153432362668261,0.12159151559551033,0.036829537705834504,-0.6313173537639857,4.417059912814694e-06,0.000985403118048688,9.271596438939672e-05,0.004079824939489964,131.8
15337,0.19639495447104915,-514.9451434805134,-0.2497418004338017,-2.197945386994241,0.12090410728144424,0.03425024571121955,-0.6315945140572377,4.46958009162398e-06,0.0009890830533520406,9.443962103143412e-05,0.0042159822222705085,131.808333
15338,0.19404737005586897,-514.9636543301735,-0.2667540737032284,-2.247252914433235,0.1200832051152947,0.03162872611087032,-0.6318877750121786,4.525245821566096e-06,0.000993628349441754,9.638583666788795e-05,0.0043650311697393356,131.816667
15339,0.19155446502409754,-514.9828279375316,-0.28319130761805644,-2.3017211270799494,0.11913646304333043,0.028948595581143183,-0.6321953769709208,4.584197866386459e-06,0.0009990514958438982,9.857548011614867e-05,0.00452784936624274,131.825
15340,0.18891922368058145,-515.0026503582466,-0.299009178630267,-2.3616897125323977,0.11806007754430604,0.026220196530002897,-0.6325162701940247,4.646600592738825e-06,0.0010053652842605663,0.00010103195218307463,0.004705384923768087,131.833333
15341,0.18614739717360282,-515.0231582409978,-0.3141555396664222,-2.427545976335234,0.11685352365996825,0.023448661113714176,-0.6328490554438898,4.712643447147978e-06,0.0010125850995150168,0.00010378120928417052,0.004898687476487124,131.841667
15342,0.1832448806302327,-515.0443655394159,-0.32857782659246837,-2.499707852139924,0.11551578949799922,0.020642218337003346,-0.6331923198166427,4.782542310380846e-06,0.0010207278634288646,0.00010685199638000424,0.005108915036187491,131.85
15343,0.18021501698702255,-515.0663191594548,-0.34222240525174347,-2.578669858375544,0.11404503590562375,0.017805434346816057,-0.633544954181632,4.856540649518129e-06,0.0010298119494605478,0.00011027598988537516,0.005337355989229534,131.858333
15344,0.17706757149139418,-515.0891161493889,-0.3550209679708248,-2.664967232110288,0.11244403356732542,0.014938467681312673,-0.6339051144883158,4.9349104057745146e-06,0.0010398579975992913,0.00011408792338284854,0.005585463574813399,131.866667
15345,0.17381317805256521,-515.1128948613726,-0.36689725473902446,-2.7592025884326126,0.11071594593414841,0.012037673161814106,-0.6342709093256258,5.017952388219518e-06,0.0010508862849941047,0.0001183257665420094,0.0058548789175073305,131.875
15346,0.17045376275089144,-515.1375855916465,-0.37779999460052105,-2.8619725336046358,0.10885543008680008,0.009122625998681931,-0.634641462332478,5.1059959287986e-06,0.0010629161135857663,0.00012303078797265893,0.006147481760759567,131.883333
15347,0.16700306311504642,-515.1634453513956,-0.3876304551738288,-2.9740418211641266,0.10686796623401891,0.006178477691182266,-0.6350146272980051,5.199397634421478e-06,0.001075968685973396,0.00012824694390686087,0.006465542314986858,131.891667
15348,0.1634656986693442,-515.1903799871947,-0.3963283302229121,-3.096085145700282,0.10474972203027658,0.0032289058906379837,-0.6353893157563553,5.298538758366421e-06,0.001090061895067024,0.0001340210808449759,0.006811779854390098,131.9
15349,0.15985797305175542,-515.2185894607002,-0.4037850239519111,-3.2289199448099284,0.10250614030362334,0.00026710372714675024,-0.6357632676803945,5.403820679792419e-06,0.0011052131007874585,0.00014040146231796298,0.007189663314068536,131.908333
15350,0.15618581423174427,-515.2481651543486,-0.40991162460958713,-3.373427306535909,0.10013474972336961,-0.002701285742302958,-0.6361354003898672,5.515657710860722e-06,0.001121433542658722,0.00014743723002769147,0.007603621404198092,131.916667
15351,0.15245828771461806,-515.2791846390126,-0.4146095000607568,-3.5305044433254005,0.09763488425843085,-0.005668148263393819,-0.6365043708782423,5.634466726367866e-06,0.0011387311284165977,0.000155176260728904,0.00805955188105538,131.925
15352,0.1486924872164253,-515.3117736373102,-0.4177549336626401,-3.7010233962182424,0.09501054871221291,-0.00862952119378302,-0.6368681493632495,5.760652621343776e-06,0.0011571077260708583,0.00016366251828308455,0.008565457252967031,131.933333
15353,0.14490323368062313,-515.346040497197,-0.4192225073799223,-3.885853576498088,0.09226397767992757,-0.011578945191384379,-0.6372250772897539,5.894587769176818e-06,0.0011765543634845849,0.00017293265405890563,0.009132260762678958,131.941667
15354,0.1411031130318386,-515.3821743275089,-0.4188736627651291,-4.085921087881826,0.08939457051332189,-0.014516271059686142,-0.6375738398909263,6.036584189714439e-06,0.0011970504223208739,0.00018301113104811988,0.009774997689678615,131.95
15355,0.13731012359370606,-515.4202355385464,-0.41656727402703736,-4.301897841436206,0.08640625535940455,-0.017429104790762186,-0.6379127667768988,6.186857368526218e-06,0.0012185628466898544,0.0001939042294616369,0.0105143440682525,131.958333
15356,0.13354109556797236,-515.4604307103176,-0.4121394148734229,-4.534433772338117,0.0832996486932497,-0.0203173335898012,-0.6382404618632244,6.345479472152621e-06,0.0012410427442134761,0.00020559196357802098,0.0113785138170037,131.966667
15357,0.12981476585566887,-515.5029491547378,-0.40541712133236957,-4.783901434340722,0.08007568060104431,-0.02317824871515344,-0.6385555315231229,6.5123204453724665e-06,0.001264425320479971,0.00021801944971508715,0.012405371833765009,131.975
15358,0.1261529704567544,-515.547865960391,-0.3962323386292001,-5.050164386050803,0.07673904683937638,-0.02599990017343376,-0.6388565070163688,6.686976389707008e-06,0.0012886299242698533,0.0002310867502381276,0.013644569133400373,131.983333
15359,0.12257637748878035,-515.595355203656,-0.38440482197412357,-5.332706200370885,0.07329095495329199,-0.02877818908663327,-0.6391422098648536,6.868684607156518e-06,0.0013135617091116342,0.0002446382431356549,0.015159142151055342,131.991667
15360,0.11911065650438887,-515.6455900004079,-0.3697467321931064,-5.63022409793211,0.06973442900609245,-0.0315097947733251,-0.639411256485634,7.056227964759691e-06,0.0013391177308112944,0.0002584544021935702,0.017025501636497072,132.0
15361,0.11578074260136278,-515.698617347236,-0.3521013523225138,-5.9404768453430385,0.06607483361449401,-0.034183068517898034,-0.6396625257630133,7.247833574800422e-06,0.0013651937782853283,0.00027224686035247494,0.01933012748360032,132.008333
15362,0.11262553128936474,-515.7546642998389,-0.33127389922601796,-6.259762008844593,0.062318083733198554,-0.03680422365391064,-0.6398940679808299,7.4410752677079865e-06,0.0013916971538222446,0.0002856603362431311,0.022161430450357344,132.016667
15363,0.10965046317974986,-515.8136440456425,-0.30722128821505507,-6.584213849142876,0.058460729208190274,-0.03935039438356932,-0.6401065554095695,7.632792011122204e-06,0.0014185555304430453,0.00029828493441820346,0.02559260086480723,132.025
15364,0.10689675696545832,-515.8756180396913,-0.27984303228783547,-6.90734628285677,0.054512649694461984,-0.04182247841682811,-0.640298183660053,7.819054840113578e-06,0.001445746470965237,0.0003096843771894521,0.029660499519036026,132.033333
15365,0.104405335980165,-515.9406035863439,-0.24911032829934565,-7.220966076443032,0.05048153829227106,-0.04422292557717442,-0.6404673760786272,7.995199266425962e-06,0.00147329172247488,0.0003194294840340911,0.034331190381466495,132.041667
15366,0.10218220942912695,-516.0084065071436,-0.21517589296453896,-7.517314399696363,0.04636430232499915,-0.04653273924685492,-0.640614992272348,8.15593818870922e-06,0.0015012576798579375,0.00032714633898610687,0.03946470179132458,132.05
15367,0.10026695661974203,-516.0788571469376,-0.17820843161092273,-7.785832724961758,0.04217098849075775,-0.04875295911465847,-0.6407396268245603,8.295607438256158e-06,0.0015297536705338672,0.00033256894876284204,0.04479537613927722,132.058333
15368,0.09869125754795503,-516.151593894915,-0.1385327866150937,-8.0156266149639,0.03791317067984255,-0.05087909526569111,-0.6408404027758752,8.408530477764363e-06,0.0015588767919431175,0.0003355643445487844,0.049926179776397475,132.066667
15369,0.09746805085844354,-516.2263871648736,-0.09658175444176306,-8.197290689585266,0.03358518210644576,-0.0529080163995899,-0.6409175376127085,8.489467500381473e-06,0.0015886561247008336,0.000336144047126266,0.05436599761175562,132.075
15370,0.09662217971894604,-516.3026422960601,-0.0529328570588444,-8.321505288267808,0.02920214294985439,-0.054834298142076264,-0.6409703169963507,8.534128344024087e-06,0.0016189898937500873,0.00033444345296888524,0.05760840411055547,132.083333
15371,0.09617703087868305,-516.3797325942645,-0.00825767947949796,-8.38090799481623,0.024778078969738732,-0.05665898628865273,-0.6409979085389528,8.539654331561132e-06,0.0016495747400417317,0.00033066830841147496,0.0592364237159622,132.091667
15372,0.09611668231809657,-516.457245460583,0.036724606803425895,-8.373841731665511,0.02030356730210327,-0.058371021972288176,-0.6410016393307584,8.504963079343756e-06,0.001679870918296327,0.0003250412198794346,0.059023859402533185,132.1
15373,0.0964537634163916,-516.5344458465894,0.0812562203297356,-8.299441095466934,0.015796336852179373,-0.05997199209743862,-0.6409807708363155,8.430922199484077e-06,0.0017091324795333596,0.00031775938215351286,0.05699443348264708,132.108333
15374,0.09718206183781702,-516.6107290426727,0.12461033473620049,-8.161350854603045,0.011264131442373856,-0.061460572153802684,-0.6409354336353827,8.32027798555336e-06,0.0017364528778584863,0.0003089754617727561,0.05341571684950912,132.116667
15375,0.0982891919911184,-516.6855626513709,0.16613300558484903,-7.966299975975068,0.006712956574484648,-0.06283625546713822,-0.6408658626334357,8.177344398617805e-06,0.001760876303428707,0.00029881905835298735,0.048729165152385887,132.125
15376,0.09975548724797678,-516.7584023924852,0.20525857032843411,-7.723469545293711,0.002153781280167839,-0.06409727430645397,-0.6407725129316023,8.007540830080056e-06,0.0017815155033706579,0.00028743083065306167,0.04344498156568966,132.133333
15377,0.10156946150605918,-516.8286739182595,0.24152408600333491,-7.442590088425284,-0.002394665604564377,-0.06525176224083087,-0.6406551223373684,7.816862371884844e-06,0.001797656116213262,0.00027499304714317854,0.03804006798659616,132.141667
15378,0.10368690110148593,-516.8964292928937,0.2746837369080352,-7.135352008958861,-0.00694834874747631,-0.06628892413745015,-0.6405154265608151,7.611363224894037e-06,0.001808816508477207,0.0002617449128894117,0.03288885990866974,132.15
15379,0.10608901955375255,-516.9612388589837,0.3045216890359327,-6.811394248356567,-0.011486039763041267,-0.06721617177046849,-0.6403534725595581,7.396749120447824e-06,0.0018147894194168702,0.0002479718338306963,0.02823055119626962,132.158333
15380,0.1087470169683627,-517.0229743949891,0.3309640375487281,-6.479764560050815,-0.01600075348748878,-0.06803609419482111,-0.6401699605968294,7.178087162627295e-06,0.0018156068468670207,0.00023398238375355162,0.024181699082087338,132.166667
15381,0.11163017681711157,-517.0815728683137,0.35402580305328035,-6.148162672470579,-0.020484781190582526,-0.06875081635302195,-0.6399657894500042,6.959643071976381e-06,0.0018115031771267116,0.00022007935604010333,0.020762344697119774,132.175
15382,0.11470759271125903,-517.1370067590399,0.37378869794613073,-5.8227564768088165,-0.02492845958174246,-0.06936330073743684,-0.6397419925952098,6.744833815160978e-06,0.0018028604141082938,0.00020653337173324565,0.017930024565666842,132.183333
15383,0.11795123406919832,-517.1893540893265,0.39038882516606876,-5.508076526170734,-0.02932652226616398,-0.06987699534816944,-0.63949954909201,6.536262727637879e-06,0.0017901523114672933,0.00019356510736091276,0.015610057260085429,132.191667
15384,0.12134002507099333,-517.2384395804041,0.40395951237225014,-5.20732513191281,-0.033655269566202455,-0.07030822900154389,-0.6392390698643918,6.3358047352424135e-06,0.0017738942672351726,0.00018133779475614696,0.013717652928071597,132.2
15385,0.1248422729366257,-517.2846233392684,0.41471433556201076,-4.922655175879661,-0.03792391941637669,-0.07065162490345189,-0.6389621560864166,6.144714873256442e-06,0.0017546021279910985,0.00016995743065320457,0.012171720230979644,132.208333
15386,0.12843419429573805,-517.3281310708456,0.42285039647261263,-4.655157916166458,-0.04213307332437212,-0.07090792364677626,-0.6386700111734902,5.963747427422375e-06,0.0017327755239600123,0.00015947985731934713,0.010901029424784015,132.216667
15387,0.1320924827710158,-517.369022984364,0.4285490476815526,-4.4053480352631125,-0.0462709179922637,-0.07108389525362663,-0.6383639985617334,5.7932654945132914e-06,0.0017088774926730553,0.00014991958051291634,0.009846893056987872,132.225
15388,0.13578914456907779,-517.4076768336689,0.43201585600230485,-4.173155085574336,-0.050345835782122296,-0.07116871805601419,-0.6380460979158663,5.6333384275014245e-06,0.0016833279250574502,0.00014125936644691518,0.008962824849258777,132.233333
15389,0.1395120020095482,-517.4440237178127,0.43340062923949535,-3.9580709057243193,-0.05433977755751763,-0.07117977306537056,-0.6377171325575015,5.483824643872857e-06,0.001656505942684981,0.00013346001426973387,0.00821279970814498,132.241667
15390,0.14325011040634472,-517.4780015373944,0.43284628971234196,-3.759384978151928,-0.05823614649489632,-0.07113678748828736,-0.6373779266520542,5.34443472494622e-06,0.0016287405356965178,0.00012646755699369052,0.0075695201830696685,132.25
15391,0.14697239657884204,-517.5102326587654,0.43054447136236,-3.576257683343417,-0.0620591512131127,-0.07100907577695902,-0.6370313065964734,5.214782328438147e-06,0.001600314718652546,0.0001202197879248672,0.007012398581868664,132.258333
15392,0.15067638721419271,-517.5403843035748,0.4265949689052044,-3.407752097364589,-0.06577680516936785,-0.07083446537231816,-0.6366776288618353,5.094426116828695e-06,0.0015714855250059969,0.00011465193175214454,0.006525707108278292,132.266667
15393,0.15434277509648836,-517.5688282711462,0.42114195931008425,-3.252874072062139,-0.06940069332592133,-0.07059931981217656,-0.6363189392780475,4.982894891039799e-06,0.0015424679282583693,0.00010969874296654554,0.006097595761650869,132.275
15394,0.1579567222976096,-517.595732077672,0.4143037409968132,-3.1106563199713695,-0.07292990051795231,-0.07030238219683997,-0.635957009037475,4.8797104189577515e-06,0.0015134525058011644,0.0001052976918093914,0.005718895440260658,132.283333
15395,0.16150881213939838,-517.6211656519584,0.4061812605750335,-2.9801457121057386,-0.07635939715449963,-0.0699504469405146,-0.6355931797266422,4.784401356319451e-06,0.00148460625394881,0.00010139009376066384,0.005382444570780354,132.291667
15396,0.16498245799525138,-517.6455514409123,0.3968873447078297,-2.8604109429240916,-0.07970572054555969,-0.0695185498360561,-0.6352296293601275,4.696512420460191e-06,0.0014560725382644303,9.792178106243826e-05,0.0050825766188110294,132.3
15397,0.168372505079714,-517.668691140243,0.386492792141743,-2.7506487848179018,-0.08294762362003877,-0.06903289452303403,-0.6348674380416435,4.615611153977028e-06,0.0014279792348890618,9.484366127858968e-05,0.0048146916740388025,132.308333
15398,0.1716744732364246,-517.6904561091411,0.37506691586453444,-2.650093442435596,-0.08606998954886931,-0.06851657378510934,-0.6345076427371126,4.541290537303282e-06,0.0014004336201168966,9.211136770466455e-05,0.004575048617831683,132.316667
15399,0.1748746829047154,-517.7112222380299,0.36269800303252697,-2.5580028878907597,-0.0890882712297936,-0.06794564035172936,-0.6341523338776577,4.473170768324909e-06,0.001373524816952439,8.968521862875489e-05,0.00436054930561865,132.325
15400,0.17796095014517646,-517.7313398652208,0.34946578169230846,-2.473702186612454,-0.09201639438327941,-0.06729479215064452,-0.6338035238069464,4.410900237356737e-06,0.0013473319238249172,8.75301602117614e-05,0.004168557219851599,132.333333
15401,0.1809335014765799,-517.7503847639804,0.33541248269633583,-2.3966251635784275,-0.0948224678414741,-0.06661295805936743,-0.63346185843114,4.354154791028003e-06,0.001321924299649969,8.561532992275051e-05,0.00399681064662989,132.341667
15402,0.18378205632460073,-517.7686777201119,0.3206076089379133,-2.3262136750855693,-0.09751994400858431,-0.0658771422075328,-0.6331291932387347,4.3026359941296545e-06,0.0012973554817646376,8.391348429463827e-05,0.0038433913345361863,132.35
15403,0.1865004525175001,-517.7862960564463,0.3051070053780373,-2.261976249481751,-0.10010796089666447,-0.06508677515298145,-0.6328069378106542,4.256070269042816e-06,0.0012736713586217426,8.240084514359771e-05,0.003706626482384536,132.358333
15404,0.1890820546000498,-517.8033537851999,0.2889648484080986,-2.2034716869168207,-0.1025878512108603,-0.06423655448380385,-0.6324965695780395,4.214207017106389e-06,0.0012509087959390159,8.105667527333867e-05,0.003585061994455409,132.366667
15405,0.19152019292010034,-517.8201305615999,0.27223796132393296,-2.1503002874011186,-0.10497130988360794,-0.06330268371339019,-0.6321995784655365,4.176816922033449e-06,0.001229097103891117,7.986295794326153e-05,0.003477428827785761,132.375
15406,0.1938122790053838,-517.8364565363767,0.25496594483350693,-2.1021120741988892,-0.10724340809956928,-0.06230835672949207,-0.6319169508541923,4.1436902307362336e-06,0.0012082590687193238,7.88041002137304e-05,0.0033826148478687482,132.383333
15407,0.1959568935782797,-517.8520393085795,0.23718310889208827,-2.0585841851772697,-0.10938329946973256,-0.061292041922988684,-0.6316495009655477,4.114634982199874e-06,0.0011884098095873046,7.78666395723834e-05,0.0032996566964931997,132.391667
15408,0.1979468522305622,-517.8672319861033,0.2189425234630455,-2.0194403846982314,-0.11140736143047814,-0.06022079750958591,-0.6313987393417952,4.08947544659269e-06,0.0011695574241514383,7.703902640830193e-05,0.0032277234907357294,132.4
15409,0.19977781671614447,-517.8820802068992,0.2002861067528772,-1.984432817161724,-0.11331407974501735,-0.05909449435746269,-0.6311658044794376,4.0680508419691005e-06,0.0011517070063566655,7.631144577739576e-05,0.0031660874318231,132.408333
15410,0.201448257464213,-517.8965707745932,0.18125295994090862,-1.9533343064044912,-0.11510010878174572,-0.057920211980801044,-0.6309514455792374,4.050213954066705e-06,0.0011348598647256273,7.567562078728504e-05,0.003114120630631445,132.416667
15411,0.20295678073115006,-517.9105393546051,0.16187651320585258,-1.9259351462507979,-0.11675390128771519,-0.056722692683066706,-0.630756351807004,4.035829921350005e-06,0.0011190129498832811,7.512465545750672e-05,0.003071287500461934,132.425
15412,0.20429840415419415,-517.9250708869524,0.14222707005183932,-1.9021475190926271,-0.11833216260852454,-0.055378797875229105,-0.6305816368356156,4.02477521799349e-06,0.001104159736368669,7.465291198375009e-05,0.00303713845007734,132.433333
15413,0.20545897081491835,-517.9393861620204,0.12231520349303615,-1.8817985317166306,-0.11977990212414612,-0.05397987136839826,-0.6304295846565112,4.016936891419575e-06,0.0010902925523995069,7.425589779132924e-05,0.0030112829992168036,132.441667
15414,0.20645503189143652,-517.9536655707019,0.10218774713806461,-1.8647398987065809,-0.12111452740937767,-0.05251381385390167,-0.6302984081218364,4.012212007688517e-06,0.0010774074187373816,7.393019015332542e-05,0.002993411698303265,132.45
15415,0.2072768835738127,-517.9678924510034,0.08187743181579567,-1.8508855174909025,-0.12232745588048329,-0.05098474367362701,-0.630189703284926,4.010506598601721e-06,0.0010654900388283551,7.367332125905915e-05,0.002983281977085153,132.458333
15416,0.20791925399125075,-517.9819332047518,0.06141410356263937,-1.8401413623867047,-0.12340702250886737,-0.049412670182496676,-0.6301044417371867,4.011735580435585e-06,0.0010545292557848668,7.348376463830615e-05,0.002980712362302137,132.466667
15417,0.20839308064641007,-517.9960618423058,0.04084617676376137,-1.8324557903162206,-0.12437150999318695,-0.04777127007623512,-0.6300413843021092,4.015822368582494e-06,0.0010445150700151135,7.336086681070645e-05,0.002985582848921635,132.475
15418,0.20868937833855083,-518.0102345777547,0.020203631128497452,-1.827792359432707,-0.12521123849402244,-0.046068304448694704,-0.6300018807559351,4.022698532619305e-06,0.001035431992948416,7.330483256552833e-05,0.0029978257812142244,132.483333
15419,0.20880355538895154,-518.0243403524357,-0.0004842864870853107,-1.8261095112889305,-0.1259164397921568,-0.04432146111853881,-0.6299866434698327,4.032303944958502e-06,0.0010272685743267361,7.331670882376965e-05,0.00301742932638129,132.491667
15420,0.20874111031778925,-518.0384539412648,-0.021177595326562205,-1.827395740397484,-0.12649212448183927,-0.042527436345731036,-0.6299949779783413,4.044586792472503e-06,0.0010200154610566677,7.339835539561049e-05,0.0030444385069913794,132.5
15421,0.20850752485655175,-518.0528656457863,-0.04182871859633043,-1.8317032010949872,-0.12695171016323156,-0.04065523406452854,-0.6300261327165638,4.059503677054955e-06,0.0010136614516529719,7.355246874297465e-05,0.003078950067771381,132.508333
15422,0.2080992946725827,-518.0673626257599,-0.06241242027810182,-1.8390181851224154,-0.12728166344474,-0.03873572520255312,-0.6300804983649091,4.077019957973266e-06,0.0010081941629566122,7.378264309065203e-05,0.0031211070237951296,132.516667
15423,0.20751582455463274,-518.082107608887,-0.08288865320300633,-1.8494177774492624,-0.12748569579261657,-0.03675297237265831,-0.6301580191238124,4.097110238996028e-06,0.0010036042076292933,7.409335043219633e-05,0.0031711106065432596,132.525
15424,0.20675744946482885,-518.0969989527778,-0.10322620574952705,-1.8629365601786871,-0.1275576899956702,-0.03472499500163379,-0.6302584573975228,4.119758899386282e-06,0.000999884066034294,7.44900187366052e-05,0.0032292135501592757,132.533333
15425,0.20581791702029223,-518.1119944101689,-0.12339628899497339,-1.8796499965041933,-0.12749036654947654,-0.0326614071961997,-0.630382385217928,4.144960770567475e-06,0.0009970279565582579,7.497905652823946e-05,0.003295726739546889,132.541667
15426,0.20471320718732208,-518.1271013741896,-0.14335267673805946,-1.8996275481632696,-0.127291999442907,-0.030569128116349265,-0.6305273887469388,4.172721935508616e-06,0.0009950345685078511,7.556789375508501e-05,0.003371024346863986,132.55
15427,0.20343880949864165,-518.1425474331228,-0.16305489681169041,-1.9230547692473994,-0.12696473224967214,-0.028423831538260443,-0.630693709530588,4.203060541805847e-06,0.0009938985576584782,7.62651540967388e-05,0.0034555325518679926,132.558333
15428,0.20199719750038383,-518.1583254398229,-0.1824657230049776,-1.9500652194225128,-0.12650697274019373,-0.0262324910947808,-0.6308806186078901,4.2360079313469e-06,0.0009936190706239946,7.708075935290441e-05,0.00354973688987798,132.566667
15429,0.20038722352721627,-518.174596382207,-0.20154300735610628,-1.9808749975172881,-0.1259191032764203,-0.023980670597295143,-0.6310878065243902,4.27160986001167e-06,0.000994197087669239,7.80260245873735e-05,0.0036541866263924516,132.575
15430,0.19862215561673313,-518.1909919031817,-0.22025554855976567,-2.0155266548871067,-0.12519762581137853,-0.02172257090188169,-0.6313130737444036,4.309927868802469e-06,0.0009956369541671683,7.911383504235811e-05,0.003769495199580295,132.583333
15431,0.1966998629042441,-518.2077852165392,-0.2385567558767434,-2.054323192289489,-0.12434549877403768,-0.019429733676818134,-0.6315561693625388,4.351040632010941e-06,0.0009979411826697858,8.035870600781615e-05,0.003896348231532644,132.591667
15432,0.19461754256015812,-518.2252722453162,-0.25639694241013833,-2.097620861991544,-0.12336328153012335,-0.01707212558994915,-0.6318168690166167,4.395045510063234e-06,0.0010011165679405922,8.177711798302035e-05,0.004035498534131922,132.6
15433,0.19238486989240774,-518.2431661031691,-0.2737417442551944,-2.1455697962000486,-0.12224813546538384,-0.014693687277888884,-0.6320933488065009,4.442060482849403e-06,0.001005174384833828,8.338775925593393e-05,0.0041877673733785705,132.608333
15434,0.1900132566534658,-518.2614086452396,-0.29054412049978623,-2.1984224380737354,-0.12100410281098216,-0.01230949899255099,-0.6323835829727569,4.4922259994972066e-06,0.0010101258516814896,8.521156503762965e-05,0.0043540581275583815,132.616667
15435,0.18750307262706847,-518.280396347219,-0.3067421168962643,-2.2566781219354786,-0.11963361101550449,-0.009879156617415327,-0.6326869004933796,4.545706745928609e-06,0.001015981754709989,8.727210100336939e-05,0.0045353467899981945,132.625
15436,0.18485812733148788,-518.3000344649287,-0.3222939511251236,-2.3206679895227915,-0.1181339931594615,-0.007423053575336137,-0.6330021884731664,4.6026938071170516e-06,0.0010227566685816764,8.959607414396996e-05,0.004732673360642381,132.633333
15437,0.18208460546435734,-518.3203214135704,-0.3371488656880568,-2.3907953921923077,-0.11650574994940732,-0.0049505594288016055,-0.6333280468020251,4.663406933044196e-06,0.0010304676756760652,9.221334315455495e-05,0.004947167809838479,132.641667
15438,0.17918905495762413,-518.3412816116606,-0.351252227297073,-2.4675160505812226,-0.11475002032235464,-0.0024682209486515077,-0.6336630440520955,4.728096604199563e-06,0.0010391334274216274,9.515729621346176e-05,0.005180048519158376,132.65
15439,0.17617031749717488,-518.3629894058545,-0.3645527799396694,-2.551382224844305,-0.11286317768791648,2.2749101779761636e-05,-0.6340066366219397,4.797046035148338e-06,0.0010487739294362006,9.846517293973752e-05,0.005432630490118106,132.658333
15440,0.1730498104177729,-518.3855728826236,-0.37696490630568236,-2.642958474878952,-0.11085542951675127,0.0025262826249962535,-0.6343557395647613,4.870573079311487e-06,0.0010594132300566427,0.00010217825688287098,0.00570636044385376,132.666667
15441,0.16982016265708344,-518.4090030411592,-0.38844625167443325,-2.742866712160142,-0.10871868463818932,0.005028035839422433,-0.6347105475270909,4.949031672611963e-06,0.0010710705555163605,0.00010634253455419821,0.006002777705905092,132.675
15442,0.16649912949145404,-518.43345723109,-0.39890329485414616,-2.8518183617218287,-0.10646000647481653,0.007536013123422123,-0.6350684909547832,5.03281273732091e-06,0.0010837709257852277,0.00011100813971944958,0.006323662128515309,132.683333
15443,0.16310308494892414,-518.458973711562,-0.4082492290165857,-2.9704839183675564,-0.10408571877123354,0.010042564792230865,-0.6354272757100293,5.122344182890755e-06,0.0010975347916224406,0.00011623000374071369,0.006671014952268293,132.691667
15444,0.15962416030780938,-518.4856647037197,-0.4164206190153077,-3.0997494352670123,-0.10158607142794089,0.012545783036197548,-0.6357872176253986,5.21808929750291e-06,0.0011123778401263718,0.00012206740013555781,0.0070471918308463,132.7
15445,0.15609324472886899,-518.5135296463866,-0.42330149664866557,-3.2402748842612374,-0.09897701337323761,0.015034019568951928,-0.6361446704605128,5.3205436718505395e-06,0.0011283192226453668,0.00012858283434711112,0.007455198913657416,132.708333
15446,0.15250466166415652,-518.5428137581803,-0.42880318127157446,-3.3931241049203353,-0.09624778786958581,0.01751674158156841,-0.6364998348551049,5.4302289365146725e-06,0.00114536504576553,0.0001358414108270499,0.007898850528643404,132.716667
15447,0.14888395466579804,-518.5734167457955,-0.4328127781932173,-3.5589446575666215,-0.09341247086911628,0.019971586924771936,-0.6368498713808717,5.547683201173927e-06,0.0011635209696805704,0.00014390859031786216,0.008383361243532181,132.725
15448,0.145238266790593,-518.60556006468,-0.4352102202309993,-3.738731415111728,-0.09046809371492122,0.02240505174018504,-0.6371938875664988,5.673446354821526e-06,0.001182777881149135,0.00015284707002685116,0.008915943156865806,132.733333
15449,0.14158247085735562,-518.6393792368871,-0.43586216420369944,-3.9333358775247658,-0.0874172801160511,0.02481492220300454,-0.6375303533551722,5.808038726345178e-06,0.0012031168769913712,0.00016271292534523256,0.009506811232066278,132.741667
15450,0.1379320334989796,-518.6749454997225,-0.43463349387133426,-4.143474715924765,-0.08426424180507885,0.027192762489980895,-0.6378578242031516,5.951932096707701e-06,0.0012245036881218775,0.00017354971870523202,0.010170505637206475,132.75
15451,0.13429542532807792,-518.7125898958533,-0.43136425247935284,-4.37005909242942,-0.08100142184460729,0.029549658006881037,-0.6381756028295256,6.10550994883304e-06,0.0012468861000814412,0.0001853805848312109,0.010927703428550387,132.758333
15452,0.13070805385520154,-518.752081830104,-0.4259036177715411,-4.612919389460549,-0.07765301026512085,0.031855582759680805,-0.63848080982893,6.269016145288131e-06,0.0012701947616796001,0.00019819927291422248,0.01180747012288399,132.766667
15453,0.12718079199942461,-518.793729290912,-0.4180800224146206,-4.8723583933231,-0.07421269720731692,0.0341201025859395,-0.638772891447923,6.442486674582663e-06,0.0012943313434393318,0.000211956731584914,0.01284974475504797,132.775
15454,0.12372806133502498,-518.8377791897761,-0.40771700093493024,-5.148216187514788,-0.07067642441714629,0.036346140874381455,-0.6390511041780204,6.625665411492747e-06,0.0013191795914808896,0.00022655002328522155,0.014107986417755498,132.783333
15455,0.12038602994267147,-518.8841256776792,-0.39464365525914974,-5.438939950091745,-0.06706423213234108,0.03851764473072678,-0.6393131411827048,6.817906719574587e-06,0.001344607265124522,0.0002418090624127699,0.01565116083515745,132.791667
15456,0.11716631661161225,-518.933102454789,-0.3786867164677652,-5.743191096567121,-0.06336513980078885,0.04064319332365366,-0.6395588343307305,7.018060086076901e-06,0.0013704642523129878,0.0002574836217406059,0.01756334871546063,132.8
15457,0.1141064235617568,-518.9845416379578,-0.3597069220394263,-6.057539028364535,-0.059600563192094044,0.04270737802898553,-0.6397861872571763,7.224348448932298e-06,0.0013966047334207313,0.0002732404436164061,0.01994027508446322,132.808333
15458,0.1112272976753836,-519.0386314687034,-0.3375738812435536,-6.378227686218605,-0.05576714365301436,0.044714653421681974,-0.6399946391448627,7.434248926694607e-06,0.0014228922959935114,0.0002886634231974236,0.022878755143108827,132.816667
15459,0.10855009526791072,-519.0955674484564,-0.3121879876951391,-6.700350694224524,-0.051858494215270584,0.046669313141318385,-0.6401837114958817,7.64439396147193e-06,0.0014492268615336685,0.0003032743390929296,0.02645844674197832,132.825
15460,0.10610832053848246,-519.1550616266966,-0.2835549555191748,-7.016799085298504,-0.04789397116374081,0.04855714291790775,-0.6403521562966871,7.85052519103369e-06,0.0014755639819451815,0.00031656689666092504,0.030714146780884872,132.833333
15461,0.10393085473947702,-519.2171102644191,-0.25171008706425835,-7.319577661923111,-0.04387501930233637,0.05038191572832597,-0.6404991474816836,8.047520668790078e-06,0.0015019239015785545,0.0003280532882360565,0.0356007624251428,132.841667
15462,0.10204341147138489,-519.2815306668798,-0.21680591229032078,-7.5996560341047,-0.03980697164325506,0.05214092160940307,-0.6406241034946432,8.22952673114443e-06,0.0015283955031548673,0.0003373265193787976,0.04095762797824711,132.85
15463,0.10046936584659578,-519.3480205074987,-0.17911119167009992,-7.847437363835681,-0.03569738443416811,0.053830073698454495,-0.6407265661623359,8.39022387126024e-06,0.0015551193282468997,0.0003441180792392661,0.0464868965031357,132.858333
15464,0.099238843037785,-519.4160499546538,-0.13902278764460194,-8.052685938941206,-0.031565515959569884,0.05544693965041953,-0.6408055615876075,8.523229201192891e-06,0.0015822451355344015,0.0003483356305971109,0.05176056921635065,132.866667
15465,0.09835893213236052,-519.4855575944443,-0.09697918274906471,-8.207587805535061,-0.02739414752324474,0.056997107166817065,-0.6408614539290759,8.622601393305728e-06,0.0016098626026135102,0.00035006465134173096,0.05626717672459143,132.875
15466,0.09784680467837513,-519.5558966034553,-0.053589081202289904,-8.304830823401288,-0.023199558158440308,0.058476376541448036,-0.6408937560655713,8.683402751236615e-06,0.0016379341769086316,0.00034953498696964396,0.05949782323216222,132.883333
15467,0.09770945057667729,-519.6265333651037,-0.009511873476773684,-8.340012530720127,-0.018987949801565655,0.059884018223459234,-0.64090239100798,8.702226852149528e-06,0.0016662201543122801,0.0003470451325224881,0.061054232187034,132.891667
15468,0.09795240641026204,-519.6968994148734,0.034557032866347724,-8.311403637064252,-0.014767146442768853,0.06122219784373548,-0.6408871090551911,8.67758429464048e-06,0.0016942452990892313,0.0003428853436178751,0.06074194650565613,132.9
15469,0.09856931623918991,-519.7664818682059,0.07792777305510978,-8.220929681090167,-0.010540615868783743,0.06249060319788484,-0.6408481353683346,8.610074426017485e-06,0.001721308750649717,0.00033727891004431144,0.05861636243517352,132.908333
15470,0.09955332662147809,-519.8346688492426,0.1199326852232467,-8.073101756680284,-0.0063206482535963955,0.06369104963294565,-0.6407854650960086,8.502309905195143e-06,0.001746550446833722,0.0003303629560740267,0.05496405743979415,132.916667
15471,0.10088645563057111,-519.9010456643325,0.16000431569201135,-7.8752786371811005,-0.0021100132784533463,0.06482377043408334,-0.640699570240744,8.358610291923387e-06,0.001769048948437303,0.0003222080864160998,0.050229167500856084,132.925
15472,0.10254821145530474,-519.9652510582522,0.19767478348697934,-7.63625479792402,0.002087217887921467,0.06588964739319027,-0.6405909073378184,8.18453194912034e-06,0.001787938612043356,0.0003128628144155338,0.04491073132372129,132.933333
15473,0.10451960299775966,-520.0266859758709,0.23253571082977725,-7.365403875472875,0.006246051876033465,0.06689445501887661,-0.6404597031817767,7.986326746289772e-06,0.0018025082635152968,0.0003023996467573043,0.03946930350610147,132.941667
15474,0.10677232354283729,-520.0855834026364,0.264415890748148,-7.07217514999977,0.010391286806376174,0.06783677179758649,-0.6403067282377953,7.770412712753492e-06,0.0018122655628152304,0.00029094652439526017,0.03426624563382289,132.95
15475,0.10927933334392498,-520.1416096292196,0.2931429176696441,-6.7654707211845,0.014505118402425245,0.06871888614191728,-0.6401326650808767,7.542932874883052e-06,0.001816967642378461,0.0002786950275120628,0.02953631253302292,132.958333
15476,0.11201147349284936,-520.1947021200841,0.31866985389342545,-6.453105247195047,0.018582860056794295,0.06954169639838437,-0.6399383895736718,7.309438520753194e-06,0.001816609457669421,0.00026588640956287624,0.025397945963552215,132.966667
15477,0.11494020678039135,-520.2448421937725,0.34102168626257684,-6.141567062982723,0.02261876420915508,0.07030679915426646,-0.6397248300436152,7.074700603465859e-06,0.0018113885199334484,0.0002527868977089331,0.021877793432680898,132.975
15478,0.1180442215883374,-520.2918768478385,0.36025132029719176,-5.835842297062486,0.02659560290155312,0.07102485162770372,-0.6394924995913288,6.8426338585714806e-06,0.0018016549255284813,0.00023966069883297585,0.01894165645281888,132.983333
15479,0.12129051417424375,-520.3362924607835,0.37653698055818474,-5.539848712464522,0.030536391349232098,0.07168347098350561,-0.6392429283669265,6.6163043750295665e-06,0.0017878548654518454,0.0002267477574897078,0.016522608277381924,132.991667
15480,0.1246571590901724,-520.3779947779136,0.38999815157593093,-5.256320875953617,0.03442339644787107,0.07229073435693567,-0.6389769887712137,6.398000310155103e-06,0.0017704932042734635,0.00021424954192988816,0.01454058492199117,133.0
15481,0.1281202015622195,-520.4171042689006,0.4007969030840846,-4.987080075995372,0.03825211122278126,0.07284822507102512,-0.6386958781509408,6.1893313198012135e-06,0.0017500886208545142,0.0002023212781828336,0.012916917378613118,133.008333
15482,0.13165626238487657,-520.4538168170756,0.4091086168098725,-4.733164377564161,0.04202256457815453,0.07335435054888197,-0.6384009367144026,5.991341510001218e-06,0.0017271488526827636,0.00019107198792335905,0.011581120194735351,133.016667
15483,0.13524601639665082,-520.4882481371175,0.4150968380422591,-4.4949896872890225,0.04572949910277764,0.07381192425048479,-0.6380933516549516,5.804621011895888e-06,0.0017021532487975811,0.00018056870933766362,0.010473767772095677,133.025
15484,0.13887199976443337,-520.5205175497076,0.41892059570522316,-4.272528856196261,0.049368186444561236,0.07422410851078032,-0.6377743147532323,5.629407212744092e-06,0.0016755404273582544,0.00017084289181745958,0.009546844792862757,133.033333
15485,0.14251171664002185,-520.5508532508994,0.4207468037402199,-4.0655217791889315,0.052940025719557623,0.07458503102574958,-0.637445636505342,5.465672617764495e-06,0.001647703438488718,0.0001618977692905249,0.00876260165708262,133.041667
15486,0.1461514547006621,-520.5794311413007,0.42072147433088214,-3.873337572988709,0.05644566567279921,0.07489421759855057,-0.6371085116940878,5.313199331616476e-06,0.0016189938718627595,0.00015371560403631325,0.008091810299396571,133.05
15487,0.14977651309473855,-520.6063488463597,0.41897690576566077,-3.695298661603358,0.05987976855957186,0.07515370392550431,-0.6367643573407119,5.171637119864309e-06,0.0015897177609414765,0.00014626388335872343,0.007512149391917051,133.058333
15488,0.15337244857299745,-520.6318127446895,0.4156443951307181,-3.5306119783698473,0.06324545474543042,0.07535817085224845,-0.6364147006597562,5.040549916055673e-06,0.0015601406672959262,0.0001395004781554573,0.00700663015191559,133.066667
15489,0.15692417331015884,-520.6559281836668,0.4108400213354113,-3.378508848762836,0.06653820358046962,0.07550660696087112,-0.6360612646951083,4.9194513239936524e-06,0.0015304920963798835,0.00013337790190181854,0.006562282935572673,133.075
15490,0.1604220452936799,-520.6787738595127,0.4046665127097204,-3.238150323076559,0.06975397237018405,0.07560165175314185,-0.6357053454760124,4.8078312578440405e-06,0.0015009705961411004,0.0001278463189495283,0.0061691502827425655,133.083333
15491,0.1638567338579661,-520.700452909714,0.3972207210446772,-3.1087192124584044,0.07289106175613619,0.07564363905717096,-0.6353482868964484,4.705174669986057e-06,0.0014717442440082033,0.00012285576700117037,0.0058195279123853996,133.091667
15492,0.16721586843135278,-520.7209844851225,0.38859031768597846,-2.989499311181975,0.07594039022723226,0.07563690893593958,-0.6349918328724804,4.610975056665572e-06,0.0014429547744073937,0.00011835777005395579,0.0055073701013672385,133.1
15493,0.17049082386699393,-520.7405730501943,0.37886442957078076,-2.879720224500996,0.07890880854687264,0.07557291881585049,-0.6346374134506774,4.5247439361201095e-06,0.001414723430480396,0.00011430634097022344,0.005227856182743598,133.108333
15494,0.1736704032072128,-520.7596689109982,0.36813841316370294,-2.7786453974191963,0.08182076919099006,0.0754196615478403,-0.6342868034706414,4.446016433708436e-06,0.0013871514797185007,0.00011065865986263048,0.00497707749404993,133.116667
15495,0.17674939006494148,-520.7780312456619,0.3564658722296775,-2.6856922307648112,0.08465142347124177,0.0752013074200609,-0.6339411743550075,4.374354834981317e-06,0.0013603247133061596,0.00010737545384657852,0.004751797323091582,133.125
15496,0.1797196315508166,-520.7954249643276,0.3439001839793703,-2.600338149784507,0.08737544673828371,0.07494315989216689,-0.6336020571057693,4.309349888559082e-06,0.0013343121811774236,0.00010442079276605664,0.00454934130705057,133.133333
15497,0.1825729933635206,-520.812551005193,0.33053130602959596,-2.5219525600145363,0.090037912334753,0.07458888882706496,-0.6332710199290216,4.250621428953745e-06,0.001309170440839917,0.00010176214553958099,0.004367461884873031,133.141667
15498,0.18530406369241412,-520.8288673128742,0.31639179947432367,-2.4501257235790552,0.09259223074331151,0.0741911228471706,-0.6329493413952285,4.197817819708191e-06,0.001284945203890693,9.937045404573705e-05,0.004204213478663491,133.15
15499,0.1879068631027718,-520.844998628565,0.30155937645570335,-2.3843453195026147,0.09507870230923808,0.0736969216547046,-0.6326383775758563,4.150614753678258e-06,0.0012616716566538925,9.721967551705277e-05,0.004057944801845675,133.158333
15500,0.1903754585092972,-520.8604860055832,0.28606612676803667,-2.3242627297553855,0.09745734561675305,0.0731529298938758,-0.6323394873873357,4.10871382504956e-06,0.001239376194772897,9.528676101861909e-05,0.003927206482232441,133.166667
15501,0.19270398410074285,-520.8760275696466,0.26998590458891514,-2.269472948986655,0.09977335472855728,0.07249482876356185,-0.6320540247200007,4.071840896510179e-06,0.001218077999720026,9.355129468922798e-05,0.003810751860224237,133.175
15502,0.19488822587668775,-520.8912498765089,0.2533502191671713,-2.2196743085751343,0.1019941404952195,0.07176195369179668,-0.6317831352473552,4.039744370400421e-06,0.0011977900059672976,9.199536182648524e-05,0.0037074752130935706,133.183333
15503,0.19692526883058956,-520.9060948234454,0.23620101586019468,-2.174564155340939,0.10411137695320385,0.07096471401377914,-0.6315277850022518,4.012193427194782e-06,0.001178519306848376,9.060325635649856e-05,0.003616422081470031,133.191667
15504,0.19881056721879742,-520.9206788709757,0.218584895109692,-2.1338798897278735,0.10612851950617921,0.07009490134251521,-0.6312891214247317,3.988976335116913e-06,0.0011602675276997123,8.936130744586567e-05,0.00353676224826557,133.2
15505,0.2005395530006984,-520.9350313084337,0.20054395403541372,-2.0973918911695257,0.10804273598984286,0.0691528333006206,-0.6310682732655206,3.969898930956407e-06,0.0011430326883244868,8.825770538623566e-05,0.003467770481316724,133.208333
15506,0.20210909266124585,-520.9490963612643,0.1821163532185221,-2.0648867982668633,0.10984618766202846,0.06814850260038884,-0.6308661580124926,3.9547831905527526e-06,0.0011268100320528662,8.728233102515284e-05,0.0034088176578053724,133.216667
15507,0.20351666075923344,-520.963162342895,0.16335108068938436,-2.036189162965769,0.11155483269428855,0.06705412499154868,-0.6306835785876839,3.943465903515152e-06,0.0011115920603284608,8.642660453953719e-05,0.0033593638586003555,133.225
15508,0.20475896671209246,-520.9771608887629,0.14428390356001844,-2.0111403129210754,0.1131595550811599,0.06588015534513628,-0.630521397655571,3.935797514708186e-06,0.0010973689389571035,8.568335189287355e-05,0.0033189439624836366,133.233333
15509,0.20583428394518857,-520.9911371537268,0.12495412303832414,-1.9896016402724819,0.11465981900192074,0.06462509414569234,-0.6303802311217471,3.931641155535605e-06,0.001084129592843512,8.504670007726437e-05,0.003287168101225919,133.241667
15510,0.20674043725659505,-521.0051195287032,0.10539968360048745,-1.971458843379293,0.11605364210242243,0.0632890741246573,-0.6302607063170023,3.930871774920478e-06,0.0010718615363764165,8.451197768275011e-05,0.0032637142941880403,133.25
15511,0.20747496510547767,-521.0191073509149,0.08565684410043219,-1.956617159035152,0.11733700070443374,0.06187552149388811,-0.6301634397373012,3.933375456236346e-06,0.001060551666329221,8.407563762604881e-05,0.003248324110324671,133.258333
15512,0.20803822692095728,-521.0330853076699,0.06576198004096218,-1.9449841131922405,0.1185066355057345,0.060390549564782216,-0.630088621973429,3.939048878942408e-06,0.0010501868740703533,8.373519167607423e-05,0.0032407995786654553,133.266667
15513,0.20842718604306057,-521.0471667576318,0.04575406194655056,-1.936522608148084,0.1195651415841306,0.05882405771037812,-0.6300368400565581,3.9477988645469154e-06,0.0010407532506207413,8.348915656076603e-05,0.0032410005942393426,133.275
15514,0.20864273908705205,-521.0613316149384,0.025669000099368518,-1.931175944525033,0.12050904463655712,0.057182808261623246,-0.6300081025479742,3.959542154040446e-06,0.0010322380245165932,8.333702169735759e-05,0.003248840154001737,133.283333
15515,0.20868313486564638,-521.0754727397027,0.005537575781999463,-1.9289029228990415,0.12132874228287202,0.05548359815895231,-0.630002713730181,3.9742052228881205e-06,0.0010246282072282015,8.327921918558869e-05,0.0032642850164241568,133.291667
15516,0.20854880392259026,-521.089924427282,-0.014591773031692217,-1.9297491893103578,0.12204041148864178,0.053690380446392856,-0.6300206295727185,3.991724285464056e-06,0.0010179121365262009,8.331710426834099e-05,0.003287356905167964,133.3
15517,0.2082393296523667,-521.104366617783,-0.03469604864005959,-1.933660473222261,0.12262347520182396,0.05184637976966035,-0.6300618611773037,4.012045393365274e-06,0.0010120787819381466,8.34529818518837e-05,0.0033181219443618694,133.308333
15518,0.20775607610525382,-521.11911671846,-0.05472662220302727,-1.9407197055308583,0.12309267225260047,0.04991766648494831,-0.6301261249039047,4.0351246711315865e-06,0.0010071185006138921,8.369006981773596e-05,0.0033567052074044016,133.316667
15519,0.20709871063357804,-521.1340753981609,-0.07465224288658298,-1.9509503876012935,0.12343940272461489,0.047920928877877994,-0.6302133060373065,4.060928637858825e-06,0.001003022495971995,8.403257893355435e-05,0.0034032758688916547,133.325
15520,0.20626881029741265,-521.14930342352,-0.0944338652393335,-1.9644213456907604,0.12366437242005193,0.04585385868381071,-0.6303229801568081,4.089434697256332e-06,0.0009997838345982017,8.44857068988953e-05,0.003458058274243831,133.333333
15521,0.2052673087576402,-521.1648092414302,-0.11403497902044307,-1.9812119819674299,0.12376519479611142,0.04372061903529352,-0.6304547538913886,4.120631691494916e-06,0.0009973968734774859,8.505570417344101e-05,0.0035213284299346432,133.341667
15522,0.20409677102721172,-521.1805890360051,-0.1334182170205571,-2.0014104277814795,0.12373995179811775,0.04152744373407245,-0.6306079672997424,4.154520590601476e-06,0.0009958577622456678,8.574992589415969e-05,0.0035934172367186133,133.35
15523,0.20275674619087722,-521.1966853995912,-0.15254648200013574,-2.0251533959353325,0.12358687981045104,0.03927442320841597,-0.6307823043621019,4.191115265706291e-06,0.000995164018863567,8.657690224545873e-05,0.0036747119549568733,133.358333
15524,0.20125207032054404,-521.2131250539273,-0.17137833063144978,-2.052571202932303,0.1233065185705779,0.03696489460290792,-0.6309767125029256,4.230443409147551e-06,0.0009953158944408004,8.754642928448436e-05,0.003765659418891744,133.366667
15525,0.19958430413965997,-521.2299926814894,-0.1898719817508299,-2.0838526444022474,0.12289933065534749,0.03459466332852066,-0.6311905231145775,4.272547507700711e-06,0.0009963144880323267,8.866967646938935e-05,0.003866765243450739,133.375
15526,0.19775487149454896,-521.2471533644768,-0.20799637546930266,-2.119139380878995,0.12235793854029359,0.0321868216639501,-0.6314230404913515,4.317485955932293e-06,0.0009981632317470981,8.995932269949123e-05,0.00397859701318842,133.383333
15527,0.1957699176806348,-521.2648604796858,-0.22569513864413454,-2.1587120912598983,0.12169085650487871,0.02971788484812526,-0.6316729339137958,4.365334243940749e-06,0.001000868103959426,9.142959006945212e-05,0.004101798128279379,133.391667
15528,0.19363328221788034,-521.2830472095476,-0.24292993010670866,-2.202779104959132,0.12089416459295325,0.027203580504821148,-0.6319391417305069,4.416186208756805e-06,0.0010044359171477823,9.309657826157296e-05,0.004237069571978989,133.4
15529,0.1913448409206397,-521.3017051150026,-0.25966296256066723,-2.251618768408175,0.11996378323658695,0.024652181904977564,-0.6322210636437932,4.470155383650622e-06,0.0010088754447008794,9.497828174826995e-05,0.004385190911040717,133.408333
15530,0.1889118893280523,-521.3209363234168,-0.27584079125348615,-2.305552257902258,0.11890295260024586,0.022060064040323506,-0.6325171571692586,4.527376392722621e-06,0.0010141989911301235,9.709475174662947e-05,0.004547031067209879,133.416667
15531,0.18634137395857198,-521.3408577442577,-0.291407534435571,-2.3649471650480445,0.11771420010095388,0.01942237540237707,-0.6328259248042243,4.5880063382427044e-06,0.001020419607506883,9.946837856956996e-05,0.004723539534327334,133.425
15532,0.18363624029301281,-521.3614502016495,-0.3063186659970364,-2.4301720717241144,0.11639431641815202,0.01675049522295378,-0.6331463469778034,4.652226155889072e-06,0.0010275513431099808,0.00010212411686175066,0.004915752739076422,133.433333
15533,0.18080274111105707,-521.3827441312915,-0.320521010333107,-2.501641601916701,0.11494335532738284,0.01405065537142025,-0.6334770057592592,4.72024190774642e-06,0.0010356108049991894,0.00010508953579895815,0.005124824333291704,133.441667
15534,0.17784684158637482,-521.4048341259609,-0.33395514495320905,-2.579848135325593,0.11336194081038424,0.011322193443523287,-0.6338165278590725,4.792285866040745e-06,0.0010446158221788678,0.00010839502493454569,0.005352037002208718,133.45
15535,0.17477203565868993,-521.4277353777119,-0.34656779986075403,-2.665309489272446,0.11164780927458312,0.008574055472576465,-0.6341638313030313,4.8686173153963255e-06,0.0010545854309838008,0.00011207398109542808,0.005598826093713714,133.458333
15536,0.17159278620123108,-521.4515646036597,-0.3582808444077446,-2.758579289417024,0.10980649061158333,0.005804926429947629,-0.6345166271459804,4.949522951923346e-06,0.0010655406094359223,0.0001161627464020342,0.00586683856306743,133.466667
15537,0.16830856575452496,-521.4763616611696,-0.36903888874411245,-2.860317410508092,0.10783299941511836,0.0030221458814513294,-0.6348743368158855,5.035316483121734e-06,0.001077499768551276,0.00012070080182651285,0.0061579537089942425,133.475
15538,0.16493557918371468,-521.5022579377062,-0.37875170226463023,-2.971180550103599,0.10573307030850299,0.00022442493237077968,-0.6352345867099705,5.126337417860232e-06,0.0010904840868707283,0.0001257303192553332,0.006474432450865705,133.483333
15539,0.16147978834891763,-521.5292944526618,-0.38734689966817865,-3.0918922778358557,0.10350531217903991,-0.002579260547256662,-0.6355961850434196,5.22294849059897e-06,0.0011045104060275195,0.00013129606271908016,0.006818988585401495,133.491667
15540,0.15794757170179172,-521.557561619032,-0.39474259845645326,-3.223263170709047,0.10114853447666433,-0.0053842696109889275,-0.6359579359438635,5.325531209603293e-06,0.0011195944638258727,0.0001374444177207621,0.007195041173124167,133.5
15541,0.15435335260296984,-521.5871631225622,-0.4008376806462685,-3.366092330462121,0.09866627126721604,-0.008186562384306033,-0.6363178920842569,5.434479240384789e-06,0.0011357496862095457,0.00014422229446462765,0.007607013628379096,133.508333
15542,0.15071207984565752,-521.6181922636729,-0.4055250548912022,-3.5211880793248502,0.09606213154265326,-0.010980452364555377,-0.6366741782303974,5.5501884266508525e-06,0.0011529828108217033,0.0001516755335426435,0.008060722817317425,133.516667
15543,0.1470325955716867,-521.6508160024197,-0.4086934116643508,-3.689490524663118,0.09333465354831497,-0.013766044960771304,-0.6370256283142415,5.6730423876235665e-06,0.0011712922785404225,0.0001598464581419996,0.00856397056034087,133.525
15544,0.14332431063975645,-521.685074281178,-0.4102369227433797,-3.8718607829054763,0.09048393422208197,-0.016530182226245853,-0.6373711033607196,5.803393128986083e-06,0.0011906690224734507,0.0001687706031025389,0.009127391716382782,133.533333
15545,0.13961007678172246,-521.7211744641979,-0.4100005422102102,-4.069068302778423,0.08751582223615074,-0.019275838587103817,-0.6377083468021212,5.9415353118252435e-06,0.0012110945796909543,0.0001784718501279428,0.009765632637160545,133.541667
15546,0.1358959925684505,-521.7592370053441,-0.40786142350718163,-4.281972181964437,0.08442633356035878,-0.02199487813515009,-0.6380367796713408,6.087671601989285e-06,0.0012325339959445274,0.00018895718863504727,0.010498614876907168,133.55
15547,0.13220600580502595,-521.7993523911749,-0.4036606821771507,-4.51099734066826,0.081223088038976,-0.02467845921728794,-0.6383543657687895,6.241868866925353e-06,0.0012549414239677917,0.00020020917952244158,0.011353527542060121,133.558333
15548,0.1285568941973914,-521.8417392126809,-0.3972309493651372,-4.756542603188003,0.07790575611567571,-0.027326835255909492,-0.6386598859447344,6.404002875544571e-06,0.0012782522618273338,0.00021217731591239832,0.012366680637068632,133.566667
15549,0.12496979048114418,-521.8864660221866,-0.38841171877894737,-5.018465007911067,0.07447978393092983,-0.0299284329587297,-0.6389519257050853,6.573690328441916e-06,0.001302386837098892,0.00022476903440430906,0.013585532453979697,133.575
15550,0.12146570711864813,-521.9337469272663,-0.37702185259193843,-5.29626720562675,0.07094587867884658,-0.032482883917375215,-0.6392292681244318,6.7502091853918145e-06,0.0013272513095952717,0.0002378395856676017,0.015070182950118204,133.583333
15551,0.11806900877782589,-521.983689758673,-0.3628912619386619,-5.588643034286467,0.06730881214586473,-0.03498262486364502,-0.639490619509905,6.932408700028007e-06,0.0013527429287728307,0.0002511843573523553,0.01689326484013228,133.591667
15552,0.11480329131244069,-522.0364186291131,-0.3458589320604599,-5.89350817053298,0.06357145124639327,-0.0374218504380527,-0.6397349360260228,7.118614061411163e-06,0.001378757064305261,0.00026453368805892956,0.019136987668531,133.6
15553,0.11169599636145716,-522.0920488389169,-0.325774968869557,-6.207639680714414,0.05973774755192206,-0.039796328833854075,-0.6399610663194837,7.30653461277253e-06,0.0014051992044278358,0.000277554668532111,0.02188544660550931,133.608333
15554,0.10877357776301326,-522.1506112178135,-0.30253399980955026,-6.526597129736557,0.05581274287453502,-0.04209808856421147,-0.6401681039758704,7.493189440414654e-06,0.001431997354189934,0.00028986186042798324,0.025209907027596082,133.616667
15555,0.1060651359036195,-522.212113072964,-0.2760711381848818,-6.8444956902894,0.05180209792893172,-0.04432155153644428,-0.6403551010147134,7.674869938541207e-06,0.0014591167876760712,0.00030103995648847655,0.029146448734101712,133.625
15556,0.10361117797962262,-522.2765730384374,-0.24635492223960578,-7.153419579047224,0.04771365366199899,-0.046469829981531305,-0.6405204718287391,7.847163269092022e-06,0.001486569272960775,0.0003106782247083288,0.03366614813355638,133.633333
15557,0.10141701154443841,-522.3438179934652,-0.2135271347123553,-7.445945655062643,0.04354455659304834,-0.048524770492147117,-0.6406650692177617,8.005055927458007e-06,0.0015144089339636465,0.0003184130530171549,0.03864109510655067,133.641667
15558,0.09952146399166019,-522.4136626095026,-0.17774834435987283,-7.71186605162672,0.03930585036839424,-0.05048700216383882,-0.6407875041036037,8.143156814259298e-06,0.001542733112818333,0.0003239776507184649,0.04382526932875519,133.65
15559,0.09795046473227684,-522.4858834222216,-0.13930792365516514,-7.941040280292403,0.03500081668892116,-0.05235467712035527,-0.6408872313369427,8.2560318330907e-06,0.0015716308056806317,0.0003272269067458118,0.04884744025664532,133.658333
15560,0.09672678163184668,-522.5600244337948,-0.09864218396407144,-8.123545420188764,0.0306401952988872,-0.05412096543353879,-0.6409638150540073,8.338622658791501e-06,0.0016011335515266757,0.00032815150402814116,0.053243406222295994,133.666667
15561,0.09586903727645492,-522.6356581957166,-0.056281053284123916,-8.250691116589287,0.026229183754115013,-0.05578391456561204,-0.6410169244811945,8.386722708688773e-06,0.001631149777105051,0.00032685999358544426,0.05652721801632731,133.675
15562,0.09538914651099002,-522.7122522949696,-0.012858314126823577,-8.316020799029642,0.021774530458805407,-0.05733981167569024,-0.6410464324027512,8.397432793375854e-06,0.001661403974419215,0.00032353639670740057,0.05828817051479453,133.683333
15563,0.09530588573294144,-522.7890782540661,0.030910165552746907,-8.31500894237778,0.017294386208534712,-0.05879067795831403,-0.6410515369819122,8.36951408867259e-06,0.0016914022952082106,0.0003183879922083306,0.0582879125194662,133.691667
15564,0.09559953493882282,-522.8657468721265,0.07432351400246776,-8.249038674107046,0.012779732586018899,-0.06012674106669967,-0.6410335140378606,8.303552327628905e-06,0.0017204340791730863,0.0003116046381145881,0.05652234844762246,133.7
15565,0.09627570465435879,-522.9416335517103,0.11668441707686394,-8.120400132692662,0.008242221964946724,-0.06135215069105201,-0.6409918034254908,8.201922626069858e-06,0.0017476451068481863,0.0003033428120261143,0.05322055702314736,133.708333
15566,0.09731970103851557,-523.0160767954533,0.15733138641851474,-7.9355813521202005,0.003695882652445286,-0.062463230776989905,-0.6409268272808682,8.068536895063907e-06,0.0017721143858738556,0.00029373381606846857,0.04878693133900626,133.716667
15567,0.09871892454668113,-523.0886658418203,0.19573079984006703,-7.702747193711697,-0.0008561114825230747,-0.06346344015779526,-0.6408386470184734,7.908422626213053e-06,0.0017929743150943162,0.000282914878436599,0.04370527276401891,133.725
15568,0.10045038421906399,-523.15891591802,0.2314357747596289,-7.431952297748332,-0.005401444454563717,-0.06435241659428667,-0.6407277920866862,7.727227739571536e-06,0.0018095069742491028,0.00027105867471768447,0.0384401774519768,133.733333
15569,0.10249715282810322,-523.2263204215351,0.26410490833920297,-7.13317653496278,-0.009920976230563972,-0.06513881364107812,-0.6405942724252734,7.530735857189421e-06,0.0018212174902889342,0.0002583876332914989,0.03336589593755952,133.741667
15570,0.1048171075264921,-523.2910564067192,0.29360970940784376,-6.817061870570008,-0.014432380872906736,-0.0658120546646823,-0.6404396868707875,7.3244546722495865e-06,0.0018278564787007692,0.0002451698562524952,0.028734677711227296,133.75
15571,0.10738905665280868,-523.3527824689154,0.3198329856513627,-6.492202258436549,-0.0189159887941815,-0.06638032953782534,-0.6402642812888972,7.113331167035356e-06,0.0018294245929794453,0.00023169733435563994,0.02467564119825706,133.758333
15572,0.11018484566045991,-523.4113907711366,0.342770780028006,-6.166207615609167,-0.023362195329828018,-0.06684792009078432,-0.6400688057427163,6.901580684361448e-06,0.0018261192898534641,0.0002182595085540383,0.021222885635724664,133.766667
15573,0.11317473678249468,-523.4669117014905,0.36249852464839244,-5.845244501006775,-0.027766276971331803,-0.06721696191127913,-0.6398542229059436,6.692622047209207e-06,0.0018182880583786875,0.00020511881493139977,0.018345713350866932,133.775
15574,0.11633030831477424,-523.5193683861348,0.379134307345905,-5.534019512579616,-0.032119954885235245,-0.06749148206853593,-0.6396215451517897,6.489096647126349e-06,0.0018063758747803396,0.00019249318187032467,0.015977775954404357,133.783333
15575,0.11962425315701353,-523.5688679667866,0.3928344158873914,-5.235878058593272,-0.03641826093671886,-0.06767447447138732,-0.6393718702377879,6.292940407279148e-06,0.0017908770283866942,0.00018054730933371528,0.01403945669879964,133.791667
15576,0.1230329494500507,-523.6154924293762,0.403766946256534,-4.952993557041549,-0.040653705966731866,-0.06777213542224741,-0.6391061934666876,6.105483500817458e-06,0.0017722975087289298,0.0001693921305153779,0.01245209335673003,133.8
15577,0.12653183253094155,-523.6593889361955,0.41211494894514633,-4.686673449352374,-0.044821615469235625,-0.06778774491018813,-0.6388257642759247,5.9275581271103845e-06,0.0017511267959130978,0.0001590897565174494,0.011145636085080048,133.808333
15578,0.1301007960900593,-523.7006273346917,0.4180523542656756,-4.4374788241804035,-0.0489126918091687,-0.0677301925197948,-0.6385316611392209,5.7596035688354406e-06,0.0017278231873934199,0.00014966164222116204,0.010061467869219376,133.816667
15579,0.13372398401093005,-523.7391463683069,0.4217371936097577,-4.205463013398245,-0.05291002745935034,-0.06761793090908537,-0.6382247700378175,5.601759392714536e-06,0.0017028029257068296,0.00014109760499635037,0.009152615347326382,133.825
15580,0.13737521918915332,-523.7753260997173,0.42336271236698836,-3.990304047739831,-0.05682238729121472,-0.06744148040361012,-0.6379070274730454,5.453944429437372e-06,0.001676435369942295,0.0001333644934914645,0.0083824872331067,133.833333
15581,0.14103792741792343,-523.8092813670839,0.4230845617400989,-3.7913589767548,-0.060644039441713274,-0.06720777941569889,-0.6375797421046271,5.315923842297821e-06,0.00164905255506344,0.00012641453690354383,0.0077228729732909404,133.841667
15582,0.14469342602185628,-523.8411951406704,0.42105444648377893,-3.6078397835668143,-0.06437301406610407,-0.06691772692021156,-0.637244572797507,5.187359356189492e-06,0.0016209455050008664,0.0001201910692293324,0.007152334706509315,133.85
15583,0.14833576414150196,-523.8709472758321,0.41738685876019826,-3.4388242394217325,-0.06799290506791326,-0.06659685105724049,-0.6369021408078995,5.067849148478154e-06,0.0015923706035823062,0.00011463339559475239,0.00665457606523695,133.858333
15584,0.15195026456489488,-523.8986731670874,0.4122089208730058,-3.283393682603456,-0.07150117283261853,-0.06625054242725237,-0.6365539730357944,4.956955751246422e-06,0.0015635453267504222,0.00010967989024780696,0.006217237148753082,133.866667
15585,0.15548913724294885,-523.9257781768201,0.40572255014955827,-3.1405455601828423,-0.07496323922178741,-0.0657737141619961,-0.6362050329624194,4.854228683332084e-06,0.0015346599549811673,0.00010527077739505016,0.00583078339583658,133.875
15586,0.15896591878269367,-523.951538450985,0.39796974814435637,-3.00933793295079,-0.07833175676095049,-0.0652361806520909,-0.6358544560610322,4.759223208647609e-06,0.0015059043680058655,0.00010135057200094618,0.005487570281381913,133.883333
15587,0.1623784079004129,-523.976082218819,0.3890404018968243,-2.8888241245370287,-0.08160959648798514,-0.06464105673772023,-0.635502887657404,4.671504492289537e-06,0.001477426843714618,9.786684550541166e-05,0.0051817203999557455,133.891667
15588,0.16570892343569177,-523.9994356989222,0.37902102316441244,-2.778276885870544,-0.08478571364657157,-0.06399245209553034,-0.6351526285171485,4.590656108733123e-06,0.0014493503570775293,9.477158459054882e-05,0.00490852640484465,133.9
15589,0.1689510093596498,-524.0216373586964,0.36798749839284634,-2.676920118968136,-0.08785573542661916,-0.06329785817662041,-0.6348049019808373,4.516285489819438e-06,0.0014217864693549542,9.202144603186826e-05,0.004664122451033055,133.908333
15590,0.1720942011624115,-524.0428407917922,0.3560166434118606,-2.5840457217887516,-0.09082084117607102,-0.06255241253655575,-0.6344614118840699,4.448025214417019e-06,0.0013948295682735907,8.957755021158705e-05,0.004445307601692589,133.916667
15591,0.17511680758221546,-524.0631329972967,0.3431816135610794,-2.499076112508096,-0.09367207504719707,-0.061751938731015,-0.6341251872424823,4.385534051112346e-06,0.0013685617013801496,8.740533547575393e-05,0.004249382088044424,133.925
15592,0.17803550561191325,-524.0824175602725,0.329531431517149,-2.421300287542163,-0.09640964780086732,-0.06092258609140083,-0.6337950228511176,4.3284974393729095e-06,0.001343061027752546,8.547429114138524e-05,0.004074029415924236,133.933333
15593,0.18083812930801405,-524.1010973480045,0.3151382432062257,-2.3501771979637547,-0.09904946524918642,-0.060031588691921656,-0.6334729074466992,4.276624472827619e-06,0.0013183788591454412,8.375733639977935e-05,0.003917302273937088,133.941667
15594,0.18351502087788393,-524.1190954990694,0.30005261886405826,-2.2852574292421486,-0.1015792262773044,-0.059091724935167254,-0.6331605969334247,4.229648220340777e-06,0.001294560628048275,8.223081612822872e-05,0.003777497990281522,133.95
15595,0.18605854858624504,-524.1364872211057,0.28432728798980594,-2.2261081818425046,-0.10399711132104064,-0.05810152153284231,-0.6328596421865181,4.187324088974315e-06,0.0012716451692779403,8.087406634364237e-05,0.0036531373937543784,133.958333
15596,0.18846368254049675,-524.1533471968202,0.268011966408228,-2.172331079056098,-0.1063026934837699,-0.057059664061864634,-0.6325712961961227,4.149428164733358e-06,0.001249664347450187,7.966909934613229e-05,0.0035429299868975973,133.966667
15597,0.19072713339071326,-524.1696900909154,0.2511520666922614,-2.1235670036450016,-0.10849314319257444,-0.05597113323174661,-0.6322965940134027,4.115755518408709e-06,0.001228642545835048,7.860030432462664e-05,0.00344575035337748,133.975
15598,0.19283928888055726,-524.1854462113391,0.23378892924301548,-2.079516271986301,-0.11055765640638107,-0.05484823111255626,-0.632037331832347,4.086118600656083e-06,0.0012085968269685773,7.765418874661343e-05,0.0033606190735390464,133.983333
15599,0.19480583028323858,-524.2009667638322,0.2159750947297183,-2.039862419324808,-0.1125172415180403,-0.05366071016180715,-0.6317934086567393,4.06034596457636e-06,0.0011895413981474878,7.68191739762055e-05,0.0032866823609342195,133.991667
15600,0.19661774945716823,-524.2161545852097,0.19774736567819076,-2.0043745617573725,-0.11435966887726316,-0.052422637357620414,-0.63156650156793,4.0382804613029635e-06,0.0011714801642378047,7.608534951379788e-05,0.0032231997978852756,134.0
15601,0.1982708062024619,-524.2311214016844,0.17914807738262717,-1.9728373252612945,-0.1160867312774007,-0.05112595503764364,-0.6313576800980705,4.019778382510768e-06,0.0011544159514050507,7.544435653365021e-05,0.0031695314966058113,134.008333
15602,0.19976376554955738,-524.2458024965796,0.16021342107613606,-1.9450483193821932,-0.11769277013981401,-0.04978338163982639,-0.6311676001232323,4.004708223345257e-06,0.0011383484393913054,7.48892124719431e-05,0.0031251278067726163,134.016667
15603,0.20109311548192493,-524.2603008270511,0.14098349162964546,-1.9208455853946933,-0.11917945787980383,-0.04838745085272374,-0.6309971664718086,3.992949642524913e-06,0.0011232734346943623,7.441417988657507e-05,0.003089525022539417,134.025
15604,0.20225571382021681,-524.2746528587331,0.12149563983224572,-1.9000871849486152,-0.12054513798698217,-0.046938209769173775,-0.6308471977011267,3.984392663353939e-06,0.0011091847881622297,7.401466391228642e-05,0.003062334673852116,134.033333
15605,0.2032511769916849,-524.2888935802669,0.1017871711859266,-1.8826473572574973,-0.1217896391292039,-0.04543634182214286,-0.6307181108217836,3.978936963744933e-06,0.001096074823677586,7.368712098888029e-05,0.00304323907216975,134.041667
15606,0.20407709440229774,-524.3030297518609,0.0818933849490752,-1.868423765802061,-0.12291029067467799,-0.043885370471532514,-0.6306105354185281,3.976491264074021e-06,0.0010839336456263209,7.342898411553536e-05,0.0030319869708967414,134.05
15607,0.2047311262301011,-524.3167337896831,0.06183835838798956,-1.8572900561823258,-0.12389039769485291,-0.042330277369620486,-0.6305250428435196,3.976972913416582e-06,0.0010727507389798312,7.323860886588332e-05,0.0030283896206023506,134.058333
15608,0.20521404835532545,-524.3308397019213,0.04168396476235368,-1.8492857381790295,-0.12476464476472446,-0.04067290825399533,-0.6304617439836411,3.980307542543047e-06,0.001062515448525946,7.311521954157763e-05,0.0030323232831557657,134.066667
15609,0.2055231140021272,-524.3449884342351,0.02145264428629357,-1.84431905551124,-0.12551369617551786,-0.03896139930417978,-0.630421156142955,3.986428876266679e-06,0.0010532159157670027,7.305890163495277e-05,0.0030437078796552463,134.075
15610,0.20566057917144323,-524.3592325879528,0.0011817730859887089,-1.8423624907222726,-0.12613903814144986,-0.03719418062945428,-0.6304030842723197,3.995278745600514e-06,0.0010448412864569716,7.307056770190148e-05,0.0030625244832744253,134.083333
15611,0.20562342770622247,-524.3735034095624,-0.01909805871518728,-1.8433956975804855,-0.12663441086333235,-0.03538404395830725,-0.6304079695676866,4.006807066712935e-06,0.0010373798540294636,7.315195987755008e-05,0.0030888069581996884,134.091667
15612,0.205411275280812,-524.3876542696553,-0.03935806231199303,-1.8473919584983318,-0.12699312198197865,-0.033554409178022576,-0.6304358502417071,4.020972047735798e-06,0.001030821787412653,7.330564483815441e-05,0.003122644294591867,134.1
15613,0.20502007513030257,-524.4021006350032,-0.05955184445332898,-1.85446259903631,-0.12722525432237095,-0.03165682918867547,-0.6304871866297738,4.037740425832387e-06,0.001025158249968944,7.35350155516828e-05,0.0031641822526011403,134.108333
15614,0.20446395126219602,-524.4165053022626,-0.07964880063162741,-1.8645467520437473,-0.12732658774324876,-0.029741212411993862,-0.6305599995352745,4.0570879262248145e-06,0.001020383104127322,7.384436147668811e-05,0.0032136141292566653,134.116667
15615,0.20372915394114433,-524.4313053246528,-0.09960759988355833,-1.8778266397271863,-0.1273000642458278,-0.027754879433489192,-0.6306559069624581,4.078999674683147e-06,0.0010164858783978901,7.423888218039365e-05,0.0032711898665575613,134.125
15616,0.20283196226774963,-524.4461012665539,-0.11939798310367677,-1.8942503341551795,-0.12714216860900868,-0.025756035532599992,-0.6307725487614707,4.103470980027606e-06,0.001013463584147549,7.472477881657759e-05,0.0033372117099490692,134.133333
15617,0.20176570801359112,-524.4612009596785,-0.1389788493773683,-1.9140012180913435,-0.12685538010544162,-0.023709785894359715,-0.6309105097136579,4.130507963153964e-06,0.0010113086632988998,7.53092769058337e-05,0.0034120410624402385,134.141667
15618,0.2005336223399806,-524.4765758632865,-0.1583141979159718,-1.9371811300432273,-0.12643860238328816,-0.02162560500221081,-0.6310690340300728,4.1601284805840345e-06,0.0010100186970781867,7.600077021214012e-05,0.003496095112514814,134.15
15619,0.19913845908063693,-524.4922286108657,-0.17736695841380137,-1.9639212257965697,-0.12589141754847433,-0.0195090751772644,-0.631247383875263,4.192363157605543e-06,0.0010095924902023487,7.680888841354812e-05,0.0035898518838037605,134.158333
15620,0.1975763956936361,-524.5084220829491,-0.19609336137273908,-1.9944704551107815,-0.1252139290861671,-0.0173327612817594,-0.6314456112961384,4.227256503472776e-06,0.0010100305203448714,7.774461996676925e-05,0.0036938522331843794,134.166667
15621,0.19586191640982137,-524.5247912536794,-0.21446131243594294,-2.0288678098186246,-0.12440601918265004,-0.015149989419714413,-0.6316614068373251,4.2648682609707295e-06,0.0010113376111510434,7.882049664284921e-05,0.003808699489611391,134.175
15622,0.1939869965312035,-524.5417716373873,-0.23242180910368326,-2.067484107814558,-0.12346721555665136,-0.012912237920456931,-0.6318952709670906,4.305274713208247e-06,0.001013516081215442,8.005064339019811e-05,0.003935067039280321,134.183333
15623,0.1919625215906774,-524.5592095294392,-0.2499343593267174,-2.1104847582784254,-0.12239889821619218,-0.010646500271742873,-0.6321452953423177,4.348570250916928e-06,0.001016574671210088,8.145112300334337e-05,0.004073693930479154,134.191667
15624,0.1897944393911863,-524.5769587020725,-0.26696303262450916,-2.158065453172717,-0.12120100820386089,-0.008377926171057974,-0.632410182270526,4.394869085961157e-06,0.0010205213196785071,8.304002805753106e-05,0.004225389549215787,134.2
15625,0.1874845248706004,-524.5951761645272,-0.28345996234658816,-2.2105765256490235,-0.11987426144695067,-0.006094493901388007,-0.6326891268724586,4.444306872278057e-06,0.001025365391097317,8.483765782340193e-05,0.0043910431959231985,134.208333
15626,0.1850328199558261,-524.6140759523192,-0.2993734805788641,-2.2684409594452157,-0.1184172931988608,-0.0037784612786153746,-0.632981500975993,4.497042549150271e-06,0.0010311193439147613,8.686688428312016e-05,0.004571619139124034,134.216667
15627,0.1824542589207326,-524.6336845800034,-0.3146440553143207,-2.332009222532211,-0.1168361637604701,-0.0014358215922469495,-0.6332848979172738,4.5532604406069454e-06,0.0010377993617347052,8.915345612254862e-05,0.0047681587956659105,134.225
15628,0.1797497481483883,-524.6539065086537,-0.32923289259849736,-2.4016442687669755,-0.11512821182826408,0.000913372615761676,-0.6335985900139702,4.613172293598069e-06,0.001045419723045693,9.172633863267288e-05,0.004981767226871992,134.233333
15629,0.17692491063875165,-524.6748269401281,-0.3430836697797409,-2.477822373780635,-0.11329438737226884,0.0032698800201126483,-0.6339212903433646,4.677019181560185e-06,0.0010539982911382394,9.461775061964366e-05,0.005213654152325641,134.241667
15630,0.1739777931221234,-524.696530479386,-0.356146069295305,-2.5610954202318768,-0.11133040044344328,0.00563336831182686,-0.6342525678107783,4.745073376212276e-06,0.001063554505098165,9.786361981545622e-05,0.005465125754212351,134.25
15631,0.170925045253375,-524.7189920336766,-0.36835170787202093,-2.6519493250422173,-0.10924422497269258,0.007991098661416254,-0.6345899103580984,4.81764014032375e-06,0.0010741120562371372,0.00010150371230042549,0.0057376245981990695,134.258333
15632,0.16777090165442402,-524.7424528641179,-0.379625916754498,-2.7511016891819087,-0.10703388291923276,0.010358759377226663,-0.6349322457454786,4.895058957154113e-06,0.001085691431230716,0.00010558195922091586,0.006032724890912668,134.266667
15633,0.16453555488480537,-524.7668353634349,-0.38989139875551093,-2.859075780258287,-0.1047097252664283,0.01271743364996815,-0.6352768317765003,4.977704216247735e-06,0.0010983143006765565,0.00011014672151454619,0.0063521838356067764,134.275
15634,0.16121797683672018,-524.7922829209326,-0.39907930779337847,-2.9766539129991956,-0.10226659742010753,0.015070290575937383,-0.6356232705542415,5.065984853592683e-06,0.0011119967847034752,0.00011525059610366337,0.006698001787705517,134.283333
15635,0.15782842892147292,-524.8188344384253,-0.40710819374949575,-3.1045630677048144,-0.09970751181851671,0.017409318183566065,-0.6359699996095286,5.1603427228711684e-06,0.0011267568897744098,0.00012095002428194471,0.007072595526226175,134.291667
15636,0.15437106934698455,-524.8466761257878,-0.4138877995235781,-3.2437109133353896,-0.0970289988210987,0.019739773818594562,-0.6363161379325264,5.261249303303428e-06,0.0011426089364582688,0.0001273046015769401,0.007478978057259152,134.3
15637,0.1508707795378149,-524.8757076137595,-0.41931552473967654,-3.3947081900884633,-0.0942457585788192,0.02204062284239598,-0.6366588259111957,5.369199863450861e-06,0.0011595645519126517,0.00013437600075255626,0.007921072250438886,134.308333
15638,0.14731298150361172,-524.9065724473872,-0.42327489189970763,-3.5590107743123562,-0.09133148770795031,0.02435476072899214,-0.6369991504381196,5.484703493289931e-06,0.001177622845433955,0.00014222589847129706,0.008404116013625708,134.316667
15639,0.1437487883081502,-524.938526154355,-0.42566825787949586,-3.736528307760901,-0.08833228154323293,0.02660526475955853,-0.6373320018643666,5.60826986141569e-06,0.0011967840146994125,0.00015091400251721925,0.008935391311620518,134.325
15640,0.1401676747854705,-524.972244462303,-0.42635697747833023,-3.9286896766338044,-0.08522265229743592,0.028836278658425214,-0.6376582793664048,5.740387628291442e-06,0.0012170209905388142,0.00016049185317147622,0.009525101475003869,134.333333
15641,0.13657992990132378,-525.0080482959014,-0.42518867348747424,-4.136488773391935,-0.08199584255230256,0.031057881649117762,-0.6379769607655181,5.8814954469128814e-06,0.0012383019312481652,0.00017099981937448788,0.010187697854749642,134.341667
15642,0.13302446448545677,-525.0453620831336,-0.42205441310180936,-4.359654535472407,-0.07868985588452802,0.03321287201840289,-0.6382846734719246,6.031946336519102e-06,0.0012605792779275303,0.00018245934320347432,0.010943558998838887,134.35
15643,0.12950863626684256,-525.0846779515564,-0.4167793566966459,-4.598944245193752,-0.07529152768669375,0.035326726993828855,-0.638581021401754,6.191955639724231e-06,0.001283776480866919,0.00019486117766090804,0.011821156071812918,134.358333
15644,0.12605564833072966,-525.126022920069,-0.4092068553921269,-4.854199804277513,-0.07181079846572652,0.037390023292560796,-0.6388643894113183,6.3615358058452256e-06,0.0013078001933071114,0.00020815780800895284,0.012859354515585727,134.366667
15645,0.12267615639480468,-525.1696951714531,-0.39916833655281886,-5.125331596526189,-0.06823989606071436,0.039409536916502896,-0.6391343502438668,6.540417888158079e-06,0.0013325345642453417,0.00022224988197416982,0.014109780246649143,134.375
15646,0.11939624251379274,-525.2157768210792,-0.3864924881338558,-5.411210686547719,-0.06458658319251064,0.04138008122353879,-0.6393893765347141,6.727958362355794e-06,0.0013578499603490429,0.00023697531917056124,0.01563862469087321,134.383333
15647,0.11624664826616717,-525.2641950781237,-0.37103012591301465,-5.709651097141267,-0.060866735648219664,0.043290133532888055,-0.6396277960706793,6.923033027069013e-06,0.001383603199311146,0.0002520980393612236,0.01752629695895344,134.391667
15648,0.11324134467286351,-525.3153826855512,-0.35260710402279355,-6.018497349764148,-0.05706437345087557,0.04515467039026614,-0.6398493773542375,7.12392031450373e-06,0.0014096468748427348,0.00026730201039204093,0.019863457678429015,134.4
15649,0.11040976938074516,-525.369089695866,-0.33114272630501307,-6.333513133009174,-0.05319954217386268,0.04695375498462288,-0.6400528620991671,7.328191884974908e-06,0.0014358518383059257,0.000282197928054296,0.022741560296783685,134.408333
15650,0.10778482352066737,-525.4252619538513,-0.3065590292470013,-6.649239609090636,-0.04928410042220547,0.04868556113785088,-0.64023691416402,7.532624344645959e-06,0.0014621189187383784,0.00029633528508191614,0.02623577818281196,134.416667
15651,0.10538472206071643,-525.4842560636084,-0.2787872216483566,-6.95990058196533,-0.045300126340918664,0.05036402279754471,-0.6404013401275369,7.733149055431838e-06,0.0014883961767356015,0.0003092345020488045,0.03037823699278128,134.425
15652,0.10324137362840753,-525.5454842731771,-0.24795236914650592,-7.2572053731513355,-0.041279622127739266,0.0519666597489196,-0.6405450583273055,7.9248788611474e-06,0.0015146989233386532,0.0003204364433005193,0.035125354718600794,134.433333
15653,0.10137892205837282,-525.6090323137395,-0.21415578060109908,-7.532730648296886,-0.03721486944713708,0.05350377406080098,-0.6406675521120789,8.10223508509017e-06,0.001541105687828172,0.00032955236834493164,0.04032650253023213,134.441667
15654,0.09981583954743298,-525.6747680915995,-0.17762869486071076,-7.777615102568278,-0.03310328935753058,0.054974843439705566,-0.6407686411634792,8.259192466032186e-06,0.0015677446152891415,0.0003363208129055843,0.0457016295242071,134.45
15655,0.09857983178400234,-525.742253805431,-0.13873064398806187,-7.982137381585628,-0.02895884444585241,0.056377473988261415,-0.6408474689277192,8.389656222394648e-06,0.0015947555424575461,0.0003406426437875015,0.05084727725957628,134.458333
15656,0.09768718424183652,-525.8110883156097,-0.0979244367176687,-8.137907522306826,-0.024786846529042672,0.05771011437077734,-0.6409037896708504,8.487936971300127e-06,0.0016222235518782717,0.00034258199007133726,0.05527818212973283,134.466667
15657,0.09715305318777429,-525.8808019949079,-0.055763572441834136,-8.237898186425065,-0.020593850381347912,0.05897332241684589,-0.6409372459497025,8.549272047741468e-06,0.001650111331751862,0.0003423362687070858,0.058507281135301084,134.475
15658,0.09698247234354779,-525.9508393297828,-0.012887082621122863,-8.2778019561887,-0.016387670467884426,0.060164412925683856,-0.6409478920707548,8.570318522621027e-06,0.0016781929688134422,0.00034017334242100907,0.06014499088091461,134.483333
15659,0.09717797536557822,-526.0206975438966,0.03004727737822053,-8.25594870625618,-0.012172550565647587,0.06128445392590566,-0.6409356889702198,8.54952812592808e-06,0.001706020416923907,0.0003363608096556872,0.05998954048288546,134.491667
15660,0.09774282845501497,-526.0898482597274,0.07237791026765994,-8.173184118774065,-0.007954796792007954,0.06233816905227599,-0.640900293776815,8.48732869415206e-06,0.0017329299091759062,0.0003311094177839745,0.05807337023577748,134.5
15661,0.09866176510799406,-526.1577214364605,0.1134568556896336,-8.034282407104001,-0.0037433935438282075,0.06332203206742468,-0.64084227383626,8.38606639033257e-06,0.0017580949537147426,0.00032455328903210857,0.054651499182096365,134.508333
15662,0.09992156949454475,-526.2238786795754,0.15272820339459264,-7.845806853690013,0.0004566904448615517,0.06423824621393313,-0.6407618526669606,8.249737204844255e-06,0.0017806274056429937,0.0003167659260728957,0.05013611377778995,134.516667
15663,0.1015087502221253,-526.2877109075749,0.18968762310145784,-7.615784396516208,0.004625528218287702,0.06509265345470372,-0.64065908534175,8.083560013280186e-06,0.001799680763180014,0.00030779803418573874,0.04500223606085608,134.525
15664,0.10339644305677044,-526.3491283123187,0.22401227747148345,-7.35362745318183,0.00877170402106685,0.06588468843583788,-0.640534759177267,7.893463697977712e-06,0.0018145455220296698,0.0002977218352924367,0.03969919477347007,134.533333
15665,0.10556244802847017,-526.4081379929033,0.2554858053535236,-7.068220209025242,0.012905872286617083,0.06661461681122768,-0.6403892909501336,7.685587619208819e-06,0.001824723065543162,0.00028666042659310307,0.03458482558632155,134.541667
15666,0.10797895363076566,-526.4643050958381,0.28391243435293595,-6.768451739964984,0.017004216899330623,0.06728520560717477,-0.6402234534832668,7.465855923826942e-06,0.001829950282990813,0.00027479683572764307,0.0299000183389264,134.55
15667,0.1106200253476438,-526.5176224438043,0.30924188363797644,-6.461892000367272,0.021066815996201867,0.0678980965787763,-0.6400379288923129,7.239663906970238e-06,0.0018301971319326892,0.0002623619732863496,0.025773404789976036,134.558333
15668,0.11345722315509746,-526.5680484930845,0.3314842984790497,-6.155091683214002,0.025087174367942337,0.06845467504466038,-0.6398336532433742,7.011683646340926e-06,0.0018256325016598773,0.00024961277297601856,0.022242483701909666,134.566667
15669,0.11646509628691162,-526.6155956717262,0.35070611169777705,-5.8531909440624705,0.029059662562493836,0.06895812493377403,-0.6396114646356584,6.785778788340522e-06,0.0018165798828709465,0.00023680636987553625,0.019282436533973407,134.575
15670,0.11961779743289465,-526.6603765137817,0.36702298948253254,-5.560132484194653,0.03298282404798421,0.06940909979965146,-0.6393723663553359,6.565003421131197e-06,0.0018034656849518118,0.00022417845615068518,0.016833099692255205,134.583333
15671,0.12289208583566108,-526.7024773103138,0.3805694045953902,-5.27873712775364,0.03685203189977843,0.06981040170047617,-0.6391173196176708,6.3516594291870924e-06,0.0017867745157596517,0.0002119285473295731,0.01481954144592885,134.591667
15672,0.12626554976984167,-526.7418173723191,0.39147735916842036,-5.011032244550447,0.04064965297621757,0.07017222905652558,-0.6388473813503125,6.1473870943947095e-06,0.001767010688919564,0.00020021264408828744,0.013165919220977549,134.6
15673,0.12971351550687796,-526.7789601340589,0.39995497245783124,-4.758007535019424,0.04440129030554344,0.07047762695787999,-0.6385639687561371,5.953270380415438e-06,0.0017446709589481913,0.00018914185977093209,0.011803250566979288,134.608333
15674,0.13321651762593423,-526.8138331378184,0.40614048009943576,-4.520299405663844,0.048088889931937905,0.07073614398708819,-0.6382682580819384,5.769943526885494e-06,0.0017202282027203694,0.0001787870451949617,0.010672450548046336,134.616667
15675,0.1367550109544629,-526.8465887701466,0.41019331946140636,-4.298000323126526,0.05170962717068077,0.07094803996047815,-0.6379615997531792,5.597688687761385e-06,0.00169411766757641,0.0001691835330994806,0.009725424480363318,134.625
15676,0.14031246721616364,-526.8774127279253,0.41226731932019756,-4.090811858315064,0.055263907571158954,0.07111226089073062,-0.6376452458436236,5.436522024963141e-06,0.0016667326623702548,0.00016033849088998182,0.008924055127739874,134.633333
15677,0.14387332188662655,-526.9064844045753,0.4125071362144669,-3.8982232446223435,0.05875204871750276,0.07122695386015404,-0.6373205084502614,5.28626535501546e-06,0.0016384219957334195,0.00015223783961966985,0.00823872443564053,134.641667
15678,0.1474208040357062,-526.9338826623018,0.41104306696063064,-3.7196613837855566,0.062166742537640186,0.07129431934675223,-0.6369889550275908,5.146604512152954e-06,0.0016094916789335262,0.00014485239231072828,0.007646679663883909,134.65
15679,0.15094273645592712,-526.9597779467929,0.40800043975818756,-3.5543487918517735,0.0655091770054631,0.0713124814648277,-0.6366518596465384,5.017135866025845e-06,0.0015802096312507812,0.00013814289699865329,0.007130531631599027,134.658333
15680,0.15442541886897057,-526.9842571273846,0.40349192943457357,-3.401541201515909,0.06877414255171464,0.07128290427675113,-0.6363107554883447,4.8974014024745186e-06,0.0015508065386309958,0.00013206426035842453,0.006676989758188879,134.666667
15681,0.15785538761853093,-527.0076522506322,0.39763701609802155,-3.2603959552259414,0.07197414515587978,0.07118894344011348,-0.6359672707277951,4.786915654229926e-06,0.001521481660340508,0.0001265686320692809,0.006275839076374073,134.675
15682,0.16122353418471574,-527.0299053426623,0.39052090732167344,-3.1301686269608626,0.07509601775250521,0.07104145991796858,-0.6356226960756193,4.6851852781548205e-06,0.0014924068204284924,0.00012160788879092919,0.005919130891331689,134.683333
15683,0.16452201086188709,-527.0508025505686,0.3822152956125089,-3.0101711243875484,0.07811649316808104,0.07086506983120364,-0.6352782603308096,4.5917226241746916e-06,0.0014637274262086475,0.00011713491394703653,0.005600648970365005,134.691667
15684,0.1677372247238564,-527.0707909296499,0.37282480535769996,-2.8996334431261563,0.081056799043074,0.07063110544400096,-0.6349358667996707,4.506055270577788e-06,0.0014355654682359639,0.00011310465687260729,0.005315469713765311,134.7
15685,0.1708616909708741,-527.0902636891387,0.36243921648961913,-2.797799634294951,0.08393708613420578,0.07031299958476299,-0.6345968486659007,4.427732669674346e-06,0.0014080265047231528,0.00010947518963607552,0.005059573683184572,134.708333
15686,0.1738877204065129,-527.1086852761119,0.3510996815887713,-2.7041789388009456,0.08671218613362269,0.06996039029582066,-0.6342626058988379,4.356329374418603e-06,0.0013811981565328858,0.00010620789354649749,0.004829649118640672,134.716667
15687,0.17680681816275987,-527.1268403755486,0.3389044481013948,-2.61806366115761,0.08942941386936205,0.06951061705920775,-0.6339346707090807,4.291447067606572e-06,0.0013551530794603925,0.00010326727996608745,0.004622971931889149,134.725
15688,0.1796142237497424,-527.1443179335002,0.3258927248849007,-2.5389926902350393,0.09205425016128865,0.06900426993474552,-0.6336141873680038,4.2327152100636995e-06,0.0013299513347881343,0.00010062140118035449,0.00443721013339643,134.733333
15689,0.1823026917536777,-527.1611740752281,0.31212263076633323,-2.466484999591682,0.0945839728505296,0.06844122257363283,-0.6333026005066116,4.179790552947268e-06,0.0013056402739084845,9.824139318478563e-05,0.004270400247753443,134.741667
15690,0.18486566662324735,-527.1775104819462,0.2976508066807973,-2.4000936727534166,0.09701942104326362,0.06781669273083825,-0.6330012960519757,4.132356398845286e-06,0.0012822578013465856,9.610146207007249e-05,0.004120851318164728,134.75
15691,0.18729841615604376,-527.1932420533359,0.2825236924016409,-2.339419241105678,0.09934982077604586,0.06714418285710065,-0.6327114543741246,4.090121272829943e-06,0.0012598334056976913,9.417867989499616e-05,0.003987096263685266,134.758333
15692,0.18959567939293617,-527.2087458427059,0.26680273006641875,-2.2840716644220094,0.1015953039734469,0.06639082275554425,-0.6324343171748232,4.052817333577883e-06,0.0012383884945358407,9.24527431705008e-05,0.003867862945488276,134.766667
15693,0.19175293601182622,-527.2237999456489,0.2505249769056982,-2.2337374290954712,0.10373616144930295,0.06558283761057307,-0.6321710313631189,4.020198760592972e-06,0.0012179379243986226,9.090579345572502e-05,0.0037620317660365635,134.775
15694,0.1937643802820311,-527.2387812035273,0.23374736803945934,-2.188119325519397,0.1057916419979375,0.06468462699915849,-0.6319228910154783,3.992040102118537e-06,0.001198490825880762,8.952216593037433e-05,0.003668631495935642,134.783333
15695,0.1956260000324185,-527.253590161261,0.21650826051706817,-2.1469595917307327,0.10775036721986929,0.06370955797422616,-0.6316909555017486,3.968134733192788e-06,0.0011800522102952942,8.828821880279478e-05,0.003586805150629458,134.791667
15696,0.1973354951399785,-527.2682245185631,0.19884836519897559,-2.1100150003917566,0.10960847258316547,0.06266179363199578,-0.6314760447022568,3.948293315590941e-06,0.0011626229426302914,8.71921312389469e-05,0.0035158094133414274,134.8
15697,0.19889041192793566,-527.282616861545,0.1808050729122119,-2.077069188400291,0.11135815730421639,0.0615527646975468,-0.6312789641956225,3.932342366977719e-06,0.0011461997423925258,8.622374366501309e-05,0.0034550007978693944,134.808333
15698,0.20028593691746183,-527.2969172848649,0.16242177658625875,-2.0479531279873675,0.1130038978943565,0.06036910715507645,-0.6311007864342912,3.920122999712286e-06,0.0011307761779748662,8.537441903571975e-05,0.003403826690023109,134.816667
15699,0.20151965238619568,-527.3111903342727,0.14373855905328373,-2.0225078114628157,0.11454583450023631,0.059107093016139825,-0.6309422446070844,3.911489856296001e-06,0.0011163445424183175,8.46369172289074e-05,0.00336181198041494,134.825
15700,0.202588427270839,-527.3254046185357,0.12479131299729196,-2.000595904443057,0.11597792501699745,0.05777363185684868,-0.6308041225664438,3.906310092702388e-06,0.0011028952510718035,8.400527878840186e-05,0.0033285553550854406,134.833333
15701,0.2034935873815601,-527.3395386153543,0.10561692591407627,-1.9820759198596165,0.11729746309419807,0.056376002455958474,-0.6306865815718224,3.9044625639038785e-06,0.001090417808909307,8.347473295700711e-05,0.0033037254252084665,134.841667
15702,0.20422999349109597,-527.3537051706846,0.08625405428655201,-1.966877571377473,0.11850569875294262,0.05490392563609762,-0.6305905731842355,3.905837043061287e-06,0.001078899304527527,8.304161449395987e-05,0.0032870564830334383,134.85
15703,0.2047982820322585,-527.367879957836,0.06673845089989819,-1.954904802980718,0.11959925778406215,0.053364685720061776,-0.6305162492208274,3.910333776231423e-06,0.001068327997186318,8.270330730738817e-05,0.0032783412692034284,134.858333
15704,0.2051959374888673,-527.3821677013539,0.04710860130684779,-1.9461150995872658,0.12057988156543809,0.05174937277939095,-0.6304641205132967,3.917862986556181e-06,0.0010586910379924582,8.245818550596804e-05,0.0032774311612969818,134.866667
15705,0.20542280133804344,-527.3965136718099,0.027398162695468686,-1.9404505219125798,0.12144207208979765,0.05006878763224933,-0.6304343362377823,3.928344632344899e-06,0.0010499763666559762,8.230558101874689e-05,0.0032842311350479406,134.875
15706,0.20547824537792764,-527.4109650662691,0.007643856343361727,-1.9378889848283383,0.12218543385333883,0.04832146786810451,-0.6304270522218595,3.941708223012102e-06,0.0010421720336849405,8.224575194921598e-05,0.0032987011442853456,134.883333
15707,0.20536199461087035,-527.425533417751,-0.0121189023393698,-1.9384193911509835,0.12280786930669639,0.046510405773696466,-0.6304423225538681,3.9578927837787075e-06,0.0010352667819267707,8.227987120567129e-05,0.0033208528744779462,134.891667
15708,0.2050739163691017,-527.4402513111428,-0.03185398446455528,-1.9420521850027543,0.12330830139324751,0.044636141092221825,-0.6304801268810202,3.976846936461464e-06,0.001029250227024831,8.241002227656249e-05,0.0033507497737264654,134.9
15709,0.20461439568163445,-527.4552052903567,-0.05152281421862902,-1.9488258725466148,0.12368810067765684,0.042692736784533905,-0.630540321194926,3.998529097864192e-06,0.001024113096892038,8.263920904140854e-05,0.0033885064024138513,134.908333
15710,0.2039840554423576,-527.4703462322268,-0.07109202201218082,-1.958767659915171,0.12394265772092772,0.04069117581890857,-0.6306226752056635,4.0229077942864125e-06,0.0010198472863092898,8.297138375765729e-05,0.0034342871323691255,134.916667
15711,0.20318468432446066,-527.4857169851746,-0.09052378330962105,-1.9719380285620178,0.12407209593733184,0.03863147742730809,-0.6307267527523317,4.04996208345433e-06,0.0010164460450107192,8.341146397270289e-05,0.0034883101207858094,134.925
15712,0.2022166866704247,-527.5013785245424,-0.1097803465304602,-1.9884294595064813,0.12407611562515186,0.03651128798891079,-0.630852245820497,4.0796820684698685e-06,0.001013903750054025,8.396538794773398e-05,0.0035508456131166425,134.933333
15713,0.20108087589781917,-527.5171841874793,-0.12883266813163743,-2.0082968283883935,0.1239471019038389,0.034354297357692874,-0.6309987407742575,4.112069552283314e-06,0.0010122167076735762,8.464017605906728e-05,0.0036222174915461567,134.941667
15714,0.19978131664010573,-527.5334221878842,-0.14762939043853687,-2.031721184562079,0.1236947968621656,0.03213100969501312,-0.6311653571935065,4.14713876982919e-06,0.0010113832025828821,8.54439485577273e-05,0.003702811947523997,134.95
15715,0.19831961498589062,-527.5499883039176,-0.16613842065966494,-2.058807467516174,0.12331329221443378,0.029860393069754416,-0.6313514881307856,4.184917214368442e-06,0.0010114023565272836,8.638612083465315e-05,0.003793063277923304,134.958333
15716,0.19669742225143333,-527.5669374604963,-0.1843200236927903,-2.089730448179446,0.12280215412342319,0.027541978412984523,-0.6315564765274327,4.225446605665289e-06,0.0010122754025064286,8.747740289251818e-05,0.003893470869106247,134.966667
15717,0.19491790115818433,-527.5843292046002,-0.2021320905409117,-2.1246859670351967,0.12216162963986246,0.02517529515025754,-0.6317794341649866,4.268783925159411e-06,0.0010140057939980055,8.872994855907455e-05,0.004004597282341252,134.975
15718,0.19298486105071627,-527.6021643482807,-0.2195341907438753,-2.163873841451955,0.12139062821062055,0.022767466178536575,-0.6320193593098554,4.315002551793026e-06,0.0010165987639728258,9.015748980763014e-05,0.0041270699887503495,134.983333
15719,0.19090210167923427,-527.6204764709071,-0.2364835226618759,-2.207533486111005,0.12048889815759714,0.02032188364227507,-0.6322752242038256,4.364193460533266e-06,0.0010200612530654486,9.177545550345728e-05,0.004261587284130634,134.991667
15720,0.18867021518191962,-527.6392636323174,-0.2529417198827945,-2.255937783849391,0.119453426583389,0.017846228581467328,-0.6325463648452222,4.4164664783018255e-06,0.0010244020600773949,9.360113726135106e-05,0.004408921845410356,135.0
15721,0.1862993705828391,-527.6586619679756,-0.2688509984161802,-2.3094004815564837,0.11828955561052393,0.015332996971341065,-0.6328309354901526,4.4719516173710655e-06,0.0010296331745099085,9.565380939420708e-05,0.0045699343105356695,135.008333
15722,0.1837885360583701,-527.6786140674752,-0.28417601747075594,-2.368248258241802,0.116992032372979,0.01279716124847479,-0.6331284306530709,4.530800358694117e-06,0.0010357661453760166,9.795503899644684e-05,0.0047455580655337525,135.016667
15723,0.1811478376669613,-527.6992837830943,-0.29885351146589423,-2.432884807460996,0.1155657393343047,0.010228964606198758,-0.6334370062217716,4.593186960314417e-06,0.0010428165368827076,0.00010052867195299261,0.004936839928456529,135.025
15724,0.17837821098866058,-527.7206256480821,-0.3128424026839028,-2.503710644760601,0.11400681372283376,0.007643053327969295,-0.6337559016187486,4.65930964109548e-06,0.0010507995486805676,0.00010340123267240385,0.0051449191492814175,135.033333
15725,0.17549034024845056,-527.7428104114966,-0.3260731780188855,-2.581219298758916,0.11231945940178664,0.0050302604499414105,-0.6340832344381109,4.729391618924355e-06,0.001059733594101165,0.00010660184224366497,0.005371081527093864,135.041667
15726,0.1724890186839644,-527.7658036848366,-0.33849524384635254,-2.665882725194167,0.11050228107498064,0.002405143403280891,-0.6344178227622831,4.803681836159347e-06,0.001069636349185003,0.00011016260925566143,0.005616748085567525,135.05
15727,0.16938174080179233,-527.7897109407323,-0.35004191009994595,-2.7582768127371136,0.10855635996575747,-0.0002328686917822789,-0.6347582021204274,4.882455230889396e-06,0.001080526916460175,0.00011411843428177907,0.005883549497999869,135.058333
15728,0.16617127171850696,-527.814574951991,-0.36065418492461704,-2.8590303616547237,0.10647933236674402,-0.002876615668701651,-0.6351034479020148,4.9660123836145445e-06,0.0010924244158647197,0.00011850713528415409,0.006173368572252696,135.066667
15729,0.1628707140679582,-527.8404973038066,-0.37025039585368374,-2.9687887057795215,0.10427516340650633,-0.005524601356843743,-0.635451557360901,5.054678359653259e-06,0.0011053493773612315,0.00012336911730456446,0.006488458588858614,135.075
15730,0.15948772611248987,-527.867570684785,-0.37875290726377064,-3.0882799256611806,0.10194395899139021,-0.008173460669314691,-0.635801176816974,5.148800179677371e-06,0.0011193190786867428,0.00012874716233687852,0.006831538744138882,135.083333
15731,0.15603603519786394,-527.895923065817,-0.3860669189493623,-3.2182525574895857,0.09948896208499766,-0.010822742471964433,-0.6361503967967288,5.24874253579292e-06,0.001134348939777717,0.00013468568344911116,0.007206012276459063,135.091667
15732,0.15251945771654277,-527.9255257245364,-0.3921221367029012,-3.359484652847603,0.09690861293964155,-0.013454975720734324,-0.636498387305474,5.354881204785981e-06,0.0011504491299759484,0.0001412297861728287,0.0076162178906642,135.1
15733,0.14895326271397846,-527.9565677022827,-0.39680438448313454,-3.5128297356722262,0.09420617665466001,-0.01607435158896043,-0.6368432492985268,5.467593533581395e-06,0.0011676273673244134,0.00014842319332098,0.008067930813112653,135.108333
15734,0.145348523435986,-527.9891806924186,-0.4000046436529605,-3.6791611669150526,0.09138218451638574,-0.018677772365420283,-0.6371836076426314,5.5872449610363026e-06,0.0011858828528349546,0.00015630648788520293,0.008568842012689025,135.116667
15735,0.1417182694415749,-528.0234672162801,-0.40160676392310085,-3.8593096232065904,0.08843854004189924,-0.02125859051957194,-0.6375180073067572,5.7141704589050535e-06,0.0012052064118286082,0.00016491378363610158,0.009129387083902808,135.125
15736,0.13807837626970054,-528.0595264577578,-0.40148336093564774,-4.054025273868901,0.08537886128043201,-0.023809612927450242,-0.6378448597070464,5.848649743907741e-06,0.0012255780499119294,0.00017426841709593306,0.009763814200636932,135.133333
15737,0.13444361537937016,-528.0975101556645,-0.3994962146306246,-4.264026109656994,0.08220462317760449,-0.026327358077419417,-0.6381628184255891,5.990874524382482e-06,0.0012469642235296776,0.00018437748354243144,0.010491539928666936,135.141667
15738,0.13083035773696164,-528.1375371674965,-0.39550139740212753,-4.489839577498888,0.07891865863144978,-0.028804998198962806,-0.6384705397076442,6.140906569704716e-06,0.0012693170371851378,0.00019522521326088805,0.011338825969421075,135.15
15739,0.1272571223700404,-528.1798096917552,-0.38933465671566,-4.731795031093656,0.07552222711560296,-0.031242062936640527,-0.6387666548834263,6.298625349641087e-06,0.0012925730473175398,0.00020676488342651587,0.012340693442659102,135.158333
15740,0.12374344783397054,-528.2244179799421,-0.3808401067872182,-4.989780742488881,0.07201981277887685,-0.03362898295982205,-0.6390498812677955,6.463664182034587e-06,0.0013166529770574152,0.00021891019988488472,0.013542732586554987,135.166667
15741,0.12031069126216855,-528.2715008930118,-0.36985138166111503,-5.263223034571337,0.06841502265017946,-0.035960494217661086,-0.6393189659375021,6.635334977662643e-06,0.0013414638236191338,0.0002315259276964752,0.015002514625892534,135.175
15742,0.11698089589990467,-528.3211901839848,-0.35620499729854027,-5.5509161523185275,0.06471126673403921,-0.038231158918131045,-0.639572781723435,6.812543332180178e-06,0.0013669030454170484,0.0002444202481242354,0.0167894949566012,135.183333
15743,0.11377884584353973,-528.3736554787597,-0.33973506573696144,-5.85081965207883,0.06091085535292673,-0.04043914717607462,-0.6398101716539419,6.993698667482913e-06,0.0013928662459282897,0.0002573401630481224,0.01898225033516429,135.191667
15744,0.11072985587647902,-528.428911286824,-0.3203155786262285,-6.1597825489048486,0.057021122321103984,-0.04257409494461481,-0.6400301170451971,7.176627400639983e-06,0.0014192570125402073,0.0002699726803579123,0.021661062478725835,135.2
15745,0.10786043292109784,-528.4870986461535,-0.29782573400831974,-6.47357253650609,0.05304332236422916,-0.04463543134203449,-0.6402316743941017,7.358501951576864e-06,0.001446000222823693,0.0002819541047613166,0.024894519263614256,135.208333
15746,0.10519827133417842,-528.5482270703867,-0.27220249706466965,-6.786531565832861,0.04898264511812703,-0.04661731632612528,-0.6404139590700546,7.535803852260316e-06,0.0014730551610874492,0.0002928909406350408,0.0287181395712477,135.216667
15747,0.10277137393627818,-528.6121803902394,-0.24345751143951325,-7.091579061071345,0.04484800863094769,-0.04851109692370136,-0.6405761799139098,7.704343044750325e-06,0.0015004252836561605,0.00030239111066458513,0.033106609074484344,135.225
15748,0.10060839908188478,-528.6789252026493,-0.21165497796571148,-7.380393689395107,0.04064197519523314,-0.050316255835038994,-0.6407175796924671,7.859356592340189e-06,0.0015281596534080716,0.00031010377568555783,0.03794388721125387,135.233333
15749,0.09873480984192962,-528.7482278991343,-0.17698085708851902,-7.643705645735409,0.03637226312441248,-0.052025877823204836,-0.6408376387104097,7.995705598572065e-06,0.0015563393291095238,0.00031576087846985144,0.04299906664294354,135.241667
15750,0.0971761677246283,-528.8198504520178,-0.13971188689547276,-7.871678648206612,0.03204366923108327,-0.053637801629565766,-0.6409358019135429,8.108178742535154e-06,0.0015850465101462567,0.0003192095991587775,0.04792298727399549,135.25
15751,0.09596671401542646,-528.8932987476113,-0.10025600224344516,-8.053774394608178,0.027673538233675174,-0.05515173218494253,-0.6410109003711479,8.191887651087758e-06,0.0016143128259444518,0.00032042435047251216,0.05227517106005364,135.258333
15752,0.09510076457874478,-528.9683247368104,-0.05912160925383947,-8.183270182871022,0.023250692413278814,-0.056557455761271205,-0.6410640936568784,8.24270413389419e-06,0.00164405203163546,0.0003194930784244054,0.05558731862440484,135.266667
15753,0.09460196772667633,-529.044325258478,-0.01690805709470729,-8.252892367796683,0.018790539819393142,-0.05785542845901483,-0.641094515408703,8.257704737606068e-06,0.0016740185360017649,0.00031658480535492643,0.05745694465825558,135.275
15754,0.09448928510194976,-529.1206066634522,0.02570358563734855,-8.257985226484454,0.014309867831184661,-0.05904895464157149,-0.64110136586533,8.235523357946878e-06,0.0017037530845899923,0.000311892400697361,0.057637264687771514,135.283333
15755,0.09474424315285714,-529.196817006352,0.06804424312487166,-8.199574337731967,0.009798835942590647,-0.06012838737313929,-0.6410858542520463,8.176516196400434e-06,0.0017325861453427345,0.0003055976720036619,0.05610050106227494,135.291667
15756,0.09537972739245652,-529.2720553839586,0.1093920552333099,-8.079125998378526,0.00528653569422548,-0.06110070427748567,-0.6410470100960997,8.08275132898902e-06,0.001759703502951424,0.000297853884117789,0.053043046547708694,135.3
15757,0.0963689083277832,-529.3461630362458,0.1491816155257355,-7.903532034013807,0.0007558744129428661,-0.061958448664130916,-0.6409860310248626,7.957786830586295e-06,0.0017842125324160753,0.0002887910986647637,0.04883849561601433,135.308333
15758,0.09770294173055571,-529.418452623223,0.18684555340929343,-7.6803044787038095,-0.003772499366579636,-0.06270472080632197,-0.6409027998949064,7.806296233865162e-06,0.0018052670204093337,0.000278542019374499,0.04394381832301202,135.316667
15759,0.09936517742054479,-529.4885101573262,0.2219519448393794,-7.418644158866386,-0.008290839237760491,-0.06334306380087613,-0.6407974960383754,7.633614518808501e-06,0.001822151257264847,0.00026726762985432675,0.03881077963700501,135.325
15760,0.10133650173115964,-529.5557908292465,0.2541507089059163,-7.128416344435262,-0.012778384935588595,-0.06388091629506902,-0.6406703162217994,7.445271031089057e-06,0.0018343532843368012,0.0002551743621548372,0.033813054420724,135.333333
15761,0.10357617768668481,-529.6204832297834,0.28330736262240097,-6.819994374729792,-0.017253163758923596,-0.06430692334013484,-0.6405228025814802,7.2465889286582215e-06,0.001841597333613049,0.00024251224353263775,0.0292108469622876,135.341667
15762,0.10606703273107,-529.6821984454466,0.30928712506665,-6.5016890751965795,-0.02169412936754038,-0.0646327134657486,-0.6403549716969791,7.042400703373271e-06,0.0018438512465480898,0.000229556334773912,0.0251455089787103,135.35
15763,0.10877837226203355,-529.7408558463266,0.33207984935991325,-6.181237182973069,-0.02609375587657236,-0.0648602835696066,-0.6401677687884045,6.836866883088804e-06,0.0018412766252325226,0.000216583156229966,0.021664114624506174,135.358333
15764,0.11168379864377742,-529.7964430632626,0.35174256783696184,-5.864735889869505,-0.03044587175230432,-0.06499441967153174,-0.6399619418221705,6.633399806428519e-06,0.0018341905765138472,0.0002038471296836092,0.018746655489015825,135.366667
15765,0.11475449389832418,-529.8489850104239,0.36838312250605193,-5.557021925997011,-0.03474297756382254,-0.06503879673490585,-0.6397385349541447,6.434668288713383e-06,0.0018230110587282701,0.00019156325892177034,0.016334771927827917,135.375
15766,0.11796520598367917,-529.8985885557843,0.3821463236267674,-5.261496024351487,-0.03898132090773845,-0.0649973099978398,-0.6394984902166171,6.242657529779078e-06,0.00180821234165404,0.00017989757558821258,0.014353873041105587,135.383333
15767,0.12128979363574104,-529.9453397142745,0.39319387638928227,-4.980546414922373,-0.04315360397673124,-0.06487438551769342,-0.6392429845086461,6.058758236508297e-06,0.001790285269170074,0.00016896548157132023,0.01272803876514654,135.391667
15768,0.12470608678536634,-529.9893531735141,0.4016966808583418,-4.715546687279958,-0.0472543129529778,-0.06467579005746632,-0.6389730704527262,5.88386803533943e-06,0.0017697116618643374,0.0001588353750374644,0.011388253916964401,135.4
15769,0.12819188917077093,-530.0307711596954,0.40783011632293914,-4.467183634435038,-0.05127880165571201,-0.06440581620300731,-0.6386899780143561,5.7184905890632836e-06,0.0017469446875237214,0.00014953578245884756,0.010276004653899004,135.408333
15770,0.1317269529130536,-530.0697304482021,0.4117646481186888,-4.235584491204008,-0.055222179755409946,-0.06406949196257058,-0.6383949590486436,5.562826332523178e-06,0.0017224003260327867,0.00014106377842181174,0.009343825231046803,135.416667
15771,0.13529189174865977,-530.1063864621073,0.4136652428263353,-4.020477665847842,-0.05908072845976579,-0.06367055129062085,-0.6380893676429752,5.416850320633306e-06,0.0016964530420053932,0.00013339326971030613,0.008554352134419019,135.425
15772,0.1388681056388191,-530.1409241430724,0.4136897466306167,-3.8213052042734583,-0.06285269094573342,-0.06321022527006412,-0.637774661881599,5.280376592740377e-06,0.0016694361330822924,0.0001264824086851124,0.007878713020427404,135.433333
15773,0.14244694796442858,-530.173191956176,0.41195818995350875,-3.637338837111388,-0.06651961877578805,-0.06271493239868307,-0.6374515591385376,5.153109535595319e-06,0.001641644347965472,0.00012027971902301115,0.007294817208717583,135.441667
15774,0.14600118113539085,-530.2038495245018,0.4086443265980105,-3.4677055354944346,-0.07010568585149585,-0.06214902332959351,-0.6371225976109065,5.0346823451241836e-06,0.0016133309843081387,0.00011472846979559686,0.006785903832363205,135.45
15775,0.14952315395338656,-530.2328138378865,0.40385251267544575,-3.311500291010014,-0.0735972075567644,-0.061531596152008566,-0.6367886826811802,4.9246895776586675e-06,0.0015847264772972775,0.0001097711167131129,0.006339027807496076,135.458333
15776,0.15300023658702203,-530.2601738820789,0.39769254754539135,-3.1678283264305973,-0.07698940886809705,-0.06086803672554265,-0.6364512751996959,4.822707021986618e-06,0.0015560280354180475,0.00010535082005579249,0.005944278298918462,135.466667
15777,0.156420035658223,-530.2860815208611,0.39026897300130264,-3.03579382212095,-0.0802816626553305,-0.060158055610014576,-0.636111920704618,4.728308245391791e-06,0.0015274078871278956,0.00010141333878929217,0.005593934610789707,135.475
15778,0.1597726174227565,-530.3106327490958,0.38167430056420965,-2.9145350018162546,-0.08347132782246139,-0.059405346690518536,-0.6357720148702163,4.6410756500470585e-06,0.0014990168015734024,9.790805434156628e-05,0.00528188931641575,135.483333
15779,0.1630475769180153,-530.3339653453417,0.3719961673426528,-2.80323640947065,-0.08655819016381346,-0.05860882449111553,-0.6354330791541583,4.560607618665212e-06,0.0014709855628741502,9.47884349963572e-05,0.005003243137711115,135.491667
15780,0.1662355078919511,-530.3561516292555,0.3613124968153633,-2.701146728495228,-0.08953880219324682,-0.05777212840880463,-0.6350966042712834,4.486523177088682e-06,0.0014434281124655036,9.201225364120685e-05,0.004753997778974785,135.5
15781,0.1693316442802905,-530.3770186531939,0.34968423482733896,-2.6075865586519127,-0.09239847106163791,-0.0569223771643772,-0.6347636396324448,4.4184645266671515e-06,0.0014164432107029415,8.954152438934064e-05,0.004530844811121389,135.508333
15782,0.17232463693278718,-530.3968787834591,0.3371896505194153,-2.5218868520310163,-0.09514724393317277,-0.056040146837327824,-0.6344359830513809,4.356097929636626e-06,0.0013901135199109245,8.73422579646145e-05,0.004331025326742634,135.516667
15783,0.1752074502239403,-530.4158115023108,0.32389133988101193,-2.4434522247552053,-0.09778393676207127,-0.055126782760587384,-0.6341150149695072,4.299114259473549e-06,0.0013645117871224817,8.538438550687993e-05,0.0041521814869126955,135.525
15784,0.17797548159175008,-530.4336800694389,0.3098397757767124,-2.371755538570125,-0.10029709682132625,-0.054205149239326095,-0.6338018671802379,4.247228152169632e-06,0.0013396994188857017,8.364135588359092e-05,0.003992294417590986,135.533333
15785,0.18061971717770192,-530.4508458039165,0.2951008863175654,-2.306287045822032,-0.1027002277713913,-0.05324678641656784,-0.6334981891276508,4.200176911759784e-06,0.001315726490025617,8.208979556771664e-05,0.00384963092131992,135.541667
15786,0.1831278307195907,-530.4683031719742,0.27975820226108394,-2.2465678225856394,-0.10503687376237887,-0.05215232581133084,-0.633206050775492,4.157719438704461e-06,0.0012926357335068413,8.070928393730658e-05,0.003722676309092205,135.55
15787,0.18549562711868992,-530.485115187889,0.2638263117329562,-2.1922744591427827,-0.1072523801297523,-0.05102310724967713,-0.6329266009254874,4.119634873225803e-06,0.0012704652154830298,7.948206698250637e-05,0.0036100860829364825,135.558333
15788,0.18772917260771074,-530.5015675605877,0.24735805442378742,-2.142995931290805,-0.10936340147419363,-0.04983782260048045,-0.6326597430945305,4.0857208702256684e-06,0.0012492445521179835,7.839262144854711e-05,0.003510715247885843,135.566667
15789,0.1898190351277087,-530.5175623549652,0.23039316854695216,-2.0984431113701225,-0.11135803131365048,-0.048611136519644056,-0.6324071939377481,4.0557918663023934e-06,0.001228990307083601,7.742746882203464e-05,0.0034235697301567797,135.575
15790,0.19175593549123368,-530.5330830167456,0.21297241343574677,-2.0583495881782485,-0.11322893464803373,-0.04734948336664872,-0.6321706632384825,4.029678200344932e-06,0.001209716426602006,7.657502754927419e-05,0.003347782946421022,135.583333
15791,0.19354735044417629,-530.5483517073219,0.19514281724577742,-2.0224272169524764,-0.11498984422365327,-0.04603600862347132,-0.6319497878086832,4.007224789041698e-06,0.0011914345477507043,7.582540327877917e-05,0.0032826010204530082,135.591667
15792,0.1951830534997674,-530.5633837201226,0.17694277165577293,-1.9904798326030975,-0.1166339864342088,-0.044672004492043116,-0.6317463398383307,3.988289492445048e-06,0.001174145803045455,7.517017570501288e-05,0.0032273756121382977,135.6
15793,0.1966619660460629,-530.578116525852,0.1584081177518026,-1.9623033460003951,-0.11815663959638681,-0.04327010851383184,-0.6315609383935099,3.972742467363725e-06,0.001157851565939499,7.460231385435939e-05,0.003181547689025277,135.608333
15794,0.19798131967208255,-530.5926617080526,0.13957891674605225,-1.9377328913196417,-0.11955990795771233,-0.04182207110990794,-0.6313943739480272,3.960465010997308e-06,0.0011425490990672126,7.411601965733062e-05,0.003144645086081308,135.616667
15795,0.19913765513621504,-530.6070589256634,0.12049212256681156,-1.9166268927943257,-0.12084209374553409,-0.04032756010704512,-0.6312474862928235,3.9513487728006385e-06,0.0011282332293882408,7.370662772215263e-05,0.003116271525606992,135.625
15796,0.2001160915623043,-530.6214455475849,0.10118442169136994,-1.8989048636287906,-0.121998311896535,-0.03877198804616287,-0.6311225376369822,3.94529507732738e-06,0.0011148973361139029,7.337051782368803e-05,0.0030961018562348096,135.633333
15797,0.20094143286470267,-530.6356648582324,0.0816935215068533,-1.8843775004557402,-0.1230358470010942,-0.03718407538092231,-0.6310166698010357,3.942214548568379e-06,0.0011025391463283097,7.310503801978517e-05,0.0030838743989759164,135.641667
15798,0.2016009298447251,-530.6497554085109,0.06205107397142448,-1.8729911842141223,-0.12394754831335845,-0.03556155859874326,-0.6309317661151131,3.9420261037972884e-06,0.0010911424018784095,7.290842655582987e-05,0.0030793967710260077,135.65
15799,0.2020907724251258,-530.6639519230629,0.042297777050990346,-1.864715167534974,-0.12473812865477334,-0.03387941353394486,-0.6308685261401944,3.9446570988678265e-06,0.0010806961020488688,7.277981788040755e-05,0.0030825340046547575,135.658333
15800,0.20241162611597383,-530.6780752779144,0.0224625236567627,-1.8594712239474354,-0.12540022627865813,-0.03216466175039486,-0.6308270210285416,3.950043048544293e-06,0.0010711901554229409,7.271919216532778e-05,0.0030932045367507597,135.666667
15801,0.2025611073604481,-530.6920221830502,0.0025747094362458013,-1.8572115721846063,-0.12592826971203708,-0.03043479703422076,-0.6308076622020521,3.958127506702169e-06,0.0010626137597942397,7.272734676087866e-05,0.0031113853980946006,135.675
15802,0.20253921767465966,-530.7060835126557,-0.01732218993727418,-1.857967403444465,-0.1263302941264027,-0.02865807294561567,-0.630810497944494,3.968862100048291e-06,0.0010549572077310952,7.280588222164707e-05,0.0031371103323013395,135.683333
15803,0.20234737517389273,-530.7202651301669,-0.03719334762543807,-1.8617390913456493,-0.1266056070564766,-0.026838586770021773,-0.6308353376262693,3.982206674249652e-06,0.001048211105530693,7.295722689749354e-05,0.0031704617334437236,135.691667
15804,0.20198699515608057,-530.7344925535408,-0.057006948769538726,-1.868527394059278,-0.12675156983650496,-0.024990681603896395,-0.6308819366988996,3.998129576747945e-06,0.0010423661990188748,7.318464797424346e-05,0.003211575002582053,135.7
15805,0.20145697419036382,-530.7489346963937,-0.07672400440890816,-1.8784068949796706,-0.12677027514776967,-0.02309763389699407,-0.630950322389425,4.016608018665806e-06,0.0010374137937030918,7.349227331533077e-05,0.0032606404312055972,135.708333
15806,0.20075906734424306,-530.7635703042055,-0.0963103590670888,-1.8914249339464542,-0.12666038182353462,-0.02116727813432228,-0.6310400991131235,4.037628589953209e-06,0.0010333470982837065,7.388515180939028e-05,0.003317899728111455,135.716667
15807,0.19989405732593835,-530.7784078230743,-0.11573137804295841,-1.9076554007344553,-0.12642078549635224,-0.019203707297054264,-0.6311509449383201,4.0611878707616194e-06,0.0010301602900235948,7.436929302683301e-05,0.003383650068042481,135.725
15808,0.19886003087534057,-530.7936439017355,-0.1349465466842037,-1.9272473476926981,-0.12605197904268264,-0.017187216668297613,-0.6312828295135392,4.087293151225937e-06,0.001027849202656996,7.495173372523353e-05,0.0034582455372082752,135.733333
15809,0.1976665979751557,-530.809023488811,-0.1539246947060439,-1.9502256507095204,-0.12555334021027273,-0.015156330872690263,-0.6314342064479253,4.115963324664939e-06,0.0010264125875230575,7.564064491173738e-05,0.003542095697963755,135.741667
15810,0.1963134230961095,-530.8246709000938,-0.1726269981251712,-1.9767574658982356,-0.12492522205850926,-0.013100842748636888,-0.6316047573355569,4.147229782588825e-06,0.001025847760664443,7.644537893936366e-05,0.003635672552640925,135.75
15811,0.1948040897010395,-530.8408319085402,-0.19100517259223723,-2.007067101676225,-0.12417089405993072,-0.010996197235939958,-0.6317936256331698,4.181137474194578e-06,0.0010261549616836663,7.737663113671453e-05,0.00373950899869299,135.758333
15812,0.19313749513031292,-530.8571541173594,-0.20904031484818902,-2.0412246967778342,-0.12328344059118378,-0.00889231577656738,-0.6320005005315502,4.217746182803065e-06,0.0010273359004502518,7.84466414224253e-05,0.0038541928559479807,135.766667
15813,0.19131893878707681,-530.8739285367855,-0.2266791784653168,-2.079519334202639,-0.12226747313461465,-0.006759697278556553,-0.6322242356806473,4.257131841567024e-06,0.0010293958713113193,7.966912046063105e-05,0.003980395591407394,135.775
15814,0.18934616494951137,-530.891347223299,-0.24387753018698066,-2.122261866299311,-0.12112008280594537,-0.004581883482351439,-0.6324645796887246,4.299387950360459e-06,0.0010323412408810198,8.105966774936092e-05,0.004118846152646776,135.783333
15815,0.1872293961134878,-530.9092606854797,-0.2605949026542533,-2.16964192292935,-0.11984393630441892,-0.0023849419818205322,-0.6327197291524943,4.344627303583977e-06,0.0010361825772326793,8.263590980925549e-05,0.00427034372240288,135.791667
15816,0.1849717450089768,-530.9276964802447,-0.27678842899794665,-2.2219576486548847,-0.11843877336426449,-0.0001731548184690087,-0.6329887358060784,4.392983668598893e-06,0.0010409299159269362,8.441764294684609e-05,0.004435760428685801,135.8
15817,0.1825872986196546,-530.9466027733706,-0.292407410987587,-2.2794768674071775,-0.1169114463891218,0.0020396471914035062,-0.6332693472911334,4.444613493176031e-06,0.0010465957543251833,8.642709551962902e-05,0.0046160460690860446,135.808333
15818,0.18006481807643654,-530.9660642045011,-0.3074187035536496,-2.3426260311212377,-0.11525292326681391,0.004255427510386214,-0.6335622839872634,4.499697656580751e-06,0.0010531909245451833,8.868923614155147e-05,0.004812217836649432,135.816667
15819,0.17742550660008843,-530.986258911024,-0.32174645661341306,-2.4118307072856897,-0.11347364918602965,0.006486448063530524,-0.6338644725869442,4.5584433805637755e-06,0.001060734482976482,9.123185983446233e-05,0.005025403641110813,135.825
15820,0.17466013086722773,-531.0071207891095,-0.33536066730447694,-2.4875333456918316,-0.11156566744311523,0.008715584951915894,-0.634176358044762,4.621086132436968e-06,0.0010692408843767731,9.408628717522965e-05,0.005256779590158794,135.833333
15821,0.17178977597406417,-531.0287734066279,-0.3481825418654268,-2.570217742753973,-0.10953907169396339,0.010947965849842166,-0.6344949538744776,4.687891399312656e-06,0.001078731927602199,9.728707142320382e-05,0.005507663831437771,135.841667
15822,0.16881441954211557,-531.051248379887,-0.3601612149489008,-2.660432607759047,-0.10739109599599093,0.013176907254606077,-0.6348196864401603,4.75915616529747e-06,0.001089224583375592,0.00010087277357846689,0.005779450376018782,135.85
15823,0.16574145661115952,-531.0746279178907,-0.37123010250527827,-2.7587800379530045,-0.1051230296534306,0.0154009792962596,-0.6351491723596908,4.835210004484649e-06,0.0011007391068659248,0.00010488577964245222,0.00607369810159591,135.858333
15824,0.1625724973721227,-531.0988941326283,-0.3813338753497923,-2.865884291104808,-0.10273403374106804,0.017607043799667408,-0.6354826693120165,4.9164156806128954e-06,0.001113295581535243,0.0001093725021832399,0.00639215993862972,135.866667
15825,0.15932182670120537,-531.1242635692338,-0.39037864051100896,-2.982502040127024,-0.10022725361182037,0.01980681177184388,-0.6358181347813749,5.003168820206461e-06,0.001126915593904356,0.00011438300182447006,0.006736905006910903,135.875
15826,0.15600907341508563,-531.150697470284,-0.39827735569789063,-3.1092337451251666,-0.09761335387749985,0.021986036699002006,-0.6361530947901269,5.0958962497424515e-06,0.0011416163047241181,0.00011997121049678593,0.007110372118485673,135.883333
15827,0.15263509380723297,-531.1783291904962,-0.40495154295178193,-3.2469251436071054,-0.09488802722929507,0.024145091086056013,-0.6364870694216644,5.1950521285718646e-06,0.0011574073850563564,0.0001261939892864666,0.00751557046531598,135.891667
15828,0.14921066007388792,-531.2072764687441,-0.41030314991636,-3.3963998615640554,-0.09205303571546188,0.026282782141798616,-0.6368186293242799,5.3011117949540955e-06,0.0011742971881533691,0.00013310985328783247,0.007956437341338793,135.9
15829,0.14574868214797304,-531.2376225821248,-0.4142275056030594,-3.5584578061385126,-0.08911205885577599,0.028394208959497753,-0.637146233246379,5.414562521712311e-06,0.0011922870485885535,0.00014077724807859624,0.008438249090233756,135.908333
15830,0.14225504421971397,-531.269554933999,-0.41661452073935157,-3.734043837379794,-0.0860613184608517,0.030481458458941672,-0.6374690916671927,5.535889444528575e-06,0.0012113685116762068,0.00014925175866173157,0.008968264316319653,135.916667
15831,0.1387567177347337,-531.3029820951792,-0.41734005311038436,-3.923645619363202,-0.08291794558162187,0.03252610435180139,-0.6377845870764038,5.665555999823548e-06,0.0012315240307421056,0.00015858231098401197,0.009556670316848615,135.925
15832,0.13525647944200658,-531.3382284456004,-0.4162723079749096,-4.128244217135227,-0.0796715552641936,0.034539687232394985,-0.6380924431175101,5.803975901418457e-06,0.0012527160893728002,0.0001688055454148204,0.010217745260849159,135.933333
15833,0.13177591887121867,-531.3753384264363,-0.413268082423796,-4.348269401895384,-0.07633126222034171,0.03651323607921712,-0.6383908165652705,5.95147647423241e-06,0.001274895051440967,0.00017993970304355507,0.010971558386152306,135.941667
15834,0.12833803473408947,-531.4142740725292,-0.4081874854464398,-4.583803027082773,-0.0729101753600449,0.038433169489697314,-0.6386779395657437,6.108251114484733e-06,0.0012979895640540253,0.00019197546945482695,0.011845906398534712,135.95
15835,0.12495037992592027,-531.4554582694966,-0.40085988904089603,-4.835288430527308,-0.06939473269301222,0.04031537555888933,-0.6389534836308596,6.274296990167092e-06,0.0013219053483865101,0.0002048654881797556,0.012878565753132556,135.958333
15836,0.12163844971005375,-531.498849817058,-0.39113392162682625,-5.102066849942697,-0.0657982914008369,0.042145989914851086,-0.6392157797323436,6.449340750994148e-06,0.001346532536492178,0.00021851477939102533,0.014119523631034496,135.966667
15837,0.11842322585061915,-531.5445820859743,-0.3788482113594851,-5.383147424306538,-0.062124261797202145,0.04392326116592029,-0.6394637096041519,6.632750010032875e-06,0.0013717413389698597,0.00023276767823456868,0.015632473888997172,135.975
15838,0.11533237413562866,-531.5926547369488,-0.3638543464559194,-5.67652674599056,-0.05838435001438685,0.04564035446959053,-0.6396958170828443,6.82343139406612e-06,0.0013973906972465382,0.00024739922350976726,0.01749450589912167,135.983333
15839,0.11238576638792087,-531.6432009605626,-0.3460164402319653,-5.97966743460001,-0.05457909327049057,0.04729727486146443,-0.6399114024960411,7.0197217036982156e-06,0.0014233361032510612,0.00026210974905809605,0.01979224550671827,135.991667
15840,0.10960160767497322,-531.6964810322294,-0.3252024271917006,-6.28926538663099,-0.050700276635172806,0.048899751480203694,-0.6401099975240907,7.21928353436243e-06,0.001449447776102195,0.00027652941583634525,0.02261290982622555,136.0
15841,0.10701746714744317,-531.7521550114379,-0.3013680935231513,-6.599634844298631,-0.04677566931897327,0.05043225405865629,-0.6402898852756658,7.419023872434324e-06,0.0014756286630816197,0.00029023368796190347,0.026028035860564114,136.008333
15842,0.10464843641873758,-531.8105451420626,-0.27445666422194276,-6.905341808021487,-0.04278790750290219,0.05190539732249483,-0.6404510421385206,7.615048374489083e-06,0.0015018237300268137,0.00030276800116267475,0.030068628994898535,136.016667
15843,0.10252979147062008,-531.8712158336562,-0.24455369904370183,-7.198301341375974,-0.03876386859512779,0.05330674449471236,-0.6405921215242311,7.802684745443802e-06,0.0015280432519068764,0.0003136955942258756,0.034694874560127126,136.025
15844,0.10067921784207096,-531.9343274383938,-0.21175015952353862,-7.470755496010075,-0.03468924955711591,0.05464451879843219,-0.6407129975320088,7.976599313868155e-06,0.0015543558738155985,0.0003226428109381297,0.03976516698930403,136.033333
15845,0.09912730811524192,-531.9993179179905,-0.1763195761861629,-7.713120202815259,-0.03058984233527598,0.055909671112235645,-0.640812673796348,8.131025998766405e-06,0.0015808812432813076,0.0003293535717560477,0.04501559387993375,136.041667
15846,0.09788557316756084,-532.0662292523585,-0.13854675255684737,-7.917217503682259,-0.026448765652777893,0.05710775532679261,-0.6408913166465744,8.26011313965605e-06,0.0016077467287171254,0.00033371911769170226,0.050064283740365825,136.05
15847,0.09697801414610856,-532.1344799721562,-0.09889023521004953,-8.074240590290412,-0.02228468255682338,0.05823528908231162,-0.6409481700612315,8.358370103316431e-06,0.00163503814083182,0.00033578834136303084,0.05444855184588729,136.058333
15848,0.09641891006004444,-532.2036351756029,-0.05787445832815668,-8.177301163226788,-0.018102708392455955,0.05929321678418336,-0.640982931963279,8.42116312576422e-06,0.00166272380144214,0.00033573464564870065,0.05769845754462633,136.066667
15849,0.09621306616269461,-532.2731323407908,-0.016114606651763612,-8.222053365450762,-0.013911943201565037,0.060278595872532564,-0.6409956796983832,8.445180110977103e-06,0.0016905950871703278,0.0003338030073570313,0.05943008065200742,136.075
15850,0.09636855942589727,-532.3425161602279,0.02576868611596475,-8.206207971882302,-0.009715092621672791,0.06119648656095847,-0.6409860526438519,8.428796106676307e-06,0.0017182318605192507,0.00033024451324039484,0.059432874870299836,136.083333
15851,0.09687838774937256,-532.4112590156333,0.0671262351867685,-8.131137067362701,-0.005517584642600853,0.06204476660394585,-0.640954378932521,8.372256801905018e-06,0.0017450019043561591,0.0003252628534865221,0.057717101439589205,136.091667
15852,0.09773458852244997,-532.4788689000703,0.10734819081731065,-8.000651039765287,-0.0013249046350301459,0.06282441417520704,-0.6409008115826116,8.277649169862599e-06,0.0017701165274023698,0.0003189930370863708,0.054508685108434284,136.1
15853,0.09892604269616397,-532.5448917694608,0.1458859036252737,-7.820762511351746,0.002857117782721435,0.06353773631413485,-0.640825487647028,8.14866777292399e-06,0.0017927144102454268,0.0003115113817776764,0.050191052234999846,136.108333
15854,0.10043831929551263,-532.6088590049103,0.18226219612050024,-7.599145147755397,0.007018159776722433,0.06418844278049024,-0.6407285711771906,7.990218416572373e-06,0.0018119634119581117,0.00030287088766441897,0.045218279408767735,136.116667
15855,0.10224697527135204,-532.6704995943636,0.21612126548944613,-7.344820637804938,0.011155601828921027,0.06477614845649222,-0.6406107365748541,7.807938622387176e-06,0.0018271555863690597,0.00029314222200413337,0.04002872514982732,136.125
15856,0.10433296372611507,-532.7295733572829,0.24720249462472152,-7.066439240078662,0.015264607003395766,0.06530562893572348,-0.6404722314654566,7.6077214647547665e-06,0.0018377802169304324,0.0002824420739767188,0.03498044647527096,136.133333
15857,0.10666553903362973,-532.7859069340132,0.275345776163421,-6.772866834127961,0.019338694802957163,0.06577568770573265,-0.6403140529975553,7.395299688556601e-06,0.001843551539545225,0.0002709435092383138,0.03032221253529143,136.141667
15858,0.10922003912125429,-532.8394171556347,0.3004807652612043,-6.471604338184551,0.023373581669648747,0.06618934445511611,-0.6401368283707275,7.17593533257922e-06,0.0018444142234332103,0.00025886617863167684,0.0261924196689839,136.15
15859,0.111971527911336,-532.890109312426,0.3226122452374921,-6.16903025303151,0.027367187242939715,0.06654868771690453,-0.6399412644153898,6.954221060288428e-06,0.001840510203761749,0.00024645629478060285,0.022638942580404473,136.158333
15860,0.11489289325361085,-532.937768863931,0.34176971031898645,-5.870605725431206,0.03129905603265576,0.06686219878196045,-0.6397283236980417,6.733984134302045e-06,0.0018321357396112626,0.00023396296248742664,0.019645894861305566,136.166667
15861,0.11796029626904375,-532.982712677586,0.35808543922607305,-5.580165070321198,0.035182266329412015,0.06712619388400456,-0.6394988623184356,6.518275857677382e-06,0.0018196957008313694,0.00022161617966994385,0.017159821323260657,136.175
15862,0.12114887024461764,-533.0252043438751,0.37170585516341187,-5.300599128323352,0.03902421870038351,0.06733498160856728,-0.6392539583628705,6.3094182490994846e-06,0.0018036563623319503,0.00020961317990505902,0.015110016639791434,136.183333
15863,0.12443475770088265,-533.065190403407,0.3827567508000069,-5.034070249005272,0.042809609094776505,0.067494598709828,-0.6389947802526651,6.109086664113225e-06,0.0017845097574437346,0.0001981104341042128,0.013422869008073603,136.191667
15864,0.1277977604701947,-533.1027970546066,0.3913904141143345,-4.781786401059725,0.04653514934427912,0.06760709643925769,-0.6387223755768687,5.918408951455315e-06,0.0017627457224872278,0.00018722123385425202,0.012030373685945034,136.2
15865,0.13121839339607239,-533.1381229005448,0.3977584415514816,-4.5443964775937005,0.050195169901153656,0.06767581010665939,-0.6384378922972866,5.738066021406744e-06,0.0017388304889647656,0.00017701889045029507,0.01087388690536049,136.208333
15866,0.1346790868144914,-533.1713322118248,0.4020152689485235,-4.322036616718906,0.05378864476793422,0.0677013696880897,-0.6381424754021516,5.568386388730991e-06,0.001713195451952599,0.00016754210258137863,0.00990511289081354,136.216667
15867,0.1381580419519006,-533.2026176836757,0.40431653795155703,-4.1146115443883,0.05731443028557786,0.06767949657520736,-0.637837796387425,5.409429605496576e-06,0.0016862307623649075,0.00015880161323260302,0.009085493212841548,136.225
15868,0.14164368719399495,-533.2319358339972,0.4047843549000001,-3.9216799918483916,0.060759304539049076,0.06762368324208916,-0.637524789363288,5.261058087624267e-06,0.001658287735297891,0.00015078677814563146,0.00838483069304507,136.233333
15869,0.1451192097877116,-533.2596293967677,0.40356759258898584,-3.742599875149855,0.06413406949620412,0.06752146439878791,-0.6372049793051678,5.122993814869051e-06,0.0016296727870171292,0.00014347126054949173,0.007779902003447285,136.241667
15870,0.14857178707269192,-533.2857955394034,0.4007847451177927,-3.576681300967313,0.0674346173166632,0.0673749516037884,-0.6368796597158229,4.994865012993984e-06,0.0016006549609932478,0.00013681866138118225,0.007252841770357261,136.25
15871,0.15198518417661874,-533.3109260037248,0.3965739053596548,-3.4230977366431543,0.07068190427498801,0.0671561941310586,-0.636550568826934,4.876241457873664e-06,0.0015714671281981626,0.00013078628084290842,0.006789970438208896,136.258333
15872,0.1553507435087021,-533.3347491494488,0.3910112206289377,-3.281186884405813,0.07384897586957066,0.06689128178122612,-0.6362188285964824,4.766661915108552e-06,0.0015423127371428141,0.00012532862842290962,0.006380704794884255,136.266667
15873,0.15865759060616963,-533.3573738425532,0.3841931583951073,-3.1501896935285534,0.07693378721064464,0.0665798951578871,-0.6358858565986446,4.665653473489823e-06,0.0015133646612449322,0.00012039903538862816,0.006016894743426876,136.275
15874,0.16189618010991877,-533.3789035157836,0.3762084780975393,-3.029361492854708,0.07993473521704986,0.06622169085632751,-0.6355530178056817,4.572746179447691e-06,0.0014847708410795051,0.00011595171189193001,0.00569214129849888,136.283333
15875,0.16505576221891521,-533.3994489462266,0.3671409797494758,-2.918009533874443,0.08285026712320599,0.0658142516802703,-0.6352218747724133,4.48748286885247e-06,0.0014566569621690885,0.00011194285278365109,0.0054013525048621225,136.291667
15876,0.1681277603390616,-533.4191205780969,0.35706767386201377,-2.8154603331036685,0.08567997863836073,0.0653550108370601,-0.6348938308843597,4.40942586659285e-06,0.0014291304762764027,0.00010833134488702877,0.0051404103000286935,136.3
15877,0.1711046785591885,-533.4380845878702,0.3460624699545396,-2.7210692803635075,0.08842772307202718,0.06483580454663133,-0.6345702237870037,4.338160913999e-06,0.0014022818262124006,0.00010507913320303437,0.004905937716711015,136.308333
15878,0.17397863643549002,-533.4563634281419,0.3341884080910941,-2.6342779348789715,0.09108785286321783,0.06425974797840633,-0.6342524738040212,4.273299302628235e-06,0.0013761862171016279,0.00010215139632479228,0.004695123752329173,136.316667
15879,0.1767425877624977,-533.4740611184374,0.32150811060341805,-2.5545519389520916,0.09366054144040971,0.06362253194911564,-0.6339419445670661,4.2144787824920435e-06,0.0013509061063905678,9.951651654622349e-05,0.004505603075767626,136.325
15880,0.17939118672341955,-533.4911997033768,0.3080768666873783,-2.4814033104556206,0.09614168104347742,0.06292737292059902,-0.6336398311181567,4.161363458348941e-06,0.0013264925294712681,9.714601181694256e-05,0.004335360038436279,136.333333
15881,0.18191802304852278,-533.5078691768557,0.2939501197863761,-2.4143895225379413,0.09853101676266954,0.06217026697902991,-0.633347463337046,4.113642992987469e-06,0.0013029857898571853,9.501436328669068e-05,0.004182665745288344,136.341667
15882,0.1843158434210674,-533.5239704891733,0.27917372968492715,-2.353134661000781,0.10081617521384093,0.06136523180085961,-0.6330662839049944,4.071031525802506e-06,0.0012804176831135575,9.309884875421078e-05,0.004046022287303321,136.35
15883,0.1865815597881841,-533.5398135574328,0.26380586679420104,-2.2972349885836,0.10301231927787034,0.060486476826524964,-0.6327972510007518,4.033266345504178e-06,0.0012588133082201542,9.137932056774591e-05,0.003924129647960852,136.358333
15884,0.1887094898519559,-533.5553759121866,0.24789045355672545,-2.2463756792072602,0.10511252547599421,0.05953963071693176,-0.6325416207951458,4.0001062153459946e-06,0.0012381897483768444,8.983801622908682e-05,0.003815848210108305,136.366667
15885,0.19069662212609745,-533.5704938539354,0.23146481921831563,-2.200258001910107,0.10710330319061916,0.058546582330374033,-0.6323003185347064,3.971329921337741e-06,0.0012185588640813213,8.845934137440172e-05,0.0037201834860356438,136.375
15886,0.19253775902878054,-533.5855347975739,0.21458335405693943,-2.1586168542759196,0.10900134568975361,0.057471949060858556,-0.6320745164812207,3.946734681677852e-06,0.0011999268254910996,8.722967373276898e-05,0.0036362726107286437,136.383333
15887,0.19423007223044966,-533.6003796208813,0.19728223277955764,-2.1212135056807027,0.11079580959426066,0.05633228241335672,-0.6318650767453874,3.926134763786815e-06,0.0011822962158493295,8.613720604125556e-05,0.0035633550508471935,136.391667
15888,0.19576885891028967,-533.6150756022707,0.17960208554149537,-2.0878469711583256,0.11248463666768609,0.055125821487280034,-0.6316730665424094,3.9093600836792666e-06,0.001165665653275754,8.517177154084993e-05,0.003500774188446843,136.4
15889,0.19715182086622313,-533.6296656799265,0.1615827150384199,-2.0583281971749785,0.1140667859104576,0.053851751441534076,-0.631499223985855,3.896255034540348e-06,0.0011500315494610129,8.43247080538995e-05,0.0034479623383938725,136.408333
15890,0.19837778805741987,-533.644089668529,0.1432598005780045,-2.032481502196277,0.11553635629873064,0.05252125835422066,-0.6313441062290057,3.886677341704024e-06,0.0011353875451749465,8.358872624912497e-05,0.003404433847608407,136.416667
15891,0.19944209741933713,-533.6584859400351,0.12467408602197297,-2.0101871405611704,0.11689604896670741,0.05112179066593941,-0.6312086730480507,3.880497072098531e-06,0.0011217247153137457,8.295780334199991e-05,0.0033697804258328327,136.425
15892,0.20034283024916166,-533.6727745447155,0.10585905962437046,-1.9913157053754411,0.11813861909076526,0.04966667132920375,-0.6310934963334704,3.877595882852705e-06,0.0011090338958971843,8.242709243707967e-05,0.0033436605426823266,136.433333
15893,0.20108133634489742,-533.6871381053559,0.08685765717597468,-1.9757654119306585,0.11927195783080323,0.04813913825034545,-0.6309986815514921,3.877866294192122e-06,0.0010973048310893754,8.199283897679357e-05,0.003325799966984864,136.441667
15894,0.20165329284639089,-533.70155018111,0.06770313015594989,-1.9634673709669601,0.12028989708919974,0.04654547378161239,-0.6309250131392121,3.881211071499562e-06,0.0010865251957833744,8.165231493675639e-05,0.0033159828200986234,136.45
15895,0.20205810565865168,-533.7159981507256,0.04843029309431372,-1.954351353975629,0.12118929965826841,0.04489144552238129,-0.6308727482173005,3.88754289515785e-06,0.0010766838261714454,8.140377716106496e-05,0.003314052093672293,136.458333
15896,0.202296121130708,-533.7304966308834,0.02907495118617242,-1.9483642767820923,0.12196894291703053,0.04317983866185746,-0.630841970047046,3.896784018653785e-06,0.0010677693134715583,8.124641999798083e-05,0.0033199072604407263,136.466667
15897,0.2023646849276516,-533.7451538207667,0.009674538640577249,-1.9455030145750845,0.1226296942120721,0.04140137798650248,-0.6308330973199429,3.908866074216077e-06,0.0010597700331728486,8.118034959988801e-05,0.003333501715762711,136.475
15898,0.20226533874341443,-533.7599091342578,-0.009737537767994745,-1.9457335063392827,0.12316754511983034,0.03956832847732862,-0.630845952580077,3.9237300631960175e-06,0.0010526758409815618,8.12065742343358e-05,0.0033548398732179243,136.483333
15899,0.20199790564882267,-533.7747953778866,-0.029125716424666666,-1.949064249932519,0.12358152173120769,0.037681303959519186,-0.6308805271162753,3.941326374053351e-06,0.0010464765479705482,8.132699106580665e-05,0.0033839793906759357,136.491667
15900,0.20156196605453947,-533.7898906311834,-0.04845285121007936,-1.955533393689386,0.12387196783898194,0.035735351614078495,-0.6309367899439028,3.961614961874003e-06,0.0010411630363986514,8.154439905396884e-05,0.0034210292080412946,136.5
15901,0.200958733186899,-533.8051784360046,-0.06768438074225451,-1.9651702688732056,0.12403650501249844,0.03373761938659727,-0.6310144460615855,3.984565644043099e-06,0.0010367276232203211,8.186252232697002e-05,0.0034661487328391523,136.508333
15902,0.20018902278390288,-533.8206769676658,-0.08678472292918185,-1.9780320421201631,0.12407384374421807,0.03169105275813131,-0.6311131999488022,4.0101584812321385e-06,0.0010331636406200192,8.228603123699248e-05,0.0035195502199816243,136.516667
15903,0.19925268581932606,-533.83634797236,-0.10572138982195851,-1.9941854313648044,0.12398039038424874,0.029605614319150434,-0.6312328279461985,4.038384271598775e-06,0.001030465870964392,8.282058643786119e-05,0.003581499213714388,136.525
15904,0.19815096033335153,-533.8523479274056,-0.12445226385748229,-2.0137615582076362,0.12375918945864063,0.02746752929617643,-0.6313728775730741,4.069245157341251e-06,0.00102863116748865,8.347287652301376e-05,0.0036523186078535833,136.533333
15905,0.19689018689998894,-533.868731445263,-0.14293487853467943,-2.0368639329604212,0.12341264646175489,0.025276582896198354,-0.6315322048212566,4.102755332179891e-06,0.0010276580396553685,8.425072230736095e-05,0.003732383956288382,136.541667
15906,0.1954705897073473,-533.8854136441051,-0.16113815252632382,-2.063606056771259,0.12293583158335232,0.02304913427465644,-0.6317104015275501,4.138941810248509e-06,0.0010275448722542378,8.516315772496621e-05,0.0038221242053112026,136.55
15907,0.19389263884578584,-533.9025369516982,-0.1790197743282272,-2.0941924631555864,0.12232957582240654,0.020773876508468604,-0.6319069817701978,4.17784533312485e-06,0.0010282927019788278,8.622047471325275e-05,0.0039220337367342085,136.558333
15908,0.1921583040123471,-533.9199713981071,-0.19654871463938528,-2.1287589195105503,0.12158945932835116,0.018473431193992595,-0.6321212291927555,4.21952138650397e-06,0.0010299051791836595,8.74343899531919e-05,0.0040326674375637875,136.566667
15909,0.19027498938758564,-533.9378908733694,-0.2136731501790537,-2.1675415692403552,0.1207207477009491,0.016134030831251794,-0.6323517271263359,4.2640412807367865e-06,0.0010323881314994745,8.881806559113651e-05,0.0041546548083651125,136.575
15910,0.18824139468384457,-533.956255623512,-0.23035982352773388,-2.210774589195486,0.11971889492105026,0.013767486108830723,-0.6325980992708765,4.311493247888544e-06,0.0010357475581867183,9.038638090611172e-05,0.004288684670643316,136.583333
15911,0.18606556229839452,-533.9752380708277,-0.2465534110292363,-2.258756612193686,0.1185882144178269,0.011361290533195787,-0.6328588066501183,4.361983696991409e-06,0.0010399932768174653,9.215595884325867e-05,0.004435530273206514,136.591667
15912,0.18374941437867534,-533.9947940639372,-0.2622157416833765,-2.3117670499856326,0.11732582052205129,0.008928901077449808,-0.6331330343935441,4.415638456911576e-06,0.0010451352734161946,9.414547126809185e-05,0.004596031621495922,136.6
15913,0.1812996480823,-534.0149291260112,-0.27729976686426605,-2.370113152266962,0.11593284699793055,0.006478331988217199,-0.6334193862502197,4.472604054976455e-06,0.0010511862900721882,9.637566336545888e-05,0.004771123335053269,136.608333
15914,0.17871681780389545,-534.0356704739875,-0.2917628041466666,-2.434180980752282,0.11440687680369885,0.004015113235690923,-0.6337171751512878,4.5330489061666705e-06,0.0010581599802364286,9.886955923073494e-05,0.004961835736951774,136.616667
15915,0.17601321946611706,-534.0571462667679,-0.30554012930816693,-2.504379324359047,0.11275314175010155,0.0015340834972137128,-0.6340243593816448,4.597164466513975e-06,0.0010660733210594265,0.00010165258611187977,0.005169320532075638,136.625
15916,0.1731871730456401,-534.0793974958343,-0.31858710905114385,-2.58120012344318,0.11096719913049136,-0.0009594890998279166,-0.6343405022334623,4.665166162138292e-06,0.0010749419386345907,0.00010475288926815305,0.005394837921333223,136.633333
15917,0.17024918692587812,-534.1024705657592,-0.3308412864117371,-2.665115543279598,0.10905230429400604,-0.003460240267214886,-0.6346637963059345,4.737294136317058e-06,0.0010847855284838066,0.00010820126857292868,0.005639822817607367,136.641667
15918,0.16720911759843507,-534.126478268076,-0.3422333911589149,-2.756678528444251,0.10701088691396915,-0.005969593418514425,-0.6349925564227532,4.813813542578814e-06,0.0010956228041186116,0.00011203131314597248,0.0059058995581338074,136.65
15919,0.16406865407696414,-534.151427270834,-0.35270971312656046,-2.8564903450678623,0.10484045574195908,-0.008476523647998427,-0.63532601085007,4.895014097745097e-06,0.0011074714972607721,0.00011627945568366898,0.006194932840967909,136.658333
15920,0.16084338587203803,-534.1774076835145,-0.3621877668511742,-2.9651503422551184,0.10254688284071883,-0.010978961575786745,-0.635661947813749,4.981208923334494e-06,0.001120351167313225,0.00012098456918013853,0.006509158680096366,136.666667
15921,0.15753258683589608,-534.2045601398253,-0.37059955619265245,-3.083460973545756,0.10012472175871963,-0.01347812936047007,-0.6359999157214421,5.072732031227808e-06,0.0011342770601688265,0.00012618783800270593,0.0068512594361914755,136.675
15922,0.15415095659803554,-534.2329108022677,-0.37785954651941156,-3.2120898237150195,0.09757935650638665,-0.01596360941977053,-0.636337917331737,5.169934384584277e-06,0.001149265838556403,0.00013193200767272947,0.007224611843300989,136.683333
15923,0.15070944394521524,-534.262519778679,-0.38388048493899635,-3.3517859280070366,0.09491359846840734,-0.018427906957469507,-0.6366744330872294,5.273177745834276e-06,0.0011653284206552307,0.00013826031541822598,0.007633527511450879,136.691667
15924,0.14722060315445715,-534.2936140451728,-0.38855098985228,-3.5034208253274484,0.09212791786231528,-0.020878715404735924,-0.6370078795975781,5.382825291411358e-06,0.0011824703575896195,0.00014521496212633803,0.00808366184612075,136.7
15925,0.143694519364435,-534.3261897234462,-0.3917796054918038,-3.667753322881498,0.08922519697735286,-0.02330055727569735,-0.6373370073446187,5.4992286867789636e-06,0.0012006897399539692,0.00015283530093296256,0.008582516644022173,136.708333
15926,0.1401431523929834,-534.360472807223,-0.39344230530190244,-3.84568111947026,0.08620447027834607,-0.02569839099306999,-0.6376604854312341,5.62271044863514e-06,0.0012199767314136167,0.00016115430007108055,0.009140276991020858,136.716667
15927,0.13658182070330666,-534.3964803868887,-0.39342447569423045,-4.037871031719763,0.08307140941094518,-0.028058201737448822,-0.6379767949774817,5.753540433886804e-06,0.0012403110729347242,0.0001701950779070236,0.009770758257136502,136.725
15928,0.13302021880902695,-534.4343967265792,-0.39159695001272365,-4.245124062166443,0.07982394748094455,-0.030378656631906035,-0.6382850360973538,5.8919048476246205e-06,0.0012616592012477687,0.00017996524994729306,0.010492754307945853,136.733333
15929,0.12948000024080694,-534.4743413805905,-0.3878095071225296,-4.467866487757073,0.07646852338675778,-0.03265448481006777,-0.6385834027195179,6.037866870411229e-06,0.0012839752924836039,0.00019045095112298522,0.01133166635857488,136.741667
15930,0.1259774628722873,-534.5164928526318,-0.3819092796002257,-4.70642821463863,0.0730059972531472,-0.03488328216892489,-0.6388707174900073,6.191317006458469e-06,0.0013071956323503003,0.00020160911377232197,0.01232120031802819,136.75
15931,0.12253276631751363,-534.5609466178829,-0.3737428084875671,-4.960677759000627,0.06944171066257813,-0.03705682607270575,-0.6391456431343893,6.351912333740034e-06,0.0013312414470199828,0.0002133592879408282,0.013505184415042094,136.758333
15932,0.11916569022643869,-534.6078656615309,-0.3631478730967682,-5.23009994933788,0.06577785885429104,-0.039171645594448794,-0.6394070441760615,6.519005276502828e-06,0.001356019577770423,0.00022557479036992107,0.014938850136062306,136.766667
15933,0.11589958072638236,-534.6573637524373,-0.34996494904393455,-5.513454217613581,0.062019588212590154,-0.04122198924758686,-0.6396536804837542,6.691563225187516e-06,0.0013814272955778443,0.00023807547830888694,0.01668878536572968,136.775
15934,0.1127566169871014,-534.7095588824056,-0.33404534292819604,-5.80877964715563,0.05817025328552734,-0.043202600998048214,-0.6398845751975126,6.8680830555675896e-06,0.0014073583192396129,0.0002506229082575151,0.018830282899080286,136.783333
15935,0.10976236578625978,-534.7645580467421,-0.3152513423634069,-6.113068358241482,0.05423410427946284,-0.04510956622373326,-0.6400986655540777,7.04650832034386e-06,0.0014337139047249342,0.0002629211791816241,0.021440622637342224,136.791667
15936,0.106941426998641,-534.8223556704573,-0.29349106854171275,-6.422173292292511,0.050218346812391054,-0.04693396962384863,-0.6402951138457782,7.224160949163951e-06,0.0014604142329585597,0.0002746252989144586,0.024586222197617483,136.8
15937,0.10432176810052148,-534.8830581313043,-0.2686854573627048,-6.730668741371135,0.046124706544350455,-0.04867630947909023,-0.6404729822698951,7.397704117261052e-06,0.001487412290408785,0.00028535964905738206,0.028303176512890164,136.808333
15938,0.10193109415686612,-534.946558895159,-0.24084173749424598,-7.031693291169827,0.04196219424248001,-0.05032901664021598,-0.6406314673932161,7.563156533593013e-06,0.0015147025875411012,0.0002947470640962102,0.032570540568005325,136.816667
15939,0.09980580306111535,-535.0127826278679,-0.2100122563017814,-7.3166538567399755,0.03773880960225146,-0.05189429716258327,-0.6407692851938259,7.715979779088978e-06,0.0015423237608603944,0.0003024457266976813,0.037281988504182365,136.825
15940,0.09795097017068388,-535.0815379359367,-0.1764027829982252,-7.57777151727273,0.03345305243158981,-0.05335731878914834,-0.6408871995059994,7.851252898810991e-06,0.00157034337382233,0.0003081879897855775,0.042221108787049565,136.833333
15941,0.09641213846349636,-535.1525328792576,-0.1402494828710624,-7.804196311956667,0.02912054636234094,-0.05472521566139479,-0.6409833517544529,7.9639592312603e-06,0.0015988431144428675,0.00031181681018113943,0.04706063090298689,136.841667
15942,0.09519111558685243,-535.2255052616351,-0.10194727167255119,-7.98795862777794,0.02473683800138921,-0.05598675199675593,-0.6410585660628417,8.049352155008203e-06,0.0016278512515714046,0.0003132913392119049,0.05138056792215234,136.85
15943,0.09431502833527171,-535.2999940963401,-0.06196756857133026,-8.120079611779596,0.020313585956686222,-0.05714321143434796,-0.6411119436483381,8.103376847559224e-06,0.0016573039596456986,0.0003126850617236268,0.054731480022128264,136.858333
15944,0.09379750514080741,-535.3754817703006,-0.02088687568982705,-8.19401329875743,0.015858981294968492,-0.05819232267260376,-0.6411432437219108,8.123091256886521e-06,0.0016869730417468703,0.0003101453616530414,0.05671575996459312,136.866667
15945,0.09364520500827576,-535.4513842920431,0.0206495896722789,-8.205943134018796,0.011382158655406845,-0.0591314690595347,-0.6411524222111342,8.106996315919751e-06,0.0017164332186349615,0.00030585299263624996,0.057077551734740765,136.875
15946,0.09386190812874429,-535.5271561424324,0.06198128764351745,-8.154900220140409,0.006889143683155094,-0.05996145480495884,-0.641139357950349,8.055228354442894e-06,0.001745061363081072,0.00029998323635221463,0.05576574781975855,136.883333
15947,0.094451594262794,-535.6020243184737,0.10241805246127536,-8.042706760175239,0.00239977119295298,-0.06068654514703532,-0.641103655435171,7.969562405444306e-06,0.0017720767752983908,0.00029268613887203465,0.05294622474132456,136.891667
15948,0.09538660737933531,-535.6757988448171,0.14140151719881014,-7.875963499045405,-0.002100344160380727,-0.06129741484409621,-0.6410465881383651,7.853217676958274e-06,0.0017966180945354442,0.0002840925040515697,0.048961454970364464,136.9
15949,0.09666157393005613,-535.7478408881111,0.178381772735634,-7.661530507202126,-0.0065937744021297125,-0.0617998832819974,-0.6409678691178408,7.710528611982832e-06,0.0018178574118816644,0.0002743329155401856,0.04424496804697877,136.908333
15950,0.09825729144273711,-535.8177024062588,0.21292385389164553,-7.4084794031135335,-0.011070840251910798,-0.062195754129312525,-0.6408678782248357,7.5465226838160535e-06,0.0018350791861450424,0.0002635613296739499,0.0392365040686722,136.916667
15951,0.10015061950911036,-535.8850679282809,0.2447116991299593,-7.126499465975165,-0.015524952491385958,-0.06248691494484693,-0.640747121715592,7.366477887799653e-06,0.0018477585257893115,0.00025197189972394203,0.034308972819593615,136.925
15952,0.10231749619127453,-535.9496713012744,0.2735332910338819,-6.825029233276403,-0.019947646233514905,-0.06267718215292373,-0.6406060996611816,7.1755380221896e-06,0.001855597886982424,0.0002397988342936714,0.02972930344905363,136.933333
15953,0.1047364865778589,-536.0111357548856,0.29924988501070104,-6.512668455157962,-0.02431967336421348,-0.06277832949586515,-0.6404451167033492,6.978419368551962e-06,0.001858526585104795,0.0002273023915670436,0.02565243699379985,136.941667
15954,0.10736916002979378,-536.0698401595218,0.3219045538275819,-6.197281208423788,-0.028661191572092872,-0.06277691024937118,-0.6402656544850819,6.779221199235732e-06,0.0018566707082384153,0.00021474724313903364,0.022138274367266182,136.95
15955,0.11019858703618893,-536.1252573203894,0.34147630366894977,-5.884874019486276,-0.03293670855776518,-0.0626965354096232,-0.640067832618552,6.581343732033554e-06,0.0018503201582472965,0.00020238021659871745,0.019176518269184505,136.958333
15956,0.11318807031023424,-536.1779171450675,0.3581259493908273,-5.580403117136927,-0.037168771459354974,-0.06252047291105076,-0.6398532531535499,6.387477285410141e-06,0.0018398641972993,0.00019041234220979524,0.01671708381877071,136.966667
15957,0.11631748877492333,-536.2276591499403,0.3719551649206952,-5.28731574797433,-0.04133877268062547,-0.06226292499969122,-0.6396225032937338,6.199653105081353e-06,0.0018257602990720868,0.0001790101575036597,0.01468996482154945,136.975
15958,0.1195625057751454,-536.27454107602,0.38311335158998944,-5.008086235187023,-0.04543888898085722,-0.06193032391463522,-0.6393766143862425,6.019320923446789e-06,0.0018084847063799248,0.00016829199143478108,0.013022119337983357,136.983333
15959,0.12289907657756197,-536.318706962779,0.39176861564021864,-4.744252340535096,-0.049465330070610915,-0.06152601869467875,-0.6391167677510797,5.847442497489295e-06,0.0017885087614111137,0.00015833103761841487,0.011645779727260799,136.991667
15960,0.12630750408475944,-536.3602773220474,0.398086501445157,-4.496554301237356,-0.053413524466427206,-0.06105636130599517,-0.6388439784674707,5.684586214837841e-06,0.001766281066854628,0.00014916161375536723,0.010502552909013686,137.0
15961,0.12976544520356798,-536.3994032875424,0.40223524277234995,-4.2652640220331834,-0.05727903827405608,-0.060524439185181876,-0.6385596422509948,5.531013667331484e-06,0.0017422144715109912,0.00014078681082045397,0.009544564992538498,137.008333
15962,0.13325576214012297,-536.436215537918,0.4043721524604509,-4.050155507979183,-0.06105792784520428,-0.05993628691291064,-0.638264900832204,5.386756342156395e-06,0.0017166844092313227,0.0001331863447420892,0.008733746086456058,137.016667
15963,0.13676595561219396,-536.4706406752871,0.40463024199958314,-3.8507628150529696,-0.06473618149736164,-0.059312416494395476,-0.6379606388569252,5.251678436588612e-06,0.001690025036234335,0.00012632360934137252,0.008040489974867988,137.025
15964,0.14026733943370132,-536.5033322423657,0.40319331327020935,-3.666395404721233,-0.06833527559158424,-0.058618776212976446,-0.6376493094649404,5.125527296043273e-06,0.0016625286537420272,0.00012015143885068597,0.007442086898882433,137.033333
15965,0.14375336896061985,-536.5341276387551,0.40016642783408296,-3.4962368117148235,-0.07183827795671235,-0.05788119335717452,-0.6373315792833143,5.0079759008696305e-06,0.0016344617961455204,0.00011461768060764068,0.006920991319765069,137.041667
15966,0.14720812591770113,-536.5632526663397,0.39567665110071976,-3.3394249369153943,-0.07524697021342065,-0.057095235541597525,-0.6370090581994499,4.89865069723649e-06,0.001606052572976133,0.00010966765071894951,0.006463854829013088,137.05
15967,0.15062552685541705,-536.5905270128529,0.38981429254664923,-3.195109028995771,-0.07854501827021296,-0.056289700403772465,-0.6366825444516172,4.797155506517014e-06,0.001577502502921526,0.00010524717318140324,0.00606035848868675,137.058333
15968,0.15398492975263356,-536.6165479560315,0.3827105524922726,-3.062369945168954,-0.08175286991816219,-0.05542701820620365,-0.6363543247192662,4.703087034322811e-06,0.001548983489388366,0.0001013039326494926,0.005702508584886991,137.066667
15969,0.1572779602070078,-536.641261236274,0.3744478720439479,-2.940390612628209,-0.08486010341180003,-0.05452235224888053,-0.6360256194762816,4.616047966989549e-06,0.0015206521243386194,9.778915084974611e-05,0.005383922213258665,137.075
15970,0.16049661232063786,-536.6646893065077,0.3651065452941305,-2.828376237363641,-0.0878613497320551,-0.0535851096645468,-0.635697673364863,4.535653726731802e-06,0.001492643645169118,9.465763256783905e-05,0.005099508906973424,137.083333
15971,0.16363129772938934,-536.6869391761392,0.35476557878032233,-2.725578975604012,-0.09075526290207103,-0.05261631970228863,-0.6353719523496159,4.46153763165072e-06,0.00146507464873744,9.186811347382776e-05,0.00484513748537554,137.091667
15972,0.16667717737710364,-536.7078189167745,0.343484584292818,-2.6313311316091395,-0.09352772783537168,-0.051645296840151046,-0.635049478478839,4.393354067537106e-06,0.0014380466774757852,8.938335360252432e-05,0.004617395038059129,137.1
15973,0.16962460145101188,-536.7276143089871,0.3313398270751798,-2.5449620102740016,-0.09618739810465234,-0.05065584590972384,-0.6347318192725393,4.330779716402081e-06,0.0014116451739837857,8.716991903017301e-05,0.004413443233758054,137.108333
15974,0.17245937394753538,-536.7471427969416,0.31842281228292235,-2.4658169737519935,-0.09876594336295129,-0.04957489447271139,-0.6344210990703618,4.27351430770603e-06,0.0013859445917890636,8.519813894252417e-05,0.00423086506018689,137.116667
15975,0.17517905217999827,-536.7659124282595,0.30476830908183195,-2.393422600540823,-0.10123494253989745,-0.04845724281573281,-0.6341182024698871,4.221280455493881e-06,0.0013610124747549322,8.344189036863252e-05,0.004067560906989922,137.125
15976,0.17777895191404033,-536.7840001062764,0.2904304215983355,-2.3272849039481427,-0.10359416424248528,-0.04730294113667696,-0.6338242607937322,4.1738222812930094e-06,0.0013369032024287705,8.187801213788621e-05,0.003921750587941895,137.133333
15977,0.18025299356975083,-536.8014387852234,0.27545923643924364,-2.2669704266101087,-0.10584052866462144,-0.04611551862384768,-0.6335405702163415,4.130904532081324e-06,0.001313660960958191,8.048615754083223e-05,0.003791894362698966,137.141667
15978,0.18259662559020387,-536.8183039125078,0.2599035605133473,-2.2120791417097596,-0.10797389028275584,-0.044893950481440244,-0.6332682566680391,4.092311385430827e-06,0.0012913219057990952,7.92485308212149e-05,0.003676654132657828,137.15
15979,0.18479937041935662,-536.8345801364547,0.24380782079902238,-2.1622812244417924,-0.10998657014523303,-0.043645078537292145,-0.6330091422587524,4.057845047276794e-06,0.0012699143409063728,7.814962833735593e-05,0.0035748644960339445,137.158333
15980,0.18686543190760374,-536.8505369613094,0.22722240634536076,-2.117215047333062,-0.11189190324536645,-0.042347398141072835,-0.6327633147827164,4.027324613563425e-06,0.001249463131364365,7.7176020330172e-05,0.003485506925608156,137.166667
15981,0.18878609765070525,-536.8661537280793,0.21018732722679018,-2.0766205118428216,-0.11368257781472402,-0.04100722073405348,-0.6325323644091801,4.0005842718298675e-06,0.0012299820887287042,7.631608949222435e-05,0.0034076969190412246,137.175
15982,0.19055385939031766,-536.8813037006997,0.1927379386848835,-2.0402570153756394,-0.11534804257986477,-0.03964366525836209,-0.6323177378137329,3.977472456475183e-06,0.0012114826835686859,7.555989665680217e-05,0.003340664708030795,137.183333
15983,0.19217638912619744,-536.8962593946258,0.1749215178154688,-2.0078673446784756,-0.1169029945245023,-0.03823305111703892,-0.6321190048950325,3.95785066612007e-06,0.0011939738310901926,7.489899841930215e-05,0.003283746479828327,137.191667
15984,0.19364262652859426,-536.911021242351,0.15677424109978141,-1.979285045779997,-0.1183395786162295,-0.03677827430031421,-0.6319379837835546,3.941592059010911e-06,0.0011774545797775498,7.432627245338131e-05,0.0032363736773310904,137.2
15985,0.19495269959086994,-536.9255610767997,0.1383319471380351,-1.9543280898283106,-0.11965577210051175,-0.03528796134763145,-0.6317750934177118,3.928580954125123e-06,0.0011619252789423775,7.383585061352839e-05,0.0031980601681004506,137.208333
15986,0.19610346234524553,-536.9399786462623,0.11963309156090851,-1.932856876401203,-0.12085222865503356,-0.033754762529363276,-0.6316311166430116,3.918711802635761e-06,0.0011473820875440828,7.34229812464998e-05,0.0031684004454288536,137.216667
15987,0.19709233462809128,-536.9539923004103,0.10070371570024945,-1.9147204245526321,-0.12191718838150492,-0.03221748442297162,-0.6315067264492155,3.911888571969149e-06,0.0011338194466375675,7.308395098197785e-05,0.003147059967426031,137.225
15988,0.1979173407455651,-536.9679673953226,0.0815894771195637,-1.8998440054282832,-0.12286098647385284,-0.030636635030968987,-0.6314024764543223,3.908024167617713e-06,0.0011212304187887938,7.281601129125188e-05,0.0031337768245963695,137.233333
15989,0.19857868970532197,-536.9818601433669,0.06232360021134805,-1.8881312418965062,-0.1236812513976589,-0.029022245232384874,-0.6313185962811332,3.907039986389512e-06,0.0011096068651327892,7.261731704552324e-05,0.003128346910126942,137.241667
15990,0.199069673957553,-536.9958894526013,0.04294497725879228,-1.8795559776399586,-0.12437894818558738,-0.027350851390310946,-0.6312561451997692,3.908865585103995e-06,0.0010989390304837737,7.24868866293498e-05,0.0031306276025328574,137.25
15991,0.199399069807147,-537.0097508351657,0.023481176405218095,-1.8740006731679657,-0.12494978165940503,-0.025666051708714242,-0.6312141621739429,3.9134385765380775e-06,0.0010892192228193248,7.242457307526473e-05,0.0031405305874037666,137.258333
15992,0.199561139996744,-537.0236796097134,0.003970839831449248,-1.8714786118946738,-0.12539563023021844,-0.02394240686381191,-0.6311934804390283,3.920704362241821e-06,0.001080435141501518,7.243103688104078e-05,0.0031580286047316873,137.266667
15993,0.19955555580037734,-537.0376773778673,-0.015552601749074498,-1.8719738028652684,-0.12571500381248793,-0.022184247131638257,-0.6311941933126671,3.9306162804966085e-06,0.0010725771782164905,7.250775530136689e-05,0.0031831451630830333,137.275
15994,0.19938315064047518,-537.0517993339545,-0.03505345397652972,-1.8754946747673344,-0.12590831931070226,-0.02038935633794534,-0.6312161927204328,3.943135719821049e-06,0.001065636166798562,7.265701612206563e-05,0.0032159577159331172,137.283333
15995,0.19904475020111112,-537.0660562668658,-0.054497581890473726,-1.882059542179659,-0.1259748737277112,-0.018561141246315804,-0.6312593190606548,3.958232358376974e-06,0.0010596032451700185,7.288193823852989e-05,0.0032565960617568254,137.291667
15996,0.19853982897485442,-537.0804914252109,-0.07385046184439184,-1.891714395572157,-0.12591368703470865,-0.01669889677088744,-0.631323532699329,3.975884522635628e-06,0.001054470245376553,7.318649784852491e-05,0.0033052432974635263,137.3
15997,0.1978702092753641,-537.0951053686434,-0.09307763101773135,-1.904508864030313,-0.12572439683768694,-0.014807631620525653,-0.6314084436888618,3.996079666881931e-06,0.0010502305809687545,7.357556721519643e-05,0.0033621363028641655,137.308333
15998,0.19703286428417977,-537.1100256128735,-0.11214273186351012,-1.9205532244868835,-0.12540534271294457,-0.012876207872234837,-0.631514224674219,4.0188149408291605e-06,0.001046878519231425,7.405496480168363e-05,0.003427566903742735,137.316667
15999,0.19603932828056259,-537.1252901151828,-0.131002533788947,-1.9399245341334166,-0.12496215617540846,-0.010905975291169922,-0.6316391627368756,4.044097926972607e-06,0.0010444114435991813,7.463152361565127e-05,0.003501882740856895,137.325
16000,0.19487835110723464,-537.1408560719173,-0.1496329060826954,-1.9627497228465496,-0.12438524266700937,-0.008907192454359884,-0.6317843666989951,4.071947398146429e-06,0.0010428240758660545,7.531321077057936e-05,0.0035854821162835215,137.333333
16001,0.1935651709762598,-537.1565349834857,-0.16799621899275535,-1.9890714349145602,-0.12368114152447278,-0.006909668817263706,-0.6319475804084063,4.1023943281228796e-06,0.0010421182544771185,7.610912551985937e-05,0.0036788330387699966,137.341667
16002,0.1920994072900662,-537.1726653727959,-0.1860445337925846,-2.0191427263827806,-0.12285081304020197,-0.004877082322069418,-0.6321284714987809,4.1354827902508955e-06,0.0010422921310873617,7.702965393273768e-05,0.003782462470465196,137.35
16003,0.1904788262636792,-537.1890033369897,-0.2037556350078653,-2.053068926273841,-0.12188979789266856,-0.0028454766474116026,-0.6323268878581185,4.171271142649812e-06,0.0010433469848114432,7.808669310639866e-05,0.0038969521569036944,137.358333
16004,0.18870497718074278,-537.2058845830126,-0.22107765695280904,-2.091160876368181,-0.12079864305543632,-0.0007802711322384325,-0.6325421659375172,4.209833342697917e-06,0.001045288088275001,7.929360067346881e-05,0.004022964408196343,137.366667
16005,0.1867909785376896,-537.2232470868722,-0.23796522822055177,-2.1335977010904075,-0.11958314912027058,0.0013039053732165219,-0.632772220434223,4.251260368774953e-06,0.0010481231369275908,8.066556398302014e-05,0.00416122041148875,137.375
16006,0.18473532516472616,-537.2410626233645,-0.2543843735269521,-2.180629614751954,-0.11824046800258109,0.0033966652661120674,-0.6330167194218496,4.295661736372245e-06,0.0010518579241878309,8.221973605653856e-05,0.004312502802874384,137.383333
16007,0.18254229165240868,-537.2593766692663,-0.27029101133763417,-2.232551216305883,-0.11677146142921048,0.005496154368352584,-0.633274609280086,4.343167067681893e-06,0.0010565024552918214,8.39753524076133e-05,0.0044776754701135275,137.391667
16008,0.1802159436676395,-537.2782881176995,-0.28563691929880913,-2.289714137780364,-0.11517631743925535,0.007606256698728119,-0.6335448472177522,4.393927790259608e-06,0.0010620686272681265,8.595401262261882e-05,0.004657677163411954,137.4
16009,0.17775522242650024,-537.2977295857318,-0.3003866843568706,-2.352453218944544,-0.11345303971781556,0.00971089237865622,-0.6338269629985758,4.448118920045903e-06,0.0010685703740249811,8.81799528793394e-05,0.004853522267449289,137.408333
16010,0.17516976641093615,-537.3179479961198,-0.31447379620301197,-2.421251635692771,-0.1116035470854797,0.01182981600896561,-0.6341192446276435,4.5059408648582954e-06,0.0010760257109040728,9.068011077451141e-05,0.005066329016233283,137.416667
16011,0.17246773324314518,-537.3388545736442,-0.3278503612296259,-2.496484185047861,-0.10963173261108342,0.013944070313522251,-0.6344201752654021,4.56762121014697e-06,0.0010844523666170192,9.34847146128053e-05,0.005297285637410209,137.425
16012,0.1696649059855794,-537.3604309792668,-0.3404540332134297,-2.578561004773914,-0.10754623965252748,0.01604367328367892,-0.6347274372202353,4.6334163201924115e-06,0.0010938684367968066,9.662726147816934e-05,0.005547688129509579,137.433333
16013,0.1667581135704712,-537.3828260207597,-0.3522316926148503,-2.668087407441341,-0.10534127891843297,0.01813485199746785,-0.6350408292187668,4.7036124904340065e-06,0.0011042892532737154,0.00010014488286617544,0.005818934393216089,137.441667
16014,0.16375592049963036,-537.4060621048178,-0.3631207231117592,-2.7656128152259507,-0.10302017337443294,0.02021034160317163,-0.6353588739021317,4.778526952828673e-06,0.0011157346242249523,0.00010407841006806983,0.0061125900231577355,137.45
16015,0.16065672563610406,-537.430355078942,-0.37305409384929694,-2.8718966623310282,-0.10057587470238011,0.022280796457215393,-0.635681187556375,4.858508375604375e-06,0.0011282236144303502,0.00010847241524375675,0.006430425134062811,137.458333
16016,0.1574860454422176,-537.4556174633593,-0.3819464684039178,-2.987435470079006,-0.0980242844560028,0.02432857326982115,-0.63600461700804,4.943936572203648e-06,0.0011417779336287104,0.00011337516724268185,0.006774511969206526,137.466667
16017,0.15423973903285848,-537.4820545395733,-0.3897269755873454,-3.113091807906683,-0.09535639599011818,0.026360968943733777,-0.6363291363250022,5.035220527166819e-06,0.001156410271875809,0.0001188383240125713,0.007147292837302219,137.475
16018,0.15093368233689086,-537.5096808381498,-0.3963059078878742,-3.2495458888778535,-0.09257990488108049,0.02836841833336909,-0.6366527363716212,5.132794767045361e-06,0.0011721352657628346,0.00012491616884911387,0.007551852257143042,137.483333
16019,0.14757802355534996,-537.5386131130788,-0.40158825611905524,-3.397599510360322,-0.08969631499093883,0.03034980883091596,-0.6369740754983464,5.237113469032834e-06,0.0011889600029467177,0.00013166445597989371,0.007992166699171261,137.491667
16020,0.14419030062394192,-537.5687914748972,-0.40547808829315757,-3.557876398004887,-0.08671694796152106,0.032289287626158285,-0.6372912093516072,5.34864092997354e-06,0.0012068847893934465,0.00013913868255813043,0.008473550249942341,137.5
16021,0.1407769367278515,-537.6004521575471,-0.40786406399847785,-3.7312917491548636,-0.08363734216970421,0.034194743182976856,-0.63760334629724,5.467837437879491e-06,0.001225898315971336,0.0001473911759531395,0.00900328269751487,137.508333
16022,0.13734520909759415,-537.6339089008313,-0.4086166238730463,-3.9188219004739064,-0.08044971007183734,0.03607776326583742,-0.6379096737180677,5.595139834648256e-06,0.0012459801411702958,0.00015646784157031978,0.009591491330447545,137.516667
16023,0.1339230703849847,-537.6688478887094,-0.4076296447319683,-4.120637250111722,-0.07718041514805422,0.03790347737599507,-0.6382076641629912,5.730935949271e-06,0.0012670980438057025,0.00016640342535754858,0.01025232599182635,137.525
16024,0.13051924644567983,-537.7055986458969,-0.4047586680983911,-4.337484657896258,-0.07382180248363715,0.03968485424981876,-0.638496645642902,5.875528417620008e-06,0.0012891974689048112,0.00017721353913942615,0.011005537824393846,137.533333
16025,0.12714571070618172,-537.7444466703482,-0.39984916142503485,-4.569890487317095,-0.07036822190332419,0.04142896225663361,-0.6387757565128024,6.0290880307234335e-06,0.0013122080016628628,0.00018888821913866193,0.011878322417018538,137.541667
16026,0.12383051337780443,-537.7851949333002,-0.3927704362144677,-4.817404844762725,-0.06684214356664088,0.04311308054618851,-0.6390429584974977,6.191596963462674e-06,0.001336041182670389,0.00020138239095661949,0.012907449159701281,137.55
16027,0.12058824833668712,-537.828123964422,-0.3833596943627643,-5.079800588902167,-0.06323861078667901,0.04474496061393626,-0.6392974888746461,6.362776520141121e-06,0.0013605846405098463,0.000214603713770402,0.014141303675333653,137.558333
16028,0.1174392023217965,-537.8733500255013,-0.37146419331608593,-5.356094864614497,-0.05956154717019241,0.046322119844472744,-0.6395382678056156,6.54200184994273e-06,0.0013857111773289915,0.00022840399837908631,0.01564118838062457,137.566667
16029,0.11440526684780188,-537.9209862291474,-0.35693518423338166,-5.644595473795675,-0.05581476561273104,0.04784279553687052,-0.6397642468369212,6.7282072568669165e-06,0.0014112826482452622,0.00024256994312674024,0.017480965852023182,137.575
16030,0.11150542481238422,-537.9712714993441,-0.33962358426816314,-5.94300695889565,-0.0519931206008829,0.04931093248264717,-0.6399747338949202,6.91978505907362e-06,0.0014371593807268367,0.0002568187641696175,0.01974344265100352,137.583333
16031,0.1087732035623237,-538.0239098817511,-0.31945301086856653,-6.2471054903886065,-0.0481228347873111,0.05070966975135433,-0.6401681301359369,7.1144893887703395e-06,0.001463215220436382,0.00027080181947936185,0.02251176031386885,137.591667
16032,0.10622391315035866,-538.0792203478146,-0.2963242590225814,-6.552757990312616,-0.04418952086597502,0.052048218137836236,-0.640344268273178,7.309355150343709e-06,0.0014893479428733892,0.00028411521073119675,0.02585384325176255,137.6
16033,0.10388840192028269,-538.1370491329948,-0.27022136990860124,-6.8536904399526675,-0.04020691936421872,0.05332097098880224,-0.6405019831070398,7.500657316024555e-06,0.0015155043176781084,0.00029633044463470067,0.02979963978611114,137.608333
16034,0.10178981239157806,-538.197310152944,-0.24119115419266582,-7.142894646021142,-0.03617945642962324,0.05452548941947513,-0.6406407188214185,7.683933483591973e-06,0.0015416855268140142,0.00030702947800165167,0.03431193408220646,137.616667
16035,0.09995627054157787,-538.2598415903948,-0.2093508975382009,-7.412081065476804,-0.032114339764514034,0.05566226077418426,-0.6407596230904349,7.854090668404408e-06,0.001567953374829244,0.00031585332592701313,0.039257643718977844,137.625
16036,0.0984100779626903,-538.3244443957927,-0.17491357074916422,-7.652595681676353,-0.028015198952472238,0.05673098643968479,-0.6408582187046006,8.00561758511656e-06,0.0015944139141995297,0.0003225470991515981,0.044387489293416724,137.633333
16037,0.09717142643898635,-538.3905553178803,-0.13824377636420745,-7.855614308263479,-0.023902483735517194,0.05772436264724646,-0.6409360981441462,8.13290643861298e-06,0.001621185669719037,0.0003269941195074963,0.049338620809644906,137.641667
16038,0.09624971464817564,-538.4582449140025,-0.09968559983288452,-8.013815806314529,-0.01975480572272486,0.05864900682257234,-0.6409934120765856,8.230669319333677e-06,0.0016483464856665883,0.00032922320944713603,0.05367086856849073,137.65
16039,0.09566787790054691,-538.5268374857883,-0.05976883507312724,-8.119679154905825,-0.015594070479586278,0.05950428077741547,-0.6410293115069234,8.294408271269825e-06,0.0016758720858810446,0.0003293857744627843,0.05693093648754611,137.658333
16040,0.09543481345862487,-538.5957123749338,-0.01909265065493637,-8.168488088871944,-0.011434148092496198,0.06028960446483452,-0.6410436307513497,8.320860485562575e-06,0.0017035670558176604,0.0003277020075462313,0.05874170067106538,137.666667
16041,0.09554828374011025,-538.6646705015332,0.02178047921448656,-8.15862100534996,-0.007261406096888959,0.06100639783317345,-0.6410366636011677,8.308342698949812e-06,0.0017310330259681067,0.00032440509558042535,0.05888634720812917,137.675
16042,0.09600842640577191,-538.7330505842592,0.062205521939905355,-8.090604655315376,-0.0030908321333851046,0.06165456599857125,-0.6410083259398829,8.256944506956672e-06,0.001757672265992463,0.00031969101237175367,0.05735520686307454,137.683333
16043,0.09680876047799657,-538.8003643218991,0.10158900588449309,-7.967808205060709,0.0010720691303595195,0.06223575928202064,-0.6409587144351578,8.168520516266696e-06,0.0017827278437862542,0.0003136935569219262,0.054347656963041134,137.691667
16044,0.09793771798424501,-538.8661287725432,0.13938730895479162,-7.795952656320116,0.005219682179571428,0.06275185596182242,-0.6408880340334737,8.04648088394502e-06,0.0018053648579871276,0.0003064930480066253,0.050220499782554925,137.7
16045,0.09937763178665583,-538.9300381259765,0.17515698983662195,-7.582550816033695,0.009351791560932817,0.06320320779540527,-0.6407967003621131,7.895429374191988e-06,0.0018247685078716114,0.0002981469874765721,0.04540733651464209,137.708333
16046,0.1011106174382968,-538.9916832631957,0.20852042228430331,-7.3359084590681105,0.013457621908070786,0.06359336511286205,-0.640685015434419,7.720718790722949e-06,0.0018402379832086094,0.00028872663573336325,0.04033432458635082,137.716667
16047,0.10311261680133968,-539.0508567906579,0.2392203015239592,-7.064792199091536,0.01753418106944031,0.06392302419272161,-0.640553598185414,7.527995779604812e-06,0.0018512537234638181,0.0002783449575459246,0.03535808702261339,137.725
16048,0.10536132404945989,-539.1074110460551,0.26709103507174725,-6.777385028020303,0.02157822918455471,0.06419490987326333,-0.6404029249211955,7.3227996237792055e-06,0.0018575155778164643,0.0002671670246543762,0.030732305586607524,137.733333
16049,0.10783128730513532,-539.1612174619254,0.292045434340196,-6.48125802777431,0.025583241755598327,0.06441138620658697,-0.640233694633624,7.110252371097169e-06,0.0018589425968941306,0.0002554035774817668,0.026604719205991355,137.741667
16050,0.110497631763682,-539.2122115639263,0.3140691591664579,-6.182876818186924,0.029543251967481084,0.0645757423406533,-0.640046625208148,6.894855808594211e-06,0.0018556506197494457,0.00024329239692323277,0.023033162130519903,137.75
16051,0.11333305477718914,-539.2604668261828,0.33321836458721943,-5.887609575888485,0.03345737178726945,0.06468720800628293,-0.6398427010363097,6.680388913788036e-06,0.0018479115419471124,0.00023107568877666682,0.020010507779065934,137.758333
16052,0.11631289175291738,-539.3060293308898,0.34958157763165426,-5.599588252599822,0.0373209203769454,0.06474778267953846,-0.6396228468529724,6.469888248660492e-06,0.0018361093226122711,0.0002189794652043133,0.01748963812912067,137.766667
16053,0.11941566066057069,-539.348966177665,0.3632737765661005,-5.321802152016509,0.041129512208953035,0.06476114531308759,-0.6393878869349894,6.2656862101527376e-06,0.0018206944887007037,0.0002071986618292329,0.015404379335776812,137.775
16054,0.12262008892263557,-539.3893755947074,0.37443004098079874,-5.056367315744661,0.04487935993158029,0.0647301446717328,-0.6391387674823897,6.069484416668856e-06,0.001802145215463485,0.000195889159587107,0.013684006983531694,137.783333
16055,0.12590225801546312,-539.4274370241295,0.3832054092037564,-4.804713027604957,0.04856971811046909,0.06465236854269857,-0.6388768006435112,5.882445310498596e-06,0.0017809395492192443,0.0001851656441916085,0.012261876697480231,137.791667
16056,0.12924387038169272,-539.4632302237807,0.38974368774036855,-4.567558039889475,0.05219448983640076,0.06453241198710037,-0.6386030188699745,5.70528914665156e-06,0.0017575383818732172,0.0001751038463246714,0.011079660552056619,137.8
16057,0.13262530582573007,-539.4969662985746,0.39420105302178293,-4.34515022680279,0.05575495675673573,0.06436703271082189,-0.6383187155121324,5.53838470960608e-06,0.0017323694703775246,0.00016574535531271625,0.010088913392957055,137.808333
16058,0.13603008963864832,-539.5287654095957,0.39671863549685205,-4.137377316980426,0.05924736174888876,0.06415813923595404,-0.63802507472009,5.381831106291842e-06,0.0017058228753074828,0.00015710399006734843,0.00925064083696044,137.816667
16059,0.13944163354283548,-539.5587832996533,0.39743493654045864,-3.9438841202596735,0.06266995188892141,0.06390472121925991,-0.6377234325411989,5.235526992909847e-06,0.0016782471634490938,0.00014917199436845167,0.008534203464847375,137.825
16060,0.14284486711985697,-539.5871598229243,0.3964790255707294,-3.7641349449997854,0.06602045508625287,0.06360632207666075,-0.6374151300197417,5.099227986681099e-06,0.0016499509681219128,0.00014192594011994998,0.007915842867979904,137.833333
16061,0.1462260474926426,-539.6140756472136,0.3939741405515462,-3.5974584779065033,0.06929972292475654,0.06325916098749798,-0.6371015143834692,4.972592426453774e-06,0.0016212049064530671,0.00013533172326195001,0.00737727739639575,137.841667
16062,0.1495759835758646,-539.6394943043612,0.3900185957993193,-3.4431514863834463,0.07249706322940379,0.0628754139374093,-0.6367836138134455,4.8552170186819964e-06,0.0015922445065802736,0.0001293486844239459,0.006904457351927155,137.85
16063,0.15288002095346584,-539.6635953595744,0.3847220169398795,-3.300499615602386,0.07561303069010204,0.06244953143285014,-0.636463069069742,4.746663573322916e-06,0.0015632712351588281,0.0001239325783941756,0.006486588957203221,137.858333
16064,0.156127719600974,-539.6864924987964,0.3781798678595069,-3.16875198673038,0.07864605864073843,0.06198112597058401,-0.6361412187240315,4.646479849187055e-06,0.0015344608009466726,0.00011903819311939823,0.006115265700329154,137.866667
16065,0.15930877378471597,-539.7083165878923,0.3704819148472454,-3.0471779063581574,0.0815958006870063,0.061467403835210134,-0.6358194682864041,4.554213852564414e-06,0.0015059638053584517,0.00011462093739145777,0.005783889536920693,137.875
16066,0.16241481131793012,-539.729203413213,0.3617108396663855,-2.9350608430396163,0.08446322876245368,0.060904621804627516,-0.6354990973289079,4.4694241080086005e-06,0.0014779092200219361,0.00011063799914520569,0.005487209751323686,137.883333
16067,0.16543561524675207,-539.7492696180027,0.35194374833888364,-2.83175668929581,0.0872472099341242,0.06028868276740558,-0.63518163682909,4.391686410199139e-06,0.001450406206122926,0.00010704906079823546,0.005220989900546654,137.891667
16068,0.16836467766567764,-539.7685282006179,0.3412463811738079,-2.736649804897711,0.08994234285912091,0.05962508890526452,-0.6348682827248907,4.320598338031753e-06,0.0014235482025870395,0.00010381671506795889,0.0049817565119339765,137.9
16069,0.1711934066473877,-539.7871386766157,0.3296878677058947,-2.6491635665064397,0.09255102908812776,0.05890501991911827,-0.634560492245662,4.255781511459824e-06,0.001397412815771768,0.0001009066003949997,0.004766632746014526,137.908333
16070,0.17391489510834307,-539.805082714105,0.3173251171500032,-2.5687853755991656,0.09506601821348279,0.05813563969416184,-0.6342595779760716,4.196882826593473e-06,0.001372065393906857,9.828750274825847e-05,0.004573192528282577,137.916667
16071,0.17652297400157768,-539.8225022188052,0.30421825144935655,-2.4950153524638092,0.09748996349137747,0.05730900625241148,-0.6339667952636092,4.1435745067828855e-06,0.0013475597815072737,9.593122820414011e-05,0.004399376497511258,137.925
16072,0.179012757995288,-539.8394083462904,0.2904187429482261,-2.4274085389529807,0.09981862425073969,0.05642933247722432,-0.6336832689639711,4.095553524279992e-06,0.001323939509702968,9.381250187132423e-05,0.004243414146010895,137.933333
16073,0.18137765248166388,-539.8558866707505,0.27597882157483355,-2.3655672466148987,0.10205114698124296,0.05549264634084181,-0.6334103269428933,4.052540551114585e-06,0.0013012385910954874,9.190876755371908e-05,0.004103777576727453,137.941667
16074,0.18361343781978307,-539.87195687728,0.26094553896808814,-2.3091213100594654,0.10418428961185525,0.0545018762976395,-0.6331490282343565,4.01427877792781e-06,0.001279483936734282,9.020001406915823e-05,0.003979136265319306,137.95
16075,0.1857143030822995,-539.8877428134506,0.2453678951364823,-2.2577435170949594,0.10621961709404118,0.05344828342263748,-0.6329006135402057,3.980532421301462e-06,0.0012586951304234288,8.866855966715915e-05,0.003868331408430216,137.958333
16076,0.18767666075750133,-539.9032117793464,0.22928739366660636,-2.211134517558166,0.10815140183142663,0.052339774171245274,-0.6326660532995274,3.951085325679188e-06,0.0012388864784660778,8.729886935432734e-05,0.00377034753106232,137.966667
16077,0.1894967811017829,-539.9184697090915,0.21274889499170618,-2.169023940037716,0.10998125757884858,0.051169248489137814,-0.6324463168257302,3.925739450685755e-06,0.0012200667407072856,8.607735439947901e-05,0.003684299990393251,137.975
16078,0.19117100262851458,-539.9335113389276,0.19579209228478112,-2.1311745720597544,0.11170494575711058,0.04994132571717063,-0.6322423441648087,3.904313486477648e-06,0.001202240184106538,8.499220818017109e-05,0.003609415819930438,137.983333
16079,0.19269439989296278,-539.9483866307219,0.1784572957616413,-2.097384817886909,0.113320351301082,0.048654150176266196,-0.6320552067087374,3.886641554115638e-06,0.001185407438508139,8.403324868047076e-05,0.0035450241714413883,137.991667
16080,0.1940650706749343,-539.9631418601327,0.1607840470987748,-2.067461153703345,0.11482680877881733,0.04730681136371757,-0.6318855768731161,3.872572054451446e-06,0.0011695669026926844,8.319177979836712e-05,0.0034905443704228364,138.0
16081,0.19528072860889603,-539.9778061519429,0.14281037751510503,-2.0412380478350025,0.11622253045134612,0.04590006014158992,-0.6317341375693453,3.861966530397056e-06,0.0011547138325099866,8.246045986959216e-05,0.003445479148632648,138.008333
16082,0.19633928446560145,-539.9924058373978,0.12457350836131698,-2.0185725649098,0.11750567836039663,0.0444349240387641,-0.6316015086704055,3.854698728819702e-06,0.0011408412951585142,8.183319773809084e-05,0.0034094076350390068,138.016667
16083,0.1972386906727479,-540.0069487349261,0.10610938226368012,-1.9993423840861415,0.11867360485096541,0.042914575473779526,-0.6314882638652775,3.850653781792984e-06,0.0011279407189985458,8.13050610912248e-05,0.0033819795545011497,138.025
16084,0.19797662424593593,-540.0214804467017,0.08745454484184753,-1.9834511963973718,0.11972512278601281,0.04133764839564509,-0.6313949686804546,3.849727521431595e-06,0.001116002457611513,8.087219883998366e-05,0.00336291074885659,138.033333
16085,0.19855125046560917,-540.0360595042113,0.06864570199739646,-1.9708226320395412,0.12065966143754435,0.039701229548022306,-0.6313220819440363,3.85182593184234e-06,0.0011050164251739396,8.05317759477517e-05,0.003351978476855511,138.041667
16086,0.19896341496053194,-540.0506217032029,0.04971597604941042,-1.9613704311573201,0.12147330519369991,0.03801772947591175,-0.6312696737899063,3.85686471842021e-06,0.0010949723070237769,8.028192087402607e-05,0.003349018089952164,138.05
16087,0.19921074562086674,-540.0652570118913,0.030702019325386597,-1.9550645279155847,0.12216634540828288,0.03628036980840755,-0.6312381733483403,3.864768953863693e-06,0.0010858587988907755,8.012168450878261e-05,0.003353922974024953,138.058333
16088,0.199292737906481,-540.0799875116761,0.011638802044901652,-1.9518749069012906,0.12273732625472655,0.03449092932126847,-0.6312277221529455,3.875472928845309e-06,0.0010776655324694503,8.005101760148636e-05,0.003366639534220855,138.066667
16089,0.19920974357332552,-540.0948126823821,-0.007439325114661624,-1.9517815211296767,0.12318451397492572,0.032654180160290924,-0.6312383010486774,3.88892006580983e-06,0.0010703825454963754,8.007075142217036e-05,0.0033871672246767203,138.075
16090,0.19896040025818826,-540.1098268990166,-0.026495592055056735,-1.954808941890062,0.12350815561990929,0.030763008041173826,-0.631270057509167,3.905062944437674e-06,0.0010640002688881963,8.018259169576394e-05,0.0034155580879573315,138.083333
16091,0.1985459217587271,-540.12500313602,-0.04549626509895556,-1.960964508995405,0.1237059497268606,0.028825767854618968,-0.6313227588054838,3.923863475197391e-06,0.0010585105898588997,8.038913074538845e-05,0.0034519146716008573,138.091667
16092,0.1979676348418047,-540.1403324626908,-0.0644070607417471,-1.9702756960957613,0.12377646836549111,0.02684872984220234,-0.6313961072582148,3.9452931355291435e-06,0.0010539060143530017,8.069385548645619e-05,0.003496392340015636,138.1
16093,0.19722723170065368,-540.1559601924158,-0.08318718521973105,-1.9828225696738644,0.12372253152710833,0.024819230012229198,-0.6314897098845902,3.969333314343388e-06,0.0010501799464517647,8.110117580254621e-05,0.0035491994507807043,138.108333
16094,0.1963233446565726,-540.1718653241167,-0.10180448695274782,-1.9986824943455324,0.12354020789837966,0.02274498916492982,-0.6316035110544529,3.9959757727691e-06,0.0010473268071327826,8.161648870775928e-05,0.003610593692544256,138.116667
16095,0.19525878760806042,-540.1880384905118,-0.12022318839265789,-2.0179338528065816,0.12322867680749004,0.02063301839223015,-0.6317368791200187,4.025223251324713e-06,0.0010453435672710015,8.224620407516879e-05,0.0036808896542046853,138.125
16096,0.19403571988518017,-540.2044886860791,-0.13840717000268568,-2.0406828543855093,0.12278726892128679,0.01848812594593166,-0.6318892216724851,4.057090106667836e-06,0.0010442281726674757,8.299780742151947e-05,0.003760458342777787,138.133333
16097,0.1926555621304516,-540.2213137292346,-0.1563165302126423,-2.0670873468324507,0.12221637338652441,0.016304367556162432,-0.6320599958475772,4.091603059865292e-06,0.0010439800772514757,8.38799373638823e-05,0.0038497293027246614,138.141667
16098,0.1911183486342966,-540.2384202188598,-0.1739210247776235,-2.0972780401339226,0.12151210840004534,0.014099386741008838,-0.6322487860658201,4.128802063558441e-06,0.0010446007326093522,8.490249689088858e-05,0.003949190543464495,138.15
16099,0.1894310925006108,-540.2560190067348,-0.1911690964383313,-2.1314723945197773,0.12067958245683315,0.01185454288345164,-0.6324542836182461,4.168741263175381e-06,0.0010460943247206974,8.607668820756175e-05,0.004059400886522073,138.158333
16100,0.18759487806777433,-540.2740656108051,-0.20802624932723496,-2.169861297912537,0.11971603162175297,0.009582200741486717,-0.6326758774267353,4.21148998682322e-06,0.0010484650732074721,8.741525088388078e-05,0.0041809739756488214,138.166667
16101,0.18561140861150013,-540.2925343225737,-0.2244561231013291,-2.2126649224607453,0.11861981248760423,0.00729267227061326,-0.6329128452579859,4.2571338722582454e-06,0.0010517199004467343,8.893249147160278e-05,0.004314598619146823,138.175
16102,0.18348821795474843,-540.3116069492893,-0.24040439595034097,-2.2601815488573136,0.11739446270565364,0.004972215237183327,-0.6331637464966595,4.305776025300482e-06,0.0010558682588625238,9.064441167723785e-05,0.004461044349372139,138.183333
16103,0.181225238746037,-540.3311817577189,-0.25583900376900093,-2.3126725615752957,0.11603653113867253,0.002640827581951311,-0.6334280244408091,4.357538198405205e-06,0.001060919887321503,9.256899376587308e-05,0.004621147724373191,138.191667
16104,0.1788298765275122,-540.3513306080581,-0.27070922128889363,-2.370462630671859,0.11454856800641053,0.0002984924093141397,-0.6337042284425459,4.412562024048036e-06,0.0010668880223498281,9.472616924130841e-05,0.004795847699390293,138.2
16105,0.17630606105700536,-540.3721701559106,-0.2849636308661509,-2.4339527656646966,0.11293046570554878,-0.002059372807614532,-0.6339913103309597,4.471010151184775e-06,0.0010737864026202316,9.713810347261004e-05,0.004986175064880483,138.208333
16106,0.17366274920713304,-540.3937698732163,-0.2985457672245857,-2.5035368938839273,0.11118474486759294,-0.004431216541776886,-0.6342876551728626,4.533067344956642e-06,0.001081630698515863,9.982937834541798e-05,0.005193267686945254,138.216667
16107,0.17089943761706122,-540.4160841210388,-0.31141609459858194,-2.5796511256913877,0.10930842160887108,-0.006802026882415555,-0.6345927151107774,4.598941406077567e-06,0.0010904364850918117,0.00010282714718501363,0.005418381006699785,138.225
16108,0.168025780111566,-540.43922362517,-0.3235101475298424,-2.6627930630432273,0.10730435572445264,-0.009173943142673537,-0.6349048170283285,4.668863862042321e-06,0.0011002229302990033,0.00010616105160804396,0.005662950046680981,138.233333
16109,0.16505188981872526,-540.4632813744454,-0.33476097662226306,-2.753492285804113,0.1051752899828833,-0.011546441932753712,-0.6352222845049676,4.743090233159918e-06,0.0011110084566789602,0.00010986348035083944,0.005928593930959629,138.241667
16110,0.16197903324783003,-540.488258426206,-0.345117018693837,-2.852337502385019,0.10291926210992147,-0.013908067794055614,-0.6355444152952532,4.821899624941386e-06,0.001122810317172469,0.00011396955308059508,0.006217170552414208,138.25
16111,0.1588182315525856,-540.5142897389061,-0.3544999819413247,-2.9599761896664005,0.10053882187396004,-0.016261350585121796,-0.6358695042611683,4.905593614685323e-06,0.0011356477347799095,0.00011851674216672454,0.006530906344590294,138.258333
16112,0.1555777005127263,-540.5414511584358,-0.36283582299931466,-3.0770901249955696,0.09803515487504069,-0.018601570895994252,-0.6361961982319827,4.9944939871849595e-06,0.0011495373152496013,0.0001235447750532982,0.006872478036657349,138.266667
16113,0.15226644568100073,-540.5698354679986,-0.37004351910125916,-3.204411901993683,0.09540951202456557,-0.020924958725777085,-0.6365231211775098,5.088938844483018e-06,0.0011644934615935478,0.00012909492167813885,0.007245216348694863,138.275
16114,0.14889869249419038,-540.5995266441483,-0.37603008026205076,-3.3426562356865017,0.09266640119751572,-0.023226822872394408,-0.6368484635016054,5.189276681565773e-06,0.001180527087360638,0.00013520904910275651,0.007653371684283881,138.283333
16115,0.1454778581914184,-540.6306186914451,-0.38071302786298317,-3.4926819816865877,0.08980333083653169,-0.025501063530648623,-0.6371715390736393,5.295857555804003e-06,0.0011976423298915618,0.00014192822582653156,0.008102468493103676,138.291667
16116,0.14202344868539063,-540.6632118045085,-0.3839779397653575,-3.655200159527147,0.0868274760840061,-0.027743872735571027,-0.6374902192179217,5.409020983755546e-06,0.0012158396320861224,0.0001492905297647929,0.008599907325373926,138.3
16117,0.1385400843009013,-540.6974312672145,-0.3857261680878093,-3.83110322842617,0.08373604291566203,-0.0299501987831601,-0.6378038674903718,5.529079078447946e-06,0.0012351075237961604,0.0001573283876528411,0.009155594731648987,138.308333
16118,0.1350462013884221,-540.733405859161,-0.38582869985619994,-4.021085192946881,0.08053426490053653,-0.032116875845517534,-0.6381106887827956,5.656294188650743e-06,0.0012554272268827961,0.00016606469980834848,0.00978302715648256,138.316667
16119,0.13155503681547562,-540.7712707251476,-0.38415834980326674,-4.225827393969791,0.07722370174462664,-0.03423937050808288,-0.6384094909006814,5.790849660815218e-06,0.0012767652495306197,0.00017550808179015383,0.010500437841073901,138.325
16120,0.12808381648167505,-540.8111277146747,-0.38057871239716545,-4.445785073817919,0.07380914074278368,-0.036310810341029766,-0.6386988715123816,5.932812043136309e-06,0.0012990743281432104,0.0001856468294456129,0.011332369199131507,138.333333
16121,0.12464909595571522,-540.8531410316639,-0.37494222678753875,-4.681255912678512,0.07029246379425372,-0.038328383849988115,-0.6389776343512984,6.082083951757524e-06,0.0013222910910156934,0.00019644168373958586,0.01231137605985666,138.341667
16122,0.12127001886933433,-540.8974196504289,-0.36709976737887673,-4.932132317992341,0.06667855863619176,-0.040285475691863686,-0.6392445251564383,6.238346652615481e-06,0.0013463367773552941,0.00020781805508896266,0.013479718037236948,138.35
16123,0.11797544197556038,-540.9442285264671,-0.35686183069469635,-5.1977177665008485,0.06297049371456188,-0.04218889526873075,-0.6394977143925914,6.4009924579634986e-06,0.0013711182499431646,0.00021965768216811296,0.014890601009894018,138.358333
16124,0.11476914540905112,-540.9934686165217,-0.34414108385213854,-5.477149961065966,0.059172109716771,-0.044013218238217924,-0.6397374545295761,6.5690469384436936e-06,0.0013965280711833428,0.00023179171307027458,0.016607644484738577,138.366667
16125,0.11168262503198233,-541.0453981578808,-0.3287534960509109,-5.76839320788538,0.0552864815550272,-0.045765957236958664,-0.6399620260542422,6.741089422673654e-06,0.0014224629918609005,0.00024399598203704256,0.018703731599596696,138.375
16126,0.10873921568952509,-541.1000614343521,-0.31057770383563316,-6.068548106209415,0.05131997872563352,-0.047439392167073435,-0.6401705058267049,6.915175113140144e-06,0.0014488213276150136,0.00025599091164979574,0.021253542423763185,138.383333
16127,0.10596551123585543,-541.1575246450357,-0.28950778117345655,-6.37355208415944,0.04727804298258856,-0.04903008729691201,-0.6403618897681168,7.0887674668674695e-06,0.0014755192753337346,0.0002674489086660202,0.024322106532540116,138.391667
16128,0.10338640676040796,-541.2178275166826,-0.2654810238393739,-6.6782054079421656,0.04316443642175548,-0.05053426425921568,-0.6405354262179197,7.2587000031947945e-06,0.0015025025046797355,0.0002780110262727118,0.027945976903774754,138.4
16129,0.10102968098749665,-541.2809322689268,-0.2384896088146614,-6.9758805603667255,0.038985472642161664,-0.05194822383140077,-0.6406902743444994,7.42118597484049e-06,0.00152975741652392,0.00028731391015515305,0.0321085612516811,138.408333
16130,0.09892306909116892,-541.3466083224165,-0.20862069500385955,-7.25863542191507,0.03475450225198829,-0.05326433365666622,-0.6408256767712479,7.571896216395723e-06,0.0015573129724518932,0.00029502397528361195,0.0367124532968391,138.416667
16131,0.09709706956248268,-541.414855090513,-0.17599242017976893,-7.517473190229133,0.03047013374410519,-0.05448897934849949,-0.6409407419997384,7.706121636276628e-06,0.0015852313902476706,0.00030087459948496776,0.041557301036136196,138.425
16132,0.09555796452306245,-541.4853922469363,-0.1408923915111444,-7.7442455127948095,0.02613443073493061,-0.05560811710058414,-0.6410360688125817,7.81902699297524e-06,0.0016135801203154897,0.000304697913419154,0.04633124293565662,138.433333
16133,0.0943476478211979,-541.5577705389253,-0.10366502584439771,-7.928386467395968,0.02176631996784998,-0.05662819705633797,-0.6411099650521788,7.906002231971637e-06,0.001642398768753921,0.00030644285575314205,0.050635584458466346,138.441667
16134,0.09346327614875836,-541.6317404826734,-0.06477135833591706,-8.063189132127615,0.01735807273652788,-0.057539091515645034,-0.6411633668063295,7.96305547469859e-06,0.0016716242499954957,0.0003061613958939705,0.054033154434747266,138.45
16135,0.0929279093313765,-541.7067173045807,-0.024760251687665335,-8.141432088209639,0.012925002902229837,-0.05834253208840723,-0.6411954506431643,7.987212078717475e-06,0.0017010557532801296,0.00030398794722664014,0.05613146700912674,138.458333
16136,0.09275007216637457,-541.7821756414207,0.015758361127619462,-8.159037590390009,0.008473768693578515,-0.059038012177080344,-0.6412060675307952,7.976851751292728e-06,0.001730299743471255,0.0003000913498981259,0.056666050102203415,138.466667
16137,0.09293117247206176,-541.8575207793989,0.05613450574306966,-8.115003135069367,0.004013506947440999,-0.05962422810866446,-0.6411952556440424,7.93190080246151e-06,0.0017587695197339554,0.00029464086271217566,0.05556450244717217,138.475
16138,0.09346914577551506,-541.9320517044955,0.09570860763483202,-8.011289900880323,-0.0004398955479877268,-0.06010248422022799,-0.6411630140287757,7.853858439125485e-06,0.0017857216379543936,0.00028778503811606937,0.05296463475004714,138.483333
16139,0.09436189991400064,-542.0053352730588,0.1339042917426393,-7.852270779465438,-0.004885383117484032,-0.06047947714262245,-0.6411091003505959,7.745640803141359e-06,0.0018103277258434412,0.00027965236958383004,0.04918008508387289,138.491667
16140,0.09558063669257484,-542.0771390892519,0.17023509799147213,-7.646142127984314,-0.009330335446194915,-0.060745388298231916,-0.6410346755963819,7.611268516611567e-06,0.0018317657065034638,0.0002703706836599098,0.044625215786918825,138.5
16141,0.097113810644165,-542.1468204262568,0.20424118125707555,-7.401135785786246,-0.013753554066216386,-0.06090695800756568,-0.64093969676781,7.455479653988629e-06,0.0018493262232921973,0.0002600877522733932,0.03972713215411654,138.508333
16142,0.09894135387238269,-542.2140586112795,0.23560349521878143,-7.126508814353323,-0.01814882631746976,-0.06096782228866316,-0.6408245137513673,7.28331745941622e-06,0.0018624715482867809,0.00024898611575979685,0.03485837600009584,138.516667
16143,0.10103756227429622,-542.2786101867054,0.2641079892580573,-6.831648731967683,-0.022509319341723965,-0.06093005439327568,-0.6406897624360833,7.099751332207513e-06,0.0018708791661874325,0.00023728611511220275,0.030293495762798796,138.525
16144,0.10337855139980807,-542.3402791041143,0.28963298177138164,-6.525070161415472,-0.026827041019678095,-0.06079902573000802,-0.6405359482623988,6.909385210587301e-06,0.0018744492167657126,0.0002252341445382613,0.026198692984097365,138.533333
16145,0.10593566372832572,-542.3990241384276,0.3121530392997993,-6.214381809662848,-0.031098303975294457,-0.060576026653845295,-0.6403639224383998,6.716264019494454e-06,0.0018732792262990499,0.00021308329198668194,0.02264532307520105,138.541667
16146,0.10868420156799799,-542.454735969293,0.3316926032992045,-5.905772800764118,-0.03531275573266246,-0.06026876481805053,-0.6401743496469317,6.523776694805296e-06,0.0018676266237786971,0.00020107238613868746,0.01963417560159092,138.55
16147,0.11159823438587721,-542.5074737318494,0.34834218212482665,-5.604134074320572,-0.03946706781483485,-0.05988087379282713,-0.6399680806008271,6.334636079022287e-06,0.0018578589368948013,0.00018940907988607408,0.017122410117677418,138.558333
16148,0.11465171171133681,-542.5572898473549,0.3622234920559925,-5.313171279713343,-0.043555003875710735,-0.05941707273312238,-0.6397461104072566,6.150915011479319e-06,0.0018444101453677863,0.0001782597055758912,0.015045451181080327,138.566667
16149,0.11782063979804268,-542.6042798330571,0.373482078664091,-5.035434430092353,-0.04757171607672254,-0.0588822580157149,-0.6395094402715933,5.974117111099741e-06,0.0018277435982215805,0.00016774550260680574,0.013332808712137309,138.575
16150,0.12108337865895814,-542.6485374404795,0.38227290482168014,-4.772532296987128,-0.051511800381574754,-0.05828300825626005,-0.6392590539413967,5.805263206710561e-06,0.0018083225970576722,0.00015794443184719822,0.011917681997534237,138.583333
16151,0.12442016031265432,-542.6901430250003,0.38875295654301,-4.525344559128306,-0.055368978676632756,-0.057627846787892456,-0.6389959468970815,5.644980416429416e-06,0.0017865900770774245,0.0001488964532341266,0.010741719339118315,138.591667
16152,0.1278092789527144,-542.7292847160919,0.39308875525493275,-4.294208372838254,-0.05914169325432953,-0.05691842803335423,-0.6387214301596768,5.493585938049999e-06,0.0017629565717445245,0.00014061051285377133,0.009756529216916263,138.6
16153,0.1312270883747967,-542.7660975623106,0.3954394629812511,-4.07910837090293,-0.06282368332391243,-0.05615773033248799,-0.6384371596433908,5.351161885148126e-06,0.0017377970548037333,0.00013307203568281348,0.00892327298908759,138.608333
16154,0.1346650866847369,-542.8007721065547,0.39594960136659,-3.879411666575328,-0.06641856540391747,-0.05535090776337741,-0.6381436859011109,5.217618803785075e-06,0.0017114517774608356,0.0001262496339973739,0.008211477303614725,138.616667
16155,0.13810304765467382,-542.833434861201,0.3947590674846922,-3.694590611561491,-0.06992067783982023,-0.05450079207930778,-0.6378426727251385,5.092744274708148e-06,0.0016842165090720084,0.0001201009430146344,0.007597653623456756,138.625
16156,0.14152694175679242,-542.8642053543524,0.3919947042449677,-3.5238835729850835,-0.07332685913779216,-0.05361250076021483,-0.6375353983640614,4.976244732191411e-06,0.0016563557062417903,0.0001145773377438825,0.007063714819536573,138.633333
16157,0.1449234374197062,-542.893194427283,0.3877738204689065,-3.3664687502527797,-0.07663388543416531,-0.05269113419956886,-0.6372231984603404,4.867775922881743e-06,0.001628101660656273,0.00010962741651183818,0.006595768430440795,138.641667
16158,0.14828035266014666,-542.9205129010724,0.38220468521778667,-3.221493178942978,-0.07983921156412369,-0.05174127453340043,-0.6369074135873114,4.766966200823406e-06,0.0015996582904768103,0.00010519958556639153,0.0061830865998584615,138.65
16159,0.15158715399740752,-542.9462177936631,0.37538406557392445,-3.088114494997075,-0.08293852905955441,-0.05077148415649606,-0.6365893256016663,4.673433554619549e-06,0.0015712043274450974,0.00010124383418991762,0.005817308763358006,138.658333
16160,0.15482725051290755,-542.9707207991707,0.36742138308380506,-2.965478722701684,-0.08594214160099015,-0.04975741110414497,-0.6362709022210968,4.586797692198115e-06,0.0015428957967466381,9.771284571500477e-05,0.005491845214713509,138.666667
16161,0.1579946584006081,-542.994001601524,0.3583923780394158,-2.8527936131751597,-0.08884384067544376,-0.04871196596967815,-0.63595316574525,4.506689016498121e-06,0.0015148734233195148,9.456286767551139e-05,0.0052013871175772795,138.675
16162,0.16107935770522286,-543.0161763509266,0.3483754199785504,-2.7493237634956964,-0.0916422805552334,-0.04763459487731641,-0.6356375936502733,4.43275328650444e-06,0.001487257564361677,9.175370927595074e-05,0.0049416479433927575,138.683333
16163,0.1640740110405367,-543.0373176827421,0.3374404732048316,-2.6543761535122528,-0.09433552459812061,-0.046528457786099514,-0.6353254473817688,4.364655412353958e-06,0.001460153672647753,8.924894990919005e-05,0.0047090958155105965,138.691667
16164,0.16697169991757654,-543.0575006636891,0.3256527920293189,-2.5673117283515454,-0.09692209671666115,-0.045395808781873666,-0.6350179843036619,4.3020811447519815e-06,0.0014336524655649528,8.701583399226024e-05,0.004500787248845744,138.7
16165,0.16976426054411098,-543.0768143897614,0.3130744312345416,-2.487552653277335,-0.09940047729956591,-0.04423637172123264,-0.6347166306357188,4.244737805118608e-06,0.0014078315464957484,8.502510858756989e-05,0.004314238708139987,138.708333
16166,0.17243651657278608,-543.0956243369769,0.29977557366317387,-2.4145769777803574,-0.10177686605912992,-0.04301914020900707,-0.6344236248650107,4.1923543221686095e-06,0.0013827578461057743,8.325080863040812e-05,0.004147330254843878,138.716667
16167,0.1749993205069262,-543.1135206124522,0.2857884948373902,-2.3478609648405366,-0.10403877569063855,-0.041796898068190924,-0.6341383643501396,4.144681004633315e-06,0.0013584932012117715,8.167005347053538e-05,0.003998220324936076,138.725
16168,0.17743126726782346,-543.1309564150747,0.2711805189238343,-2.287013673078668,-0.10619220830285242,-0.040526386757992965,-0.6338638178253316,4.101487376153786e-06,0.0013350790991494429,8.026255180906497e-05,0.003865353134684611,138.733333
16169,0.1797427600338906,-543.1476298673267,0.25598485590164244,-2.2315895230030067,-0.10823023915615143,-0.039249652614317544,-0.6335993945529443,4.062562509946211e-06,0.0013125586675870656,7.901063189086998e-05,0.0037473487887076354,138.741667
16170,0.1819204682222304,-543.1638413873474,0.24025612737807425,-2.1812604976271093,-0.11015661446963357,-0.037939221160684086,-0.6333471784592628,4.027712489500236e-06,0.001290957775402513,7.789877020235379e-05,0.00364303087911722,138.75
16171,0.1839532098753857,-543.1798167428209,0.22404388883973758,-2.135731876220176,-0.11197219571655648,-0.03657432799469062,-0.6331090416303893,3.9967600382002315e-06,0.0012703010622352783,7.69135344929706e-05,0.0035513603007430554,138.758333
16172,0.18585145168376951,-543.1952468698347,0.20737813343725822,-2.094667625356043,-0.11367100447126503,-0.035197712893729444,-0.6328842993988272,3.969543179021034e-06,0.0012506108191943778,7.604332528140747e-05,0.0034714247346865263,138.766667
16173,0.18760385205004548,-543.2103804240747,0.19030536612101553,-2.0578454408634337,-0.1152547406833199,-0.03378543076227742,-0.6326747996358224,3.945913410332607e-06,0.0012318955975695147,7.527812170671443e-05,0.0034024489769835203,138.775
16174,0.1892019084906337,-543.2254307832243,0.1728696515912198,-2.025065110641285,-0.1167243971098607,-0.03231677822008054,-0.6324820579596023,3.925735214950906e-06,0.0012141639980968299,7.4609418033786e-05,0.0033437539018505275,138.783333
16175,0.19065491437275206,-543.240007279649,0.15509685025813497,-1.9960741395895936,-0.11807208320823112,-0.03084421769414295,-0.6323054088632367,3.908884981818434e-06,0.0011974232580998039,7.403004836626788e-05,0.003294750985019054,138.791667
16176,0.19194758716733007,-543.2546129782136,0.13703649812448526,-1.9707654929150702,-0.1193036339487216,-0.02931145629322771,-0.6321471301307945,3.895249708967703e-06,0.0011816705917675914,7.35340378584782e-05,0.003254951897025128,138.8
16177,0.19309000718707375,-543.2688905307275,0.1187150276661638,-1.9489280942320533,-0.1204135870454247,-0.027767420394993872,-0.6320063695054519,3.884726729242068e-06,0.0011669071606555136,7.311654872419996e-05,0.003223934494553128,138.808333
16178,0.1940752495762088,-543.2829794722969,0.10016999398847944,-1.9304581928049236,-0.12140144503491408,-0.026199563987816494,-0.6318843127236845,3.8772225710667535e-06,0.001153125349540946,7.277375410718233e-05,0.003201360606329792,138.816667
16179,0.1948996468305126,-543.2970390012379,0.08143986754238901,-1.9152680697815567,-0.12226844204261221,-0.024592895923907794,-0.6317817108990639,3.87265267809569e-06,0.001140318542192576,7.250280024433054e-05,0.003186956550673991,138.825
16180,0.19556461521507146,-543.3109446494011,0.06255523683454588,-1.9032474574756522,-0.1230115410986292,-0.022967453079954396,-0.6316986382220247,3.8709409361839255e-06,0.001128479739251337,7.230173682720333e-05,0.0031805100874452356,138.833333
16181,0.19606511252174694,-543.3249543647943,0.043556305965952224,-1.8943683546326169,-0.12363278602922832,-0.021295564562757503,-0.6316359282249582,3.872019280737309e-06,0.0011175996288618807,7.216947017172659e-05,0.0031818725216101866,138.841667
16182,0.1964037247833368,-543.338926063284,0.02447305705652678,-1.8885509338551207,-0.12412949994735038,-0.01959953858956714,-0.63159341193991,3.875827576305112e-06,0.0011076701970643141,7.210573811154456e-05,0.003190948879856972,138.85
16183,0.1965733007324063,-543.3531657291873,0.005345930418161161,-1.8858250891340567,-0.12450201460823498,-0.017845244507994747,-0.6315720927043411,3.882313440780246e-06,0.0010986815384272709,7.211108319041522e-05,0.0032077030823655134,138.858333
16184,0.1965832602665886,-543.3672833592553,-0.01380053059022075,-1.8860847845948545,-0.12474777041630714,-0.016086655669177656,-0.6315708400183955,3.8914323737764846e-06,0.001090626780033831,7.218685345350012e-05,0.0032321490119978625,138.866667
16185,0.19643046260082173,-543.3814547877024,-0.03292936641906157,-1.889365254301989,-0.12486733057822923,-0.014306260663038719,-0.6315900516443467,3.9031477110737485e-06,0.0010834949158706096,7.233518707251924e-05,0.0032643606639585526,138.875
16186,0.19611306853847385,-543.3958298858782,-0.052003478396328115,-1.895716340674716,-0.12486060235178181,-0.012489910697126594,-0.631629911251144,3.917430912070318e-06,0.0010772771251632374,7.255904865345303e-05,0.003304462779918272,138.883333
16187,0.19563378366887915,-543.4102966812496,-0.07099242189301727,-1.9051425975060443,-0.12472657326451052,-0.010656561492873124,-0.6316899811575623,3.934261923484995e-06,0.001071966347896033,7.286225452995593e-05,0.003352631277626291,138.891667
16188,0.19499269671095187,-543.4249429974996,-0.08986022433682293,-1.9177139641251282,-0.12446528405490442,-0.00880013579699009,-0.6317701032425376,3.95362959082443e-06,0.001067555598778947,7.324949282398638e-05,0.0034090981047095134,138.9
16189,0.19419170458409085,-543.4400232574128,-0.10856292988280963,-1.9335578334510697,-0.1240785315814003,-0.0068941613662219375,-0.6318698451545698,3.975532209385063e-06,0.0010640394403094032,7.372638776561442e-05,0.0034741487379264637,138.908333
16190,0.19322551056479242,-543.45536542809,-0.1270771341406959,-1.9527377619078246,-0.12355962179658171,-0.004965274677669819,-0.6319896190483362,3.9999782220136514e-06,0.0010614134377996485,7.429959998705936e-05,0.003548117618505151,138.916667
16191,0.1921100679263638,-543.4709081872365,-0.14536066303481776,-1.9753066552171876,-0.12291705718132816,-0.0030269382374641363,-0.6321271607633933,4.026987050970065e-06,0.0010596774522239844,7.497680852623482e-05,0.003631405518606055,138.925
16192,0.19083444199801078,-543.4867217584723,-0.16338560996692905,-2.0014391186870033,-0.12214312699833037,-0.0010757805125612713,-0.6322834901366305,4.056589828737987e-06,0.0010588269364985184,7.576688201015135e-05,0.00372446509722966,138.933333
16193,0.1894112297866216,-543.5028650418526,-0.18110576880274304,-2.031272295005891,-0.12124460485753781,0.0008894628390931637,-0.6324566920547189,4.088830468396183e-06,0.0010588646083960157,7.667991683016909e-05,0.0038278184620698687,138.941667
16194,0.18783221885197077,-543.5193197981134,-0.19849448576308223,-2.064995435429632,-0.12021503183865698,0.002860542721471686,-0.6326473552393698,4.1237667250562605e-06,0.0010597906653513017,7.772744797214534e-05,0.003942041013204413,138.95
16195,0.1861127939663107,-543.5362386015767,-0.21549684978958963,-2.102818686713402,-0.1190623666439699,0.004849652401866904,-0.6328531791788029,4.16147146521416e-06,0.001061611700031579,7.892246733765801e-05,0.004067786066884487,138.958333
16196,0.18424953275637979,-543.5536088855434,-0.2320809308647017,-2.1449724744159835,-0.1177827810110488,0.0068485044122135325,-0.6330741087429017,4.202033958404348e-06,0.0010643310625540075,8.027976552746807e-05,0.004205756076099938,138.966667
16197,0.18224750927019293,-543.5714120144943,-0.24820670689375382,-2.1916901053913493,-0.11637818059637614,0.008848108543054263,-0.6333090420421041,4.245561344920896e-06,0.0010679569224302438,8.181595629623929e-05,0.004356731745857317,138.975
16198,0.18010940078968335,-543.5897722884404,-0.2638281709465861,-2.2432959915415025,-0.1148477819419225,0.010855783102381078,-0.6335571415683472,4.2921801544332565e-06,0.0010724988079712737,8.354969790170758e-05,0.004521566872256361,138.983333
16199,0.17783356691617933,-543.6086439172731,-0.2789109488675826,-2.300096955316323,-0.11318952565694143,0.012858303154144721,-0.6338180401326178,4.342037927888356e-06,0.0010779686757913989,8.550195768811676e-05,0.004701187679527754,138.991667
16200,0.1754394956078567,-543.6281005212683,-0.29339139521102686,-2.3624155964229794,-0.11141352580358976,0.01485739535859646,-0.6340889501853594,4.395304927181602e-06,0.001084382683458216,8.769608349542198e-05,0.004896616520911913,139.0
16201,0.17292468797643887,-543.6481923918727,-0.3072286064837677,-2.430667336550612,-0.10951613055266206,0.0168502041410377,-0.6343696087023539,4.452175697408201e-06,0.0010917527113393662,9.015831090634386e-05,0.00510893146739014,139.008333
16202,0.1702886555337334,-543.6689890971699,-0.32037628282128594,-2.5053190509639744,-0.10749454291802371,0.018835294074532667,-0.6346594895028129,4.5128706590581835e-06,0.001100095379292248,9.291778987220934e-05,0.005339315711799294,139.016667
16203,0.1675506179922479,-543.6905367997001,-0.332764517782989,-2.5867944958039506,-0.10535857870666539,0.020810198496378097,-0.6349559183183134,4.5776377326904726e-06,0.00110943096049546,9.600679381786874e-05,0.005589071956362731,139.025
16204,0.16470622773744623,-543.7129921996021,-0.3443412712723111,-2.675706890832734,-0.10310080675302172,0.022780865242285394,-0.6352588200896457,4.646753509727406e-06,0.0011197752514286818,9.946113843164134e-05,0.005859595308578676,139.033333
16205,0.16177214400211454,-543.736205852679,-0.3550462964563446,-2.7724664302076123,-0.10073363135587175,0.024723471497331007,-0.6355658881241032,4.720524163006929e-06,0.0011311488770003662,0.00010332013588657079,0.006152455679773308,139.041667
16206,0.15874572947598345,-543.7604444194042,-0.36481214805249335,-2.8778415403434074,-0.09824799905452915,0.02665386377910978,-0.6358768865931722,4.799285627838359e-06,0.0011435683231720822,0.0001076265357107733,0.006469427486020983,139.05
16207,0.1556464711176541,-543.7856013317585,-0.37356481379873446,-2.992323831766393,-0.09565757264083159,0.028552970796382963,-0.6361893344996952,4.883402991686138e-06,0.0011570531431400592,0.00011242660359589711,0.006812588612001692,139.058333
16208,0.15247789174338502,-543.8118574281693,-0.3812267663169366,-3.116691769092349,-0.0929587260775773,0.030427201900299444,-0.636502453496098,4.973268537761565e-06,0.0011716161450965037,0.00011776960130392244,0.0071844209840879756,139.066667
16209,0.1492332368508828,-543.8397144046497,-0.38770168983036457,-3.2520800415606423,-0.09013057204639673,0.032307567741718037,-0.6368164678501991,5.0692979212942214e-06,0.001187268923627702,0.0001237072597239066,0.007588026623490047,139.075
16210,0.14595583280232366,-543.868409834356,-0.39292113218269054,-3.398449045180964,-0.0872223561934196,0.03411973001169631,-0.6371268455182195,5.1719251665889365e-06,0.0012040245901924194,0.00013029303255361472,0.008027419499414566,139.083333
16211,0.14264159445616928,-543.8984294434996,-0.3967790649257108,-3.5569116263353253,-0.08421597073572042,0.03589421538947749,-0.6374337520484887,5.281592463578612e-06,0.0012218757843967215,0.00013757882013857678,0.00850795353443335,139.091667
16212,0.13929661522004666,-543.9300545819008,-0.39916165456457925,-3.7284159771950507,-0.08110437185637724,0.037641336168509856,-0.6377364058552968,5.398735763541155e-06,0.0012408125725650093,0.00014561402830772345,0.009036928842112688,139.1
16213,0.13594442734394566,-543.9630981444436,-0.3999657215974677,-3.9133478588023114,-0.07790772193131401,0.039336503635259826,-0.6380325532613726,5.523767201888117e-06,0.0012608160401017892,0.0001544418457444515,0.009624438922050867,139.108333
16214,0.13258893330189042,-543.9980548057458,-0.39904623090088215,-4.11274865665081,-0.07460867578770283,0.041003925428007064,-0.6383218124682094,5.657049005872151e-06,0.0012818489524725008,0.0001640935994345224,0.010284523662955215,139.116667
16215,0.1292556352642664,-544.0345794618928,-0.39630338924246983,-4.326606141059913,-0.07123519243588239,0.042608585117341474,-0.6386020423620027,5.798859674615055e-06,0.0013038619863568511,0.00017458415495194562,0.011036587995110805,139.125
16216,0.12595567863791346,-544.0730238485957,-0.39158392145378795,-4.555444752032859,-0.06777890940774087,0.04416431241209372,-0.6388724799399832,5.949349615355236e-06,0.0013267831600646506,0.00018590212638191738,0.011907306226986446,139.133333
16217,0.12270702445951225,-544.1135081223938,-0.384742696236297,-4.799234665657501,-0.0642439376032149,0.045668602267145246,-0.6391319174663393,6.108484949019341e-06,0.001350523333569682,0.00019800298989071914,0.012932489659229955,139.141667
16218,0.11952242098618286,-544.1563672991041,-0.37561483537065515,-5.057875786960792,-0.06062102001493121,0.047129746108960535,-0.6393796928586756,6.275980227876851e-06,0.0013749741351028544,0.0002107986483132026,0.014158994866749984,139.15
16219,0.11643373938123326,-544.2012818045782,-0.3640853107881787,-5.329757600163041,-0.056940413092377636,0.0485229335216005,-0.6396138107915805,6.451219571207316e-06,0.001400013242481766,0.00022414854658140657,0.015645943720380452,139.158333
16220,0.11345063245552844,-544.2486962190744,-0.34999029924748903,-5.613826867956191,-0.05318439231259612,0.049861953389744224,-0.6398341337366262,6.633165222744513e-06,0.001425502289890166,0.00023784890457207908,0.01746428124580567,139.166667
16221,0.11060732285898778,-544.2984055003599,-0.33321792369776887,-5.906987467817785,-0.04937718982406538,0.0511341323548765,-0.6400388318761544,6.820262424291422e-06,0.0014513063863155343,0.00025163234476736066,0.019693384829915065,139.175
16222,0.10791680177104326,-544.3507216946538,-0.31364730813676556,-6.206323656491165,-0.04550575956496587,0.05234641008006578,-0.64022776562263,7.010347224610843e-06,0.0014772963787065237,0.0002651670572607777,0.022412485080289108,139.183333
16223,0.10540783917411414,-544.4056084215754,-0.2912045186562793,-6.507051683823168,-0.0415796550439251,0.053495554988561705,-0.6403997740153364,7.200572101263976e-06,0.0015033744329079393,0.00027807297465126186,0.025686455573428385,139.191667
16224,0.10310939735740263,-544.4627770838543,-0.26590103647179986,-6.803013196038771,-0.03761960768965604,0.054571899939273506,-0.6405538115804903,7.38736911631185e-06,0.0015294826744678986,0.00028994311878626736,0.029543722868640536,139.2
16225,0.10103753703932823,-544.5225332058138,-0.2377298593252997,-7.0880452472542546,-0.03360668274764443,0.055585337634491284,-0.6406897640752183,7.566466067153289e-06,0.001555615758326326,0.0003003791232819154,0.033949487190032185,139.208333
16226,0.09922320252327602,-544.5843033116624,-0.2068645137106997,-7.353704831369148,-0.029572343074679524,0.0565238234407498,-0.6408065594114284,7.732988697232766e-06,0.0015818292194164612,0.0003090382625228069,0.03877783940787938,139.216667
16227,0.09768168029872602,-544.6483027741679,-0.17344658006297,-7.5923014735406635,-0.02549573604690024,0.05739659752192187,-0.6409041353528103,7.88165980723283e-06,0.0016082198763422214,0.00031567144904398993,0.04379385390496771,139.225
16228,0.09644052042405128,-544.7138403475451,-0.1378310178989498,-7.794695675565052,-0.021407424108259177,0.0581965075226895,-0.6409815920767231,8.007101319854406e-06,0.0016349007462624508,0.0003201587042807095,0.04865332355538121,139.233333
16229,0.0955096558178546,-544.7809943508557,-0.10034306051113127,-7.953651908050095,-0.017286025928996817,0.05892927891342989,-0.6410390363077161,8.104223409600174e-06,0.0016619442011438844,0.00032251318911904044,0.05293547931603708,139.241667
16230,0.09490834139717731,-544.8488937821048,-0.06153216900372157,-8.061949660667743,-0.013164847311369044,0.05958989803985611,-0.6410758484944413,8.1686621844847e-06,0.001689327704485029,0.00032286515204901924,0.056202529822067145,139.25
16231,0.0946433910574016,-544.9172780627363,-0.021909926507151057,-8.115093627293113,-0.009037017348363527,0.060182213827292004,-0.6410919950617786,8.19720499375519e-06,0.0017168693448045393,0.0003214140701147295,0.058085770114775725,139.258333
16232,0.09471390802239596,-544.9858717732153,0.01797219178117304,-8.111169135288018,-0.004894513951743879,0.06070514579519752,-0.6410877020214629,8.18812696225856e-06,0.0017441944591943283,0.00031837626237286827,0.05836205083269325,139.266667
16233,0.09512535091128828,-545.0539380289059,0.05748004706065225,-8.050014988873208,-0.0007576652977884941,0.06116121577466522,-0.6410625900052673,8.141387700850762e-06,0.0017707346132175463,0.0003139367020861428,0.057003932276643104,139.275
